2025-11-07,198993,Κρεμμύδια Ξερά Ξανθά Ελληνικά Ποιότητα Α,0.11
2025-11-07,192321,Καρότα Ελληνικά Τιμή Κιλού,0.08
2025-11-07,198028,Τομάτες Ελληνικές Ποιότητα Α΄ Τιμή Κιλού,0.42
2025-11-07,198151,Αγγουράκια Ελληνικά Τιμή Κιλού,0.34
2025-11-07,198187,Κρεμμύδια Κόκκινα Ξερά Μέτρια Ελληνικά Ποιότητα Α,0.16
2025-11-07,198027,Κολοκύθια Ελληνικά Τιμή Κιλού,0.43
2025-11-07,198329,Πατάτες Εγχώριες Τιμή Κιλού,0.57
2025-11-07,198026,Αγγούρια Ελληνικά Το Τεμάχιο,0.69
2025-11-07,198274,Αχλάδια Κρυστάλλια Ελληνικά Ποιότητα Α΄Τιμή Κιλού,0.34
2025-11-07,198023,Πιπεριές Φλωρίνης Ελληνικές Ποιότητα Α΄ Τιμή Κιλού,0.46
2025-11-07,198132,Μήλα Στάρκιν Εγχώρια Ποιότητα Α' Τιμή Κιλού,0.53
2025-11-07,198114,Πορτοκάλια Φαγητού Ναβαλίνες Ποιότητα Α΄ Τιμή Κιλού,0.39
2025-11-07,192066,Τοματίνια Βελανίδια Ελληνικά Ποιότητα Α',1.25
2025-11-07,198039,Πιπεριές Πράσινες Ελληνικές Ποιότητα Α΄Τιμή Κιλού,0.48
2025-11-07,198085,Μπανάνες Dole Εισαγωγής Τιμή Κιλού,1.83
2025-11-07,192045,Τομάτα Δράμας Πετρούσα Ποιότητα Α΄,0.56
2025-11-07,198271,Μήλα Γκάλα Εγχώρια Ποιότητα Α' Τιμή Κιλού,0.54
2025-11-07,198037,Μελιτζάνες Φλάσκες Ελληνικές Τιμή Κιλού,0.80
2025-11-07,192041,Μπανάνες Εισαγωγής Τιμή Κιλού,1.49
2025-11-07,198095,Μήλα Σμίθ Ελληνικά Ποιότητα Α΄Τιμή Κιλού,0.47
2025-11-07,198089,Σταφύλια Σταφίδα Ποιότητα Α' Τιμή Κιλού,2.68
2025-11-07,198120,Μανταρίνια Κλημεντίνες Ελληνικά Ποιότητα Α΄Τιμή Κιλού,0.17
2025-11-07,198053,Γλυκοπατάτες Κόκκινες Ελληνικές Ποιότητα Α΄ Τιμή Κιλού,0.75
2025-11-07,198042,Πιπεριές Ξανθές Ελληνικές Ποιότητα Α΄Τιμή Κιλού,0.36
2025-11-07,198013,Κρεμμυδάκια Φρέσκα Ελληνικά Τιμή Κιλού,0.39
2025-11-07,198040,Πιπεριές Κέρατο Ελληνικές Ποιότητα Α΄ Τιμή Κιλού,0.35
2025-11-07,198024,Μαρούλι Τιμή Τεμαχίου,0.89
2025-11-07,198077,Βανίλιες Εγχώριες Ποιότητα Α,0.65
2025-11-07,198805,Αβοκάντο Ωριμασμένο Εισαγωγής Τιμή Κιλού,1.47
2025-11-07,198426,Μήλα Γκαλά Ζαγοράς Ποιότητα Α΄,0.60
2025-11-07,198029,Τομάτες Τσαμπί Ελληνικές Ποιότητα Α΄ Τιμή Κιλού,1.72
2025-11-07,198143,Ακτινίδια Εισαγωγής Ποιότητα Α',0.72
2025-11-07,198014,Πράσο Ελληνικό Τιμή Κιλού,0.52
2025-11-07,198183,Σκόρδο Εισαγωγής Τεμάχιο,0.69
2025-11-07,198460,Πορτοκάλια Ναβαλίνες Χυμού Δίχτυ Ελληνικές Ποιότητα Α΄ Τιμή Κιλού,2.18
2025-11-07,198156,Μπρόκολο Ελληνικό Τιμή Κιλού,1.38
2025-11-07,198003,Μαιντανός Ελληνικός Ποιότητα Α΄ 100gr,0.70
2025-11-07,198791,Καρότα Συσκευασμένα Εγχώρια 500gr,0.49
2025-11-07,198002,Σέλινο Ελληνικό Ποιότητα Α΄ Τιμή Κιλού,0.20
2025-11-07,198001,Άνηθος Ελληνικός Ποιότητα Α 80gr,0.72
2025-11-07,198694,Μήλα Fuji Ελληνικά,0.72
2025-11-07,198097,Μήλα Ζαγοράς Πηλίου Π.Ο.Π. Ποιότητα Α΄ Τιμή Κιλού,0.67
2025-11-07,198038,Μελιτζάνες Τσακώνικες Ελληνικές Τιμή Κιλού,0.47
2025-11-07,198096,Μήλα Γκόλντεν Ελληνικά Ποιότητα Α΄ Τιμή Κιλού,0.62
2025-11-07,198705,Πατάτες Κύπρου Συσκευασμένες Ποιότητα Α΄ Τιμή Κιλού,4.32
2025-11-07,198012,Παντζάρια Ελληνικά Τιμή Κιλού,0.31
2025-11-07,198021,Λεμόνια Ελληνικά Τιμή Κιλού,2.10
2025-11-07,198546,Dole Βιολογικές Μπανάνες Εισαγωγής Συσκευασία,2.19
2025-11-07,198223,Πατάτες Συσκευασμένες Ελληνικές Ποιότητα Α΄ Τιμή Κιλού,2.67
2025-11-07,198009,Σπανάκι Ελληνικό Τιμή Κιλού,0.64
2025-11-07,198242,Μπανάνα Chiquita Εισαγωγής Τιμή Κιλού,1.99
2025-11-07,198395,Λάϊμς Εισαγωγής Ποιότητα Α,0.33
2025-11-07,192429,Μπαρμπά Στάθης Σαλάτα Δροσάτη 200gr,1.69
2025-11-07,198263,Άισμπεργκ Ελληνικό Τιμή Κιλού,1.03
2025-11-07,192054,Φρεσκούλης Σαλάτα Ιταλική Iceberg- Μαρούλι- Ραντίτσιο 200gr,1.40
2025-11-07,198529,Καρότα Βιολογικά Ελληνικά Συσκευασμένα,2.19
2025-11-07,198331,Πιπεριές Κόκκινες Ελληνικές Ποιότητα Α΄Τιμή Κιλού,0.86
2025-11-07,198016,Φασολάκια Μπαρμπούνια Ελληνικά Τμή Κιλού,0.75
2025-11-07,198034,Λάχανο Ελληνικό Ποιότητα Α΄ Τιμή Κιλού,1.18
2025-11-07,198103,Αχλάδια Φετέλ Ελληνικά Ποιότητα Α,1.23
2025-11-07,198041,Πιπεριές Καυτερές Ελληνικές Ποιότητα Α΄ Τιμή Κιλού,0.22
2025-11-07,192355,Μύρτιλο Εισαγωγής 125gr,2.65
2025-11-07,192445,Μπαρμπα Στάθης Σαλάτα Κλασσική 250gr,2.39
2025-11-07,198676,Τοματίνια Βελανίδια Ελληνικά Ποιότητα Α' 250gr,1.99
2025-11-07,198036,Κουνουπίδι Ελληνικό Τιμή Κιλού,2.23
2025-11-07,198179,Μανιτάρια Φρέσκα Εισαγωγής 500gr,2.55
2025-11-07,198716,Σταφύλια Κόκκινα Ασπέρμα Τιμή Κιλού,3.59
2025-11-07,198207,Άρωμα Κρεμμυδάκι Φρέσκο Ματσάκι Εγχώριο 140gr,0.99
2025-11-07,198644,Πιπεριές Ανάμεικτες Ελληνικές Ποιότητα Α΄ Τιμή Συσκευασίας,2.99
2025-11-07,198881,My Fresco Σαλάτα Φαντασία 100gr,1.01
2025-11-07,198879,My Fresco Σαλάτα Φάρμα 200gr,1.39
2025-11-07,198902,My Fresco Σαλάτα Εξοχική 160gr,1.28
2025-11-07,198330,Πιπεριές Κίτρινες Ελληνικές Ποιότητα Α,0.86
2025-11-07,198933,Μπάρμπα Στάθης Σαλάτα Τραγανή Λάχανο & Καρότο300gr,1.79
2025-11-07,192010,Μανιτάρια Φρέσκα Εισαγωγής 250gr,1.57
2025-11-07,198434,Κρεμμύδια Κόκκινα Ξερά Συσκευασμένα Ποιότητα Α΄Τιμή Κιλού,1.36
2025-11-07,198078,Κάστανα Ελληνικά Ποιότητα Α Τιμή Κιλού,0.69
2025-11-07,198147,Δυόσμος Ελληνικός 50gr Ματσάκι,1.19
2025-11-07,198645,Σκόρδα Εισαγωγής Συσκευασία 3τεμ,1.79
2025-11-07,198810,Πιπεριές Πορτοκαλί Ελληνικές Ποιότητα Α΄ Τιμή Κιλού,0.90
2025-11-07,198290,Σέλερυ Ελληνικό Τιμή Κιλού,1.05
2025-11-07,192230,Σαλάτα Γαλλική Σε Γλαστράκι,0.89
2025-11-07,198488,Πατάτες Νάξου Συσκευασμένες Ελληνικές Ποιότητα Α,5.67
2025-11-07,198075,Ρόδια Εγχώρια Ποιότητα Α',0.70
2025-11-07,198393,Τοματίνια Plum Πετρούσα Δράμας 500gr,4.25
2025-11-07,198514,Βιολογικά Αγγούρια Ελληνικά Συσκευασία,3.35
2025-11-07,192112,Φρεσκούλης Σαλάτα Λάχανο-Καρότο 300gr,1.34
2025-11-07,198937,Μπάρμπα Στάθης Σαλάτα Ιταλική 140gr,1.79
2025-11-07,204806,Αγρόκηπος Παντζάρια Πέλλας Σακούλα 500gr,2.15
2025-11-07,198925,Πορτοκάλια Ποιότητα Α΄Δίχτυ Έγχωρια Τιμή Κιλού,3.43
2025-11-07,198477,Μανιτάρια Πλευρώτους Ελληνικά 500gr,2.75
2025-11-07,198083,Ανανάς Εισαγωγής Τιμή Κιλού,2.52
2025-11-07,198163,Τζίντζερ Εισαγωγής Τιμή Κιλού,0.64
2025-11-07,198502,Κολοκύθια Βιολογικά Ελληνικά Συσκευασμένα Τιμή Κιλού,5.39
2025-11-07,192469,Μπάρμπα Στάθης Σαλάτα Δροσερή 400gr,2.98
2025-11-07,198959,Μπάρμπα Στάθης Σαλάτα Μαρουλένια 200gr,2.19
2025-11-07,198726,Τοματίνια Βιολογικά Ελληνικά 250gr,2.05
2025-11-07,192181,Φρεσκούλης Ιταλική Οικογενειακή 425gr,2.53
2025-11-07,198289,Σέσκουλα Εγχώρια,0.46
2025-11-07,198072,Λωτοί Τιμή Κιλού,0.80
2025-11-07,661089,Φρεσκούλης Σαλάτα Καπριτσιόζα 160gr,1.46
2025-11-07,198257,Πατάτες Ραγού Mini Συσκευασμένες Εισαγωγής Ποιότητα Α,3.60
2025-11-07,198530,Πατάτες Βιολογικές Ελληνικές Δίχτυ Τιμή Κιλού,4.38
2025-11-07,198422,Βεζύρογλου Ρόκα Άγρια Baby Leaf 100gr,1.10
2025-11-07,198604,Λόλα Κόκκινη Ελληνική Ποιότητα Α΄ Το Τεμάχιο,0.99
2025-11-07,198476,Μήλα Τζόνα Γκόλντ Ελληνικά Ποιότητα Α΄ Τιμή Κιλού,0.65
2025-11-07,198035,Λάχανο Κόκκινο Ελληνικό Ποιότητα Α΄ Τιμή Κιλού,0.99
2025-11-07,198500,Τομάτες Βιολογικές Ελληνικές Συσκευασμένες,4.79
2025-11-07,198345,Κολοκύθες Mini Ελληνικές Τιμή Κιλού,1.73
2025-11-07,192134,Μανιτάρια Φρέσκα 400gr Εγχώρια,2.45
2025-11-07,198517,Ακτινίδια Βιολογικά Ελληνικά Τιμή Κιλού,5.59
2025-11-07,198291,Αχλάδια Κρυστάλλια Lux Τιμή Κιλού,0.51
2025-11-07,198007,Ραδίκια Ιταλικά Ελληνικά Τιμή Κιλού,1.98
2025-11-07,198508,Μήλα Στάρκιν Βιολογικά Ελληνικά Συσκευασία,3.99
2025-11-07,192572,Αβοκάντο Εισαγωγής Συσκευασία Τιμή Κιλού,6.37
2025-11-07,192383,Φρεσκούλης Συσκευασία Σπανάκι Baby 100gr,1.19
2025-11-07,198081,Ακτινίδια Ελληνικά Ποιότητα Α΄ Τιμή Κιλού,0.30
2025-11-07,198008,Χόρτα Άγρια Τιμή Κιλού,2.18
2025-11-07,198073,Κυδώνια Ελληνικά Ποιότητα Α΄ Τιμή Κιλού,0.71
2025-11-07,192365,Μάνγκο Ωριμασμένο Εισαγωγής Συσκευασία 2τεμ,3.99
2025-11-07,192218,Αλλιόν Σκόρδο Φρέσκο Ψιλοκομμένο 100gr,2.45
2025-11-07,192024,Lucia Τοματίνια Ελληνικά Ποιότητα Α' 250gr,2.09
2025-11-07,198511,Λεμόνια Βιολογικά Ελληνικά Δίχτυ Περίπου 1-5Kg,5.68
2025-11-07,198010,Αντίδια Ελληνικά Τιμή Κιλού,1.85
2025-11-07,198506,Κρεμμύδια Βιολογικά Ξερά Ελληνικά Δίχτυ Τιμή Κιλού,3.78
2025-11-07,192303,Πατάτες Μυρτώ Συσκευασμένες Ελληνικές Ποιότητα Α Δίχτυ Τιμή Κιλού,3.45
2025-11-07,198516,Βιολογικά Πορτοκάλια Βαλέντσια Εγχώρια,6.21
2025-11-07,198772,Μανιτάρια Φρέσκα Γίγας Εισαγωγής 500gr,2.99
2025-11-07,198542,Μπρόκολο Βιολογικό Ελληνικό Τιμή Κιλού,1.80
2025-11-07,192382,Φρεσκούλης Συσκευασία Ρόκα Άγρια 100gr,1.19
2025-11-07,192484,Φράουλες Εγχώριες 250gr Τεμ.,2.99
2025-11-07,192408,Μπάρμπα Στάθης Σπανάκι 250gr,2.23
2025-11-07,198521,Μαρούλι Βιολογικό Ελληνικό Συσκευασία Το Τεμάχιο,1.75
2025-11-07,204037,Αγρόκηπος Κολοκύθα Στον Ατμό 400gr,3.27
2025-11-07,198046,Κρεμμύδια Στιφάδο Ελληνικά Ποιότητα Α΄ Δίχτυ Τιμή Κιλού,1.00
2025-11-07,192232,Σαλάτα Λόλα Σε Γλαστράκι,0.99
2025-11-07,192095,Μπάρμπας Στάθης Σαλάτα Σπανάκι 500gr,3.78
2025-11-07,198260,Σελινόριζα Εισαγωγής Τιμή Κιλού,1.57
2025-11-07,198087,Μάνγκο Εισαγωγής Τιμή Κιλού,2.09
2025-11-07,192441,Πατάτες Κύπρου Επιλεγμένες Για Τηγάνι Δίχτυ Τιμή Κιλού,4.77
2025-11-07,198246,Βατόμουρα Συσκευασία 125gr,3.88
2025-11-07,198756,Χουρμάδες Εισαγωγής 250gr,3.39
2025-11-07,192062,Ραπανάκια Εγχώρια 125gr Συσκευασία,0.97
2025-11-07,198916,Μανιτάρια Porto Bello Εισαγωγής 500gr,3.48
2025-11-07,198497,Βεζύρογλου Σαλάτα Ελληνική baby Leaf 100gr,0.99
2025-11-07,192471,Μπάρμπα Στάθης Σαλάτα Φριζάτη 240gr,2.54
2025-11-07,198804,Λόλα Double Mix Ζωντανή Ρίζα,1.89
2025-11-07,198512,Λάχανο Βιολογικό Ελληνικό Τιμή Κιλού,2.62
2025-11-07,198398,Μπανάνες Dole Baby,2.34
2025-11-07,198233,Γκρειπ Φρουτ Κόκκινα Εγχώρια Τιμή Κιλού,0.50
2025-11-07,192470,Μπάρμπα Στάθης Σαλάτα Ιταλική Οικογενειακή Συσκευασία 320gr,3.46
2025-11-07,198504,Πιπεριές Βιολογικές Ελληνικές Συσκευασία,2.37
2025-11-07,192293,Τοματίνια Τσαμπί,3.33
2025-11-07,198947,Μανιτάρια Brown Εισαγωγής Συσκευασία 500gr,3.25
2025-11-07,198655,Lucia Τομάτα Baby Ελληνική Ποιότητα Α' Συσκευασία 500gr,3.60
2025-11-07,192061,Τοματίνια Ελληνικά 500gr Που αγαπάς,4.59
2025-11-07,192167,Φρεσκούλης Σαλάτα Γεύμα Quinoa 250gr,3.35
2025-11-07,198571,Βιολογικά Μήλα Σμιθ Εγχώρια,4.38
2025-11-07,192261,Κόλιανδρο Κουτί 25gr Εγχώριο,1.99
2025-11-07,192523,Φρεσκούλης Σαλάτα Γεύμα COBB Με Κοτόπουλο 280gr,4.45
2025-11-07,192335,Τομάτες Today's Τύπου Ελιά Ελληνικές 500gr,4.69
2025-11-07,192165,Φρεσκούλης Σαλάτα Γεύμα Tuna 250gr,3.49
2025-11-07,192164,Φρεσκούλης Σαλάτα Γεύμα Italian 220gr,3.59
2025-11-07,192573,Lucias Πατάτες Baby Εισαγωγής 1kg,2.19
2025-11-07,192166,Φρεσκούλης Σαλάτα Γεύμα Caprese 250gr,3.98
2025-11-07,192324,Άρωμα Δυόσμος Γλαστράκι Μεγάλο,2.65
2025-11-07,217159,Δυόσμος Vevi Σακουλάκι 40gr,1.60
2025-11-07,198503,Μελιτζάνες Φλάσκες Βιολογικές Ελληνικές Συσκευασμένες Τιμή Κιλού,4.27
2025-11-07,192603,Φρουτοσαλάτα Mix 200gr,2.79
2025-11-07,198774,Άρωμα Δυόσμος Ελληνικός Κουτί 25gr,1.99
2025-11-07,198079,Γκρέιπ Φρουτ Ελληνικό Ποιότητα Α΄Τιμή Κιλού,0.66
2025-11-07,192414,Βεζύρογλου Σαλάτα Πιπεράτη 150gr,1.89
2025-11-07,198534,Πιπεριές Φλωρίνης Βιολογικές Ελληνικές Συσκευασία,2.47
2025-11-07,198133,Φινόκιο,0.84
2025-11-07,192480,Σαλάτα Τριπλή Εγχώρια Σε Γλαστράκι,1.49
2025-11-07,192286,Άνηθος Συσκευασμένος Εγχώριος 80gr,0.99
2025-11-07,192602,Φρουτοσαλάτα Εποχής 200gr,2.79
2025-11-07,192081,Μανιτάρια Πλευρώτους Φιλέτο Ελληνικά 500gr,4.25
2025-11-07,198768,Θυμάρι Κουτί 25gr,1.99
2025-11-07,198766,Δενδρολίβανο Ελληνικό Κουτί 25gr,1.99
2025-11-07,198486,Κινέζικο Λάχανο Τιμή Κιλού,4.49
2025-11-07,330793,Rapunzel Χουρμάδες Με Κουκούτσι Bio Σκαφάκι 250gr,3.23
2025-11-07,198403,Πιταχάγια Dragon Fruit Τιμή Κιλού,8.00
2025-11-07,198456,Ανανάς By Air Εισαγωγής Τιμή κιλού,11.17
2025-11-07,198438,Μανιτάρια Πλευρώτους Βιολογικά Συσκευασία 400gr,2.99
2025-11-07,198082,Καρύδα Εισαγωγής Το Τεμάχιο,1.09
2025-11-07,198127,Κολοκύθες Ελληνικές,9.30
2025-11-07,198216,Ρέβα Εισαγωγής Τιμή Κιλού,2.36
2025-11-07,192449,My Greek Pickles Φρέσκο Βιολογικό Ξινoλάχανο 250gr,3.99
2025-11-07,198169,Ραντίτσιο Εισαγωγής,1.75
2025-11-07,192212,Άρωμα Πιπερίες Shishito 300gr,3.25
2025-11-07,192138,Διρφύς Μανιτάρια Λεντινούλα Αποξηραμένα 25gr,3.55
2025-11-07,198609,Μήλα Ντελίσιους Πιλαφά Π.Ο.Π. Ποιότητα Α΄ Τιμή Κιλού,0.72
2025-11-07,198800,Άρωμα Βασιλικός Κουτί 25gr Εισαγωγής,1.89
2025-11-07,192366,Ρόδια Καθαρισμένα 150gr,3.99
2025-11-07,198880,Μήλα Kiku Εγχώρια Ποιότητα Α Τιμή Κιλού,0.78
2025-11-07,198099,Φυρίκια Τιμή Κιλού,3.49
2025-11-07,198510,Αχλάδια Κρυστάλλια Βιολογικά Ελληνικά Συσκευασία,4.90
2025-11-07,134069,Σπάλα Χοιρινή Ελληνική Νωπή Άνευ Οστού,1.52
2025-11-07,134061,Χοιρινός Λαιμός Ελληνικός Με Οστό,1.48
2025-11-07,133733,Λάπα Βοείου Ελληνική Νωπή Άνευ Οστού,3.22
2025-11-07,133556,Σπαλομύτα Βοείου Ελληνική Νωπή Τιμή Κιλού,3.50
2025-11-07,133735,Σπάλα Βοείου Ελληνική Νωπή Άνευ Οστού,3.50
2025-11-07,137169,Πίνδος Φτερούγες Κοτόπουλο Ελληνικές Νωπές Τιμή Κιλού,0.29
2025-11-07,134004,Χοιρινός Λαιμός Ολλανδίας Με Οστό Τιμή Κιλού,1.45
2025-11-07,133741,Ελιά Βοείου Ελληνική Νωπή Άνευ Οστού,3.50
2025-11-07,137307,Σουβλάκι Μπούτι Κοτόπουλου Ελληνικό Νωπό Μαριναρισμένο,1.12
2025-11-07,134203,Σπάλα Χοιρινή Ολλανδίας Νωπή Άνευ Οστού,1.50
2025-11-07,137711,Άρτα Κοτόπουλο Ελληνικό Νωπό Xύμα,5.08
2025-11-07,134001,Σουβλάκια Χοιρινά Ελληνικής Επεξεργασίας Μαριναρισμένα Νωπά Τιμή Κιλού,0.93
2025-11-07,137078,Το Χωρικό Φιλέτο Στήθος Κοτόπουλο Νωπό Χωρίς Κόκκαλο,5.10
2025-11-07,137076,Το Χωρικό Μπούτι Κοτόπουλου Νωπό Τιμή Κιλού,1.70
2025-11-07,133211,Στήθος Λάπα Βοείου Γερμανίας Άνευ Οστού,3.17
2025-11-07,133228,Τουρτουγκίτα Ποντίκι Βοείου Γερμανίας Άνευ Οστού,3.21
2025-11-07,137706,Αμβροσιάδης Μπούτι Κοτόπουλο Νωπό Ελληνικό Τιμή Κιλού,1.64
2025-11-07,137149,Πίνδος Φιλέτο Στήθος Κοτόπουλου Ελληνικό Νωπό,5.97
2025-11-07,137735,Πίνδος Κοπανάκι Κοτόπουλο Ελληνικό Νωπό Τιμή Κιλού,0.97
2025-11-07,134065,Μπούτι Χοιρινό Ελληνικό Νωπό Άνευ Οστού,2.19
2025-11-07,134050,Χοιρινός Λαιμός Ολλανδίας Με Οστό Τιμή Κιλού,1.80
2025-11-07,133205,Ελιά Βοείου Γερμανίας Νωπή Άνευ Οστού Τιμή Κιλού,3.92
2025-11-07,134068,Πανσέτα Χοιρινή Ελληνική Νωπή Με Οστό Άνευ Δέρματος,1.45
2025-11-07,134205,Μπούτι Χοιρινό Ολλανδίας Νωπό Άνευ Οστού Άνευ Δέρμα,1.99
2025-11-07,134062,Μπριζόλα Χοιρινή Ελληνική Νωπή Με Οστό Χωρίς Δέρμα Τιμή Κιλού,2.80
2025-11-07,133800,Ελιά Βοείου Πολωνίας Νωπή Άνευ Οστού Τιμή Κιλού,7.34
2025-11-07,134010,Μπριζόλα Χοιρινή Ολλανδίας Νωπή Με Οστό,3.08
2025-11-07,137705,Αμβροσιάδης Κοτόπουλο Νωπό Ελληνικό Τιμή Κιλού,5.08
2025-11-07,137718,Άρτα Φτερούγες Κοτόπουλου Νωπές Εγχώριες Τιμή Κιλού,0.29
2025-11-07,133055,Φάρμα Ελασσόνας Κιμάς Βόειος Νωπός 400gr,4.69
2025-11-07,137717,Άρτα Φιλέτο Στήθος Κοτόπουλο Νωπό Εγχώριο Τιμή Κιλού,3.48
2025-11-07,133209,Σπάλα Βοείου Γερμανίας Νωπή Άνευ Οστού,3.92
2025-11-07,133734,Στήθος Βοείου Ελληνικό Νωπό Χωρίς Οστό,6.45
2025-11-07,137146,Πίνδος Κοτόπουλο Ελληνικό Νωπό Τιμή Κιλού,5.08
2025-11-07,137147,Πίνδος Μπούτι Κοτόπουλο Ελληνικό Τιμή Κιλού,2.18
2025-11-07,137719,Άρτα Φιλέτο Μπούτι Κοτόπουλο Νωπό Εγχώριο,2.31
2025-11-07,133635,Συκώτι Βοείου Γερμανίας Νωπό,3.08
2025-11-07,134003,Πανσέτα Χοιρινή Ολλανδίας Νωπή Με οστό Άνευ Δέρματος,1.40
2025-11-07,158501,Τσιπούρα Sparus Aurata Υδατοκαλλιέργειας Ελλάδος 0-4-0-8kg Τιμή Κιλού,5.99
2025-11-07,133231,Ποντίκι Βοείου Γερμανίας Νωπό Άνευ Οστού,3.47
2025-11-07,137907,My Fresco Nuggets Κοτόπουλου Ελληνικό 400gr,3.57
2025-11-07,133702,Ελιά Σπάλα Μοσχάρι Γάλακτος Ολλανδίας Άνευ Οστού,4.37
2025-11-07,133801,Σπάλα Βοείου Πολωνίας Νωπή Άνευ Οστού,7.34
2025-11-07,133731,Μπούτι Βοείου Ελληνικό Νωπό Άνευ Οστού,4.30
2025-11-07,137828,Νιτσιάκος Nuggets Ελληνικό Κοτόπουλο Τυποποιημένο 400gr -20%,3.73
2025-11-07,137908,My Fresco Σνίτσελ Κοτόπουλο Ελληνικό 390gr,3.47
2025-11-07,137129,Αγγελάκης Ατομικό Ρολό Κοτόπουλο Xωρις Γλουτένη Νωπό Τιμή Κιλού,3.98
2025-11-07,134017,Φιλέτο Χοιρινό Ψαρονέφρι Ολλανδίας,4.98
2025-11-07,137832,Ελαιοπουλάκι Φιλέτο Μπούτι Κοτόπουλο Νωπό Δισκάκι 600gr,6.93
2025-11-07,137742,Άρτα Κοπανάκι Νωπό Ελληνικό Τιμή Κιλού,0.97
2025-11-07,133981,Peter's Farm Ελιά-Σπάλα Μοσχαράκι Γάλακτος Ολλανδίας,4.37
2025-11-07,137734,Πίνδος Φιλέτο Μπούτι Ελληνικό Νωπό Τιμή Κιλού,4.62
2025-11-07,133994,Black Angus Ιρλανδίας Σπαλομπριζόλα Βοείου Άνευ Οστού Τιμή Κιλού,5.00
2025-11-07,137909,My Fresco Cordon Bleu Ελληνικό Κοτόπουλο,3.44
2025-11-07,133056,Φάρμα Ελασσόνας Κιμάς Ανάμεικτος Νωπός 400gr,5.87
2025-11-07,137913,My Fresco Φιλέτο Στήθος Κοτόπουλο Ελληνικό 700gr,7.20
2025-11-07,134009,Κότσι Χοιρινό Ολλανδίας Νωπό Με Οστό Με Δέρμα,1.36
2025-11-07,133045,Meatka Μπιφτέκι Κοτόπουλου Ελληνικό Νωπό 600gr,6.14
2025-11-07,137820,Νιτσιάκος Σνίτσελ Ελληνικό Κοτόπουλο 390gr,4.76
2025-11-07,138414,Mimikos Σνίτσελ Κοτόπουλο Ελληνικό Νωπό Δισκάκι 470gr,6.41
2025-11-07,137728,Άρτα Συκωτάκια Κοτόπουλου Ελληνικά Νωπά Συσκευασμένα (Τιμή Κιλού),1.88
2025-11-07,134538,Meatka Μπιφτέκι Βόειο Ευρωπαϊκής Ένωσης Σε Δισκάκι 600gr,6.89
2025-11-07,102735,Creta Farms Εν Ελλάδι Λουκάνικα Φρανκφούρτης 300gr,2.85
2025-11-07,134537,Meatka Κεμπάπ Πολίτικο Ε.Ε. Δισκάκι 500gr,4.65
2025-11-07,158503,Σολομός Κομμένος Salmo Salar Υδατοκαλλιέργειας Εισαγωγής FAO27,7.20
2025-11-07,137138,Πίνδος Κοτόπουλο Σούβλας Ψημένο Ελληνικό Τιμή Κιλού,9.59
2025-11-07,102282,Μιχας Λουκάνικα Χοιρινά Τύπου Μυκόνου 400gr,2.00
2025-11-07,133213,Στήθος Βοείου Γερμανίας Νωπό Με Οστό,2.75
2025-11-07,137251,Mimikos Στήθος Φιλέτο Κοτόπουλο Ελληνικό Νωπό 650gr (+20% Δωρεάν Προϊόν),11.80
2025-11-07,102106,My Gusto Λουκάνικα Τύπου Φρανκφούρτης Χωρίς Γλουτένη 340gr,2.87
2025-11-07,133627,Μπριζόλα Βοείου Ελληνική Νωπή Με Οστό,7.88
2025-11-07,158572,Λαυράκια Υδατοκαλλιέργειας Ελληνικά 0-4-0-6kg Τιμή Κιλού,5.25
2025-11-07,138407,Mimikos Nuggets Κοτόπουλο Ελληνικά Δισκάκια Νωπά 480gr,7.48
2025-11-07,133982,Peter'S Farm Μπριζόλες Κόντρα Μοσχαράκι Γάλακτος,8.76
2025-11-07,134547,Λαιμός Χοιρινός Ολλανδίας Άνευ Οστού Νωπός Τιμή Κιλού,1.86
2025-11-07,133010,Ossobuco Μοσχάρι Ολλανδίας Γάλακτος Με Οστό,5.70
2025-11-07,137911,My Fresco Μπούτι Κοτόπουλο Ελληνικό 725gr,3.90
2025-11-07,137914,My Fresco Φιλέτο Μπούτι Κοτόπουλο Ελληνικό 700gr,7.60
2025-11-07,109247,Αργώ Ρέγγα Φιλέτο Καπνιστό 90gr,2.60
2025-11-07,137071,Το Χωρικό Κοτόπουλο 65% Νωπό Τιμή Κιλού,8.24
2025-11-07,137308,Κοντοσούβλι Κοτόπουλου Ελληνικό Νωπό,2.55
2025-11-07,134115,Κεφτεδάκια Νωπά Εγχώρια Τιμή Κιλού,8.23
2025-11-07,133626,Σπαλομπριζόλα Βοείου Ελληνική Νωπή Με Οστό,8.14
2025-11-07,105996,Best Price Λουκάνικο Χωριάτικο Χωρίς Γλουτένη 300gr,2.00
2025-11-07,137578,Πίνδος Nuggets Κοτόπουλο 400gr -20%,4.98
2025-11-07,137915,My Fresco Κοπανάκι Κοτόπουλο Ελληνικό 650gr,5.50
2025-11-07,137827,Νιτσιάκος Cordon Blue Ελληνικό Κοτόπουλο 380gr -20%,3.80
2025-11-07,137716,Άρτα Μπούτι Κοτόπουλο Νωπό Εγχώριο Τιμή Κιλού,1.64
2025-11-07,137148,Πίνδος Στήθος Κοτόπουλο Ελληνικό Νωπό,6.72
2025-11-07,137159,Πίνδος Κοτόπουλο Ελληνικό Ελευθέρας Βοσκής Τιμή Κιλού,13.65
2025-11-07,137167,Πίνδος Κοτόπουλο Ελεύθερης Βοσκής Ελληνικό Νωπό Τιμή Κιλού -10%,12.29
2025-11-07,137833,Ελαιοπουλάκι Φιλέτο Στήθος Κοτόπουλο 600gr,7.43
2025-11-07,133407,Φάρμα Ελασσόνας Μπιφτέκι Παραδοσιακό Νωπό Ελληνικό 600gr,7.06
2025-11-07,134034,Χοιρινή Μπριζόλα Ελληνικής Επεξεργασίας Με Κόκαλο Καπνιστή Τιμή Κιλού,3.27
2025-11-07,137289,Mimikos Κοτολιχουδιές Σνίτσελ Βιενουά Κοτόπουλο 320gr,5.00
2025-11-07,102300,Wudy Λουκάνικα Φρανκφούρτης Κοτόπουλο-Γαλοπούλα 300gr,1.79
2025-11-07,137893,Πίνδος Συκώτια Κοτόπουλου Ελληνικά Νωπά 500gr -20%,2.28
2025-11-07,133993,Black Angus Ιρλανδίας Χτένι Βοείου Τιμή Κιλού,4.82
2025-11-07,137818,Mimikos Μπιφτέκι Κοτόπουλο Ελληνικό Νωπό 320gr,4.40
2025-11-07,137158,Πίνδος Κοκόρια Ελληνικά Νωπά Τιμή Κιλού,19.20
2025-11-07,137835,Ελαιοπουλάκι Κοτόπουλο Νωπό 70% Δισκάκι Τιμή Κιλού -25%,6.24
2025-11-07,105595,Υφαντής Λουκάνικα Φράνκα 300gr,3.57
2025-11-07,137831,Ελαιοπουλάκι Κοτόπουλο Νωπό 65% Δισκάκι (Τιμή Κιλού),8.31
2025-11-07,133980,Peter's Farm Osso Bucco Μοσχαράκι Γάλακτος Με Οστό,5.60
2025-11-07,137531,Νιτσιάκος Κοτόπουλο Ελληνικό Νωπό 9τεμ,11.70
2025-11-07,137284,Mimikos Μπούτια Κοτόπουλου Ελληνικά 800gr (+35% Δωρεάν Προϊόν),8.40
2025-11-07,137218,Πίνδος Κοτόπουλο Ελληνικό Νωπό Βιολογικό,18.53
2025-11-07,137245,Μιμίκος Nuggets Κοτόπουλου Τραγανά 400gr,6.41
2025-11-07,102730,Creta Farms Εν Ελλάδι Λουκάνικα Κοκτέιλ 240gr,3.36
2025-11-07,135042,Κατσίκι Ελληνικό,14.19
2025-11-07,137505,Νιτσιάκος Μπούτι Γαλοπούλα Vacuum Τιμή Κιλού,6.37
2025-11-07,105231,Wudy Λουκάνικα Κοτόπουλο & Γαλοπούλα Mε Τυρί 150gr,1.30
2025-11-07,137263,Mimikos Μπούτι Φιλέτο Κοτόπουλο Ελληνικό Νωπό 650gr,11.95
2025-11-07,102299,Wudy Λουκάνικα Τύπου Φρανκφούρτης Κοτόπουλο & Γαλοπούλα 1kg,4.85
2025-11-07,137895,Πίνδος Στήθος Φιλέτο Κοτόπουλο Ελληνικό Νωπό 650gr -20%,10.32
2025-11-07,137018,Αγγελάκης Κοτόπουλο Ελληνικό Νωπό 65% Τιμή Κιλού,5.08
2025-11-07,105594,Υφαντής Λουκάνικα Βιέννα 250gr,3.28
2025-11-07,102716,Creta Farms Λουκάνικα Χωριάτικα Με Γραβιέρα Κρήτης 400gr,5.59
2025-11-07,137501,Νιτσιάκος Φιλέτο Στήθος Γαλοπούλα Vacuum Τιμή Κιλού,12.10
2025-11-07,137916,My Fresco Φτερούγες Κοτόπουλο Ελληνικό 800gr,2.57
2025-11-07,137884,Πίνδος Μπούτι Κοτόπουλο Μπαχαρωμένο Grill Σούβλας Ελληνικό Τιμή Κιλού,3.69
2025-11-07,133365,Γλώσσα Βοείου Γερμανίας Νωπή,2.60
2025-11-07,137894,Πίνδος Φιλέτο Μπούτι Κοτόπουλο Ελληνικό Νωπό 650gr -20%,9.28
2025-11-07,109243,Καραγκούνη Ρέγγα Χρυσοκαπνιστή Τιμή Κιλού,2.78
2025-11-07,139006,Λουκάνικα Χωριάτικα Καπνιστά Με Πράσο,8.14
2025-11-07,137912,My Fresco Στήθος Κοτόπουλο Ελληνικό 530gr,4.80
2025-11-07,137250,Mimikos Κοτόπουλο Ελληνικό Νωπό Τιμή Κιλού,11.56
2025-11-07,137255,Μιμίκος Κοτόπουλο Ελληνικό Νωπό Τ.65% -25% Τιμή Κιλού,8.16
2025-11-07,134539,Meatka Μπιφτέκι Βόειο Με Κασέρι Ε.Ε. Δισκάκι 600gr,7.73
2025-11-07,133991,Black Angus Ιρλανδίας Καρδιά Σπάλας Βοείου Τιμή Κιλού,4.92
2025-11-07,134039,Ρολό Χοιρινό Γεμιστό Νωπό,10.79
2025-11-07,137506,Πίνδος Ρολό Κοτόπουλο Ελληνικό Γεμιστό Νωπό,13.08
2025-11-07,139005,Λουκάνικα Χωριάτικα Καπνιστά,8.14
2025-11-07,158700,Κρανιός Μυλοκόπι Argyrosomus Regius Υδατ.0-5Kg-1Kg Ελληνικό,9.99
2025-11-07,137400,Mimikos Φιλετίνια Ελληνικά Πανέ Νωπά 400gr,7.55
2025-11-07,137261,Mimikos Κοπανάκια Κοτόπουλο Ελληνικό Νωπό 590gr,6.16
2025-11-07,102293,Πρίτσας Χωριάτικο Λουκάνικο Πρασάτο 400gr,4.46
2025-11-07,133992,Black Angus Ιρλανδίας Σπαλομίτα Βοείου Τιμή Κιλού,4.97
2025-11-07,137720,Άρτα Ολόκληρο Κοτόπουλο Αποστεωμένο Νωπό Εγχώριο,10.01
2025-11-07,109841,Φιλέτο Ling Νορβηγίας Υγράλατο Τιμή Κιλού,6.97
2025-11-07,137891,Πίνδος Μπούτια Κοτόπουλου Ελληνικά Νωπά Δισκάκι 800gr -20%,6.14
2025-11-07,133411,Φάρμα Ελασσόνας Rib Eye Βοείου Νωπό 400gr,16.99
2025-11-07,102717,Creta Farms Λουκάνικα Χωριάτικα Πικάντικα 400gr,4.33
2025-11-07,137535,Νιτσιάκος Κοτόπουλο Φιλέτο Στήθος Ελληνικό Νωπό 700gr (+50%Δωρεάν Προϊόν),11.89
2025-11-07,137094,Πίνδος Μισό Κοτόπουλο Ελληνικό Ελευθέρας Βοσκής Τιμή Κιλού -10%,8.19
2025-11-07,134421,Φάρμα Ελασσόνας Μπριζόλα Χοιρινή Τσεκουράτη Τιμή Κιλού,5.85
2025-11-07,137160,Πίνδος Μισό Κοτόπουλο Ελληνικό Ελευθέρας Βοσκής Τιμή Κιλού,9.10
2025-11-07,134422,Φάρμα Ελασσόνας BBQ Steak Νωπό Ελληνικό 400gr,5.99
2025-11-07,109249,Αργώ Ουζομεζές Ποικιλία 90gr,2.60
2025-11-07,134424,Φάρμα Ελασσόνας Σπάλα Χοιρινή Άνευ Οστού Τιμή Κιλού,8.39
2025-11-07,109238,Αργώ Αντσούγιες Φιλέτο 90gr,4.45
2025-11-07,133312,Σπαλομπριζόλα Βοείου Γερμανίας Νωπή Με Οστό,12.73
2025-11-07,102501,Μουτεβελής Λουκάνικα Hot Dog Καπνιστά 300gr,3.39
2025-11-07,133830,Ελιά Βοείου Ιρλανδίας Νωπή Άνευ Οστού Τιμή Κιλού,4.70
2025-11-07,137890,Πίνδος Κοπανάκι Κοτόπουλο Ελληνικό Νωπό 600gr -20%,5.74
2025-11-07,137525,Νιτσιάκος Κοτόπουλου Μπούτι Ελληνικό Νωπό 850gr,5.57
2025-11-07,104028,Αντωνάκη Μπριζόλα Καπνιστή Μέλι 210gr,3.49
2025-11-07,102721,Creta Farms Λουκάνικα Χωριάτικα Με Μυρωδικά 400gr,5.62
2025-11-07,102294,Πρίτσας Χωριάτικο Λουκάνικο Καυτερό 400gr,5.22
2025-11-07,158703,Φαγκρί Pagrus Major Υδατοκαλλιέργειας Ελλάδος 0-6-0-8kg Τιμή Κιλού,10.14
2025-11-07,133410,Φάρμα Ελασσόνας Burger Νωπό 300gr,5.49
2025-11-07,133018,Μπριζόλα Βοείου Γερμανίας Νωπή Με Κόκαλο Τιμή Κιλού,3.97
2025-11-07,137280,Άγιος Ιωάννης Κοτόπουλο Ελληνικό Νωπό Τιμή Κιλού,4.78
2025-11-07,139094,Στρακάκια Λουκανικομπουκιές Σε Ξυλάκι 200gr,2.49
2025-11-07,133320,Ουρά Βοείου Γερμανίας Νωπή Με Oστό,2.96
2025-11-07,105409,Νίκας Λουκάνικα Cocktail Party Χωρίς Γλουτένη 220gr,3.19
2025-11-07,134580,ΜΕΑΤΚΑ Κασερλί Ευρωπαϊκής Ένωσης 500gr,5.89
2025-11-07,104409,Μπατανιάν Σουτζούκι Πολίτικο Πέταλο (Τιμή Κιλού),6.72
2025-11-07,109258,Καραγκούνη Αντζούγια Ν1 Τιμή Κιλού,2.15
2025-11-07,109260,Καραγκούνη Σκουμπρί Φέτα 1-2kg Τιμή Κιλού,2.84
2025-11-07,137207,Mimikos Φτερούγες Κοτόπουλο Πικάντικες Ελληνικές 600gr,3.96
2025-11-07,137910,My Fresco Ολόκληρο Κοτόπουλο Ελληνικό Δισκάκι 1-8-2-0kg Τιμή Κιλού,7.80
2025-11-07,137854,Πίνδος Κοτόπουλο Ελληνικό Τ.65% Δισκάκι Τιμή Κιλού -20%,9.66
2025-11-07,134560,Meatka Σεφταλιά Τύπου Κύπρου Ευρωπαϊκής Ένωσης Συσκευασμένο,10.76
2025-11-07,106264,Nikas Λουκάνικα Φρανκφούρτης 300gr,3.39
2025-11-07,137892,Πίνδος Στήθος Κοτόπουλο Ελληνικό Νωπό Δισκάκι 600gr -20%,6.06
2025-11-07,102504,Μουτεβελής Λουκάνικο Χωριάτικο Καπνιστό Πράσο 360gr,4.38
2025-11-07,137283,Mimikos Φτερούγες Ελληνικές Νωπές 650gr,4.15
2025-11-07,109250,Αργώ Χταπόδι Πλοκάμι Μαρινάτο 90gr,5.60
2025-11-07,109280,Τρυφωνίδης Αντζούγιες Φιλέτο Τιμή Κιλού,5.73
2025-11-07,105371,Τσικάκης Γιαννόπουλος Σύγκλινο Μάνης,4.66
2025-11-07,137526,Νιτσιάκος Κοτόπουλο Φτερούγα Ελληνική Νωπή 800gr,4.10
2025-11-07,109279,Τρυφωνίδης Σαρδέλες Παστές Τιμή Κιλού,2.98
2025-11-07,105626,Υφαντής Λουκάνικα Χωριάτικα Συσκευασία 2τεμ 380gr,4.98
2025-11-07,102500,Μουτεβελής Λουκάνικα Χοιρινά Ριγανάτα Καπνιστά 360gr,4.66
2025-11-07,137023,Αγγελάκης Κοτόπουλο Ελληνικό Νωπό Τιμή Κιλού,7.05
2025-11-07,133956,Angus Μπριζόλα Άνευ Οστού Rib Eye Αργεντινής 240gr,13.93
2025-11-07,109823,Ling Με Κόκκαλο Νορβηγίας (Τιμή Κιλού),9.44
2025-11-07,102517,Μουτεβελής Λουκάνικο Χωριάτικο Καπνιστό Μοσχάρι 360gr,5.98
2025-11-07,137529,Νιτσιάκος Κοπανάκι Ελληνικό Νωπό 650gr,6.80
2025-11-07,133019,Μοσχάρι Γάλακτος Κόντρα Ολλανδίας Με Οστό Τιμή Κιλού,9.16
2025-11-07,137184,Mama's Ρολό Κοτόπουλο Νώπο Χωρίς Γλουτένη Τιμή Κιλού,8.37
2025-11-07,133998,Blank Angus Ιρλανδίας Πικάνια Βοείου Τιμή Κιλού,7.87
2025-11-07,139043,Βουβαλίσια Λουκάνικα Ελληνικά Νωπά,6.86
2025-11-07,133958,Angus Μπούτι Κιλότο (Rump) 240gr,7.67
2025-11-07,109281,Τρυφωνίδης Τονολακέρδα Λευκή Τιμή Κιλού,12.68
2025-11-07,133990,Blank Angus Ιρλανδίας Rib Eye Βοείου Τιμή Κιλού,11.92
2025-11-07,138245,Λουκάνικο Εκτρεφόμενου Μαύρου Χοίρου Ελληνικό με Πράσο 340gr,4.06
2025-11-07,133957,Angus Κόντρα Βόειο Άνευ Οστού (Striploin) 240gr,9.99
2025-11-07,109190,Deli Fish Σκουμπρί Καπνιστό Ακέφαλο Vacuum,4.41
2025-11-07,109816,Μπακαλιάρος Νορβηγίας Υγράλατος Χονδρός Τιμή Κιλού,27.98
2025-11-07,133955,Angus Φιλέτο Βόειο (Fillet Steak) Αργετινής Νωπό 240gr,15.99
2025-11-07,102184,Θράκης Γεύσεις Λουκάνικο Χωριάτικο Με Γραβιέρα 380gr,6.58
2025-11-07,134026,Ρολό Χοιρινό Ολλανδίας Ψημένο,10.00
2025-11-07,109288,Τρυφωνίδης Σκουμπρί Φιλέτο Καπνιστό XL Vacuum,8.74
2025-11-07,133831,Σπάλα Βοείου Ιρλανδίας Νωπή Άνευ Οστού Τιμή Κιλού,4.70
2025-11-07,137710,Αμβροσιάδης Κοτόπουλο Νωπό Ελληνικό Συσκευασία Τιμή Κιλού,7.05
2025-11-07,137136,Mama's Nuggets Μπουκιές Κοτόπουλου Πανέ Προψημένες 400gr,4.17
2025-11-07,109259,Καρακαγκούνη Ρέγγα Φιλέτο Καπνιστό Τιμή Κιλού,26.53
2025-11-07,109289,Τρυφωνίδης Ρέγγα Φιλέτο Καπνιστό Vacuum,8.12
2025-11-07,109282,Τρυφωνίδης Ουζομεζές Τιμή Κιλού,5.68
2025-11-07,137143,Mama's Μπιφτέκι Κοτόπουλο Προψημένο Δισκάκι 500gr,5.25
2025-11-07,137031,Αγγελάκης Κοτόπουλο Ελληνικό Νωπό Δισκάκι,10.36
2025-11-07,113637,ΝΟΥΝΟΥ Family Γάλα 3-6% Λιπαρά 1-5lt,2.86
2025-11-07,111099,My Kouzina Αυγά 10αδα 53-63G (M),2.30
2025-11-07,250224,My Kouzina Συμπυκνωμένο Γάλα 410gr,0.98
2025-11-07,113764,My Gusto Γάλα Υψηλής Θερμικής Επεξεργασίας 1-5% Λιπαρά 1Lt,1.10
2025-11-07,113639,ΝΟΥΝΟΥ Γάλα Family 1-5% Λιπαρά 1-5lt,2.86
2025-11-07,250223,My Kouzina Συμπυκνωμένο Easy Open Γάλα Light 410gr,0.94
2025-11-07,113765,My Gusto Γάλα Υψηλής Θερμικής Επεξεργασίας 3-5% Λιπαρά 1lt,1.10
2025-11-07,117706,My Gusto Γιαούρτι Στραγγιστό 2% Λιπαρά 1kg,2.70
2025-11-07,117095,ΦΑΓΕ Total Στραγγιστό Γιαούρτι 2% Λιπαρά 3x200gr,3.83
2025-11-07,113264,My Fresco Αγελαδινό Γάλα Πλήρες 1lt,1.05
2025-11-07,117704,My Gusto Γιαούρτι Στραγγιστό 10% Λιπαρά 1kg,2.70
2025-11-07,117836,My Gusto Γιαούρτι Στραγγιστό 2% Λιπαρά 3x200gr,1.86
2025-11-07,113501,Όλυμπος Γάλα Φρέσκο Επιλεγμένο 3-7% Λιπαρά 1lt,1.74
2025-11-07,111000,Χρυσά Αυγά Φρέσκα 10άδα,3.68
2025-11-07,117274,ΝΟΥΝΟΥ Στραγγιστό Γιαούρτι 1-5% 3x200gr,3.63
2025-11-07,669310,Χρυσά Αυγά Φρέσκα 6Αδα 53-63G Μedium,2.73
2025-11-07,118918,Ροδόπη Γιαούρτι Κατσικίσιο Παραδοσιακό 200gr,1.32
2025-11-07,113638,ΝΟΥΝΟΥ Family Γάλα Light 1lt,2.06
2025-11-07,113511,Όλυμπος Γάλα Φρέσκο Επιλεγμένο Ελαφρυ 1lt,1.74
2025-11-07,250072,ΝΟΥΝΟΥ Συμπυκνωμένο Γάλα Light 400gr,1.01
2025-11-07,117654,Στάμου Ρυζόγαλο Χωρίς Γλουτένη 180gr,1.12
2025-11-07,113619,Όλυμπος Μεγαλώνω Γάλα Αγελάδος 1 lt,2.35
2025-11-07,253020,Adoro Γάλα Μακράς Διάρκειας 1-5% Easy Open 1lt,1.22
2025-11-07,113635,ΝΟΥΝΟΥ Family Γάλα 3-6% Λιπαρά 1lt,2.06
2025-11-07,113265,My Fresco Αγελαδινό Γάλα Ελαφρύ 1lt,1.05
2025-11-07,122241,Βιτάμ Πακέτο Φυτικό 200gr,1.18
2025-11-07,113133,My Fresco Γάλα Πλήρες 1lt,1.05
2025-11-07,113656,Alpro Ρόφημα Αμυγδάλου Χωρίς Ζάχαρη 1lt,2.09
2025-11-07,250071,ΝΟΥΝΟΥ Συμπυκνωμένο Γάλα 400gr,1.01
2025-11-07,117454,Όλυμπος Γιαούρτι Στραγγιστό 2% 1kg,4.95
2025-11-07,122246,Super Fresco 200gr,0.75
2025-11-07,113740,Μy Gusto Γάλα Χωρίς Λακτόζη 1-5% 1lt,1.37
2025-11-07,113136,ΔΕΛΤΑ Καθημερινά Φρέσκο Γάλα Πλήρες 1lt,1.67
2025-11-07,111130,My Kouzina Αυγά 10αδα Αχυρώνα 63-73gr Large,3.25
2025-11-07,255221,Adoro Εβαπορέ Γάλα Μερίδες Δίχτυ 10τεμ,0.94
2025-11-07,250016,ΝΟΥΝΟΥ Εβαπορέ Γάλα Light 170gr,0.66
2025-11-07,117227,ΦΑΓΕ Total Στραγγιστό Γιαούρτι 2% Λιπαρά 1kg,3.71
2025-11-07,652303,Ροδόπη Γάλα Κατσικίσιο Πλήρες 1lt,2.80
2025-11-07,111019,Ηπειρώτικα Αυγά 6άδα 63-73G Large,2.55
2025-11-07,117752,Όλυμπος Γιαούρτι Στραγγιστό 2% Λιπαρά 3x200gr,3.02
2025-11-07,253024,Adoro Γάλα Μακράς Διάρκειας 3-5% Easy Open 1lt,1.25
2025-11-07,119208,Ροδόπη Επιδόρπιο Γάλακτος Αγελάδος Κρέμα Σοκολάτα 160gr,1.11
2025-11-07,113162,ΔΕΛΤΑ Του Τόπου Μας Γάλα Υψηλής Παστερίωσης Πλήρες 1lt,1.97
2025-11-07,116701,ΝΟΥΝΟΥ Στραγγιστό Χωρίς Λακτόζη 1-5% 2x175gr,2.16
2025-11-07,114082,Ροδόπη Κρέμα Βανίλια 160gr,1.11
2025-11-07,113167,ΔΕΛΤΑ Του Τόπου Μας Γάλα Υψηλής Παστερίωσης Ελαφρύ 1lt,1.97
2025-11-07,255002,ΝΟΥΝΟΥ Εβαπορέ Γάλα Μερίδες Δίχτυ Light 10x15gr,1.25
2025-11-07,114083,Ροδόπη Ρυζόγαλο 160gr,1.11
2025-11-07,250069,ΝΟΥΝΟΥ Συμπυκνωμένο Γάλα Light Multipack 6x400gr,6.05
2025-11-07,113725,ΜμμMILK Οικoγενειακό Γάλα 1-5% Λιπαρά 1-5lt,2.95
2025-11-07,117837,My Gusto Γιαούρτι Στραγγιστό 10%Λιπαρά 3x200gr,1.86
2025-11-07,118698,Arla Protein Επιδόρπιο Πουτίγκα Σοκολάτα Χωρίς Λακτόζη 200gr,1.68
2025-11-07,250070,ΝΟΥΝΟΥ Συμπυκνωμένο Γάλα Multipack 6x400gr,6.05
2025-11-07,113724,ΜμμMILK Οικογενειακό Γάλα 3-5% Λιπαρά 1-5lt,2.95
2025-11-07,114399,Κουκάκη Κεφιρ Φράουλα-Βύσσινο-Βατόμουρο 330ml,1.33
2025-11-07,111128,My Kouzina Αυγά Βιολογικά Αγρόκτημα Δομοκού 6άδα 53-63gr Medium,3.10
2025-11-07,121723,Lurpak Light Μειωμένα Λιπαρά Ανάλατο 225gr,2.23
2025-11-07,116080,Όλυμπος Κρέμα Γάλακτος 12% 3x200ml,3.12
2025-11-07,113318,ΔΕΛΤΑ Καθημερινά Φρέσκο Γάλα Ελαφρύ 1 lt,1.67
2025-11-07,116081,ΝΟΥΝΟΥ Κρέμα Γάλακτος Light 3x200ml,3.20
2025-11-07,117044,ΦΑΓΕ Total Στραγγιστό Γιαούρτι 5% Λιπαρά 3x200gr,3.83
2025-11-07,120095,My Gusto Παραδοσιακή Κρέμα Βανίλια 180gr,0.79
2025-11-07,113273,ΔΕΛΤΑ Του Τόπου Μας Γάλα Πλήρες 1-5lt,2.95
2025-11-07,113407,ΝΟΥΝΟΥ Family Χωρίς Λακτόζη 1lt,2.60
2025-11-07,113132,My Fresco Γάλα Ελαφρύ 1lt,1.05
2025-11-07,108023,Advance Επιδόρπιο 5 Αλεσμένα Δημητριακά 2x140gr,1.97
2025-11-07,113214,Όλυμπος Γάλα Αγελάδος Χωρίς Λακτόζη Freelact 1-5%1lt,2.05
2025-11-07,113620,Όλυμπος Μεγαλώνω Γάλα Κατσικίσιο 1 lt,3.02
2025-11-07,250001,ΝΟΥΝΟΥ Εβαπορέ Γάλα 170gr,0.66
2025-11-07,122274,Βιτάμ Soft 200gr,1.68
2025-11-07,113365,Advance Γάλα Υψηλής Παστερίωσης 1 lt,2.14
2025-11-07,113581,Όλυμπος Γάλα Κατσικίσιο Πλήρες 3-7% Λιπαρά 1lt,2.84
2025-11-07,121507,Lurpak Soft Ανάλατο Σκαφάκι 225gr,2.78
2025-11-07,118919,Ροδόπη Γιαούρτι Πρόβειο 200gr,1.41
2025-11-07,120129,Στάμου Κρέμα 180gr,1.15
2025-11-07,113423,Εκλεκτές Γεύσεις Φρέσκο Γάλα 3-7% Λιπαρά 1lt,1.23
2025-11-07,113274,ΔΕΛΤΑ Του Τόπου Μας Γάλα Ελαφρύ 1-5lt,2.95
2025-11-07,111122,Χρυσά Αυγά Ελευθέρας Βοσκής Διάφορα Μεγέθη 6άδα,3.34
2025-11-07,121427,Adoro Βούτυρο Γερμανίας 250gr,3.42
2025-11-07,115612,Όλυμπος Φυσικός Χυμός Μήλο- Πορτοκάλι- Καρότο 250ml,0.87
2025-11-07,119110,Μεβγάλ Κεφίρ Φράουλα 330ml,1.00
2025-11-07,117273,ΝΟΥΝΟΥ Στραγγιστό Γιαούρτι 5% 3x200gr,3.63
2025-11-07,113187,ΔΕΛΤΑ μμμmilk Ρόφημα Γάλακτος Χωρίς Λακτόζη 1lt,2.42
2025-11-07,111124,Χρυσά Αυγά Βιολογικά 10άδα 53+,6.89
2025-11-07,115618,Όλυμπος Πράσινο Τσάι Zero Λεμόνι 500ml,1.51
2025-11-07,111070,Χρυσά Αυγά Ημέρας 6άδα 63-73g (L),2.16
2025-11-07,113583,Όλυμπος Γάλα Ζωής 3-7% Λιπαρά 1-5lt,2.76
2025-11-07,114039,Κουκάκη Κεφίρ 330ml,1.20
2025-11-07,116085,My Koyzina Κρέμα Γάλακτος 12% Λιπαρά 200ml,0.99
2025-11-07,120096,My Gusto Παραδοσιακό Ρυζόγαλο 180gr,0.79
2025-11-07,114080,Όλυμπος Κεφίρ Φρούτα Του Δάσους 330ml,1.34
2025-11-07,117551,Τρίκκη Φρέσκο Γάλα Πλήρες 3-5% Λιπαρά 1lt,1.54
2025-11-07,121119,Όλυμπος Βούτυρο Αγελάδος 250gr,4.50
2025-11-07,117256,Πηλιαγνο Γιαούρτι Κατσικίσιο 4% Λιπαρά Βιολογικό 150gr,1.35
2025-11-07,113527,Όλυμπος Γάλα Φρέσκο Επιλεγμένο 3-7%Λιπαρά 1-5lt,2.54
2025-11-07,250221,My Kouzina Γάλα Ζαχαρούχο 397gr,1.20
2025-11-07,122269,Βιτάμ Soft Φυτικό 400gr,2.86
2025-11-07,117632,Κρι Κρι Γιαούρτι Στραγγιστό 2% Λιπαρά 3Χ200gr,3.66
2025-11-07,113446,ΝΟΥΝΟΥ Kid Ρόφημα Γάλακτος 1-5lt,3.15
2025-11-07,113759,Ροδοπάκι Γάλα Κακάο 1-7% 3x250ml,1.98
2025-11-07,111133,My Kouzina Αυγά 10αδα Αχυρώνα 53-63gr Medium,3.10
2025-11-07,113210,Όλυμπος Γάλα Κατσικίσιο Βιολογικό 3-7% Λιπαρά 1lt,3.28
2025-11-07,113706,Milko Σοκολατούχο Γαλά Free Φιάλη 450ml,1.72
2025-11-07,118434,Μεβγάλ Creme Καραμελέ 150gr,1.10
2025-11-07,113586,Όλυμπος Γάλα Κατσικίσιο Ελαφρύ 1-7% Λιπαρά 1lt,2.84
2025-11-07,113439,Όλυμπος Γάλα Μεγαλώνω Κατσικίσιο Βιολογικό 2-5% 1lt,3.35
2025-11-07,113350,Κουκάκη Γάλα Φρέσκο Πλήρες 3-7% Λιπάρα 1lt,1.82
2025-11-07,114108,Όλυμπος Κεφίρ Φράουλα 330ml,1.34
2025-11-07,117936,Όλυμπος Γιαούρτι Στραγγιστό 5% Λιπαρά 1kg,4.95
2025-11-07,113084,Εβολ Γάλα Κακάο 230ml,0.85
2025-11-07,113582,Όλυμπος Γάλα Ζωής 1-7% Λιπαρά 1-5lt,2.76
2025-11-07,122251,Φαστ Soft 440gr,1.90
2025-11-07,113209,Όλυμπος Βio Μεγαλώνω Παιδικό Ρόφημα Γάλακτος 1lt,2.78
2025-11-07,113436,Όλυμπος Ρόφημα Αμυγδάλου Χωρίς Ζάχαρη 1lt,3.00
2025-11-07,117843,My Gusto Γιαούρτι Αγελάδος 2% Λιπαρά 3x200gr,1.47
2025-11-07,116086,ΝΟΥΝΟΥ Γιαούρτι Στραγγιστό Χωρίς Λακτόζη 1-5% Λιπαρά 900gr,4.86
2025-11-07,117351,Όλυμπος Γιαούρτι Στραγγιστό Χωρίς Λακτόζη Freelact 2-0% 2x170gr,2.72
2025-11-07,250220,My Kouzina Συμπυκνωμένο Γάλα 170gr,0.51
2025-11-07,117862,ΦΑΓΕ Αγελαδίτσα Γιαούρτι Αγελάδος 2% Λιπαρά 3x200gr,2.64
2025-11-07,111315,Βλαχάκη Αυγά Βιολογικής Γεωργίας 6αδα,3.22
2025-11-07,113528,Όλυμπος Γάλα Φρέσκο Επιλεγμένο 1-7% Λιπαρά 1-5lt,2.54
2025-11-07,119108,Μεβγάλ Κεφίρ Ροδάκινο Χωρίς Λακτόζη 330ml,1.00
2025-11-07,115026,Όλυμπος Φυσικός Χυμός 9 Φρουτα 250ml,1.30
2025-11-07,113723,ΔΕΛΤΑ μμμMILK Οικεγενειακό Γάλα 1-5% Λιπαρά 1lt,2.15
2025-11-07,122189,My Kouzina Μαργαρίνη Soft 250gr,0.92
2025-11-07,120089,Ροδόπη Κρέμα Βανίλια Χωρίς Ζάχαρη 160gr,1.24
2025-11-07,117226,ΦΑΓΕ Total Στραγγιστό Γιαούρτι 5% Λιπαρά 1kg,3.71
2025-11-07,108025,Advance Επιδόρπιο Αχλάδι-Βερίκοκο 2x140gr,1.97
2025-11-07,118973,Όλυμπος Γιαούρτι Πρόβειο Παραδοσιακό 200gr,1.47
2025-11-07,113722,ΔΕΛΤΑ μμμMILK Οικογενειακό Γάλα 3-5% Λιπαρά 1lt,2.15
2025-11-07,113425,Vitaline Protein Pudding Σοκόλατα 200gr,1.98
2025-11-07,117094,Μεβγάλ Γιαούρτι Κατσικίσιο Παραδοσιακό 220gr,1.44
2025-11-07,660684,Ηπειρώτικα Αυγά 6Αδα 53-63G Medium,2.40
2025-11-07,113705,Milko Σοκολατούχο Γαλά Φιάλη 450ml,1.66
2025-11-07,652207,Κρι Κρι Γιαούρτι Στραγγιστό 2% Λιπαρά 1kg,3.80
2025-11-07,108131,Κρι Κρι PJM Kids Φράουλα - Σοκομπιλάκια 3x150gr,2.99
2025-11-07,122253,Φαστ Classic 225gr,0.95
2025-11-07,117826,NOYNOY Γιαούρτι Στραγγιστό 1-5% 1kg,4.73
2025-11-07,118835,ΝΟΥΝΟΥ Power Bowl Μπισκότο Ολικής Chia & Λιναρόσπορος 2% 2x175gr,2.48
2025-11-07,115630,Όλυμπος Φυσικός Χυμός Πορτοκάλι 1-5lt,4.50
2025-11-07,113668,Milko Σοκολατούχο Γάλα HP 3x250ml,2.01
2025-11-07,121074,ΝΟΥΝΟΥ Βούτυρο Ανάλατο 250gr,3.73
2025-11-07,114404,Μεβγάλ Κεφίρ Προβιοτικό Ρόφημα 500ml,1.17
2025-11-07,652281,Ροδόπη Κατσικίσιο Γάλα Ελαφρύ 1lt,2.82
2025-11-07,117666,Στάμου Γιαούρτι Η Κατσικούλα Πλαστικό 240gr,1.65
2025-11-07,119185,Complet Γιαούρτι 2% Λιπαρά 1kg,4.07
2025-11-07,117223,ΦΑΓΕ Total Στραγγιστό Γιαούρτι 2% Λιπαρά 500gr,2.98
2025-11-07,118292,Κρι Κρι Babies Γιαούρτι Παιδικό 2x140gr,1.90
2025-11-07,115070,ΔΕΛΤΑ Smart 100% Φυσικός Χυμός Κεράσι-Φράουλα 200ml,1.12
2025-11-07,114053,Όλυμπος Γιαούρτι Κεφίρ 1% 2x150gr,2.35
2025-11-07,113510,Όλυμπος Βιολογικό Γάλα Παστεριωμένο 3-7% 1lt,2.56
2025-11-07,108019,Advance Επιδόρπιο Ροδάκινο-Μήλο-Βρώμη 2x140gr,1.97
2025-11-07,115175,Life Χυμός Μήλο- Πορτοκάλι & Καρότο 1-5lt,4.00
2025-11-07,120007,Kinder Γαλακτοφέτες 5x140gr,3.21
2025-11-07,109955,Knorr Σπιτικός Ζωμός Λαχανικών 8x28gr,3.78
2025-11-07,118697,Arla Protein Επιδόρπιο Πουτίγκα Αλ. Καραμέλα Χωρίς Λακτόζη 200gr,1.98
2025-11-07,255001,ΝΟΥΝΟΥ Εβαπορέ Γάλα Μερίδες Δίχτυ 10x15gr,1.25
2025-11-07,119142,Μεβγάλ Γιαούρτι Πρόβειο Παραδοσιακό 240gr,1.56
2025-11-07,120128,Στάμου Chococream 180gr Xωρίς Γλουτένη 180gr,1.20
2025-11-07,113910,Alpro Ρόφημα Αμύγδαλο-Σοκολάτα 1lt,2.59
2025-11-07,158442,Στεργίου Ζελέ Φράουλα Χωρίς Ζάχαρη 150gr,1.48
2025-11-07,120025,Ροδόπη Κρέμα Καραμέλα 160gr,1.11
2025-11-07,118425,Κρι Κρι Γιαούρτι Αγελάδος Χωρίς Λακτόζη 2% 3x200gr,2.34
2025-11-07,250208,Adoro Εβαπορέ Γάλα Χάρτινο 500gr,1.29
2025-11-07,118234,Μεβγάλ Επιδόρπιο Καϊμάκι-Βύσσινο 150gr,1.24
2025-11-07,113490,Όλυμπος Καρπός Ρόφημα Βρώμη Φουντούκι 1 lt,3.10
2025-11-07,119101,Φάρμα Κουκάκη Γιαούρτι Παραδοσιακό Πρόβειο 220gr,1.48
2025-11-07,119076,Ροδοπάκι Γάλα Κακάο Zero 0% 3x250ml,2.03
2025-11-07,118914,Ροδόπη Γιαούρτι Κατσικίσιο Παραδοσιακό Bio 200gr,1.75
2025-11-07,652244,Στάμου Ρυζόγαλο Χωρίς Προσθήκη Ζάχαρης Με Στέβια 180gr,1.27
2025-11-07,121508,Lurpak Soft Αλατισμένο Σκαφάκι 225gr,2.78
2025-11-07,113897,Alpro Ρόφημα Σόγιας Βανίλια 1lt,2.59
2025-11-07,652256,Στάμου Γιαούρτι Αγελάδος 240gr,1.27
2025-11-07,113516,Όλυμπος Γάλα Ζωής Παστεριωμένο 3-7% 1lt,1.88
2025-11-07,108018,Advance Επιδόρπιο Φαρίν Λακτέ 2x140gr,1.97
2025-11-07,119183,Όλυμπος Protein Πουτίγκα Φουντούκι 200gr,1.73
2025-11-07,119100,Φάρμα Κουκάκη Κεφίρ Mango Passion Fruit Τζίντερ 330ml,1.35
2025-11-07,108135,Κρι Κρι PJ Masks Kids Μπανάνα Σοκομπιλάκια 3x150gr,2.99
2025-11-07,115601,Όλυμπος Φυσικός Χυμός Πορτοκάλι 1lt,3.38
2025-11-07,119182,Όλυμπος Protein Πουτίγκα Λεμόνι Μπισκότα 200gr,1.73
2025-11-07,115102,My Gusto Φυσικός Χυμός Πορτοκάλι 1lt,2.40
2025-11-07,115616,Όλυμπος Τσάι Βουνού Ροδάκινο 500ml,1.47
2025-11-07,119126,Κρι Κρι Γιαούρτι Αγελάδος 2% 3x200gr,2.09
2025-11-07,117037,Στάμου Επιδόρπιο Κρέμας Βανίλια-Σοκολάτα 180gr,1.21
2025-11-07,115072,ΔΕΛΤΑ Smart 100% Φυσικός Χυμός Μήλο-Πορτοκάλι 200ml,1.12
2025-11-07,111103,Χρυσά Αυγά Ασπράδι Νωπό Παστεριωμένο 500ml,3.64
2025-11-07,117839,My Gusto Επιδόρπιο Γιαουρτιού Φράουλα 2x200gr,1.40
2025-11-07,122238,Becel ProActiv Κλασικό 450gr,4.62
2025-11-07,119084,Στάμου Γιαούρτι Σε Πλαστικό Πρόβειο 2% 240gr,1.70
2025-11-07,113517,Όλυμπος Γάλα Ζωής Ελαφρύ 1-7% Λιπαρά 1lt,1.88
2025-11-07,113393,Εβόλ Γιαούρτι Πρόβειο 2%Λιπαρά 250gr,1.40
2025-11-07,113532,ΔΕΛΤΑ Του Τόπου Μας Με Κακάο 1 lt,2.75
2025-11-07,115082,Στάμου Ζελέ Cream 170gr,1.19
2025-11-07,117586,Πηλιαγνό Γιαούρτι Πρόβειο 6% Bio 150gr,1.35
2025-11-07,113496,Ροδοπάκι Γάλα Γακάο 1-7% Λιπαρά 500ml,1.06
2025-11-07,161136,Pop Bakery Αφράτη Ζύμη Για πίτσα,3.94
2025-11-07,250068,ΝΟΥΝΟΥ Συμπυκνωμένο Ρόφημα Γάλακτος Kid Multipack 6x400gr,6.58
2025-11-07,113170,Milko Σοκολατούχο Γάλα Φιαλη 1lt,2.71
2025-11-07,113351,Κουκάκη Φρέσκο Γάλα Ελαφρύ 1-5% Λιπαρά 1lt,1.82
2025-11-07,121724,Lurpak Με Μειωμένα Λιπαρά Και Ελαιόλαδο 225gr,2.23
2025-11-07,115038,Όλυμπος Φυσικός Χυμός Μήλο Πορτοκάλι Καρότο 1-5lt,2.99
2025-11-07,652270,Ροδόπη Freelact Γάλα Χωρίς Λακτόζη 1lt,1.98
2025-11-07,113267,My Gusto Γιαούρτι Κατσικίσιο Παραδοσιακό 240gr,1.21
2025-11-07,669223,Αγρόκτημα Κιθαιρώνα Ρυζόγαλο 180gr,0.99
2025-11-07,118998,ΜΕΒΓΑΛ Bluey Παιδικό Γιαούρτι Μήλο-Αχλάδι-Μπανάνα 3x140gr,2.59
2025-11-07,114038,Όλυμπος Γάλα Κεφίρ 1% 500ml,1.56
2025-11-07,114092,Όλυμπος Φυσικός Χυμός 9 Φρούτα 1-5lt,4.29
2025-11-07,117838,My Gusto Επιδόρπιο Γιαουρτιού Ροδάκινο 2x200gr,1.40
2025-11-07,120148,Μεβγάλ Κρέμα Βανίλια 150gr,1.12
2025-11-07,111119,Ηπειρώτικα Αυγά Πίνδος Ελευθέρας Βοσκής 6αδα 63-73g (Large),3.84
2025-11-07,113552,ΔΕΛΤΑ Ρόφημα Αμύγδαλο Χωρίς Ζάχαρη 1lt,2.94
2025-11-07,115166,Κάμπος Χίου Φρουτοποτό Λεμόνι 1lt,2.50
2025-11-07,115111,My Gusto Φυσικός Χυμός 9 Φούτων 1lt,2.10
2025-11-07,250091,ΝΟΥΝΟΥ Kid Εβαπορέ Ρόφημα Γάλακτος 400gr,1.10
2025-11-07,120127,Στάμου Κρέμα Καραμελέ 150gr,1.34
2025-11-07,111331,Βλαχάκη Ασπράδι Αυγού Παστεριωμένο 500gr,3.84
2025-11-07,115025,Όλυμπος Φυσικός Χυμός 9 Φρούτα 1lt,3.50
2025-11-07,119186,Complet Γιαούρτι 2% Λιπαρά 190gr 3τεμ,3.60
2025-11-07,113353,ΔΕΛΤΑ Του Τόπου Μας Πλήρες 500ml,1.26
2025-11-07,120070,Novo Barista Ρόφημα Γάλακτος 1lt,1.36
2025-11-07,116144,Όλυμπος Κρέμα Γάλακτος 20% 3x200ml,3.63
2025-11-07,119109,Μεβγάλ Κεφίρ Μύρτιλο 330ml,1.00
2025-11-07,119152,Μεβγάλ Harmony Επιδόρπιο Γιαουρτιού 1% Λεμόνι 2x170gr,1.98
2025-11-07,250007,ΝΟΥΝΟΥ Εβαπορέ Γάλα Γεύσεις Σπιτικές 400gr,0.95
2025-11-07,113320,Όλυμπος Σοκολατούχο Γάλα 250ml,0.87
2025-11-07,117770,Όλυμπος Γιαούρτι Στραγγιστό 5% Λιπαρά 3x200gr,3.02
2025-11-07,118799,Όλυμπος Μεγαλώνω Γιαούρτι Βρεφικό Κατσικίσιο 150gr 2τεμ,2.62
2025-11-07,118983,ΜΕΒΓΑΛ Bluey Παιδικό Γιαούρτι Φράουλα Μπανάνα 3x140gr,2.59
2025-11-07,111134,My Kouzina Αυγά 6αδα Αχυρώνα 53-63gr Medium,1.90
2025-11-07,122259,Όλυμπος Soft Αγελάδος 80% 200gr,3.71
2025-11-07,652257,Στάμου Κρέμα Χωρίς Προσθήκη Ζάχαρης Με Στέβια 180gr,1.25
2025-11-07,251101,Βλάχας Ζαχαρούχο 397gr,1.90
2025-11-07,108038,Κρι Κρι Επιδόρπιο Γιαουρτιού Φράουλα & Choco Loops 2x170gr,2.46
2025-11-07,109954,Knorr Σπιτικός Ζωμός Κότας Χωρίς Γλουτένη 8x28gr,3.78
2025-11-07,118771,Hipro Πουτίγκα Σοκολάτα 200gr,1.64
2025-11-07,111081,Χρυσά Αυγά Βιολογικά 4Αδα 63-73G Large,3.88
2025-11-07,113731,Στάμου Γάλα Φρέσκο 1lt,1.80
2025-11-07,113445,ΝΟΥΝΟΥ Kid Ρόφημα Γάλακτος 1lt,2.18
2025-11-07,113152,ΝΟΥΝΟΥ Family Γάλα Βιολογικό Ελαφρύ 1lt,2.60
2025-11-07,120001,Ferrero Kinder Pingui Αφράτο Κέικ 4τεμ 30gr,3.09
2025-11-07,113359,Φάρμα Κουκάκη Chocofull Γάλα Σοκολατούχο 500ml,1.75
2025-11-07,652376,Eβόλ Γιαούρτι Πρόβειο 6-7% Λιπαρά 290gr,1.45
2025-11-07,119167,Τotal Γιαούρτι Στραγγιστό 0% 3x200gr,3.83
2025-11-07,113437,Όλυμπος Γάλα Αμυγδάλου Κακάο 1lt,3.15
2025-11-07,117018,ΦΑΓΕ Total Στραγγιστό Γιαούρτι 5% Λιπαρά 500gr,2.98
2025-11-07,113629,Όλυμπος Γάλα Κατσικίσιο Βιολογικό 1-7% Λιπαρά 1lt,3.24
2025-11-07,113186,Εβόλ Συνεταιριστικό Γάλα 3-7%Λιπαρά 1lt,2.05
2025-11-07,122245,Βιτάμ Soft Light 225gr,1.64
2025-11-07,116084,NOYNOY Telia Κρέμα Γάλακτος 3% 3x200ml,3.22
2025-11-07,113213,ΝΟΥΝΟΥ Family Γάλα 0% Λιπαρά 1lt,2.06
2025-11-07,250197,Βλαχας Εβαπορέ Γάλα Ελαφρύ 410gr,1.37
2025-11-07,119123,Κρι Κρι Scooby Doo Φράουλα 3x150gr,3.21
2025-11-07,113135,ΔΕΛΤΑ Του Τόπου Μας Με Κακάο 500ml,1.70
2025-11-07,122267,Super Fresco Soft 200gr,0.99
2025-11-07,116087,Adoro Per Pasta Κρέμα Γάλακτος 3x200ml,3.82
2025-11-07,116047,Torre Κρέμα Γάλακτος 20% Λιπαρά 200ml,1.34
2025-11-07,122263,Becel ProActiv Light 250gr,3.08
2025-11-07,119018,Alpro Ρόφημα Σόγιας Με Σοκολάτα Υψηλή Πρωτεΐνη 1lt,2.61
2025-11-07,114109,Στάμου Κεφίρ 330ml,1.20
2025-11-07,118785,Kρι Κρι Super Spoon Pudding Σοκολάτα 200gr,1.99
2025-11-07,113354,ΔΕΛΤΑ Του Τόπου Μας Ελαφρύ 500ml,1.26
2025-11-07,117949,VItaline Go Protein Ροδάκινο 2x170gr,2.73
2025-11-07,115083,Στάμου Ζελέ Φράουλα 165gr,1.14
2025-11-07,109233,Yff Nordic Salmon Σολομός Καπνιστός Νορβηγίας 150gr,5.95
2025-11-07,116524,Adoro Κρέμα Γάλακτος 35% Λιπαρά 200ml 3τεμ,4.55
2025-11-07,116527,Adoro Per Pasta Κρέμα Γάλακτος 200ml,2.45
2025-11-07,113470,Όλυμπος Καρπός Ρόφημα Αμυγδάλου Πρωτεΐνη1lt,3.30
2025-11-07,121509,Lurpak Soft Ανάλατο 500gr,5.55
2025-11-07,121725,Lurpak Βούτυρο Ανάλατο Αλουμινόφυλλο 250gr,4.68
2025-11-07,116522,Adoro Κρέμα Γάλακτος 35% Λιπαρά 200ml,2.53
2025-11-07,122000,Βιτάμ Soft Με Γιαούρτι 225gr,1.85
2025-11-07,118666,Στάμου Γιαούρτι "Η Κατσικούλα Μας" Πήλινο 220gr,1.81
2025-11-07,111065,Χρυσά Αυγά Αχυρώνα Με Βιταμίνη D+Ω3 6αδα 53-63 (Μ),3.29
2025-11-07,118699,Vitaline Protein Pudding Caramel 200gr,1.98
2025-11-07,116082,ΝΟΥΝΟΥ Κρέμα Γάλακτος Πλήρης 2x330ml,5.86
2025-11-07,113150,ΝΟΥΝΟΥ Family Γάλα Βιολογικό Πλήρες 1lt,2.60
2025-11-07,118657,Κρι Κρι Γιαούρτι Στραγγιστό 5% 1kg,3.80
2025-11-07,118915,Ροδόπη Γιαούρτι Πρόβειο Παραδοσιακό Bio 200gr,1.75
2025-11-07,115231,Frulite Φρουτοποτό Μανταρίνι Σαγκουίνι 1lt,1.95
2025-11-07,114411,Μεβγάλ Κεφίρ Κατσικίσιο 200ml,0.95
2025-11-07,113630,Όλυμπος freelact γάλα Αγελάδος χωρίς λακτόζη 3-5 % Λιπαρά 1 lt,2.05
2025-11-07,113632,Όλυμπος Παιδικό Γάλα Κατσικίσιο Με Κακάο 250ml,1.10
2025-11-07,113505,Όλυμπος Αριάνι 0-5lt,1.43
2025-11-07,122268,Βιτάμ Soft 800gr,5.78
2025-11-07,118838,NOYNOY Power Bowl Μπανάνα-Βρώμη & Μαύρη Σοκολάτα 2% 2x175gr,2.48
2025-11-07,192168,Φρεσκούλης Σαλάτα Γεύμα Caesar's 260gr,4.25
2025-11-07,111051,Χρυσά Αυγά Ελευθέρας Βοσκής Ω3 6άδα (Μ),3.73
2025-11-07,652255,Στάμου Γιαούρτι Πρόβειο Πλαστικό 240gr,1.70
2025-11-07,113514,Όλυμπος Βιολογικό Γάλα Παστεριωμένο 1-7% 1lt,2.56
2025-11-07,113097,Advance Ρόφημα Γάλακτος Χωρίς Λακτόζη Υψηλής Παστερίωσης 1lt,2.53
2025-11-07,118800,Όλυμπος Μεγαλώνω Γιαούρτι Βρεφικό Αγελάδος 150gr2τεμ,1.72
2025-11-07,115629,Όλυμπος Φυσικός Χυμός Μήλο Πορτοκάλι Καρότο 1lt,2.26
2025-11-07,114132,Όλυμπος Kids Κεφίρ Φράουλα Μπανάνα 330ml,1.35
2025-11-07,118937,Ροδόπη Παραδοσιακό Γιαούρτι Αγελάδος 200g,0.98
2025-11-07,108000,Vitaline Protein Pudding Vanilla 200gr,1.98
2025-11-07,122252,Φάστ Soft 850gr,4.12
2025-11-07,111018,Αμερικάνικη Γεωργική Σχολή Αυγά Ω-3 6άδα 63-73G Μεγάλα,3.72
2025-11-07,119122,Κρι Κρι Γιαούρτι Στραγγιστό 5% 3x200gr,3.66
2025-11-07,113713,Μεβγάλ Γάλα Protein Μπανάνα 330ml,2.55
2025-11-07,114040,Ροδόπη Κεφιρ 1% Λιπαρά 500ml,1.47
2025-11-07,117842,My Gusto Γιαούρτι Αγελάδος 3-90% Λιπαρά 3x200gr,1.47
2025-11-07,120090,Μεβγάλ High Protein Πουτίγκα Κακάο 200gr,1.95
2025-11-07,113070,Arla Protein Milk Shake Choco BCAA 250ml,1.55
2025-11-07,115100,My Gusto Φυσικός Χυμός Μήλο-Πορτοκάλι-Καρότο 1lt,2.35
2025-11-07,123282,Ελληνικές Φάρμες Light & Tasty 5% Μπαστούνι Προέλευση ΕΕ Τιμή Κιλού,1.79
2025-11-07,115229,Life Χυμός Μήλο-Πορτοκάλι-Καρότο Μπουκάλι 1lt,3.14
2025-11-07,113452,ΝΟΥΝΟΥ Γάλα Calci Plus 1-6 Λιπαρά 1lt,2.60
2025-11-07,113000,Όλυμπος Σοκολατούχο Γάλα 500ml,1.63
2025-11-07,113665,Alpro Ρόφημα Βρώμης Χωρίς Ζάχαρη 1 lt,2.24
2025-11-07,117718,My Gusto Γιαούρτι Στραγγιστό 10% Λιπ. 5kg Πρ/ση Ελλάδα Τιμή Κιλού El-Elgo 19.974,0.67
2025-11-07,117852,NOYNOY Γιαούρτι Στραγγιστό 6% 1kg,4.73
2025-11-07,119139,Φάρμα Κουκάκη Γιαούρτι Στραγγιστό 2% 3x200gr,3.42
2025-11-07,121125,Lurpak Βούτυρο Light Ανάλατο 200gr,2.65
2025-11-07,113921,Alpro Ρόφημα Καρύδας Χωρίς Ζάχαρη 1lt,2.43
2025-11-07,114078,Becel ProActiv Drink Φράουλα 4x75gr,3.20
2025-11-07,122266,Super Fresco Soft 400gr,1.73
2025-11-07,122239,Becel ProActiv Με Ελαιόλαδο 450gr,4.76
2025-11-07,122223,Βιτάμ Culinesse Ρευστό 500ml,2.92
2025-11-07,111066,Ηπειρώτικα Αυγά 6άδα 73+G Extra Large,3.05
2025-11-07,118055,Κρι Κρι Babies Grow Επιδόρπιο Μπανάνα Μήλο 2x140gr,2.12
2025-11-07,118936,Ροδόπη Γιαούρτι Πρόβειο Παραδοσιακό Ελαφρύ 200gr,1.44
2025-11-07,117221,ΦΑΓΕ Total Στραγγιστό Γιαούρτι 2% Λιπαρά 200gr,1.30
2025-11-07,120157,Vitaline Protein Dessert Επιδορπιο Γιαουρτιού Lemon Pie 240gr,2.00
2025-11-07,250198,Βλάχας Γάλα Πλήρες Συμπυκνωμένο 410gr,1.37
2025-11-07,117978,Βελουδάκι Γιαούρτι Κατσικίσιο Στραγγιστό Βιο 130gr,1.89
2025-11-07,117043,ΦΑΓΕ Αγελαδίτσα Γιαούρτι Αγελάδος 4% Λιπαρά 3x200gr,2.64
2025-11-07,119134,Φάρμα Κουκάκη Γιαούρτι Στραγγιστό Πλήρες 3x200gr,3.42
2025-11-07,113276,ΔΕΛΤΑ Του Τόπου Μας Γάλα Βιολογικό Πλήρες 1lt,2.49
2025-11-07,117951,Vitaline Go Protein Κακάο Βανίλια 2x170gr,2.73
2025-11-07,115606,Όλυμπος Φυσικός Χυμός Ροδάκινο 1lt,3.50
2025-11-07,117247,Δωδώνη Γιαούρτι Κλασικό 2% Λιπαρά Πλαστικό Δοχείο 1kg,4.02
2025-11-07,108028,Μεβγάλ High Protein Επιδόρπιο Φράουλας 170gr,1.37
2025-11-07,113489,Όλυμπος Καρπός Ρόφημα Βρώμη 1lt,3.01
2025-11-07,119086,ΜΕΒΓΑΛ Επιδόρπιο Panna Cotta 150gr,1.24
2025-11-07,119099,Alpiland Protein Pudding Salt Caramel 200gr,1.49
2025-11-07,122255,Φαστ Soft 220gr,1.10
2025-11-07,117205,Δωδώνη Γιαούρτι Κλασικό 8% Λιπαρά Πλαστικό Δοχείο 1kg,4.02
2025-11-07,119184,Vitaline Protein Dessert Επιδορπιο Γιαουρτιού Apple Pie 240gr,2.00
2025-11-07,113647,Alpro Ρόφημα Αμυγδάλου 1lt,2.09
2025-11-07,162004,Μαγιά Νωπή Οικιακής Χρήσης 2τεμ 50gr,0.63
2025-11-07,113228,Arla Protein Ρόφημα Γάλακτος Σοκολάτα 50% Λιγότερη Ζάχαρη 479ml,2.23
2025-11-07,117663,Όλυμπος Κατσικίσιο Γιαούρτι 4% Λιπαρά 2x200gr,3.28
2025-11-07,118766,Όλυμπος Βρεφικό Επιδόρπιο Γιαουρτιού Μήλο-Μπανάνα 2x150gr,2.09
2025-11-07,121015,Βιτάμ Cook & Bake 250gr,1.94
2025-11-07,117980,Όλυμπος Γιαούρτι Στραγγιστό Βιολογικό 2% Λιπαρά 2x170gr,3.05
2025-11-07,115614,Όλυμπος Φυσικός Χυμός Ρόδι- Μήλο- Σταφύλι 250ml,1.27
2025-11-07,108048,Κρι Κρι Μπανάνα - Choco Loops 2x170gr,2.46
2025-11-07,118866,Harmony Επιδόρπιο Γιαουρτιού Gourmet Choco & Brown 160gr,1.34
2025-11-07,118466,Κρι Κρι Superspoon Επιδόρπιο Γιαουρτιού High Protein 2x205gr,2.34
2025-11-07,115210,Life Χυμός Πορτοκάλι 1-5lt,3.34
2025-11-07,117313,Κουκάκη Γιαούρτι Παραδοσιακό Αγελαδινό 220gr,1.34
2025-11-07,118734,Total Γιαούρτι Μέλι 2% Λιπαρά 2x150gr,2.36
2025-11-07,119135,Φάρμα Κουκάκη Γιαούρτι Bob Σφουγγαράκησ Φράουλα 3x140gr,3.36
2025-11-07,118837,NOYNOY Power Bowl Ροδάκινο-Βρώμη & Λιναρόσπορο 1-5% 2x175gr,2.48
2025-11-07,122237,Becel ProActiv Κλασικό 225gr,2.88
2025-11-07,118029,Κρι Κρι Babies Grow Επιδόρπιο Με Δημητριακά 2x140gr,2.12
2025-11-07,115153,Frulite Φρουτοποτό Μανταρίνι Σαγκουίνι 330ml,1.00
2025-11-07,122264,Becel Light Vegan 400gr,2.02
2025-11-07,111311,Βλαχάκη Αυγά Αχυρώνα 6Αδα 73+G (Xl.,3.58
2025-11-07,117049,Κρι Κρι Superspoon Επιδόρπιο Γιαουρτιού Gojiberry 2x170gr,2.48
2025-11-07,114127,Μεβγάλ Frutomaniacs Επιδόρπιο Γιαουρτιού Μπισκότο-Σοκολάτα 3x140gr,3.33
2025-11-07,120031,Granarolo Επιδόρπιο Μαύρη Σοκολάτα Με Πρωτεΐνη 200gr,1.98
2025-11-07,119161,Total Γιαούρτι Στραγγιστό 0% Λιπαρά 1kg,3.71
2025-11-07,411190,Nestea Φρούτα Του Δάσους Pet 500ml,1.37
2025-11-07,120662,Danone Super Mario Φράουλα Με Σοκολατοκουφετάκια 2x110gr,2.32
2025-11-07,117983,Φάγε Αγγελαδίτσα 2% Χωρίς Λακτόζη 200gr 3τεμ,2.64
2025-11-07,118187,Harmony Επιδόρπιο Γιαουρτιού Πορτοκάλι & Νιφάδες Σοκολάτας 160gr,1.34
2025-11-07,119159,Harmony Gourmet Επιδόρπιο Γιαουρτιού Καρύδα & Νιφάδες Σοκολάτα 160gr,1.34
2025-11-07,115113,Χριστοδούλου Φυσικός Χυμός Πορτοκάλι 1-5lt,4.35
2025-11-07,118888,Activia Καρύδι & Βρώμη 2x200gr,3.12
2025-11-07,122254,Φσστ Soft Light 220gr,1.22
2025-11-07,118984,Γιώτης Κρέμα Καραμέλε Επιδόρπιο 100gr 4τεμ,2.88
2025-11-07,119162,Total Γιαούρτι Στραγγιστό 0% Λιπαρά 500gr,2.98
2025-11-07,113895,Alpro Ρόφημα Σόγιας Natural 1lt,2.24
2025-11-07,115255,Life Superfruits Cranberry - Raspberry - Blueberry 1lt,3.14
2025-11-07,113085,Εβόλ Γιαούρτι Κατσικίσιο Βιολογικό 190gr,1.60
2025-11-07,111064,Βλαχάκη Αυγά Biodeli 6αδα 53-63G Medium,4.45
2025-11-07,120091,Μεβγάλ High Protein Πουτίγκα Αλατισμένη Καραμέλα 200gr,1.95
2025-11-07,116710,Complet Γιαούρτι 10% Λιπάρα 190gr 3τεμ,3.60
2025-11-07,122249,Φαστ Soft Με Βούτυρο 225gr,1.92
2025-11-07,108121,ΔΕΛΤΑ Advance Βιολογικό Γιαούρτι Λευκό 2x140gr,2.08
2025-11-07,116068,ΦΑΓΕ Κρέμα Γάλακτος Light 2x330ml,5.16
2025-11-07,116063,ΦΑΓΕ Κρέμα Γάλακτος Light 330ml,2.58
2025-11-07,121506,Lurpak Βούτυρο Ανάλατο Σκαφάκι 225gr,4.71
2025-11-07,121726,Lurpak Βούτυρο Ανάλατο Αλουμινόφυλλο 125gr,2.81
2025-11-07,250067,ΝΟΥΝΟΥ Noulac Prebiotic Εβαπορέ Multipack 6x400gr,6.58
2025-11-07,119146,Vitaline Επιδόριο Γιαουρτιού Κεράσι 3x180gr,3.45
2025-11-07,119121,Κρι Κρι Επιδόρπιο Γιαουρτιού Ροδάκινο 3x180gr,3.15
2025-11-07,122256,Flora 250gr,2.03
2025-11-07,119144,Vitaline Επιδόρπιο Γιαουρτιού Φράουλα 3x180gr,3.45
2025-11-07,109237,Αργώ Γαύρος Μαρινάτος 90gr,3.10
2025-11-07,119151,Μεβγάλ Harmony Επιδόρπιο Γιαουρτιού 1% Φράουλα 2x170gr,1.98
2025-11-07,158441,Στεργίου Κωκ 120gr,1.87
2025-11-07,119187,Complet Γιαούρτι Χωρίς Λακτόζη 190gr 3τεμ,3.09
2025-11-07,119120,Κρι Κρι Επιδόρπιο Γιαουρτιού Φράουλα 3x180gr,3.15
2025-11-07,122225,Χωριό Soft Μαργαρίνη Με Ελαιόλαδο 450gr,3.84
2025-11-07,119145,Vitaline Επιδόρπιο Γιαουρτιού Ροδάκινο 3x180gr,3.45
2025-11-07,118844,NOYNOY Power Bowl 1-7% Φράουλα-Φραγκοστάφυλο-Δημητριακά & Λιναρόσπορο 2x175gr,2.48
2025-11-07,114025,Κουκάκη Κεφίρ 4x200ml,3.63
2025-11-07,115391,Στάμου Μουσταλευριά 180gr,1.18
2025-11-07,113008,Στάμου Γάλα Κατσικίσιο Πλήρες 1lt,2.98
2025-11-07,252001,ΝΟΥΝΟΥ Choq Γάλα Σοκολατούχο 250ml,1.05
2025-11-07,115230,Life Χυμός Πορτοκάλι Μπουκάλι 1lt,2.48
2025-11-07,118823,Activia Φράουλα 2x200gr,3.12
2025-11-07,113922,ΔΕΛΤΑ Ρόφημα Βρώμη & 3 Super Σπόροι 1-5 lt,4.00
2025-11-07,111647,Χρυσά Αυγά Ασπράδι Αυγού Νωπό Παστεριωμένο 500gr,3.44
2025-11-07,119176,Νουνου Power Bawl Mύρτιλο- Βατόμουρο- Chia & Κολοκυθ. Επιδόρπιο Γιαουρτιού 2τεμ,2.48
2025-11-07,113896,Alpro Ρόφημα Σόγιας Σοκολάτα 1lt,2.59
2025-11-07,115081,Στάμου Ζελέ Ροδάκινο & Κομματάκια Φρούτων 165gr,1.14
2025-11-07,113920,ΔΕΛΤΑ Ρόφημα Αμύγδαλο Χωρίς Ζάχαρη 1-5 lt,4.00
2025-11-07,109953,Knorr Σπιτικός Ζωμός Λαχανικών Χωρίς Γλουτένη 4x28gr,2.20
2025-11-07,117594,Αγρόκτημα Αμάλθεια Κατσικίσιο Γάλα 1lt,2.39
2025-11-07,120092,Μεβγάλ Maniacs Milky Cake Με Σοκολάτα 4x28gr,2.88
2025-11-07,116446,ΝΟΥΝΟΥ Κρέμα Γάλακτος Light 200ml,1.54
2025-11-07,117657,Στάμου Γιαούρτι Πρόβειο Ελαφρύ 2% Λιπαρά 220gr,1.86
2025-11-07,115281,Μεβγάλ Ζελέ Με Γεύση Φράουλα 4x128gr,2.40
2025-11-07,113275,ΔΕΛΤΑ Του Τόπου Μας Γάλα Βιολογικό Ελαφρύ 1lt,2.49
2025-11-07,119214,ΦΑΓΕ Befree 0% Στραγγιστό Γιαούρτι Χωρίς Λακτόζη 2x150gr,2.38
2025-11-07,121718,Lurpak Soft Με Μειωμένα Λιπαρά Ανάλατο 400gr,3.73
2025-11-07,113588,Όλυμπος Ρόφημα Αμυγδάλου Με Κακάο 500ml,1.98
2025-11-07,115286,Μεβγάλ Ζελέ Με Γεύση Κεράσι 4x128gr,2.40
2025-11-07,118038,Activia Λεμόνι 2x200gr,3.12
2025-11-07,117190,Kolios Στραγγιστό Γιαούρτι 5% Λιπαρά 850gr,3.97
2025-11-07,250108,Royal Γάλα Ζαχαρούχο Καραμελωμένο 395gr,1.99
2025-11-07,115283,Life Μήλο - Πορτοκάλι - Καρότο 400ml,1.64
2025-11-07,117052,Κρι Κρι Superspoon Επιδόρπιο Γιαουρτιού Banana-Mango 2x170gr,2.48
2025-11-07,116145,Όλυμπος Κρέμα Γάλακτος 35% 3x200ml,5.67
2025-11-07,117048,Κρι Κρι Superspoon Επιδόρπιο Γιαουρτιού Blueberry 2x170gr,2.48
2025-11-07,114112,Στάμου Κεφίρ Κόκκινα Φρούτα 330ml,1.36
2025-11-07,198957,Αγρόκηπος Ρεβύθια Στον Ατμό 300gr,2.71
2025-11-07,161135,Pop Bakery Ζύμη κρουασάν 240g,3.41
2025-11-07,113087,Εβολ Γάλα Κατσικίσιο Πλήρες Βιολογικό 590ml,1.99
2025-11-07,119124,Κρι Κρι Scooby Doo Μπανάνα 3x150gr,3.21
2025-11-07,119118,Κρι Κρι Scooby Doo Μπισκότο Με Σοκομπιλάκια 3x150gr,3.21
2025-11-07,118737,Φάγε Total Γιαούρτι Φράουλα 2% Λιπαρά 2x150gr,2.36
2025-11-07,170170,Paliria Σπιτικά Παστίτσιο 350gr,4.60
2025-11-07,115202,Όλυμπος Φυσικός Χυμός Πορτοκάλι Aπό Σπίτι 1lt,3.80
2025-11-07,121251,Σαβόϊ Βούτυρο Τύπου Κερκύρας 125gr,2.60
2025-11-07,115092,Χριστοδούλου Φυσικός Χυμός Μήλο Πορτοκάλι Καρότο 1lt,2.95
2025-11-07,111211,Ηπειρώτικα Αυγά Κόκκινο Καλαμπόκι Ελευθέρας 6άδα 63-73G (L),4.42
2025-11-07,114071,Ροδόπη Κεφίρ Pet 1 lt,2.52
2025-11-07,109951,Knorr Σπιτικός Ζωμός Κότας Xωρίς Γλουτένη 4x28kg,2.20
2025-11-07,118960,Γιώτης Παραδοσιακή Κρέμα Βανίλια 2x170gr,2.32
2025-11-07,113078,Starbucks Cappuccino 220ml,2.28
2025-11-07,117002,Complet Οικογενειακό Επιδόρπιο Γιαουρτιού Πλήρες 1kg,4.07
2025-11-07,115633,Όλυμπος Φυσικός Χυμός Ρόδι-Μήλο-Σταφύλι 1lt,3.50
2025-11-07,121435,Ήπειρος Βούτυρο Αιγοπρόβειο Και Αγελαδινό Τύπου Κερκύρας 250gr,3.62
2025-11-07,120030,Granarolo Επιδόρπιο Παννακόττα Με Πρωτεΐνη 200gr,1.98
2025-11-07,120502,Alpro Επιδόρπιο Σόγιας Μαύρη Σοκολάτα 4x125gr,2.72
2025-11-07,118864,Μεβγάλ High Protein Επιδόρπιο Μπανάνα-Φυστικοβούτυρο 170gr,1.37
2025-11-07,251001,ΝΟΥΝΟΥ Γάλα Ζαχαρούχο 397gr,1.92
2025-11-07,119507,Μεβγάλ Γιαούρτι Πρόβειο 6-7% Λιπαρά Bio 200gr,1.70
2025-11-07,122169,Χωριό Soft Μαργαρίνη Με Ελαιόλαδο 225gr,1.95
2025-11-07,118940,Γιώτης Φρουί Ζελέ Φράουλα 2x165gr,1.86
2025-11-07,121121,Όλυμπος Βούτυρο Αγελάδος 82% Βιολογικό Σκαφάκι 200gr,4.22
2025-11-07,115137,Χριστοδούλου Φυσικός Χυμός Μήλο-Πορτοκάλι-Καρότο 1-5lt,3.79
2025-11-07,113382,ΔΕΛΤΑ Φυτικό Ρόφημα Βρώμη & 3 Super Σπόροι 1lt,2.94
2025-11-07,115034,Όλυμπος Φυσικός Χυμός 9 Κόκκινα Φρούτα 1 lt,3.49
2025-11-07,115091,Χριστοδούλου Φυσικός Χυμός Πορτοκάλι 1 lt,3.19
2025-11-07,119098,Alpiland Protein Pudding Vanilla 200gr,1.49
2025-11-07,115290,Frulite Μπανάνα Βύσσινο 330ml,1.00
2025-11-07,111017,Αμερικάνικη Γεωργική Σχολή Αυγά Ω-3 6άδα 53-63G Μεσαία,3.46
2025-11-07,113616,Όλυμπος Παδικό Γάλα Αγελάδος Με Κακάο 250ml,0.92
2025-11-07,119188,Δέλτα Smart Επιδόρπιο Γιαουρτιού Φράουλα 2x140gr,1.80
2025-11-07,250010,NOYNOY Συμπυκνωμένο Γάλα 4x170gr,2.62
2025-11-07,250017,NOYNOY Συμπυκνωμένο Γάλα Light 4x170gr,2.62
2025-11-07,170169,Paliria Σπιτικά Μουσακάς 350gr,5.46
2025-11-07,111655,Ηπειρωτικά Αυγά Πίνδος Νωπό Ασπράδι Αυγού 485ml,3.62
2025-11-07,119150,Μεβγάλ Harmony Επιδόρπιο Γιαουρτιού 1% Ροδάκινο 2x170gr,1.98
2025-11-07,113712,Μεβγάλ Γάλα Protein Βανίλια 330ml,2.55
2025-11-07,250199,Βλάχας Εβαπορέ Γάλα Πλήρες 6x410gr,8.22
2025-11-07,117478,Κρι Κρι Σπιτικό Επιδόρπιο Γιαουρτιού 2% Λιπαρά 1kg,3.36
2025-11-07,116061,Κολιός Γιαούρτι Στραγγιστό 2% 170gr 3τεμ,3.16
2025-11-07,117015,ΦΑΓΕ Total Στραγγιστό Γιαούρτι 5% Λιπαρά 200gr,1.30
2025-11-07,111210,Ηπειρώτικα Αυγά Κόκκινο Καλαμπόκι Αχυρώνα 6άδα 63-73G (L),3.31
2025-11-07,116685,Harmony Gourmet Cream & Cookies + Brownies 160gr,1.34
2025-11-07,116511,Adoro Κρέμα Γάλακτος 35% Λιπαρά 1lt,6.70
2025-11-07,115292,Frulite Φρουτοποτό Passion Fruit 330ml,1.00
2025-11-07,120641,Danette Κρέμα Σοκολάτα 4x125gr,3.40
2025-11-07,411287,Life Τσάι Κευλάνης Ροδάκινο 1-5lt,2.84
2025-11-07,119153,Harmony Επιδόρπιο Γιαουρτιού 1% Φρούτα Του Δάσους 2x170gr,1.98
2025-11-07,119104,Κρι Κρι Super Spoon Γιαούρτι Φράουλα 200gr,1.67
2025-11-07,113434,Όλυμπος Γάλα Κατσικίσιο Freelact 1-5% Λιπαρά 1lt,2.59
2025-11-07,118559,Κρι Κρι Kids Peppa 3 Φρούτα 3x140gr,2.46
2025-11-07,119138,Φάρμα Κουκάκη Bob Σφουγγαράκης Μπανάνα 3x140gr,3.36
2025-11-07,113774,Arla Protein Milk Shake Raspberry & Strawberry 225ml,1.55
2025-11-07,113742,Όλυμπος Καρπός Αμύγδαλο Κακάο Protein 1lt,3.50
2025-11-07,113693,Όλυμπος Καρπός Ρόφημα Βρώμης & 3 Super Σπόροι 1lt,3.03
2025-11-07,115282,Life Χυμός Πορτοκάλι 400ml,1.81
2025-11-07,115164,Χριστοδούλου Χυμός Λεμονάδα 1lt,2.49
2025-11-07,118743,Κρι Κρι Superspoon Active Plus 2x200gr,2.48
2025-11-07,119189,ΔΕΛΤΑ Smart Επιδόρπιο Γιαουρτιού Μπισκότο 2x140gr,1.80
2025-11-07,119158,Harmony Επιδόρπιο Γιαουρτιού Gourmet Μέλι & Καρύδι 160gr,1.34
2025-11-07,118852,Alpro Φυτικό Eπιδόρπιο Σόγιας Μύρτιλλο 500gr,3.10
2025-11-07,310002,Morfat Creamy Σαντιγί Φυτική Κρέμα Χωρίς Ζάχαρη 250gr,2.44
2025-11-07,115236,Frulite Φρουτοποτό Μπανάνα Βύσσινο 1lt,1.95
2025-11-07,117861,ΦΑΓΕ Αγελαδίτσα Γιαούρτι Αγελάδος 0% Λιπαρά 3x200gr,2.64
2025-11-07,121014,President Βούτυρο Ανάλατο 82% 200gr,4.20
2025-11-07,113389,Εβόλ Γιαούρτι Κατσικίσιο Στραγγιστό 200gr,1.74
2025-11-07,118325,Όλυμπος Φυτικό Επιδόρπιο Αμύγδαλο Δαμάσκηνο Βρώμη 150gr,1.53
2025-11-07,118865,Harmony Επιδόρπιο Γιαουρτιού Gourmet Pavlova & Μαρέγκα 156gr,1.34
2025-11-07,113634,Βιότος Γάλα Ημιάπαχο Κακάο 500ml,2.26
2025-11-07,119127,Κρι Κρι Spoon Σύκο-Δαμάσκηνο & Βρώμη 2x170gr,1.74
2025-11-07,117288,Κρι Κρι Γιαούρτι Αγελάδος 3-9% 3x200gr,2.09
2025-11-07,119125,Κρι Κρι Επιδόρπιο Γιαουρτιού Φράουλα-Μπανάνα & Δημητριακά 3x180gr,3.15
2025-11-07,113435,Όλυμπος Ρόφημα Αμυγδάλου 1lt,3.01
2025-11-07,250203,Βλάχας Εβαπορέ Γάλα Ελαφρύ 6x410gr,8.22
2025-11-07,116449,ΝΟΥΝΟΥ Κρέμα Γάλακτος Πλήρης 200ml,2.72
2025-11-07,402455,Hell Ice Coffee Salted Caramel 250ml,1.02
2025-11-07,113657,Alpro Ρόφημα Βρώμης-Αμύγδαλο 1lt,2.23
2025-11-07,113718,Alpro Ρόφημα Αμυγδάλου Ζωρίς Ζάχαρη Οικονομική Συσκευασία 2lt,4.17
2025-11-07,118773,Hipro Πουτίγκα Καραμέλα 200gr,1.64
2025-11-07,170327,Nikas Ελληνική Κουζίνα Μουσακάς 350gr,4.49
2025-11-07,120642,Danette Κρέμα Βανίλια 4x125gr,3.40
2025-11-07,161270,Ζύμη Ψαχνών Φύλλο Κρούστας Φρέσκο 500gr,3.16
2025-11-07,115412,Κάμπος Χίου Nfc Χυμός Πορτοκάλι 1lt,3.50
2025-11-07,109920,Knorr Σπιτικός Ζωμός Κόκκινο Κρασί 4x26gr,2.17
2025-11-07,119103,Κρι Κρι Super Spoon Επιδόρπιο Γιαουρτιού Καραμέλα-Αχλάδι 200gr,1.67
2025-11-07,114124,Όλυμπος Κεφίρ Pet Protein Φρούτα Δάσους 330ml,2.35
2025-11-07,113551,ΔΕΛΤΑ Ρόφημα Αμύγδαλο 1lt,2.94
2025-11-07,111023,Χρυσά Αυγά Αχυρώνα 6άδα 53-63g (M),2.75
2025-11-07,170326,Νίκας Eλληνική Κουζίνα Παστίτσιο 350gr,4.04
2025-11-07,113621,Όλυμπος Μεγαλώνω Γάλα Αγελάδος Freelact 1 lt,2.60
2025-11-07,115288,Χριστοδούλου Φρουτοποτό Βύσσινο 250ml,1.05
2025-11-07,121017,Βιτάμ Cook & Bake Soft 225gr,1.74
2025-11-07,119019,Alpro Ρόφημα Σόγιας Υψηλή Πρωτεΐνη 1lt,2.61
2025-11-07,118853,Activia Δαμάσκηνο 2x200gr,3.12
2025-11-07,119133,Κουκάκη Γιαούρτι Αγελάδος 2% 3x200gr,2.28
2025-11-07,118248,Μεβγαλ Το Δικό μας Οικογενειακό 1kg,3.46
2025-11-07,115315,Αγροκτήματα Κιθαιρώνα Μουσταλευριά 180gr,0.95
2025-11-07,118212,Όλυμπος Protein Γιαούρτι Στραγγιστό 0% Λιπαρά 200gr,1.67
2025-11-07,116083,ΝΟΥΝΟΥ Κρέα Γάλακτος Πλήρης 3x200ml,5.66
2025-11-07,120040,Vitaline Μousse Βανίλια 200gr,2.12
2025-11-07,117457,Κρι Κρι Σπιτικό Επιδόρπιο Γιαουρτιού 1kg,3.36
2025-11-07,410741,Ζωή Χυμός Ρόδι 1lt,6.85
2025-11-07,161200,Kanaki Φρέσκο Φύλλο Κρούστας 450gr,3.92
2025-11-07,120029,Alpro Πουτίγκα Με Σόγια & Σοκολάτα 200gr,2.02
2025-11-07,118787,Κρι Κρι Super Spoon Pudding Βανίλια 200gr,1.99
2025-11-07,118035,Activia Λευκό 2% Λιπαρά 2x200gr,3.12
2025-11-07,117206,Δωδώνη Βούτυρο Αγελαδικό 250gr,4.54
2025-11-07,411288,Life Τσάι Earl Grey Λεμόνι 1-5lt,2.84
2025-11-07,118825,Activia Ακτινίδιο 2x200gr,3.12
2025-11-07,113182,Milko Σοκολατουχο Γαλα Φιαλη 4x250ml,4.64
2025-11-07,410125,Ζωή Χυμός Ρόδι-Cranberry 1lt,6.85
2025-11-07,121400,Όλυμπος Βουτύρο Κατσικίσιο 82% Βιολογικό Σκαφάκι 200gr,6.29
2025-11-07,411283,Kollias Φυσικός Χυμός Φράουλα-Σταφύλι 250ml,1.68
2025-11-07,120038,Μεβγάλ High Protein Επιδόρπιο Mango-Passion Fruits 170gr,1.37
2025-11-07,116060,Κολιός Γιαούρτι Στραγγιστό 5% 3x170gr,3.16
2025-11-07,170173,Paliria Σπιτικά Κεφτδάκια Με Πουρέ Πατάτας 400gr,5.40
2025-11-07,310001,Ermol Creamy Σαντιγί Φυτική Κρέμα Χωρίς Ζάχαρη 250gr,2.17
2025-11-07,118572,Κρι Κρι Kids Peppa Φράουλα - Μπισκότο 3x140gr,2.46
2025-11-07,109919,Knorr Σπιτικός Ζωμός Λευκού Κρασιού 4x26gr,2.17
2025-11-07,115088,Όλυμπος Φυσικός Χυμός Μήλο 1lt,2.85
2025-11-07,118324,Όλυμπος Φυτικό Επιδόρπιο Αμυγδάλου 150gr,1.47
2025-11-07,120124,Κρι κρί Super Spoon Pudding Μπανάνα & Τoffee 200gr,1.99
2025-11-07,118309,Όλυμπος Φυσικός Χυμός Πορτοκάλι Μήλο Καρότο 500ml,1.33
2025-11-07,113336,Κουκάκη Γάλα Φάρμας 3-9% Λιπαρά 1lt,1.83
2025-11-07,412016,Kallisti Χυμός Ανανά Και Τζίντζερ 250ml,1.76
2025-11-07,115099,Χριστοδούλου Φυσικός Χυμός 9 Φρούτα 250ml,1.25
2025-11-07,170405,Paliria Σπιτικά - Φασολάκια Λαδερά Με Πατάτες 350gr,3.99
2025-11-07,121005,Σαβόι Βούτυρο Τύπου Κερκύρας 225gr,4.41
2025-11-07,410122,Ζωή Χυμός Ρόδι-Cranberry 330ml,2.99
2025-11-07,253834,Joya Ρόφημα Σόγιας Χωρίς Ζάχαρη Bio 1lt,2.48
2025-11-07,158469,Στεργίου Κρουασάν Γαλοπούλα Τυρί 170gr,2.28
2025-11-07,122701,Χωριό Soft Βιολογικό με Ελαιόλαδο 225gr,2.79
2025-11-07,412015,Kallisti Χυμός Ιπποφαές- Με Σταφύλι- 8 Φρούτα Και Τζίντζερ 250ml,1.68
2025-11-07,116064,ΦΑΓΕ Κρέμα Γάλακτος 2x330ml,9.64
2025-11-07,114125,Ροδοπάκι Γάλα Κακάο Protein 3x250ml,2.98
2025-11-07,116062,ΦΑΓΕ Κρέμα Γάλακτος 330ml,4.82
2025-11-07,113047,Arla Protein Ρόφημα Γάλακτος Βανίλια 50% Λιγότερη Ζάχαρη 479ml,2.31
2025-11-07,124718,Εβλογημένο Νηστίσιμο Φρατζόλα Προέλευση Ε.Ε. Τιμή Κιλού,2.10
2025-11-07,115087,Όλυμπος Φυσικός Χυμός Μανταρίνι 1lt,3.50
2025-11-07,120032,Granarolo Επιδόρπιο Βανίλια Με Πρωτεΐνη 200gr,1.98
2025-11-07,122152,Benecol 225gr,2.64
2025-11-07,128612,Εβλογημένο Νηστίσιμο Φέτες 200gr,2.40
2025-11-07,115259,Life Πεπόνι Μπανάνα Σταφύλι Μπ. 1lt,3.31
2025-11-07,157301,Ζύμη Ψαχνών Φύλλο Χωριάτικο Φρέσκο 500gr,2.62
2025-11-07,117440,Only Επιδόρπιο Γιαουρτιού 2%Λιπαρά 3x200gr,2.31
2025-11-07,113658,Alpro Ρόφημα Βρώμης 1lt,2.24
2025-11-07,114128,Μεβγάλ Frutomaniacs Επιδόρπιο Γιαουρτιού Μπανάνα-Σοκολάτα 3x140gr,3.33
2025-11-07,120087,Coop Panna Cotta Με Καραμέλα 100gr,2.06
2025-11-07,116427,ΝΟΥΝΟΥ Κρέμα Γάλακτος Πλήρης 330ml,3.82
2025-11-07,113141,Κουκάκη Αριάνι- Ξυνόγαλα 1lt,2.25
2025-11-07,119202,Δέλτα Του Τόπου Μας Γιαούρτι 2% 3x200gr,3.80
2025-11-07,158445,Στεργίου Προφιτερόλ Ατομικό 150gr,2.32
2025-11-07,115410,Κάμπος Χίου Nfc Χυμός Μανταρίνι 1lt,3.50
2025-11-07,119054,Δέλτα Απλά Στραγγάτο Επιδόρπιο Γιαούρτι 5% Λιπαρά 1kg,2.98
2025-11-07,113337,Κουκάκη Γάλα Φάρμας 1-5% Λιπαρά 1lt,1.83
2025-11-07,115068,Life Χυμός Πορτοκάλι Μήλο 1-5lt,3.51
2025-11-07,122260,Becel ProActiv Με Ελαιόλαδο 225gr,2.92
2025-11-07,115280,Όλυμπος Φυσικός Χυμός 9 Φρούτα 500ml,1.93
2025-11-07,170176,Paliria Σπιτικά Κριθαρότο Με Γαρίδες 350gr,5.50
2025-11-07,116128,Meggle Creme Patisserie 500ml,2.35
2025-11-07,170404,Paliria Σπιτικά - Σπανακόρυζο 350gr,3.99
2025-11-07,118719,Fruyo 0% Φράουλα 150gr 2τεμ,1.98
2025-11-07,118944,Μεβγάλ Επιδόρπιο Γιαουρτιού Το Δικό Μας Οικογενειακό 2% 1kg,3.46
2025-11-07,122257,Flora Soft 225gr,2.03
2025-11-07,120204,ΔΕΛΤΑ Smart Γαλακτοκέικ Σοκολάτα 30gr 4τεμ,2.37
2025-11-07,113770,Όλυμπος Καρπός Ρόφημα Φιστίκι 1lt,3.11
2025-11-07,115107,Life Χυμος Φραουλα-Μπανανα 1lt,3.31
2025-11-07,113080,Εβόλ Γάλα Αγελαδινό Βιολογικό 1lt,2.27
2025-11-07,113077,Starbucks Caramel Macchiato 220ml,2.27
2025-11-07,170240,Paliria Σπιτικά Μοσχάρι Γιουβέτσι 400gr,6.50
2025-11-07,118755,Γιώτης Κρεμοζελέ Φράουλα 2x180gr,2.32
2025-11-07,251002,Milk Time Γάλα Ζαχαρούχο Καραμελωμένο 6% 397gr,1.75
2025-11-07,115146,Life Καλημέρα Πορτοκάλι 1lt,3.70
2025-11-07,120663,Danone Super Mario Μπανάνα Με Σοκολατοκουφετάκια 2x110gr,2.32
2025-11-07,113288,ΔΕΛΤΑ Ρόφημα Αμύγδαλο Πρωτεΐνη 1 lt,3.49
2025-11-07,116070,Vegetalcrem Υποκατάστατο Γαλακτοκομικού Προϊόντος 500ml,2.06
2025-11-07,119128,Μεβγάλ High Protein Πουτίγκα Βανίλια 200gr,1.95
2025-11-07,109969,Knorr Σπιτικός Ζωμός Λαχανικών BIO 4x26gr,2.83
2025-11-07,121714,Lurpak Βούτυρο Ανάλατο Αλουμινόφυλλο 500gr,9.16
2025-11-07,116303,Meggle Σαντιγύ Spray 250ml,2.64
2025-11-07,114131,Nesquik Snack Super Choco 28gr 4τεμ,2.38
2025-11-07,113086,Εβόλ Γιαούρτι Πρόβειο Βιολογικό 190gr,1.96
2025-11-07,120088,Coop Profiterol 2x90gr,1.58
2025-11-07,118942,Γιώτης Sweet & Balance Φράουλα 2x150gr,2.14
2025-11-07,162006,Γιώτης Μαγιά Νωπή Κύβοι Χωρίς Γλουτένη 2x25gr,0.69
2025-11-07,116006,Adoro Φυτική 500ml,2.30
2025-11-07,118863,Alpro Φυτικό Eπιδόρπιο Σόγιας Φράουλα 500gr,3.10
2025-11-07,113709,ΔΕΛΤΑ Φυτικό Ρόφημα Βρώμη-Chocoberries 1lt,3.49
2025-11-07,122089,Φαστ Μαργαρίνη Με Γεύση Γιαούρτι 450gr,2.80
2025-11-07,113383,ΔΕΛΤΑ Ρόφημα Καρύδα 1lt,3.22
2025-11-07,141054,Alterra Smoothie Pink Paradise Φράουλα Ρόδι Μάνγκο 300gr,3.74
2025-11-07,119166,Fruyo Επιδόρπιο Γιαουρτιού 0% Φρούτα Toυ Δάσους 2x150gr,1.98
2025-11-07,118862,Alpro Φυτικό Eπιδόρπιο Σόγιας Bανίλιας 500gr,3.10
2025-11-07,120508,Alpro Επιδόρπιο Σόγιας Βανίλια 4x125gr,2.79
2025-11-07,109292,Αντζούγιες Φιλέτο Λαδιού Βαζάκι 80gr,2.74
2025-11-07,113776,'Ολυμπος Drink Eat Φιστίκι 4% 500ml,3.28
2025-11-07,115157,Life 9 Φρούτα Μπουκάλι 1lt,3.32
2025-11-07,192604,Τραγανό Ηλείας Μπρόκολο Στον Ατμό 400gr,2.80
2025-11-07,161137,Pop Bakery Ζύμη Κρουασάν Με Σοκολάτα 6τεμ. 275gr,5.22
2025-11-07,128016,Happy Vegan Φέτες Χωρίς Γλουτένη 160gr,2.09
2025-11-07,119165,Κρι κρί Grow Επιδόρπιο Γιαουρτιού Μήλο & Καρότο 2x140gr,2.12
2025-11-07,119070,Hipro Ρόφημα Γιαουρτιού Φράουλα Βατόμουρο 300gr,1.78
2025-11-07,118756,Όλυμπος Φυτικό Επιδόρπιο Καρπός Αμύγδαλο Μύρτιλο 150gr,1.53
2025-11-07,122196,Φαστ Μαργαρίνη Με Γεύση Γιαουρτιού 225gr,1.48
2025-11-07,113781,Arla Protein Food To Go Σοκολάτα Καραμέλα 500ml,2.68
2025-11-07,115075,Life Χυμός Πορτοκάλι Μήλο 1lt,2.75
2025-11-07,123205,Kolios Άσπρο Υποκατάστατο Γαλακτοκομικού Δοχείο Τιμή Κιλού,1.49
2025-11-07,115112,Χριστοδούλου Φυσικός Χυμός 9 Φρούτων 1-5lt,3.99
2025-11-07,116201,Vegetalcream Υποκατάστατο Γάλακτος 500ml,2.89
2025-11-07,192607,Τραγανό Ηλείας Καρότο Στον Ατμό 400gr,2.36
2025-11-07,161138,Pop Bakery Pancakes 240gr,4.79
2025-11-07,118318,Όλυμπος Φυτικό Επιδόρπιο Αμυγδάλου Φράουλα 150gr,1.53
2025-11-07,117656,Φάρμα Κουκάκη Γλύκισμα με Γάλα & Βανίλια 170gr,1.19
2025-11-07,113775,Όλυμπος Drink Εat Βανίλια 4% 500ml,3.28
2025-11-07,113066,Starbucks Ρόφημα Γάλακτος Καφέ Latte 220ml,2.28
2025-11-07,115198,Χριστοδούλου Φυσικός Χυμός 9 Φρούτα 1 lt,3.34
2025-11-07,113711,ΔΕΛΤΑ Φυτικό Ρόφημα Βρώμης Fiber 1lt,2.95
2025-11-07,121421,Ήπειρος Βούτυρο Αγελαδινό Τύπου Κερκύρας 250gr,3.62
2025-11-07,117552,Τρίκκη Γάλα Με Κακάο 500ml,1.29
2025-11-07,121256,Σαβόϊ Βούτυρο Κερκύρας Σκαφάκι 225gr,4.41
2025-11-07,129192,Viofast Λιγότερο Αλάτι Προέλευση Ελλάδα Τιμή Κιλού,1.93
2025-11-07,118742,Fruyo 0% Ροδάκινο 150gr 2τεμ,1.98
2025-11-07,410116,Ζωή Χυμός Ρόδι 330ml,2.99
2025-11-07,115413,Κάμπος Χίου Nfc Χυμός Πορτοκάλι Μήλο Ροδάκινο 1lt,3.50
2025-11-07,120014,Στάμου Κρέμα Σοκολάτα Με Γ εύση Πραλίνα 180gr,1.33
2025-11-07,129001,Viofast Νηστίσιμο Λευκό Τυρί 200gr,1.90
2025-11-07,111645,Χρυσά Αυγά Ασπράδι Αυγού Σοκολάτα 500gr,3.59
2025-11-07,124159,Kolios Vegan Νηστίσιμη Φρατζόλα Τιμή Κιλού,1.74
2025-11-07,192606,Τραγανό Ηλείας Κουνουπίδι Στον Ατμό 400gr,2.58
2025-11-07,120236,Sojasun Επιδόρπιο Με Σόγια Bifitus & Ασβέστιο 250gr,2.03
2025-11-07,116005,Adoro Φυτική Κρέμα 1 lt,3.28
2025-11-07,114116,Κουκάκη Κεφίρ Μπανάνα Βρώμη Μέλι 330ml,1.33
2025-11-07,119025,Δέλτα Φυτικό Ρόφημα Αμύγδαλο Κακάο 1lt,3.30
2025-11-07,122279,Όλυμπος Boύτυρο Soft Σκαφάκι 60% Λιπαρά 200gr,2.92
2025-11-07,113744,Alpro Ρόφημα Σόγιας Σοκολάτα Υψηλής Πρωτειΐνης 250ml,1.55
2025-11-07,412017,Kollias Family Χυμός Ρόδι Σταφύλι Χωρίς Γλυκαντικά 250ml,1.76
2025-11-07,115187,Χριστοδούλου Χυμός Ρόδι- Μήλο- Καρότο 1lt,2.51
2025-11-07,115089,Χριστοδούλου Φυσικός Χυμός Πορτοκάλι 250ml,1.34
2025-11-07,119064,Activia Κεφίρ Μύρτιλο 320gr,1.95
2025-11-07,254001,Regilait Γάλα σε Σκόνη 250gr,4.79
2025-11-07,121436,Ήπειρος Λιωμένο Βούτυρο Γάλακτος 500gr,10.26
2025-11-07,113780,Arla Protein Food To Go Βανίλια Φουντούκι 500ml,2.68
2025-11-07,124224,Φιλικό Νηστίσιμο Μπαστούνι Τιμή Κιλού,0.75
2025-11-07,310005,Morfat Σοκολατένια Σαντιγύ 250gr,2.71
2025-11-07,115163,Χριστοδούλου Φυσικός Χυμός Μήλο-Πορτοκάλι-Ροδάκινο 1lt,2.24
2025-11-07,113562,Μεβγάλ Only Lactoce Free 1-5% Λιπαρά 1lt,2.03
2025-11-07,118945,Γιώτης Φρουί Ζελέ Κεράσι Με Φρούτα 2x165gr,1.94
2025-11-07,118947,Γιώτης Sweet & Balance Κεράσι 2x150gr,2.05
2025-11-07,161139,Pop Bakery Crepes 360gr,4.79
2025-11-07,412014,Fuze Tea Λεμόνι Με εκχύλισμα Λουίζας 1-5lt,2.78
2025-11-07,121087,Ροδόπη Φρέσκο Βούτυρο Αγελάδος Αλουμινόφυλλο 250gr,4.45
2025-11-07,116410,ΝΟΥΝΟΥ Σαντιγύ 250ml,2.49
2025-11-07,115289,Life Χυμός Μηλό Βερίκοκο Πορτοκαλί 1lt,2.99
2025-11-07,120221,ΔΕΛΤΑ Smart Γαλακτοκέικ Μέλι 4τεμ,2.84
2025-11-07,121291,Αriston Βούτυρο Τύπου Κερκύρας 250gr,4.55
2025-11-07,129065,Viofast Νηστίσιμο Σε Φέτες 140gr,1.40
2025-11-07,157457,Γιαννιώτη Φύλλο Κρούστας Συντήρησης 450gr,3.25
2025-11-07,158182,Premium Σάντουιτς Special 240gr,2.99
2025-11-07,411056,Ocean Spray Χυμός Cranberry Light 1lt,3.50
2025-11-07,170114,Rolled Sushi To Go 200gr,5.28
2025-11-07,234081,Αγρόκηπος Γεύματα Φακές Πλιγούρι 220gr,3.56
2025-11-07,128688,Εβλογημένο Λευκό Νηστίσιμο Σε Άλμη 200gr,2.90
2025-11-07,120045,ΦΑΓΕ Γλυκοκουταλιές Risolat Βανίλια 2x170gr,1.46
2025-11-07,119106,Γιώτης Sweet & Balance Λεμόνι 2x150gr,2.05
2025-11-07,115298,Life Χυμός Σταφύλι Πορτοκάλι Ρόδι Μπουκάλι 400ml,1.60
2025-11-07,120165,Milka Γαλακτοκέικ Choco Snack 29gr,0.87
2025-11-07,129056,Condito Vegan Κρέμα Χωρίς Γλουτένη 200gr,2.70
2025-11-07,158187,Fresh Snack Σάντουιτς Κοτόπουλο 230gr,3.19
2025-11-07,253000,Milk Time Γάλα Ζαχαρούχο 397gr,1.43
2025-11-07,161268,Ζύμη Ψαχνών Φύλλο Βηρυτού Φρέσκο 450gr,3.70
2025-11-07,170113,Classic Sushi To Go 200gr,5.85
2025-11-07,127063,Planteese Melty Yellow Φρατζόλα Τιμή Κιλού,1.55
2025-11-07,161263,Ζύμη Ψαχνών Φύλλο Σφολιάτας Φρέσκο 650gr,4.29
2025-11-07,312519,Γιώτης Προφιτερόλ 427gr,6.77
2025-11-07,118980,Γιώτης Άνθος Αραβοσίτου Επιδόρπιο Σοκολάτα 4x100gr Χωρίς Γλουτένη,3.28
2025-11-07,129194,Violife Φέτες 140gr,1.95
2025-11-07,113738,Starbucks Frappuccino Coffee 220ml,2.34
2025-11-07,652097,Γιαννιώτη Φύλλο Χωριάτιικο 500gr,3.58
2025-11-07,115134,Χριστοδούλου Φυσικός Χυμός Σταφύλι Μήλο Ρόδι 1lt,2.51
2025-11-07,129189,Violife Creamy Κλασικό 150gr,2.10
2025-11-07,121020,President Βούτυρο Ανάλατο 60% 200gr,2.84
2025-11-07,114129,Μεβγάλ Frutomaniacs Φράουλα Σοκολάτα 140gr 3τεμ,3.33
2025-11-07,129208,Viofast Νηστίσιμο Φρατζόλα Τιμή Κιλού,1.55
2025-11-07,250095,ΝΟΥΝΟΥ Noulac Εβαπορέ Ρόφημα Γάλακτος 400gr,1.10
2025-11-07,119203,Δέλτα Του Τόπου Μας Γιαούρτι 10% 3x200gr,3.80
2025-11-07,109389,Χέλι Φιλέτο Καπνιστό Vacuum 100gr,5.95
2025-11-07,665579,Γιαννιώτικη Φύλλο Καταϊφι Συντήρησης 500gr,3.05
2025-11-07,109322,Αμβράκικος Αυγοτάραχο Σε Κερί 100gr,9.95
2025-11-07,161260,Ζύμη Ψαχνών Φύλλο Καταίφι Φρέσκο 500gr,4.35
2025-11-07,124161,Kolios Φαστ Υποκατάστατο Γαλακτοκομικού Δοχείο Τιμή Κιλού,2.31
2025-11-07,113789,ΝΟΥΝΟΥ Noulac Υψηλής Παστερίωσης Απο 6 Μηνών 1lt,2.25
2025-11-07,124059,Εβλογημένο Νηστίσιμο Με Γεύση Cheddar Σε Φέτες 200gr,3.22
2025-11-07,158291,Gourmet Cuisine Λαζάνια Με Κιμά Κοτόπουλο 400gr,5.83
2025-11-07,128690,Kolios Άσπρο Μπωλ 300gr,3.64
2025-11-07,116205,Kre Torre VegetalCream Υποκατάστατο Γάλακτος 1lt,3.54
2025-11-07,120679,Je L'Egge Ζελέ Ασπράδι Αυγού Κεράσι 150gr,1.98
2025-11-07,118939,Στάμου Ζελέ Φράουλα Xωρίς Ζάχαρη 165gr,1.24
2025-11-07,113735,Alpiland Ρόφημα Espresso 250ml,1.44
2025-11-07,105246,Taifun Γιαπωνέζικο Φιλέτο Τόφου Bio 160gr,3.05
2025-11-07,119163,Total Γιαούρτι Στραγγιστό Ρόδι Ράσμπερι 150gr 2τεμ,2.35
2025-11-07,129067,Εβλογημένο Λευκό Νηστίσιμο Τιμή Κιλού,2.27
2025-11-07,113591,Κουκάκη Κατσικίσιο Φρέσκο Γάλα 3.7% Λιπαρά 1lt,2.96
2025-11-07,118877,Φάγε Fruyo Επιδόρπιο Γιαουρτιού 1-8% Στρατσιατέλα 2x150gr,1.98
2025-11-07,120680,Je L'Egge Ζελέ Ασπράδι Αυγού Πορτοκάλι 150gr,1.98
2025-11-07,121432,Ήπειρος Βούτυρο Γάλακτος Λιωμένο Ελληνικής Προέλευσης Τιμή Κιλού,4.46
2025-11-07,158185,Fresh Snack Αραβική Πίτα Κοτόπουλο 210gr,3.19
2025-11-07,111644,Χρυσά Αυγά Ασπράδι Αυγού Φράουλα 500gr,3.59
2025-11-07,118878,Φάγε Fruyo Επιδόρπιο Γιαουρτιού 0% Μπανάνα 2x150gr,1.98
2025-11-07,109208,Το Φανάρι Παστουρμάς Θαλάσσης 150gr,3.27
2025-11-07,669482,Μεβγάλ Γιαούρτι Στραγγιστό 10% Λίπαρα Τιμή Κιλού,1.03
2025-11-07,111104,Χρυσά Αυγά Ασπράδι Αυγού Παστεριωμένο Με Γεύση Λεμόνι 500gr,3.59
2025-11-07,158290,Gourmet Cuisine Μουσακάς 400gr,5.96
2025-11-07,170185,Threpsis Μοσχάρι Γιουβέτσι 400gr,6.11
2025-11-07,109310,Του Πρεβεζάνου Γαρίδα Μαρινάτη 120gr,5.75
2025-11-07,158292,Gourmet Cuisine Φιλέτο Κοτόπουλο Με Πουρέ 400gr,8.67
2025-11-07,125010,My Gusto Τυρί Gouda Φραντζόλα Προέλευσης Ε.Ε. Τιμή Κιλού,1.49
2025-11-07,125316,ΝΟΥΝΟΥ Τυρί Gouda Ολλανδίας Φραντζόλα Τιμή Κιλού,2.84
2025-11-07,125019,Adoro Creamy Gouda Φρατζόλα Τιμή Κιλού,2.00
2025-11-07,123801,Φέτα Βυτίνας Π.Ο.Π Βαρελίσια Τιμή Κιλού,2.41
2025-11-07,125016,Milner Τυρί Ολλανδίας Φρατζόλα Προέλευση Ε.Ε. Τιμή Κιλού,1.65
2025-11-07,123851,ΝΟΥΝΟΥ Τυρί Light 11% Λιπαρά Φρατζόλα Ολλανδίας (Τιμή Κιλού),2.22
2025-11-07,662441,Θράκης Γεύσεις Γαλοπούλα Καπνιστή Τοστ Τιμή Κιλού,1.90
2025-11-07,123918,Φέτα Αχαϊας Π.Ο.Π. Βαρελίσια Τιμή Κιλού,2.49
2025-11-07,669835,Σαντζηλιώτης Φέτα Μυτιλήνης ΠΟΠ Δοχείο Τιμή Κιλού,2.62
2025-11-07,126302,Kerrygold Regato Ιρλανδίας Τιμή Κιλού,2.31
2025-11-07,124656,Σφακιανές Μαδάρες Γραβιέρα Κρήτης Ποπ Τιμή Κιλού,3.62
2025-11-07,129000,Adoro Cottage 200gr,2.30
2025-11-07,669359,Τρίκκη Λευκό Τυρί Αγελαδινό Δοχείο Ελληνικό Tιμή Κιλού,1.61
2025-11-07,123239,Ήπειρος Μαλακή Ημιδοχείο Τιμή Κιλού,2.21
2025-11-07,128412,Svevia Gouda Γερμανίας Φρατζόλα Προέλευση Ε.Ε.,1.35
2025-11-07,127321,Adoro Light 10% Φρατζόλα Γερμανίας Τιμή Κιλού,1.97
2025-11-07,128436,Τυρί Gouda Φέτες 500gr,3.48
2025-11-07,125066,Φάρμες Παρνασσός Κεφαλοτύρι Αγελάδος Τιμή Κιλού,2.56
2025-11-07,128291,Ορεινές Πλαγιές Κατίκι Δομοκού Τυρί ΠΟΠ 200gr,2.40
2025-11-07,129281,ΦΑΓΕ Flair Cottage Cheese 225gr,3.52
2025-11-07,124077,Κίσσας Άλμη Γάρος 1lt,1.06
2025-11-07,123230,Ηπειρος Φέτα ΠΟΠ Δοχείο Τιμή Κιλού,3.21
2025-11-07,104384,Θράκης Γεύσεις Σαλάμι Αέρος Τιμή Κιλού,2.36
2025-11-07,128155,Dirollo Cottage 225gr,2.90
2025-11-07,105429,Tostaki Γαλοπούλα Καπνιστή Τιμή Κιλού,1.66
2025-11-07,127335,Adoro Mozzarella ΕΕ Φρατζόλα Τιμή Κιλού,1.83
2025-11-07,123069,Τσελιγκάτο Λευκό Αγελαδινό Τυρί Τιμή Κιλού,1.49
2025-11-07,128078,Arla Τυρί Κρέμα Light 200gr,2.20
2025-11-07,669873,Θράκης Γεύσεις Γαλοπούλα Βραστή Τοστ Τιμή Κιλού,1.90
2025-11-07,124039,Ορεινές Φάρμες Κρήτης Γραβιέρα Αγελάδος Φρατζόλα (Τιμή Κιλού),2.36
2025-11-07,123375,Μιτάτο Ανθότυρο Κρήτης Τιμή Κιλού,1.24
2025-11-07,102813,Best Price Μπέικον Καπνιστό Σε Φέτες,1.98
2025-11-07,105432,Tostaki Κοτοπούλο Ψητό Τιμή Κιλού,1.39
2025-11-07,124139,Όλυμπος Κεφαλοτύρι Κεφάλι Τιμή Κιλού,2.99
2025-11-07,105629,Υφαντής Fouantre Γαλοπούλα Καπνιστή Εγχώρια Τιμή Κιλού,3.84
2025-11-07,126325,Adoro Κεφαλοτύρι Δανίας 45% Λιπαρά Τιμή Κιλού,2.70
2025-11-07,125115,Dirollo Emmental Light Block Τιμή Κιλού,2.09
2025-11-07,104162,Creta Farms Εν Ελλάδι Φιλέτο Γαλοπούλα Καπνιστή Τοστ,3.22
2025-11-07,124182,Λεβέτι Ελληνικό Κασέρι Ποπ Φρατζόλα Τιμή Κιλού,3.38
2025-11-07,128154,Λογάδι 17% Λιπαρά Φρατζόλα Τιμή Κιλού,2.62
2025-11-07,128204,Dirollo Mozzarella Φρατζόλα Τιμή Κιλού,2.48
2025-11-07,104188,Εν Ελλάδι Gourmet Φιλέτο Γαλοπούλας Ψητό Μισό (Τιμή Κιλού),5.24
2025-11-07,125012,Adoro Gouda Ολλανδίας Ρόδα Τιμή Κιλού,1.57
2025-11-07,123243,Ήπειρος Ελαφρύ Δοχείο Τιμή Κιλού,3.28
2025-11-07,102128,My Gusto Φιλέτο Γαλοπούλας Καπνιστό Τιμή Κιλού,2.50
2025-11-07,124476,Καλογεράκη Γραβιέρα Κεφάλι Τιμή Κιλού,3.73
2025-11-07,105564,Υφαντής Ζαμπόν Μπούτι Fouantre Χοιρινό Εγχώριο Τιμή Κιλού,3.02
2025-11-07,125107,ΝΟΥΝΟΥ Emmental Φραντζόλα Τιμή Κιλού,2.27
2025-11-07,129656,Adoro Τυρί Κρέμα Light 200gr,1.70
2025-11-07,104166,Tostaki Πάριζα Τιμή Κιλού,0.85
2025-11-07,669594,ΝΟΥΝΟΥ Gouda Φέτες 340gr,4.85
2025-11-07,124203,ΦΑΓΕ Τρικαλινό Light Φραντζόλα Τιμή Κιλού,3.66
2025-11-07,127306,Παρμεζάνα Reggiano (1/8) Ιταλίας Τιμή Κιλού,4.74
2025-11-07,128401,Dirollo Mozzarella 125gr,1.47
2025-11-07,124095,Όλυμπος Χωριάτικο Σκληρό Τυρί Τιμη Κιλού,2.48
2025-11-07,129220,Philadelphia Τυρί Κρέμα 300gr,3.98
2025-11-07,127016,Gouda Ημίσκληρο Τυρί Σε Φέτες 300gr,2.09
2025-11-07,125001,Adoro Edam Γερμανίας Φρατζόλα Τιμή Κιλού,1.98
2025-11-07,129168,Mini Babybel N5 Classic 100gr,2.30
2025-11-07,123019,Φέτα Αχαϊας Βαρελίσια Σε Άλμη 800gr,8.45
2025-11-07,126301,Kerrygold Regato Light Ιρλανδίας Τιμή Κιλού,2.50
2025-11-07,127305,ADORO Grana Padano Ιταλίας Τιμή Κιλού,3.80
2025-11-07,669584,Μπουτσώλη Κεφαλογραβιέρα Αμφιλοχίας Π.Ο.Π. Τιμή Κιλού,3.62
2025-11-07,126346,My Gusto Regato Ιρλανδίας Κεφάλι Τιμή Κιλού,2.99
2025-11-07,127017,Gouda Ημίσκληρο Τυρί Τριμμένο 300gr,2.09
2025-11-07,126340,Kerrygold Regato Τυρί Τριμμένο 400gr,4.96
2025-11-07,128082,Arla Τυρί Κρέμα 300g,3.35
2025-11-07,124010,Ήπειρος Οικογενειακό Ελαφρύ Φρατζόλα Τιμή Κιλού,3.17
2025-11-07,669578,Mπουτσώλη Πεκορίνο Αμφιλοχίας Ε.Ε Τιμή Κιλού,3.62
2025-11-07,105307,Θράκης Γεύσεις Γαλοπούλα Ψητή Σε Λαδόκολα Τιμή Κιλού,3.66
2025-11-07,128098,Ήπειρος Φέτα ΠΟΠ Σε Άλμη 400gr,6.28
2025-11-07,104187,Εν Ελλάδι Gourmet Γαλοπούλα Καπνιστή Οβαλ Μισό Tιμή Κιλού,5.99
2025-11-07,123013,Μπουτσώλης Ανθότυρο Αμφιλοχίας Τιμή Κιλού,1.74
2025-11-07,129815,ΝΟΥΝΟΥ Gouda Σε Φέτες 200gr,3.05
2025-11-07,123258,Λεσβιγάλ Φέτα Π.Ο.Π. Μυτιλήνης Δοχείο Τιμή Κιλού,2.48
2025-11-07,127025,Kerrygold Cheddar Ιρλανδίας Τιμή Κιλού,2.30
2025-11-07,124029,Μιχελάκη Γραβιέρα Κρήτης Π.Ο.Π Τιμή Κιλού,3.80
2025-11-07,124352,Ε.Α.Σ. Γραβιέρα Νάξου ΠΟΠ Τιμή Κιλού,4.14
2025-11-07,129207,Philadelphia Τυρί Κρέμα Light 200gr,2.74
2025-11-07,105498,Creta Farms Μπείκον Φέτες Τιμή Κιλού,2.30
2025-11-07,105886,ΕΔΕΣΜΑ Κοτόπουλο Ψητό Τιμή Κιλού,1.42
2025-11-07,128152,Dirollo Classic Φρατζόλα Προέλευση Ε.Ε. Τιμή Κιλού,1.58
2025-11-07,130178,Όλυμπος Κεφαλοτύρι Πρόβειο Τριμμένο 150gr,3.30
2025-11-07,104383,Θράκης Γεύσεις Γαλοπούλα Καπνιστή 160gr,2.87
2025-11-07,129009,Milner Σε Φέτες 300gr,4.85
2025-11-07,105300,Θράκης Γεύσεις Σαλάμι Βραστό Πεπερόνι Τιμή Κιλού,0.81
2025-11-07,123325,Μακρής Ανθότυρο Αιτωλοακαρνανίας Τιμή Κιλού,1.89
2025-11-07,105628,Υφαντής Fouantre Γαλοπούλα Ψητή Τιμή Κιλού,4.79
2025-11-07,129652,Adoro Τυρί Κρέμα 200gr,1.70
2025-11-07,105780,Creta Farms Εν Ελλάδι Γαλοπούλα Βραστή Χωρίς Γλουτένη Φέτες 160gr,3.62
2025-11-07,128299,Ήπειρος Τυρί Ελαφρύ 180gr,3.14
2025-11-07,123066,Βίκος Λευκό Αγελαδινό Τυρί Προέλευση Ελλάδα Τιμή Κιλού,1.39
2025-11-07,105776,Creta Farms Εν Ελλάδι Φιλέτο Γαλοπούλας Βραστή Τοστ Τιμή Κιλού,3.22
2025-11-07,129295,ΦΑΓΕ Τρικαλινό Ελαφρύ Φέτες 200gr,3.98
2025-11-07,128431,My Gusto Gouda Φέτες 200gr,2.10
2025-11-07,125056,Fina Τυρί Ολλανδίας 10% Λιπαρά Φραντζόλα Τιμή Κιλού,2.05
2025-11-07,105633,Νίκας Γαλοπούλα Ψητή Τιμή Κιλού,2.70
2025-11-07,139110,Ευαγγελόπουλος Λουκάνικο Χωριάτικο Τιμή Κιλού,2.38
2025-11-07,105783,Creta Farms Εν Ελλάδι Γαλοπούλα Καπνιστή Χωρίς Γλουτένη Φέτες 160gr,3.69
2025-11-07,128180,Arla Protein Cottage 200gr,2.55
2025-11-07,124138,Διβάνη Ημίσκληρο Τυρί Τρικάλων Τιμή Κιλού,3.48
2025-11-07,128460,Kerrygold Tirotrella 80gr,2.96
2025-11-07,123024,Ήπειρος Fit & Slim 350gr,5.72
2025-11-07,129018,Philadelphia Τυρί Cottage Protein 200gr,3.05
2025-11-07,130102,Adoro Τυρί Τριμμένο 100gr,1.97
2025-11-07,123371,Ήπειρος Ανθότυρο Τιμή Κιλού,1.33
2025-11-07,104171,Θράκης Γεύσεις Μπέικον Καπνιστή Catering Φέτες Τιμή Κιλού,3.12
2025-11-07,105602,Tostaki Κοτόπουλο Ψητό Χωρίς Γλουτένη 160gr,1.57
2025-11-07,127041,Cremona Parmigiano Reggiano 1/8V,4.98
2025-11-07,124755,Καλογεράκη Μυζήθρα Γλυκειά Τιμή Κιλού,1.95
2025-11-07,130172,Dirollo Κεφαλοτύρι 18% Light Λιπαρά Τιμή Κιλού,2.84
2025-11-07,124261,Πλυμάκης Γραβιέρα Κρήτης Π.Ο.Π. Τιμή Κιλού,3.90
2025-11-07,129200,Philadelphia Cottage Cheese 200gr,2.95
2025-11-07,127001,Adoro Blue Cheese Δανίας Κεφάλι Τιμή Κιλού,2.23
2025-11-07,105430,Tostaki Γαλοπούλα Βραστή Τιμή Κιλού,1.66
2025-11-07,129074,La Vache Qui Rit Τυροβουτιές Stich 140gr,2.44
2025-11-07,128143,Ήπειρος Ελαφρύ Σε Άλμη 400gr,5.99
2025-11-07,105957,My Gusto Πάριζα Τοστ Τιμή Κιλού,1.05
2025-11-07,129032,La Vache Quit Rit Τυροβουτιές 140gr,2.44
2025-11-07,129513,Dirollo Classic Φέτες 350gr,2.75
2025-11-07,101618,My Gusto Χοιρινή Ωμοπλάτη Τιμή Κιλού,1.30
2025-11-07,105053,My Gusto Μπέικον Καπνιστό Χωρίς Γλουτένη 100gr,1.83
2025-11-07,128298,Ήπειρος Φέτα Vacuum 180gr,2.80
2025-11-07,130127,ΦΑΓΕ Κεφαλοτύρι Τριμμένο 200gr,4.39
2025-11-07,130004,Mix 4 Τυριά Τριμμένα 180gr,1.98
2025-11-07,124670,Καλογεράκη Γραβιέρα Light Κεφάλι Τιμή Κιλού,3.90
2025-11-07,128622,Δωδωνη Φετα Σε Αλμη 400gr,6.75
2025-11-07,105872,Creta Farms Tostaki Πάριζα Φέτες 160gr,1.05
2025-11-07,128426,Adoro Creamy Gouda Φέτες 175gr,2.17
2025-11-07,124183,Λεβέτι Κασέρι ΠΟΠ Ρόδα Τιμή Κιλού,3.38
2025-11-07,102551,Creta Farms "Χωρίς" Γαλοπούλα Ψητή Οβάλ Τιμή Κιλού,5.25
2025-11-07,129127,Babybel Mini Rolls 85gr,2.35
2025-11-07,125048,Leader Pizza Mix Τριμμένο 300gr,2.94
2025-11-07,129178,Ήπειρος Τριγωνάκια Με Γραβιέρα 280gr,2.74
2025-11-07,125050,Milner Τυρί Ολλανδίας Κεφάλι Τιμή Κιλού,1.65
2025-11-07,128430,My Gusto Edam Φέτες 200gr,1.92
2025-11-07,102129,My Gusto Φιλέτο Γαλοπούλας Βραστό Τιμή Κιλού,2.50
2025-11-07,129653,Ήπειρος Αλειφωτή Με Φέτα 200gr,2.14
2025-11-07,105994,Best Price Λουκάνικα Τύπου Κοκτέιλ Χωρίς Γλουτένη 250gr,1.50
2025-11-07,128093,Ήπειρος Φέτα Ποπ Λίγο Αλάτι Σε Άλμη 400gr,6.65
2025-11-07,104154,Creta Farms Εν Ελλάδι Gourmet Ζαμπόν Μπούτι Ψητό,3.77
2025-11-07,128077,Arla Τυρί Κρέμα 200gr,2.45
2025-11-07,105697,Creta Farms Εν Ελλάδι Ζαμπόν Βραστό 10x10 Εγχώριο Τιμή Κιλού,2.64
2025-11-07,105541,Εν Ελλάδι Γαλοπούλα Καπνιστή Χωρίς Γλουτένη 200gr,3.22
2025-11-07,130010,ΦΑΓΕ Τρικαλινό Ελαφρύ Φέτες 220gr,4.02
2025-11-07,130139,Adoro Creamy Gouda Τριμμένο 200gr,2.26
2025-11-07,124153,Kolios Το παραδοσιακό Τυρί Φρατζόλα Τιμή Κιλού,2.86
2025-11-07,105368,My Gusto Μορταδέλα Βραστή 200gr,1.36
2025-11-07,105065,My Gusto Σαλάμι Αέρος Μπαστούνι,2.41
2025-11-07,104365,Υφαντής Φιλέτο Γαλοπούλας Καπνιστό,2.08
2025-11-07,129201,Philadelphia Τυρί Κρέμα 200gr,2.98
2025-11-07,128770,Γραβιέρα Νάξου ΠΟΠ 250gr,4.70
2025-11-07,124664,Σφακιανές Μαδάρες Γραβιέρα Κρήτης ΠΟΠ ~350gr Τιμή Κιλού,5.08
2025-11-07,669541,Μπουτσώλη Γραβιέρα Αμφιλοχίας Κεφάλι Τιμή Κιλού,3.21
2025-11-07,125106,Adoro Emmental Μπλοκ Γερμανίας Τιμή Κιλού,1.92
2025-11-07,129151,La Vache Qui Rit Light Τρίγωνο 133gr,1.60
2025-11-07,126010,Parrano Robusto Σκληρό Τυρί 1/2 Κεφάλι Τιμή Κιλού,3.50
2025-11-07,128275,Λογάδι Σε Φέτες 180gr,2.81
2025-11-07,105475,Creta Farms Εν Ελλάδι Πάριζα Τοστ 10x10 Τιμή Κιλού,1.73
2025-11-07,128764,Parmissimo Parmigiano Reggiano Ιταλίας Τριμμένη 90gr,3.66
2025-11-07,103540,Υφαντής Πάριζα Βραστή Φόρμα Εγχώρια,1.36
2025-11-07,105741,Υφαντής Μπέικον Καπνιστό 100gr,2.53
2025-11-07,670139,Πιτένης Ρώσικη Σαλάτα Τιμή Κιλού,1.87
2025-11-07,129511,Λογάδι Σε Φέτες 350gr,4.63
2025-11-07,105219,Πασσιάς "Κορυφαίο" Χοιρομέρι Ψητό Οβάλ,4.25
2025-11-07,128073,Ήπειρος Φέτα Ποπ Μερίδες Σε Άλμη 1kg,13.97
2025-11-07,129818,ΝΟΥΝΟΥ Τυρί Light 11% Λιπαρά Σε Φέτες 175gr,3.09
2025-11-07,105367,My Gusto Παριζάκι Χωρίς Γλουτένη 610gr,2.50
2025-11-07,106157,My Gusto Τυροκαυτερή 250gr,1.38
2025-11-07,126116,Granarolo Mozzarella Mini 125gr,2.40
2025-11-07,128718,Φέτα Βυτίνας ΠΟΠ Vacuum ~500gr Tιμή Κιλού,4.83
2025-11-07,130020,Adoro Mozzarella Τριμμένη 200gr,2.60
2025-11-07,130173,Dirollo Mixed Τυρί Τριμμένο 200gr,2.40
2025-11-07,105657,Creta Farms Εν Ελλάδι Σαλάμι Αέρος Πικάντικο Τιμή Κιλού,3.38
2025-11-07,124000,Ήπειρος Οικογενειακό Ελαφρύ σε Φέτες 180gr,2.63
2025-11-07,105298,My Gusto Χοιρινή Ωμοπλάτη Βραστή 200gr,1.56
2025-11-07,123936,Όλυμπος Φέτα ΠΟΠ Δοχείο Τιμή Κιλού,3.14
2025-11-07,129213,Philadelphia Τυρί Κρέμα Extra Protein 175gr,2.95
2025-11-07,105589,Υφαντής Σαλάμι Αέρος Πικάντικο Εγχώριο Τιμή Κιλού,3.39
2025-11-07,124133,ΦΑΓΕ Τρικαλινό Ημίσκληρο Τυρί Φραντζόλα Τιμή Κιλού,4.25
2025-11-07,128121,Πετράτος Πεκορίνο Αμφιλοχίας Τιμή Κιλού,3.67
2025-11-07,128018,Adoro Με Cheddar Burger 200gr,2.34
2025-11-07,105625,Υφαντής Σαλάμι Μπίρας Τιμή Κιλού,2.88
2025-11-07,129350,Gouda Κομμάτι 300gr,2.36
2025-11-07,103012,Νίκας Πάριζα Τοστ Βραστή,0.98
2025-11-07,670136,Πιτένης Τζατζίκι Τιμή Κιλού,1.75
2025-11-07,124264,Γραβιέρα Κρήτης Μακράς Ωρίμανσης Τιμή Κιλού,3.86
2025-11-07,123740,Παπαθανασίου Τσαλαφούτι 180gr,1.95
2025-11-07,101316,My Gusto Ζαμπόν Τοστ Φόρμα Τιμή Κιλού,1.56
2025-11-07,129657,Ήπειρος Αλειφωτή Με Φέτα Πικάντικη 200gr,2.23
2025-11-07,128623,Δωδώνη Φέτα Σε Άλμη Πλαστικό Δοχείο 1kg,13.90
2025-11-07,124130,Διβάνη Ημίσκληρο Τυρί Τρικάλων Τιμή Κιλού,3.39
2025-11-07,130161,Mozzarella Mix Τριμμένο Τυρί Γερμανίας 300gr,3.35
2025-11-07,130325,Ήπειρος Ζεμύθα Τριμμένη 200gr,2.30
2025-11-07,128465,Ήπειρος Ποπ Κεφαλογραβιέρα Τριμμένη 150gr,3.38
2025-11-07,105549,Υφαντής Μπέικον Καπνιστό 300gr,4.54
2025-11-07,129294,ΦΑΓΕ Τρικαλινό Φέτες 200gr,3.70
2025-11-07,123315,Μεβγάλ Ανθότυρο 300gr,2.85
2025-11-07,105843,Θράκης Γεύσεις Snack Πάριζα Βραστή Για Τόστ Χωρίς Γλουτένη Τιμή Κιλού,1.16
2025-11-07,105733,Θράκης Γεύσεις Φιλέτο Κοτόπουλο Ψητό Λεμονάτο,2.72
2025-11-07,130164,Μπέλας Γκούντα Καπνιστή Φρατζόλα Τιμή Κιλού,3.24
2025-11-07,128514,Όλυμπος Φέτα ΠΟΠ Βαρελίσια 300gr,5.20
2025-11-07,124096,Όλυμπος Γραβιέρα Κεφάλι Τιμή Κιλού,3.99
2025-11-07,106155,My Gusto Τυροσαλάτα 250gr,1.10
2025-11-07,130118,Dirollo Emmental Light Σε Φέτες 175gr,2.62
2025-11-07,129010,Milner Σε Φέτες 175gr,3.09
2025-11-07,124503,Μακρή Γραβιέρα Πικάντικη Αμφιλοχίας Τιμή Κιλού,4.48
2025-11-07,670137,Πιτένης Τυροκαυτερή Τιμή Κιλού,2.54
2025-11-07,128454,Όλυμπος Φέτα Π.0.Π Μεταλλικό Δοχείο 500gr,7.49
2025-11-07,106156,My Gusto Σαλάτα Φάρμα 250gr,1.24
2025-11-07,130022,Mozzarella Τριμμένη 250gr,2.56
2025-11-07,105540,Εν Ελλάδι Γαλοπούλα Βραστή Χωρίς Γλουτένη 200gr,3.22
2025-11-07,127999,Ήπειρος Κατσικίσιο Λευκό Τυρί Σε Άλμη 400gr,6.46
2025-11-07,102044,Νίκας Fuego Ζαμπον Μπούτι,2.77
2025-11-07,123715,Ήπειρος Τυρί Ελαφρύ Σε Άλμη 900gr,13.08
2025-11-07,129117,Ήπειρος Τριγωνάκια Με Γραβιέρα 140gr,1.49
2025-11-07,129068,Adoro Creamy Τριγωνάκια Με Gouda 125gr,1.65
2025-11-07,102558,Creta Farms "Χωρίς" Γαλοπούλα Ψητή 200gr,5.49
2025-11-07,105044,Υφαντής Ferrano Μορταδέλα Σε Φέτες 70gr,1.11
2025-11-07,105045,Υφαντής Ferrano Σαλάμι Αέρος 70gr,1.56
2025-11-07,669837,Σαντζηλιώτης Γραβιέρα Μυτιλήνης Τιμή Κιλού,3.56
2025-11-07,106160,My Gusto Τζατζίκι 250gr,1.39
2025-11-07,124315,Γραβιέρα Νάξου ΠΟΠ Τιμή Κιλού,3.85
2025-11-07,128409,Granarolo Mozzarella Ιταλίας 125gr,2.18
2025-11-07,104164,Creta Farms Εν Ελλάδι Gourmet Χοιρινή Καπνιστή Μπριζόλα,3.57
2025-11-07,105308,Θράκης Γεύσεις Φιλέτο Κοτόπουλο Ψητό Τιμή Κιλού,2.35
2025-11-07,123318,Ήπειρος Ανθότυρο 300gr,3.50
2025-11-07,102013,Νίκας Σαλάμι Αέρος Πικάντικο Εγχώριο Τιμή Κιλού,2.20
2025-11-07,128288,Dirollo Classic Σε Φέτες 175gr,2.13
2025-11-07,105011,Montorsi Μορταδέλα Μπολόνιας Π.Ο.Π Χωρίς Γλουτένη 120gr,2.03
2025-11-07,128055,Ήπειρος Φέτα Π.Ο.Π. 400gr,6.15
2025-11-07,129002,Ήπειρος Τριγωνάκια Light 280gr,2.74
2025-11-07,105764,Creta Farms Εν Ελλάδι Μπέικον Καπνιστό Χώρίς Γλουτένη Φέτες 100 gr,2.80
2025-11-07,669716,Μπουτσώλη Κεφαλοτύρι Αμφιλοχίας Τιμή Κιλού,3.62
2025-11-07,105557,Υφαντής Πάριζα 200gr,1.70
2025-11-07,105670,My Gusto Παριζάκι Χωρίς Γλουτένη 310gr,1.47
2025-11-07,128425,Adoro Edam Γερμανίας Σε Φέτες 200gr,1.94
2025-11-07,130025,Adoro Mozzarella Σε Φέτες 350gr,3.59
2025-11-07,106158,My Gusto Ρώσικη Σαλάτα 250gr,1.42
2025-11-07,123684,Χρυσάφης Τυρί Καλαθάκι Λήμνου ΠΟΠ 400gr,4.95
2025-11-07,124141,Ήπειρος Κεφαλοτύρι Τιμή Κιλού,2.96
2025-11-07,102036,Nikas Γαλοπούλα Καπνιστή Οβάλ Τιμή Κιλού,2.70
2025-11-07,105721,Έδεσμα Πάριζα Τιμή Κιλού,0.86
2025-11-07,105671,Υφαντής Fouantre Γαλοπούλα Βραστή Λιγότερο Αλάτι Τιμή Κιλού,4.28
2025-11-07,105950,Φάρμες Κρήτης Tostaki Παριζάκι 330gr,1.74
2025-11-07,128036,Adoro Blue Cheese Δανίας 100gr,2.39
2025-11-07,106236,Camprofrio Tapas Jamon Serrano Σε Φέτες 80gr,2.92
2025-11-07,123607,Χώτος Μανούρι Π.Ο.Π Τιμή Κιλού,3.00
2025-11-07,105301,Θράκης Γεύσεις Μορταδελα Ψητή Με Προσούτο Θράκης Τιμή Κιλού,2.98
2025-11-07,669614,Σταματάκη Ανθότυρο Τιμή Κιλού,1.57
2025-11-07,105439,Creta Farms Εν Ελλάδι Γαλοπούλα Καπνιστή Φέτες 300gr,6.78
2025-11-07,651475,Όλυμπος Χωριάτικο Αγελ/νό Σκληρό Τυρί Τριμμένο 150gr,2.40
2025-11-07,129142,La Vache Qui Rit Φέτες Cheddar Burger 200gr,3.20
2025-11-07,105560,Υφαντής Παριζάκι Λιγότερο Λίπος Χωρίς Γλουτένη 330gr,3.36
2025-11-07,105644,Νίκας Νιτσιάκος Κοτόπουλο Ψητό Οβάλ Τιμή Κιλού,2.27
2025-11-07,130149,Kerrygold Regato Light Τριμμένο 300gr,4.42
2025-11-07,124094,Ήπειρος Μυζήθρα Ξηρή Τιμή Κιλού,2.36
2025-11-07,129153,La Vache Quit Rit Light Τρίγωνα 267gr,2.96
2025-11-07,105678,Creta Farms Εν Ελλάδι Πάριζα Τοστ Χωρίς Γλουτένη Φέτες 160gr,1.98
2025-11-07,123009,Χρυσάφη Τυρί Φέτα Λήμνου ΠΟΠ Τιμή Κιλού,2.55
2025-11-07,129296,ΦΑΓΕ Gouda Φέτες 200gr,3.09
2025-11-07,130002,Σκληρό Τυρί Τριμμένο 180gr,3.00
2025-11-07,105553,Υφαντής Fouantre Ζαμπόν Καπνιστό 300gr,4.54
2025-11-07,124353,ΕΑΣ Γραβιέρα Νάξου ΠΟΠ Τιμή Κιλού,4.22
2025-11-07,106741,Υφαντής Χούμους Χωρίς Συντηρητικά 400gr,3.22
2025-11-07,105865,Υφαντής Πάριζα Βραστή Χωρίς Γλουτένη Φέτες 160gr,1.74
2025-11-07,104027,Νίκας Fuego Μπριζόλα Χοιρινή Καπνιστή,3.00
2025-11-07,123352,Ξυνομυζήθρα Κρήτης ΠΟΠ 350gr,4.85
2025-11-07,102559,Creta Farms "Χωρίς" Ζαμπόν Καπνιστό Φέτες 200gr,4.26
2025-11-07,105201,Πασσιάς "Κορυφαίο" Κοτόπουλο Ψητό Οβάλ,4.42
2025-11-07,105874,Creta Farms Tostaki Γαλοπούλα Καπνιστή 160gr,2.03
2025-11-07,124126,Ήπειρος Κεφαλογραβιέρα Π.Ο.Π. Τιμή Κιλού,3.00
2025-11-07,129072,La Vache Quit Rit Τρίγωνo Stitch 16 Μερίδες 256gr,2.98
2025-11-07,105760,Creta Farms Εν Ελλάδι Κοτόπουλο Ψητό Χωρίς Γλουτένη Φέτες 160gr,3.22
2025-11-07,129169,Mini Babybel N5 Light 100gr,2.30
2025-11-07,105567,Υφαντής Μορταδέλα Βραστή Εγχώρια Τιμή Κιλού,2.00
2025-11-07,129116,Ήπειρος Τριγωνάκια Με Λεβέτι 140gr,1.49
2025-11-07,104080,Montorsi Προσούτο Ιταλίας Φέτες 90gr,3.52
2025-11-07,102042,Υφαντής Σαλάμι Αέρος Εγχώριο Τιμή Κιλού,3.39
2025-11-07,105762,Creta Farms Εν Ελλάδι Ζαμπόν Βραστό Χωρίς Γλουτένη Φέτες 160gr,2.96
2025-11-07,129042,La Vache Qui Rit Τρίγωνο (24 Μερίδες) 384gr,4.08
2025-11-07,127410,Ήπειρος Μαλακή Λευκό Τυρί Σε Άλμη 400gr,5.67
2025-11-07,130320,Λεβέτι Μυζήθρα Τριμμένη 200gr,2.74
2025-11-07,128163,Dirollo Καπνιστό Με 16% Λιπαρά Φρατζόλα Προέλευσης Ε.Ε Τιμή Κιλού,2.33
2025-11-07,128296,Ήπειρος Κατσικίσιο Λευκό Τυρί Αλμης Δοχείο Τιμή Κιλού,3.23
2025-11-07,105718,Έδεσμα Γαλοπούλα Καπνιστή Τιμή Κιλού,2.10
2025-11-07,129825,NOYNOY Cheese Mix Τριμμένο 200gr,3.05
2025-11-07,123280,Ελληνικές Φάρμες Light & Tasty Φέτες 5% 160gr,2.20
2025-11-07,669570,Granarolo Grana Padano Dop Τριμμένο 90gr,2.95
2025-11-07,129512,Ήπειρος Οικογενειακό Σε Φέτες 350gr,4.15
2025-11-07,104084,Montorsi Προσούτο Mattonela,4.90
2025-11-07,123804,Χώτος Φέτα ΠΟΠ Δοχείο Τιμή Κιλού,2.74
2025-11-07,105556,Υφαντής Γαλοπούλα Καπνιστή 200gr,2.82
2025-11-07,103006,Νίκας Μορταδέλα Ψητή,2.55
2025-11-07,104103,Creta Farms Εν Ελλάδι Μορταδέλλα Ψητή Τιμή Κιλού,2.70
2025-11-07,105296,My Gusto Ζαμπόν Μπούτι Βραστό 200gr,2.15
2025-11-07,130136,Adoro Edam Τυρί Τριμμένο 300gr,2.83
2025-11-07,105639,Νίκας Νιτσιάκος Κοτόπουλο Ψητό 160gr,2.92
2025-11-07,662288,Θράκης Γεύσεις Φιλέτο Γαλοπούλα Βραστή Χωρίς Γλουτένη Φέτες 160gr,2.72
2025-11-07,105928,Alcisa Μορταδέλλα Due Torri Φιστίκι Τιμή Κιλού,2.59
2025-11-07,670142,Πιτένης Σαλάτα Κηπουρού Τιμή Κιλού,2.12
2025-11-07,105460,Creta Farms Εν Ελλάδι Σαλάμι Αέρος Φέτες Με Ελαιόλαδο 100gr,2.45
2025-11-07,124021,Γραβιέρα Αμφιλοχίας 300gr,4.95
2025-11-07,130014,Τριμμένο 3Mix Τυριών Σουφλέ 200gr,2.62
2025-11-07,104011,Λακωνική Φιλέτο Κοτόπουλο Καπνιστό,2.28
2025-11-07,128641,Μπέλας Κασέρι Βερμίου Π.Ο.Π. 1/2 Κεφάλι Τιμή Κιλού,4.50
2025-11-07,104108,Υφαντής Φιλέτο Γαλοπούλα Καπνιστή 8 Απλά Συστατικά Τιμή Κιλού,3.73
2025-11-07,104169,Creta Farms Εν Ελλάδι Σαλάμι Αέρος Ελληνικό Τιμή Κιλού,3.38
2025-11-07,130433,Arla Mozzarella Δανίας Τριμμένη 200gr,2.98
2025-11-07,129040,La Vache Qui Rit Τρίγωνο (8 Μερίδες) 128gr,1.71
2025-11-07,128714,My Gusto Parmigiano Reggiano 200gr,5.04
2025-11-07,105095,Νίκας Σαλάμι Αέρος Τυποποιημένο 100gr,1.90
2025-11-07,124267,Adoro Σαγανάκι 45% Λιπαρά Δανίας Τιμή Κιλού,2.28
2025-11-07,129073,La Vache Quit Rit Stitch 8 Μερίδες Τρίγωνο 128gr,1.71
2025-11-07,124028,Κεφαλοτύρι Αμφιλοχίας Τριμμένο 300gr,4.95
2025-11-07,129366,ΝΟΥΝΟΥ Gouda Bars 120gr,2.35
2025-11-07,125091,Ήπειρος Ταλαγάνι Ελαφρύ 180gr,2.72
2025-11-07,126308,Kerrygold Regato Καπνιστό Ιρλανδίας Τιμή Κιλού,2.96
2025-11-07,128628,Tofunistas Τόφου Φυσικό Bio 200gr,2.16
2025-11-07,106263,Nikas Παριζάκι Χωρίς Συντηρητικά 300gr,2.80
2025-11-07,105631,Υφαντής Fouantre Ζαμπόν Μπούτι Χοιρινό Σε Φέτες 120gr,3.33
2025-11-07,105568,Υφαντής Γαλοπούλα Βραστή Τοστ Εγχώρια Τιμή Κιλού,2.08
2025-11-07,123377,Ήπειρος Μανούρι Τιμή Κιλού,2.58
2025-11-07,105530,Υφαντής Fouantre Γαλοπούλα Καπνιστή Χωρίς Γλουτένη 300gr,5.75
2025-11-07,123044,Μπούρινος Τουλουμοτύρι 500gr,4.50
2025-11-07,130013,Τσένταρ Τριμμένο Συσκευασμένο 160gr,1.75
2025-11-07,125111,Troodos Χαλούμι 200gr,3.50
2025-11-07,126111,Granarolo Pecorino Romano Τριμμένο 70gr,2.98
2025-11-07,105977,My Gusto Φιλέτο Γαλοπούλας Καπνιστό 200gr,2.44
2025-11-07,669667,Σαντζηλιώτης Κεφαλοτύρι Μυτιλήνης Τιμή Κιλού,3.23
2025-11-07,128424,Adoro Light 10% Σε Φέτες175gr,2.36
2025-11-07,128232,Λεβέτι Ελληνικό Κασέρι Ποπ Φέτες 175gr,4.05
2025-11-07,106731,Υφαντής Τζατζίκι 400gr,3.35
2025-11-07,105978,My Gusto Φιλέτο Γαλοπούλας Βραστή 200gr,2.42
2025-11-07,125123,Adoro Emmental Φέτες 160gr,1.84
2025-11-07,109293,YFF Σολομός Σκωτίας Βιολογικός 70gr,5.99
2025-11-07,129240,Arla Protein Delite Σε Φέτες 150gr,2.95
2025-11-07,669303,Alpiland Σκληρό Τυρί Asmonte 40% Λιπαρά Τιμή Κιλού,2.78
2025-11-07,128398,Amari Ριφάκι Κατσικίσιο Τυρί Τιμή Κιλού,3.92
2025-11-07,102014,Νίκας Fuego Σαλάμι Αέρος Εγχώριο,3.59
2025-11-07,105545,Creta Farms Μορταδέλα Χωρίς Γλουτένη 200gr,1.94
2025-11-07,105238,Wudy Pop Παριζάκι Γαλοπούλα &Κοτόπουλο Χωρίς Γλουτένη 500gr,2.84
2025-11-07,128120,Πετράτος Κεφαλογραβιέρα ΠΟΠ Αμφιλοχίας Τιμή Κιλού,3.83
2025-11-07,652345,Υφαντής Φιλέτο Γαλοπούλα Βραστή Φέτες 160gr,3.47
2025-11-07,101401,Υφαντής Χοιρινή Ωμοπλάτη Τιμή Κιλού,1.52
2025-11-07,124027,Τύπου Πεκορίνο Αμφιλοχίας Τριμμένο 300gr,4.95
2025-11-07,123378,Ήπειρος Μανούρι Π.Ο.Π. 200gr,3.40
2025-11-07,130009,ΦΑΓΕ Τρικαλινό Φέτες 240gr,4.08
2025-11-07,130163,Μπέλας Mozzarella Καπνιστή Τιμή Κιλού,2.19
2025-11-07,123181,Πράπας Φέτα Τυρνάβου Π.Ο.Π. Τιμή Κιλού,2.84
2025-11-07,670135,Πιτένης Σαλάτα Χτυπητή Τιμή Κιλού,2.24
2025-11-07,105632,Υφαντής Fouantre Γαλοπούλα Καπνιστή Σε Φέτες 120gr,3.79
2025-11-07,105333,Πασσιάς Σαλάμι Μπίρας Τιμή Κιλού,2.45
2025-11-07,105585,Υφαντής Σαλάμι Αέρος 100gr,2.42
2025-11-07,125005,Edam Μπάλα Ε.Ε. Τιμή Κιλού,2.04
2025-11-07,105558,Νίκας Less Salt Γαλοπούλα Βραστή Τιμή Κιλού,2.30
2025-11-07,105473,Creta Farms Εν Ελλάδι Παριζάκι Χωρίς Γλουτένη 310gr,3.64
2025-11-07,129003,Mini Babybel N.8 160gr,3.25
2025-11-07,124233,ΦΑΓΕ Τρικαλινό Ελαφρύ Κομμάτι 380gr,6.99
2025-11-07,104387,Θράκης Γεύσης Σαλάμι Αέρος Γραβιέρα Νάξου Xωρίς Γλουτένη Φετες 100gr,2.10
2025-11-07,128715,Alpiland Emmental Σε Φέτες 200gr,2.85
2025-11-07,105910,ΕΔΕΣΜΑ Γαλοπούλα Βραστή Χωρίς Γλουτένη Τιμή Κιλού,1.68
2025-11-07,130011,Mozzarella Συσκευασία 10 Φέτες 180gr,2.25
2025-11-07,104057,My Gusto Πάριζα & Τυρί Gouda 280gr,3.04
2025-11-07,123072,Bίκος Λευκό Τυρί Σε Άλμη 400gr,3.95
2025-11-07,128057,Χωριό Βιολογικό Τυρί Σε Φέτες Αγελάδος 140gr,3.71
2025-11-07,124244,Λεβέτι Κασέρι ΠΟΠ Σφήνα 230gr,5.18
2025-11-07,130026,Adoro Cheddar Σε Φέτες 350gr,4.65
2025-11-07,105069,My Gusto Σαλάμι Αέρος 220gr,2.84
2025-11-07,105088,My Gusto Σαλάμι Αέρος Φέτες 430gr,5.69
2025-11-07,104007,Montorsi Προσούτο Πάρμας 70gr,3.98
2025-11-07,104008,ΜΠΑΤΑΝΙΑΝ Παστουρμάς Ωρίμανσης από Τεμάχια Κρέατος 100gr,5.81
2025-11-07,128643,Μπέλας Καπνιστό Βερμίου 1/2 Μπαστούνι Τιμή Κιλού,3.06
2025-11-07,105334,Πασσιάς Μπέικον Ρολλό Τιμή Κιλού,4.88
2025-11-07,128276,Ήπειρος Οικογενειακό Φέτες 180gr,2.66
2025-11-07,128418,Adoro Mascarpone 250gr,4.20
2025-11-07,123457,Ήπειρος Φέτα ΠΟΠ Βιολογική 350gr,5.92
2025-11-07,104035,Creta Farms Ζαμπόν Μπούτι Καπνιστό Οβάλ Τιμή Κιλού,3.18
2025-11-07,129210,Philadelphia Τυρί Κρέμα Με Σκόρδο & Χορταρικά 200gr,2.90
2025-11-07,106003,Βεμ Ρώσικη Σαλάτα 450gr,3.90
2025-11-07,124009,My Gusto Ημίσκληρο Τυρί Ε.Ε. Τιμή Κιλού,2.56
2025-11-07,128115,Μεβγαλ Φέτα Σε Άλμη 400gr,6.40
2025-11-07,129081,Mini Babybel Stitch N 8 160gr,3.25
2025-11-07,106742,Υφαντής Χούμους Λεμόνι 400gr,3.67
2025-11-07,104094,Montorsi Προσούτο Πάρμας Ποπ Τιμη κιλού,5.84
2025-11-07,106240,Negroni Guanciale Χοιρινά Μάγουλα Σε Sticks 100gr,3.15
2025-11-07,225017,Mezete Gourmet Hummus Με Ψητή Πιπεριά 215gr,1.97
2025-11-07,124007,My Gusto Γραβιέρα Κρήτης ΠΟΠ 200gr,3.35
2025-11-07,670102,Πασσιάς Σαλάμι Αέρος Ουγγαρίας Τιμή Κιλού,3.05
2025-11-07,102550,Creta Farms "Χωρίς" Γλουτένη Κοτόπουλο Ψητό,4.08
2025-11-07,104371,Πίνδος Φιλέτο Κοτόπουλο Καπνιστό Σε Φέτες 160gr,2.33
2025-11-07,105738,Tostaki Φιλέτο Γαλοπούλας Βραστό Σε Φέτες 160gr,2.07
2025-11-07,123374,Γιώτης Ανθότυρo Τιμή Κιλού,1.74
2025-11-07,130021,Μυζήθρα Ξερή Τριμμένη Vacuum 400gr,4.50
2025-11-07,105086,My Gusto Σαλάμι Αέρος Φέτες 110gr,1.97
2025-11-07,104059,My Gusto Γαλοπούλα Καπνιστή & Τυρί Edam 280gr,3.96
2025-11-07,105637,Νίκας Νιτσιάκος Κοτόπουλο Ψητό Τιμή Κιλού,2.03
2025-11-07,105290,Αντωνάκη Καπνιστό Απάκι Κρήτης Χωρίς Γλουτένη 200gr,3.75
2025-11-07,125064,Alpiland Τυρί Gouda Φέτες 500gr,6.00
2025-11-07,123333,Μυζήθρα Νωπή Μερικώς Αποβουτυρωμένο Τιμή Κιλού,1.57
2025-11-07,128594,Leader Mozzarella Φέτες 200gr,2.21
2025-11-07,124060,Μετσοβόνε Ίδρυμα Τοσίτσα Καπνιστό Τιμή Κιλού,5.47
2025-11-07,124332,Όλυμπος Χωριάτικο Ημίσκληρο Φρατζόλα Τιμή Κιλού,3.07
2025-11-07,105724,Υφαντής Φιλέτο Γαλοπούλας Καπνιστό & NOYNOY Gouda 280gr,4.39
2025-11-07,123880,Χρυσάφη Καλαθάκι Λήμνου ΠΟΠ Τιμή Κιλού,3.24
2025-11-07,124128,Μακρή Τύπου Πεκορίνο Αμφιλοχίας Τιμή Κιλού,4.12
2025-11-07,106262,Nikas Παριζάκι Χωρίς Συντηρητικά 700gr,4.90
2025-11-07,670134,Πιτένης Ταραμοσαλάτα Λευκή Τιμή Κιλού,1.82
2025-11-07,127018,Μείγμα Τριμμένων Τυριών 300gr,4.30
2025-11-07,128471,Πέτρας Τυρί Τσαντίλας Δοχείο Τιμή Κιλού,3.08
2025-11-07,125043,Γραβιέρα Νάξου ΠΟΠ Τριμμένη 200gr,4.15
2025-11-07,124253,Kolios Πολυκάστρου Ημίσκληρο Φρατζόλα Τιμή Κιλού,3.23
2025-11-07,128265,Mini Babybel Mix Pack Original-Cheddar-Emmental 180gr 9τεμ,4.25
2025-11-07,128768,Αμάρι Γαλομυζήθρα 300gr,3.95
2025-11-07,128110,Kerrygold Red Cheddar Σε Φέτες 150gr,2.68
2025-11-07,102045,Νίκας Fuego Γαλοπούλα Καπνιστή,3.72
2025-11-07,105063,Πολυχρονόπουλος Παραδοσιακό Σαλάμι Αέρος Λευκάδος Τιμή Κιλού,3.65
2025-11-07,102015,Creta Farms Γαλοπούλα Βραστή "Χωρίς" Τιμή Κιλού,4.47
2025-11-07,105546,Υφαντής Χοιρινή Ωμοπλάτη 200gr,2.17
2025-11-07,128118,Πετράτος Γραβιέρα Αμφιλοχίας Τιμή Κιλού,3.83
2025-11-07,128027,Ήπειρος Κεφαλοτύρι Τριμμένο 150gr,3.42
2025-11-07,105954,Εν Ελλάδι Γαλοπούλα Καπνιστή & Edam Μειωμένα Λιπαρά Χωρίς Γλουτένη 280gr,6.28
2025-11-07,128338,Όλυμπος Γραβιέρα Πρόβεια 250gr,5.35
2025-11-07,105096,Νίκας Μπέικον Καπνιστό Τυποποιημένο 100gr,2.86
2025-11-07,670138,Πιτένης Μελιτζανοσαλάτα Τιμή Κιλού,1.54
2025-11-07,105866,Υφαντής Γαλοπούλας Καπνιστή Χωρίς Γλουτένη Φέτες 160gr,3.38
2025-11-07,128713,My Gusto Grana Padano 200gr,4.70
2025-11-07,106715,Σαλάτα Φάρμα Κηπουρού 250gr,3.83
2025-11-07,105824,Tostaki Combi Γαλοπούλα Καπνιστή & Gouda 280gr,3.38
2025-11-07,124030,Cathedral Mature Cheddar 9Μηνης Ωρίμανσης 200gr,4.20
2025-11-07,124258,Kolios Σπιτικό Αγελαδινό Ελαφρύ 400gr,4.20
2025-11-07,123323,Τρίκκη Γαλοτύρι Π.Ο.Π 450gr,5.75
2025-11-07,127007,Adoro Blue Cheese Δανίας Φρατζόλα Τιμή Κιλού,3.06
2025-11-07,130114,Kerrygold Red Cheddar Τριμμένο 150gr,2.16
2025-11-07,104082,Montorsi Σαλάμι Μιλάνου Χωρίς Γλουτένη 100gr,2.97
2025-11-07,124022,Κεφαλογραβιέρα Αμφιλοχίας ΠΟΠ 300gr,5.07
2025-11-07,105020,Υφαντής Ferrano Μπέικον Γαλοπούλας Σε Φέτες 4% Λιπαρά 120gr,3.82
2025-11-07,105592,Υφαντής Σαλάμι Αέρος Πικάντικο Χωρίς Γλουτένη 100gr,2.30
2025-11-07,105031,Νίκας Σαλάμι Αέρος Τύπου Λευκάδος 165gr,2.47
2025-11-07,104399,Μπατανιάν Σουτζούκι Τύπου Αρμένικο Extra Φέτες 130gr,3.62
2025-11-07,105167,Αντωνάκη Καπνιστό Σύγκλινο Κρήτης Με Ελαιόλαδο Χωρίς Γλουτένη 230gr,3.56
2025-11-07,105979,My Gusto Πάριζα Βραστή 200gr,1.46
2025-11-07,128014,Καλογεράκη Γραβιέρα ΠΟΠ 300gr,5.35
2025-11-07,139092,Στράκας Πηλιορίτικο Λουκάνικο Πρασάτο Καυτερό 390gr,3.91
2025-11-07,128227,Parrano Robusto Σκληρό Τυρί Κομμάτι 150gr,2.88
2025-11-07,105555,Υφαντής Μορταδέλα Βραστή 200gr,2.00
2025-11-07,105596,Υφαντής Παριζάκι Χωρίς Γλουτένη 500gr,4.71
2025-11-07,128765,Parmissimo Παρμεζάνα Reggiano Flakes 80gr,3.97
2025-11-07,105867,Υφαντής Ζαμπόν Μπούτι Βραστή Χωρίς Γλουτένη Φέτες 160gr,2.60
2025-11-07,124658,Κρυστάλλι Κεφαλογραβιέρα Π.Ο.Π. Άρτας Τιμή Κιλού,4.22
2025-11-07,104157,Creta Farms Χοιρινή Ωμοπλάτη 10x10,2.19
2025-11-07,105630,Νικας Γαλοπούλα Ψητή Οβάλ Χωρίς Γλουτένη 200gr,4.47
2025-11-07,124337,Γραβιέρα Τήνου Κεφάλι Τιμή Κιλού,4.22
2025-11-07,124504,Γραβιέρα Αιτωλοακαρνανίας Μακράς Ωρίμανσης Τιμή Κιλού,4.54
2025-11-07,106733,Υφαντής Τυροκαυτερή Χτυπητή Χωρίς Συντηρητικά 400gr,4.31
2025-11-07,105929,Casa Modena Σαλάμι Napoli Τιμή Κιλού,2.55
2025-11-07,124660,Κελάρι Γραβιέρα Με Τσίλι Τιμή Κιλού,5.38
2025-11-07,123218,Όλυμπος Λευκό Τυρί Χωριάτικο Δοχείου Τιμή Κιλού,2.49
2025-11-07,104049,Νίκας Φιλέτο Γαλοπούλας Καπνιστή Τοστ Εγχώρια,2.30
2025-11-07,126103,Πετράτος Κεφαλοτύρι Αμφιλοχίας Τιμή Κιλού,3.60
2025-11-07,124313,Kolios Το Παραδοσιακό Τυρί Ημίσκληρο 370gr,4.95
2025-11-07,106159,My Gusto Ταραμοσαλάτα 250gr,1.44
2025-11-07,670198,Πιτένης Τονοσαλάτα Τιμή Κιλού,3.42
2025-11-07,105612,Υφαντής Ferrano Προσούτο Σε Φέτες 80gr,5.53
2025-11-07,124144,Μακρή Κεφαλοτύρι Πρόβειο Αμφιλοχίας 1/2 Κεφάλι Ελληνικό Τιμή Κιλού,4.12
2025-11-07,128469,Όλυμπος Χωριάτικο Λευκό Τυρί 500gr,6.50
2025-11-07,128243,Parrano Robusto Σκληρό Τυρί Τριμμένο 180gr,3.07
2025-11-07,124025,Γραβιέρα Αμφιλοχίας Τριμμένη 300gr,4.95
2025-11-07,124234,ΦΑΓΕ Τρικαλινό Κομμάτι 380gr,6.55
2025-11-07,124082,Freevia Άπαχο Πρόβειο 1% Σε Τάπερ 360gr,6.65
2025-11-07,123610,Μπαμπούνης Μυζήθρα Γλυκιά Νάξου Τιμή Κιλού,2.20
2025-11-07,669000,Λευκό Αγελαδινό Τρικάλων Δοχείο Τιμή Κιλού,1.24
2025-11-07,105600,Combi Εν Ελλάδι " Χωρίς" Φιλέτο Γαλοπούλα Edam Μειωμένα Λιπαρά Γλουτένη 280gr,6.32
2025-11-07,105199,Νίκας Γαλοπούλα Καπνιστή Φέτες 160gr,3.24
2025-11-07,127374,President Creme De Cheddar 125gr,2.65
2025-11-07,104509,Υφαντής Ferrano Προσιούτο,7.46
2025-11-07,123068,Kolios Σπιτικό Λευκό Τυρί Χωρίς Λακτόζη 300gr,3.24
2025-11-07,128107,Kerrygold Regato Light Συσκευασμένο 230gr,3.90
2025-11-07,105723,Υφαντής Πάριζα & ΝΟΥΝΟΥ Gouda 280gr,3.47
2025-11-07,128106,Kerrygold Regato Συσκευασμένο 230gr,3.36
2025-11-07,106161,My Gusto Σαλάτα Βουδαπέστης 250gr,1.72
2025-11-07,124330,Μπαμπούνης Αρσενικό Νάξου Τιμή Κιλού,5.67
2025-11-07,106235,Veritalia Προσούτο Crudo Σε Φέτες 100gr,3.75
2025-11-07,105654,Creta Farms Εν Ελλάδι Παριζάκι Χωρίς Γλουτένη 500gr,4.99
2025-11-07,105336,Πασσιάς Κορυφαίο Γαλοπούλα Καπνιστη Τιμή Κιλού,4.35
2025-11-07,102035,Nikas Fuego Γαλοπούλα Ψητή Οβάλ Τιμή Κιλού,4.31
2025-11-07,125122,Apostolou Ταλαγάνι Τυρί Καπνιστό 180gr,2.89
2025-11-07,124176,Ήπειρος Γραβιέρα Αγελαδινή Τιμή Κιλού,3.08
2025-11-07,130529,Kolios Κεφαλοτύρι Τριμμένο 200gr,3.75
2025-11-07,651892,Υφαντής Ταραμοσαλάτα 400gr,3.17
2025-11-07,104045,Νίκας Φιλέτο Γαλοπούλας Βραστή Σάντουιτς Εγχώρια,2.30
2025-11-07,123052,Γρατσάνης Γραβιέρα Αμφιλοχίας Τιμή Κιλού,3.65
2025-11-07,235045,Οι Γουμένισσες Chutney Ντομάτα 220gr,2.68
2025-11-07,106702,Τζατζίκι Σαλάτα 250gr,3.25
2025-11-07,105195,Νίκας Γαλοπούλα Βραστή Φέτες 160gr,3.24
2025-11-07,124023,Τυρί Τύπου Πεκορίνο Αμφιλοχίας 300gr,4.95
2025-11-07,128024,Parmissimo Parmigiano Reggiano Ιταλίας Κομμάτι 150gr,6.15
2025-11-07,106526,Πιτένης Κοτοσαλάτα Τιμή Κιλού,2.67
2025-11-07,128393,Αγρέας Κατσικίσιο Τυρί Σε Φέτες 150gr,3.95
2025-11-07,126115,Granarolo Mozzarella Bufala Φρέσκια 125gr,3.65
2025-11-07,128482,Απστόλου Ταλαγάνι Φέτες Μπούκοβο 180gr,2.89
2025-11-07,124661,Κελάρι Γραβιέρα Με Πιπέρι Τιμή Κιλού,5.38
2025-11-07,192460,Avoel Natural Avocado Spread 125gr,2.95
2025-11-07,124026,Κεφαλογραβιέρα Αμφιλοχίας ΠΟΠ Τριμμένη 300gr,5.07
2025-11-07,106237,Camprofrio Tapas Chorizo Σε Φέτες 80gr,2.50
2025-11-07,105060,Υφαντής Ferrano Μπέικον Καπνιστό Φέτες,3.65
2025-11-07,105008,Montorsi Ποικιλία Ιταλικών Αλλαντικών Χωρίς Γλουτένη 120gr,5.05
2025-11-07,106221,Guru Χούμους Παντζάρι Vegan 180gr,2.24
2025-11-07,104055,Creta Farms Εν Ελλάδι Φιλέτο Κοτόπουλο Ψητό Τοστ,3.42
2025-11-07,128268,Μπέλας Γραβιέρα Βερμίου Καπνιστή 1/2 Κεφάλι Τιμή Κιλού,4.54
2025-11-07,124293,Κρητών Παράδοση Γραβιέρα Με 3 Πιπέρια 200gr,4.99
2025-11-07,106705,Τυροκαυτερή Σαλάτα 250gr,3.65
2025-11-07,670141,Πιτένης Αγιορείτικη Σαλάτα Τιμή Κιλού,1.69
2025-11-07,106250,Ifantis Φιλέτο Κοτόπουλο Ψητό & Milner 280gr,3.52
2025-11-07,104065,Εν Ελλάδι Gourmet Κοτόπουλο BBQ Ψητό-Καπνιστό Τιμή Κιλού,3.78
2025-11-07,128723,My Gusto Φέτα Βαρελίσια ΠΟΠ Πλαστικό Δοχείο 900gr,13.10
2025-11-07,128400,Granarolo Μοτσαρέλα Maxi 250gr,3.55
2025-11-07,106277,Νίκας Νιτσιάκος Παριζάκι Κοτόπουλο Χωρίς Συντηρητικά 280gr,3.03
2025-11-07,105722,Υφαντής Φιλέτο Γαλοπούλας Καπνιστό & Milner 280gr,4.39
2025-11-07,128157,Arla Havarti Tυρί Ωρίμανσης Φέτες 150gr,2.55
2025-11-07,123632,Benecol Λευκό Δοχείο 300gr,6.63
2025-11-07,235125,Οι Γουμένισσες Chutney Σύκο Με Τζίντζερ 220gr,2.82
2025-11-07,130145,Adoro Μίγμα Τριμμένων Τυριών 300gr,4.39
2025-11-07,128647,Μπέλας Καπνιστό Τυρί Φέτες 200gr,3.55
2025-11-07,123603,Βοσκός Τυρί Μανούρι Π.Ο.Π. Τιμή Κιλού,2.74
2025-11-07,104034,Creta Farms Φιλέτο Γαλοπούλα Καπνιστό Οβάλ Τιμή Κιλού,4.50
2025-11-07,125070,Alpiland Τυρί Σαγανάκι Αυστρίας 200gr,3.66
2025-11-07,128065,Ήπειρος Κεφαλογραβιέρα 230gr,4.80
2025-11-07,105519,Νίκας Νιτσιάκος Κοτόπουλο Ψητό Οβάλ Χωρίς Γλουτένη 200gr,2.59
2025-11-07,124292,Κρητών Παράδοση Γραβιέρα Καπνιστή 200gr,4.99
2025-11-07,124088,Γραβιέρα Σφακίων Κεφάλι Τιμή Κιλού,4.17
2025-11-07,129190,President Τυρί Φέτες Toast Light 200gr,2.40
2025-11-07,128722,My Gusto Φέτα Βαρελίσια ΠΟΠ Πλαστικό Δοχείο 400gr,6.40
2025-11-07,670101,Πασσιάς Γαλοπούλα Βραστή Τιμή Κιλού,3.85
2025-11-07,235068,Οι Γουμένισσες Chutney Κρεμμύδι Με Βαλσάμικο 220gr,2.73
2025-11-07,106743,Υφαντής Χούμους με Καραμελωμένα Κρεμμύδια 250gr,3.20
2025-11-07,104013,Λακωνικη Φιλέτο Γαλοπούλας Καπνιστό,2.79
2025-11-07,105820,Creta Farms Εν Ελλάδι Σαλάμι Αέρος Μίνι 200gr,4.05
2025-11-07,105634,Υφαντής Fouantre Γαλοπούλα Με Τρούφα Τιμή Κιλού,4.06
2025-11-07,106732,Υφαντής Τυροκαυτερή 400gr,4.45
2025-11-07,670100,Πασσιάς Γαλοπούλα Καπνιστή Τιμή Κιλού,3.85
2025-11-07,124092,Θυμελη Κασέρι Π.Ο.Π Κεφάλι Τιμή Κιλού,3.73
2025-11-07,124367,Το Κελάρι Γραβιέρα Με Τρούφα 1/4 Τιμή Κιλού,6.74
2025-11-07,124294,Κρητών Παράδοση Γραβιέρα 12μηνης Ωρίμανσης 200gr,4.95
2025-11-07,192462,Avoel Guacamole Avocado Dip 125gr,2.95
2025-11-07,123053,Γρατσάνης Κεφαλογραβιέρα Αιτωλοακαρνανίας Π.Ο.Π Τιμή Κιλού,3.65
2025-11-07,102626,Υφαντής Τα Λουκάνικα Της Μάρως Με Καραμελωμένα Κρεμμύδια 340gr,5.23
2025-11-07,123345,Μυστακέλλη Λαδοτύρι ΠΟΠ Κεφάλι Τιμή Κιλού,22.44
2025-11-07,106744,Υφαντής Φάβα Λεμόνι 250gr,2.93
2025-11-07,104370,Πίνδος Παριζάκι Κοτόπουλου 280gr,3.05
2025-11-07,105358,Λακωνική Σαλάμι Αέρος Μυστράς 220gr,4.50
2025-11-07,104396,Μπατανιάν Παστουρμάς Τιμή κιλού,8.97
2025-11-07,127341,Mauri Gorgonzola Ιταλίας 200gr,3.90
2025-11-07,106730,Υφαντής Σαλάτα Ρώσικη 400gr,3.17
2025-11-07,128731,President Brie Τρίγωνο 60% Λιπαρά 200gr,4.65
2025-11-07,669308,Granarolo Grana Padano Ιταλίας Dop 200gr,5.35
2025-11-07,104118,Ifantis Φιλέτο Γαλοπούλας Καπνιστό 8 Απλά Συστατικά 100gr,2.46
2025-11-07,106220,Condito The Green Line Μελιτζανοσαλάτα Χωρίς Γλουτένη 250gr,2.10
2025-11-07,192461,Avoel Herbs&Lemon Avocado Spread 125gr,2.95
2025-11-07,102625,Υφαντής Τα Λουκάνικα Της Μάρως Με Καυτερή Πιπεριά 340gr,4.16
2025-11-07,105687,Υφαντής Φιλέτο Γαλοπούλας Καπνιστή Φέτες 300gr,6.44
2025-11-07,127066,Granarolo Burrata 125gr,3.90
2025-11-07,106429,Αμβροσία Τυροκαυτερή 250gr,2.50
2025-11-07,104009,Λακωνική Γαλοπούλα Βραστή Φιλέτο Τιμή Κιλού,2.80
2025-11-07,104058,My Gusto Γαλοπούλα Βραστή & Τυρί Edam 280gr,3.96
2025-11-07,128546,Καλογεράκη Γραβιέρα Light 300gr,5.47
2025-11-07,126014,Όλυμπος Freelact Λευκό Τυρί 500gr,6.70
2025-11-07,130027,Ρόζης Γραβιέρα Καυτερή Πιπέρι Μπούκοβο Τιμή Κιλού,4.22
2025-11-07,129052,President Τυρί Αλοιφώδους Υφής Με Γεύσης Cheddar 140gr,1.95
2025-11-07,106704,Hellmann's Τυροσαλάτα 250gr,3.65
2025-11-07,669737,Πιτένης Καβουροσαλάτα Τιμή Κιλού,3.04
2025-11-07,128438,Βουβαλίσιο Λευκό Τυρί Κερκίνης 300gr,5.92
2025-11-07,124020,My Gusto Γραβιέρα Αμφιλοχίας 200gr,3.75
2025-11-07,124254,Kolios Παραδοσιακό Ελαφρύ Φετάκι,2.45
2025-11-07,127068,Granarolo Quattrocento Κομμάτι 150gr,3.60
2025-11-07,130006,Kolios Γραβιέρα Αγελάδος Τριμμένη 180g,3.84
2025-11-07,105643,Υφαντής Fouantre Χοιρινό Ψητό Μυρωδικά Χωρίς Γλουτένη 100gr,2.98
2025-11-07,105122,My Gusto Σαλάμι Αέρος Λευκάδος Τιμή Κιλού,4.06
2025-11-07,128040,Ήπειρος Φέτα Π.Ο.Π. Μερίδες 2kg,26.87
2025-11-07,106265,Ifantis Chorizo Χωρίς Γλουτένη 100gr,2.95
2025-11-07,105613,Αλλ/ποιείον Στρεμμένου Ακροκώλιον (Προσούτο) Χειρ/το Φέτες 70gr,4.53
2025-11-07,104102,Νίκας Σαλάμι Σκορδάτο Χωρίς Γλουτένη 700gr,4.90
2025-11-07,128555,Granarolo Ricotta Φρέσκια 250gr,2.55
2025-11-07,128478,La Vache Quit Rit Τυροβουτιές Family Pack 280gr 8τεμ,4.00
2025-11-07,126013,Central Pecorino Romano D.O.P Τιμή Κιλού,8.62
2025-11-07,126114,Granarolo Pecorino Romano 150gr,6.75
2025-11-07,127373,President Creme De Blue Cheese 125gr,2.65
2025-11-07,124382,Bliss Point Γραβιέρα Μαύρη Τρούφα 125gr,5.95
2025-11-07,105041,Υφαντής Σαλάμι Αέρος Με Παρμεζάνα Τιμή Κιλού,4.10
2025-11-07,106701,Ρώσικη Σαλάτα 250gr,2.77
2025-11-07,128732,President Camembert 45% Λιπαρά 250gr,5.15
2025-11-07,124271,Ζευς Ξυλούρης Γραβιέρα Κρήτης Ποπ Τιμή Κιλού,3.98
2025-11-07,106745,Ifantis Χούμους Πέστο 250gr,2.92
2025-11-07,124269,Ήπειρος Γραβιέρα Αγελάδος 230gr,4.08
2025-11-07,124071,Ίδρυμα Τοσίτσα Γραβιέρα Μετσόβου Τιμή Κιλού,5.72
2025-11-07,670202,Πιτένης Σκορδαλιά Τιμή Κιλού,1.85
2025-11-07,124257,Kolios Παραδοσικό Φετάκι 180gr,2.45
2025-11-07,112066,Διρφύς Κρέμα Μαύρης Τρούφας 140gr,4.36
2025-11-07,106193,Υφαντής Guacamole Σαλάτα Χωρίς Γλουτένη 200gr,4.63
2025-11-07,128586,Ανόστρου Κάσσιου Με Πάπρικα Τιμή Κιλού,5.05
2025-11-07,124751,Καλογεράκη Γραβιέρακι Αιγοπρόβειο Γάλα Τιμή Κιλού,4.40
2025-11-07,105635,Υφαντής Fouantre Ψητό Χοιρινό Με Μυρωδικά Τιμή Κιλού,3.96
2025-11-07,125607,Leader Τυρί Νάξου Σε Φέτες 200gr,4.45
2025-11-07,124268,Σαν Μιχάλη Σκληρό Τυρί Σύρου Π.Ο.Π. Τιμή Κιλού,5.62
2025-11-07,663247,Mills Sand Artic Caviar 185gr,5.46
2025-11-07,128584,Μαστέλο Μαλακό Τυρί Αγελαδινό Συσκευασμένο Τιμή Κιλού,6.67
2025-11-07,105393,Δαρμανής Σαλάτα Αλλαντικά Κερκύρας 220gr,5.88
2025-11-07,106001,ΒΕΜ Ρώσικη Σαλάτα 250gr,2.65
2025-11-07,106276,Πιτένης Κοτοσαλάτα 200gr,4.06
2025-11-07,106275,Πιτένης Χτυπητή 200gr,3.54
2025-11-07,103032,Nikas Fuego Μπριζόλα Καπνιστή Χωρίς Γλουτένη 160gr,3.41
2025-11-07,124004,My Gusto Κεφαλογραβιέρα Αμφιλοχίας ΠΟΠ 200gr,3.95
2025-11-07,104180,Νίκας Μπέικον Σε Φέτες Τιμή Κιλού,3.82
2025-11-07,129080,Granarolo Burrata Mini 3x50,4.46
2025-11-07,124222,Συμπόσιον Νιώτισα Γραβιέρα Ιου Τιμή Κιλού,5.65
2025-11-07,123336,Γραβιέρα Πρεβέζης Τιμή Κιλού,4.96
2025-11-07,124024,Κεφαλοτύρι Αμφιλοχίας 300gr,4.95
2025-11-07,124349,Παραδοσιακό Ναξιώτικο Τυρί Συνεταιρισμού Τιμή Κιλού,4.83
2025-11-07,123036,Γιαννάκη Πρέντζα Κεφαλονιάς 400gr,6.65
2025-11-07,105343,Argal Chorizo Iberico 200gr,4.82
2025-11-07,128583,Μαστέλο Μαλακό Τυρί "Κατσικάκι" Τιμή Κιλού,4.55
2025-11-07,106428,Αμβροσία Τζατζίκι 250gr,2.25
2025-11-07,124073,Γραβιέρα Αιγοπρόβεια Ιωαννίνων Τιμή Κιλού,4.47
2025-11-07,124043,Ρόζης Γραβιέρα Ναυπλίου Τιμή Κιλού,3.98
2025-11-07,123419,Γκερεμέζι Μάλακό Μαλακό Τυρί με Φιστίκι 100gr,2.95
2025-11-07,106006,Βεμ Ρώσικη Σαλάτα 900gr,6.38
2025-11-07,105818,Tostaki Combi Πάριζα & Gouda 280gr,4.31
2025-11-07,204757,Gaea Μελιτζανοσαλάτα Καπνιστή 100gr,2.95
2025-11-07,129370,Societe Ροκφόρ 1/2 Ρόδα Τιμή Κιλού,6.40
2025-11-07,128730,President Κατσικίσιος Κορμός Γαλλίας Με Κρούστα Προέλευση Ε.Ε. Τιμή Κιλού,6.25
2025-11-07,128347,Τριπολή Φέτα ΠΟΠ Βαρελίσια 300gr,5.45
2025-11-07,128716,Alpiland Gouda Καπνιστή Σε Φέτες 200gr,3.33
2025-11-07,105614,Στρεμμένου Ποικιλία Αλλαντικών Χωρίς Γλουτένη 120gr,7.09
2025-11-07,106004,Βεμ Τζατζίκι 400gr,3.20
2025-11-07,192495,Avoel Guacamole 75g Με Κριτσίνι 50gr,3.49
2025-11-07,105544,Εν Ελλάδι Κοτόπουλο Καπνιστό Χωρίς Γλουτένη 200gr,3.42
2025-11-07,106507,Βιοσάλ Τυροκαυτερή 200gr,3.21
2025-11-07,123421,Καϊδαντζής Σταμνοτύρι 200gr,2.38
2025-11-07,105194,Νίκας Πάριζα Φέτες 160gr,1.20
2025-11-07,105019,Υφαντής Ferrano Bresaola Σε Φέτες 80gr,5.24
2025-11-07,127027,Granarolo Gorgonzola Dolce Dop Τιμή Κιλού,3.90
2025-11-07,106508,Βιοσάλ Χτυπητή 200gr,3.08
2025-11-07,129632,Merchi Chef Κατσικίσιο Τυρί Κορμός Με Κρούστα Τιμή Κιλού,6.47
2025-11-07,123319,ΑΟΡΙ Ξερός Ανθότυρος Με Πιπέρι Τιμή Κιλού,3.85
2025-11-07,124384,Bliss Point Γραβιέρα Σπηλιάς 125gr,4.50
2025-11-07,123424,Γκερεμέζι Μαλακό Τυρί Μεσογειακό 100gr,2.92
2025-11-07,123418,Γκερεμέζι Μαλακό Τυρί Με 4 Πιπέρια 100gr,2.88
2025-11-07,129385,Chavroux Τυρί Κατσικίσιο Γαλλίας 150gr,5.89
2025-11-07,128224,Granarolo Il Saggio Κατσικίσιο Τυρί Τιμή Κιλού,7.12
2025-11-07,127067,Granarolo Pecorino Toscano Τυρί Κομμάρι 150gr,5.50
2025-11-07,105648,Στρεμμένου Σαλάμι Αέρος Ευρυτανίας Χωρίς Γλουτένη 200gr,7.06
2025-11-07,129631,Papillon Black Label Ροκφόρ Τιμή Κιλού,10.15
2025-11-07,124070,Γιώτης Μαλακό Τυρί Άργους Τιμή Κιλού,3.88
2025-11-07,128554,Lat Bri Μοτσαρέλα Ιταλίας Mini 1Kg,13.14
2025-11-07,124270,Kolios Νηστίσιμο Λευκό Σε Φέτες 400gr,4.06
2025-11-07,128309,Μοναστήρι Αγνοτύρι 300gr,2.89
2025-11-07,109323,Viking Ταραμάς Γνήσιος Δοχείο Τιμή Κιλού,1.79
2025-11-07,109911,Mαμάη Ταραμάς 145gr,4.05
2025-11-07,109107,Captain Σκεύασμα Ταραμά Κόκκινου Extra Τιμή Κιλού,0.93
2025-11-07,106504,Βιοσάλ Τζατζίκι 200gr,2.43
2025-11-07,670701,Captain Ταραμοπολτός Τιμή Κιλού,1.85
2025-11-07,105026,Υφαντής Ferrano Coppa Χωρίς Γλουτένη 70gr,4.14
2025-11-07,123887,Γιαννάκη Ανθότυρο Ξερό Με Γλυκιές Πιπεριές Tιμή Κιλού,2.92
2025-11-07,127014,Πεκορίνο Σαρδηνίας Με Τρούφα Τιμή Κιλού,12.38
2025-11-07,128312,Μοναστήρι Γραβιέρα Πιπεράτη 250gr,4.60
2025-11-07,128304,Μοναστήρι Μίγμα 3 Τυριών 200gr,4.07
2025-11-07,128306,Μοναστήρι Καπνιστό Τυρί 250gr,5.35
2025-11-07,109910,Μαμάη Ταραμοπολτός Κύπρου 145gr,3.05
2025-11-07,143003,Μπάρμπα Στάθης Αρακάς 1kg,3.34
2025-11-07,143185,Μπάρμπα Στάθης Κρεμμύδι Ψιλοκομμένο Κατεψυγμένο 300gr,2.25
2025-11-07,150017,Του Μπαμπά Κοτομπουκιές Ψημένες Κατεψηγμένες 500gr,4.16
2025-11-07,143011,Μπάρμπα Στάθης Φασολάκια Πλατιά 1kg,3.42
2025-11-07,143745,My Kouzina Αρακάς Κατεψυγμένος 1kg,1.99
2025-11-07,157890,Σπιτική Ζύμη Σουσαμίνια Με Φέτα Π.Ο.Π Ελασσόνας Και Μέλι Θάσου 500gr,3.65
2025-11-07,143180,Alterra Αρακάς Πέλλας Κατεψυγμένος 900gr,3.11
2025-11-07,157175,Χρυσή Ζύμη Κρουασάν Βουτύρου Κατεψυγμένα 300gr,2.82
2025-11-07,143178,Αλτέρρα Φασολάκια Πλατιά Πέλλας Κατεψυγμένα 900gr,3.12
2025-11-07,157623,Alfa Εκλεκτά Λουκανικοπιτάκια Με Καπνιστό Λουκάνικο & Κέτσαπ Κατεψυγμένα 450gr,3.48
2025-11-07,157712,Χρυσή Ζύμη Κουρού Τυροπιτάκια Κατεψυγμένα 800gr,5.06
2025-11-07,143720,My Kouzina Σπανάκι Φύλλο 750gr,2.70
2025-11-07,143076,Μπάρμπα Στάθης Αρακάς Βιολογική Καλλιέργια 450gr,4.18
2025-11-07,157546,Μπάρμπα Στάθης Ας Μαγειρέψουμε Αρακάς Λαδερός 1kg,3.77
2025-11-07,143017,Μπάρμπα Στάθης Φασολάκια Στρογγυλά 1kg,3.26
2025-11-07,152713,Alfa Πίτσα Margherita 2τεμ 730gr,8.90
2025-11-07,164102,Πάγος Σακούλα 2-5kg,1.88
2025-11-07,150169,Creta Farms Εν Ελλάδι Κεφτεδάκι Με Ελαιόλαδο Κατεψυγμένο 420gr,4.88
2025-11-07,157174,Χρυσή Ζύμη Κρουασάν Βουτύρου Πραλίνα Κατεψυγμένά 480gr,4.27
2025-11-07,150007,Του Μπαμπά Γύρος Χοιρινός Κατεψυγμένος 330gr,4.39
2025-11-07,143722,My Kouzina Φασολάκια Πλατιά 1kg,1.99
2025-11-07,143157,Μπάρμπα Στάθης Φασόλια Χάνδρες Κατεψυγμένα 600gr,4.67
2025-11-07,143026,Μπάρμπα Στάθης Σπανάκι Φύλλα Κατεψυγμένα 1kg,4.94
2025-11-07,143062,Μπάρμπα Στάθης Μπρόκολο 750gr,4.18
2025-11-07,142153,Mydibel Traditionfrench Κατεψυγμένο 1kg,2.13
2025-11-07,157622,Alfa Εκλεκτά Πιτάκια Τυρί Κρέμα & Γαλοπούλα Κατεψυγμένα 450gr,3.84
2025-11-07,143138,Alterra Σπανάκι Φύλλο 750gr,3.02
2025-11-07,143424,Μπάρμπα Στάθης Ρεβύθια Κατεψυγμένα 600gr,2.92
2025-11-07,143380,Μπάρμπα Στάθης Ας Μαγειρέψουμε Σπανακόρυζο Κατεψυγμένο 1kg,3.93
2025-11-07,143721,My Kouzina Φασολάκια Στρογγυλά Κστεψυγμένα 1kg,2.56
2025-11-07,150016,Του Μπαμπά Κεμπάπ Πολίτικο Κατεψυγμένο 400gr,3.32
2025-11-07,143147,Μπαρμπα Στάθης Καλαμπόκι Κατεψυγμένο 600gr,3.41
2025-11-07,144529,Pescanova Σνίτσελ Φιλέτο Μπακαλιάρου Κατεψυγμένο 400gr,4.98
2025-11-07,143123,Μπάρμπα Στάθης Ραδίκια 600gr,3.51
2025-11-07,157624,Alfa Εκλεκτά Ζαμπονοτυροπιτάκια Κασέρι ΠΟΠ & Σως Κατεψυγμένο 450gr,3.97
2025-11-07,144492,Καλό Λιμάνι Ψαροκροκέτα Κατεψυγμένη 450gr,4.40
2025-11-07,143054,Χρυσή Ζύμη Μακεδονίτικο Στριφτάρι 4 Τυριά 600gr,4.93
2025-11-07,150020,Alfa Home Pizza Special Κατεψυγμένη 800gr,8.48
2025-11-07,150009,Του Μπαμπά Burger Μοσχάρι Angus Κατεψυγμένο 480gr,4.19
2025-11-07,142144,Mydibel Classic French Κατεψυγμένες 1kg,2.15
2025-11-07,143176,Μπάρμπα Στάθης Αρακάς Κατεψυγμένος 420gr,3.09
2025-11-07,150163,Creta Farms Εν Ελλάδι Μπιφτέκι Με Ελαιόλαδο Κατεψυγμένο 420gr,4.82
2025-11-07,157325,Alfa Κασσιάτα Ζαγορίου Σπανάκι Τυρί Πράσο Σέσκουλο Kατεψυγμένο 650gr,5.12
2025-11-07,157888,Σπιτική Ζύμη Σφολιατάκια Με Λουκάνικο Κατεψυγμένα 700gr,5.14
2025-11-07,144359,My Kouzina Μπακαλιάρος Φιλέτο 850gr,5.20
2025-11-07,150148,Creta Farms Εν Ελλάδι Κοτομπουκιές 400gr,6.47
2025-11-07,157764,Alfa Μπουγάτσα Θεσσαλονίκης Σπανάκι Τυρί 800gr,4.55
2025-11-07,142194,Mc Cain Πατάτες Airfryer Julienne Κατεψυγμένες 600gr,3.53
2025-11-07,157713,Χρυσή Ζύμη Σπιτικά Τρίγωνα Με Τυρί Κατεψυγμένα 700gr,6.06
2025-11-07,150331,Megas Yeeros Γύρος Χοιρινός Χωρίς Γλουτένη Κατεψυγμένος 330gr,4.42
2025-11-07,143037,Μπάρμπα Στάθης Φασολάκια Πλάτια Βιολογικά 450gr,4.26
2025-11-07,143420,Αίνος Σπανακόρυζο Κατεψυγμένο 1kg,4.61
2025-11-07,143091,Alterra Αρακάς Πέλλας Κατεψυγμένος 450gr,2.29
2025-11-07,157905,Χρυσή Ζύμη Μπουγάτσα Θεσσαλονίκης Φέτα & Μυζήθρα 450gr,3.15
2025-11-07,143379,Μπάρμπα Στάθης Ας Μαγειρέψουμε Φασολάκια Στρογγυλά Λαδερά 1kg,3.63
2025-11-07,143710,My Kouzina Μίγμα Λαχανικών 1kg,2.25
2025-11-07,669502,Χρυσή Ζύμη Μπουγάτσα Θεσσαλονίκης Κρέμα 450gr,3.12
2025-11-07,150008,Του Μπσμπά Γύρος Κοτόπουλο Κατεψυγμένο 330gr,4.65
2025-11-07,157361,Greca Pizza Τετράγωνη Special Κατεψυγμένη 1150gr,8.19
2025-11-07,157563,Χρυσή Ζύμη Βάση Για Πίτσα Ιταλική 600gr,3.33
2025-11-07,157492,Μy Kouzina Λουκανικοπιτάκια 1kg,3.93
2025-11-07,143000,Μπάρμπα Στάθης Πατάτες Country Κατεψυγμένες 750gr,3.96
2025-11-07,160288,My Gusto Παγωτό Multi Ξυλάκι Βανίλια Σοκολάτα 6τεμ 300gr,3.32
2025-11-07,142195,Mc Cain Πατάτες Airfryer Chips Κατεψυγμένες 600gr,3.88
2025-11-07,157725,Alfa Κλασικά Τυροπιτάκια Κουρού Κατεψυγμένα 800gr,5.27
2025-11-07,143747,My Kouzina Καλαμπόκι Κατεψυγμένος 450gr,1.65
2025-11-07,143410,Alterra Σεφ Στο Σπίτι Σπανακόρυζο 1kg,4.39
2025-11-07,148055,Υφαντής Μπουκιές Κοτόπουλου Ελληνικές Παναρισμένες Κατεψυγμένες 500gr,4.02
2025-11-07,157733,Χρυσή Ζύμη Τυροπιτάκια Κατεψυγμένα 800gr,4.55
2025-11-07,143749,My Kouzina Μπάμιες Extra Κατεψυγμένες 450gr,2.93
2025-11-07,157324,Alfa Κασσιάτα Ζαγορίου Φέτα Μυζήθρα Γραβιέρα Κατεψυγμένη 650gr,5.21
2025-11-07,150003,Στεργίου Λουκουμάς Κατεψυγμένος 80gr,0.65
2025-11-07,157620,Alfa Εκλεκτά Ρολάκια Τυρί & Μπέικον & Μαγιονέζα Κατεψυγμένα 450gr,3.66
2025-11-07,143385,Μπάρμπα Στάθης Σαλάτα Εποχής Κατεψυγμένη 750gr,4.06
2025-11-07,143090,Alterra Μπάμιες Extra Ροδόπης 450gr,4.36
2025-11-07,143175,Μπάρμπα Στάθης Φασολάκια Πλατιά Κατεψυγμένα 420gr,3.18
2025-11-07,150256,Υφαντής Κεφτεδάκια Κατεψυγμένα 500gr,3.09
2025-11-07,143078,Μπάρμπα Στάθης Σπανάκι Βιολογικής Καλλιέργειας 450gr,3.40
2025-11-07,669539,Χρυσή Ζύμη Μίνι Στριφτάρια Τυρί 800gr,5.91
2025-11-07,150143,Megas Yeeros Κεμπαπάκια Φλώρινας Κατεψυγμένα 360gr,3.51
2025-11-07,143177,Αλτέρρα Φασολάκι Στρογγυλό Πέλλας Κατεψυγμένο 900gr,3.07
2025-11-07,146446,Pescanova Fish Sticks 450gr,5.56
2025-11-07,143174,Μπάρμπα Στάθης Φασολάκια Στρογγυλά Κατεψυγμένα 420gr,3.05
2025-11-07,144341,My Kouzina Κοκκινόψαρο 500+ Shrink Κατεψυγμένο,3.50
2025-11-07,142147,Mc Cain Πατάτες Mediterranean Κατεψυγμένες 750gr,4.25
2025-11-07,316132,My Gusto Παγωτό Βανίλια 0% Ζάχαρη 1kg 2lt,4.69
2025-11-07,143069,Μπάρμπα Στάθης Μανιτάρια Φέτες 450gr,4.21
2025-11-07,144476,Pescanova Γαρίδες Αποφλοιωμένες Γίγας Κατεψυγμένες 350gr,7.81
2025-11-07,157757,Alfa Κιχί Μίνι Με Τυρί 800gr,5.85
2025-11-07,158000,Σπιτική Ζύμη Πίτα Φέτα & Σπανάκι Κατεψυγμένη 800gr,6.25
2025-11-07,157769,Alfa Χωριάτικη Χορτοτυρόπιτα Κατεψυγμένη 900gr,7.57
2025-11-07,157491,My Kouzina Τυροπιτάκια 1kg,3.49
2025-11-07,152301,Iglo Fish Sticks Κατεψυγμένα 420gr,6.67
2025-11-07,144525,Pescanova Peskitos Μπακαλιάρου Κτεψυγμένα 240gr,3.85
2025-11-07,143386,Μπάρμπα Στάθης Σπανάκι Ψιλοκομμένο Κατεψυγμένο 1kg,4.71
2025-11-07,150168,Creta Farms Εν Ελλάδι Σουτζουκάκια Κατεψυγμένα 500gr,6.26
2025-11-07,157768,Alfa Χωριάτικη Κοτόπιτα Κατεψυγμένη 900gr,9.03
2025-11-07,157348,Ροδούλα Πατσαβουρόπιτα Κρήτης Κατεψυγμένη 900gr,7.76
2025-11-07,150021,Alfa Home Pizza Margherita Κατεψυγμένη 770gr,8.14
2025-11-07,152716,Υφαντής Πίτσα Rock 'N Roll 1380gr,9.93
2025-11-07,157732,Χρυσή Ζύμη Σουσαμίνια Κασέρι ΠΟΠ Γραβιέρα Κατεψυγμένα 700gr,5.88
2025-11-07,160276,My Gusto Παγωτό Βανίλια Σοκολάτα 980gr,4.76
2025-11-07,150006,Iglo Κοτομπουκιές Φιλέτο Στήθος Κοτόπουλο Κατεψυγμένο Με Τυρί 375gr,6.89
2025-11-07,150332,Mega Yeeros Γύρος Κοτόπουλο Χωρίς Γλουτένη Κατεψυγμένος 330gr,4.42
2025-11-07,143150,Μπάρμπα Στάθης Φασόλια Μαυρομάτικα Κατεψυγμένα 450gr,2.89
2025-11-07,141063,Alterra Φράουλα Κατεψυγμένη 300gr,3.23
2025-11-07,157526,Χρυσή Ζύμη Πεϊνιρλί Μπεϊκον Κασέρι 650gr,6.77
2025-11-07,143045,Μπάρμπα Στάθης Πατάτες Προτηγανισμένες 1kg,4.60
2025-11-07,157878,Αλιμπινίσης Γαλλική Μπακέτα Λευκή Κατεψυγμένες 270gr 2τεμ,1.35
2025-11-07,156406,Χρυσή Ζύμη Σφολιάτα Πίτες & Γλυκά Κατεψυγμένα 850gr,4.52
2025-11-07,144367,My Kouzina Κοκκινόψαρα Ακέφαλα 300gr / 500gr Κατεψυγμένα FAO27,3.00
2025-11-07,157710,Χρυσή Ζύμη Μακεδονίτικο Στριφτάρι Με Μυζήθρα & Φέτα Κατεψυγμένο 800gr,6.37
2025-11-07,157541,Ροδούλα Σουφλέ Σοκολάτας 2τεμ Κατεψυγμένα 260gr,4.99
2025-11-07,157714,Χρυσή Ζύμη Σπιτικά Τρίγωνα Με Σπανάκι Κατεψυγμένα 700gr,6.12
2025-11-07,142220,Mc Cain Πατάτες Forno Express Κατεψυγμένες 500gr,3.64
2025-11-07,156426,Χρυσή Ζύμη Mini Strudel Μήλο-Κανέλα Κατεψυγμένα 500gr,3.99
2025-11-07,143166,Μπαρμπά Στάθης Μπάμια Αλεξανδρινή Κατεψυγμένη 750gr,6.73
2025-11-07,143142,Μπάρμπα Στάθης Ας Μαγειρέψουμε Φασόλια Γίγαντες Κατεψυγμένα 750gr,4.86
2025-11-07,161151,Manhattan Choco & New York Cookies 101gr 1-4lt,5.99
2025-11-07,157788,Χρυσή Ζύμη Σουσαμίνια Με Λουκάνικο Κέτσαπ Μουστάρδα Κατεψυγμένα 700gr,5.37
2025-11-07,144521,Καλό Λιμάνι Θράψαλο Ροδέλα Πανέ Κατεψυγμένο 400gr,3.50
2025-11-07,303488,Στεργίου Λουκουμάς Πραλίνα Ψημένος Κατεψυγμένος 70gr,0.70
2025-11-07,150311,Creta Farms Εν Ελλάδι Μπιφτέκια Κοτόπουλο Κατεψυγμένα 420gr,6.10
2025-11-07,142227,McCain Crinkle Σγουρές Πατάτες Κατεψυγμένες 750gr,2.59
2025-11-07,150649,Alfa Μπουγάτσα Θεσσαλονίκης Χωρίς Ζάχαρη Κατεψυγμένη 450gr,3.96
2025-11-07,157404,Χρυσή Ζύμη Κρουασάν Βουτύρου Τυρί Κρέμα & Γαλοπούλα Κατεψυγμένα 480gr,4.50
2025-11-07,157711,Χρυσή Ζύμη Μπουγάτσα Κρέμα Σιμιγδάλι & Άρωμα Βανίλια Κατεψυγμένη 800gr,4.90
2025-11-07,161127,Nirvana Pralines & Cream 549gr 750ml,13.73
2025-11-07,143111,Υφαντής Μπάμιες Extra Κατεψυγμένς 450gr,2.55
2025-11-07,143373,Μπάρμπα Στάθης Ας Μαγειρέψουμε Μπριάμ Κατεψυγμένο 1kg,4.75
2025-11-07,157390,Χαβέλας Ζαγορίσια Κοτόπιτα Κατεψυγμένη 650gr,5.83
2025-11-07,142142,Mc Cain Πατάτες Golden Long Κατεψυγμένες 1kg,4.69
2025-11-07,143160,Μπάρμπα Στάθης Αγκινάρες Κατεψυγμένες 750gr,9.20
2025-11-07,157951,Famiglia Πεϊνιρλί Mozzarella & Κασέρι Κατεψυγμένα 2τεμ 360gr,4.58
2025-11-07,146000,Pescanova Φιλέτο Σολομός Ατλαντικού Κατεψυγμένος 250gr,10.07
2025-11-07,144354,My Kouzina Γλώσσα Φιλέτο Λιμάντα Κατεψυγμένη 595gr,7.76
2025-11-07,144993,Kallimanis Fish Stick's Κατεψυγμένα 450gr,3.93
2025-11-07,143376,Μπάρμπα Στάθης Ας Μαγειρέψουμε Φασολάκια Πλατιά Γιαχνί 1Kg,6.66
2025-11-07,157720,Χρυσή Ζύμη Μπουγατσάκια Τρίγωνα Κρέμα Κατεψυγμένα 700gr,5.64
2025-11-07,160366,Manhattan Παγωτό Λευκή Σοκολάτα & Φιστίκι 700gr (1400ml),5.99
2025-11-07,157621,Alfa Εκλεκτά Ρολάκια Λαχανικών Με Τυρί Vegan Κατεψυγμένα 450gr,2.98
2025-11-07,144269,Σολομός Φιλέτο Με Δέρμα Μερίδες Vacuum Κατεψυγμένο 595gr,8.99
2025-11-07,160967,My Gusto Παγωτό Καϊμάκι 1300gr,7.32
2025-11-07,161235,My Kouzina Φύλλο Κρούστας Κατεψυγμένο 450gr,2.16
2025-11-07,144343,My Kouzina Γαρίδες Προβρασμένες Αποφλειωμένες Κατεψυγμένες 40 - 60 425gr,5.99
2025-11-07,144373,My Kouzina Μπακαλιάρος Ρολό Τιμή Κιλού,6.62
2025-11-07,157631,Alfa Κιχί Χωριάτικο Φύλλο Κοζάνης Κατεψυγμένο 750gr,4.09
2025-11-07,157126,Alfa Μπουγάτσα Θεσσαλονίκης Με Κρέμα 800gr,4.84
2025-11-07,143102,Alterra Κεράσι Εκπυρηνωμένο 300gr,3.23
2025-11-07,156571,Χαβέλας Ζαγορίσιο Παραδοσιακό Φύλλο Κατεψυγμένο 750gr,3.55
2025-11-07,157808,Alfa Μπουγάτσα Θεσσαλονίκης Με Τυρί Κατεψυγμένη 450gr,3.12
2025-11-07,142140,Mc Cain Πατάτες Tradition Κατεψυγμένες 1kg,4.36
2025-11-07,150140,Iglo Κοτομπουκιές Φιλέτο Στήθος Κοτόπουλο Κατεψυγμένο Family Size 1042gr,17.99
2025-11-07,157938,Famiglia Πεϊνιρλί Χωριάτικο Κατεψυγμένα 2τεμ 410gr,5.17
2025-11-07,156402,Χρυσή Ζύμη Φύλλο Χωριάτικο Κατεψυγμένο 650gr,3.07
2025-11-07,143077,Μπάρμπα Στάθης Φασολάκια Στρογγυλά Βιολογικά 450gr,4.04
2025-11-07,157548,Ροδούλα Τούρτα Σοκολάτα Αμυγδάλου Κατεψυγμένη 800gr,10.66
2025-11-07,144559,Pescanova Γαρίδες Πανέ Κατεψυγμένες 240gr,5.97
2025-11-07,143746,My Kouzina Αρακάς Κατεψυγμένος 450gr,1.67
2025-11-07,157337,Αλιμπινίσης Τηγανόψωμα Εύβοιας Μεγάλα (2Χ225gr) 450gr,3.48
2025-11-07,150304,Mega Yeeros Κοτομπουκιές Γεμιστές Philadelphia Κατεψυγμένες 340gr,3.72
2025-11-07,156403,Χρυσή Ζύμη Φύλλο Κρούστας Πίτα Κατεψυγμένα 450gr,3.41
2025-11-07,141052,Alterra Smoothies Φρούτα Του Δάσους 300gr,3.74
2025-11-07,652122,Μπάρμπα Στάθης Ας Μαγειρέψουμε Φασολάκια Λαδερά Χάντρες 1kg,6.48
2025-11-07,144891,Kallimanis Γαρίδες Γίγας Αποφλειωμένες Κατεψυγμένες 350gr,5.98
2025-11-07,157448,Kanaki Τυροπιτάκια Κουρού 800gr,4.32
2025-11-07,144494,Freskos Φιλέτα Πέστροφας Καρπενησίου Πανέ Κατεψυγμένα 250gr,6.50
2025-11-07,156422,Χρυσή Ζύμη Πίτσα Μαργαρίτα Κατεψυγμένη 2τεμ 770gr,7.89
2025-11-07,143371,Μπάρμπα Στάθης Αρακάς Με Αγκινάρες Κατεψυγμένες 1Kg,6.50
2025-11-07,144708,Γαρίδες Αποφλοιωμένες Προβρασμένες 100-200 Κατεψυγμένες 425gr,5.49
2025-11-07,157392,Χαβέλας Ζαγορίσια Τυλιχτή Σπανακόπιτα 650gr,5.70
2025-11-07,157876,Αλιμπινίσης Χωριάτικο Ψωμί Σουσαμένιο Κατεψυγμένο 350gr,0.89
2025-11-07,152919,Τα Νησιώτικα Κολοκυθοκεφτέδες Κατεψυγμένες 400gr,3.37
2025-11-07,160969,Ben & Jerry's Παγωτό Cookie Dough 406gr 465ml,8.81
2025-11-07,143110,Υφαντής Αρακάς Κατεψυγμένος 1kg,2.37
2025-11-07,144491,Καλό Λιμάνι Ψαροκροκέτα Φιλέτο Κατεψυγμένη 450gr,5.95
2025-11-07,143370,Μάρμπα Στάθης Ας Μαγειρέψουμε Αγκινάρες Αλά Πολίτα Κατεψυγμένες 1Kg,7.64
2025-11-07,160968,Ben & Jerry's Chocolate Fudge Παγωτό Brownie 408gr 465ml,8.81
2025-11-07,143387,Μπάρμπα Στάθης Σαλάτα Καλαμποκιού 450gr,3.57
2025-11-07,144570,Μπακαλιαράκια Ακέφαλα Κατέψυγμένα Η Απόλαυση Του Θαλασσινού 630gr,4.34
2025-11-07,143188,Ας Μαγειρέψουμε Μπαρμπα Στάθης Μπριάμ Με Μπάμιες Κατεψυγμένα 1kg,6.36
2025-11-07,150141,Megas Yeeros Αυθεντικά Πολίτικα Κεμπαπ Κατεψυγμένα 480gr,4.42
2025-11-07,144470,Γαρίδες Προβρασμένες Αποφλοιωμένες 425gr,4.99
2025-11-07,143302,Ας Μαγειρέψουμε Ρεβύθια Σούπα Κατεψυγμένη 900gr,4.28
2025-11-07,143408,Alterra Σεφ Στο Σπίτι Αγκινάρες Αλά Πολίτα 1kg,6.11
2025-11-07,160962,My Gusto Παγωτό Παρφέ Βανίλια Σοκολάτα 950gr,7.96
2025-11-07,143426,Αλτέρρα Σεφ Στο Σπίτι Τουρλού Κατεψυγμένο 1Kg,4.56
2025-11-07,144991,Kallimanis Μεσογειακά Σαρδέλα Φιλέτο Κατεψυγμένη 300gr,6.15
2025-11-07,157516,Mega Meatless Κεφτεδάκια Κατεψυγμένα 360g,6.27
2025-11-07,143036,Μπάρμπα Στάθης Λαχανάκια Βρυξελλών 450gr,3.20
2025-11-07,156423,Χρυσή Ζύμα Πίτσα Χωριάτικη Κατεψυγμένη 420gr,4.79
2025-11-07,160350,Manhattan Παγωτό Σοκολάτα-Καραμέλα & Φιστίκια 705gr (1400ml),5.99
2025-11-07,143203,Μπάρμπα Στάθης Πατάτες Ντελικάτες Κατεψυγμένες 1kg,4.74
2025-11-07,143378,Ας Μαγειρέψουμε Λαχανόρυζο Κατεψυγμένο 1kg,6.68
2025-11-07,144344,My Kouzina Μύδια Χιλής Υδατοκαλλιέργιας Κατεψυγμένα 450gr,3.49
2025-11-07,150139,Iglo Κοτομπουκιές Φιλέτο Στήθος Κοτόπουλο Κατεψυγμένο 220gr,4.16
2025-11-07,142156,Mc Cain Pickers Ροδέλες Κρεμμύδιου Onion Rings Κατεψυγμένο 350gr,2.37
2025-11-07,143112,Υφαντής Φασολάκια Πλατιά Κατεψυγμένα 1kg,2.37
2025-11-07,157635,Alfa Φύλλο Ζύμης Πίτσας Πρoζύμι Κατεψυγμένη 600gr,3.11
2025-11-07,157869,Alfa Κασσιάτα Ζαγορίου Με Κιμά Κατεψυγμένη 650gr,5.97
2025-11-07,146707,Pescanova Φιλέτο Μπακαλιάρου Με Τραγανό Πανάρισμα Κατεψυγμένο 250gr,3.58
2025-11-07,157629,Mega Meatless Φαλάφελ Κατεψυγμένα 300gr,3.34
2025-11-07,142221,Mc Cain Πατάτες Φατσούλες (Kid Smile) Κατεψυγμένες 650gr,3.97
2025-11-07,156427,Χρυσή Ζύμη Mini Strudel Φράουλα Κατεψυγμένα 500gr,3.13
2025-11-07,157799,Χρυσή Ζύμη Κουρού Ολικής Γαλοπούλα & Τυρί Φιλαδέλφεια Κατεψυγμένα 650gr,6.19
2025-11-07,157627,Alfa Κεφάτα Τυροπιτάκια Σφολιάτας Φέτα ΠΟΠ Κατεψυγμένα 1Kg,5.44
2025-11-07,143022,Μπάρμπα Στάθης Ανάμικτη Σαλάτα Λαχανικών 450gr,2.90
2025-11-07,161232,Ροδούλα Πατσαβουρόπιτα Μυτιλήνης Κατεψυγμένη 900gr,7.99
2025-11-07,160879,Algida Magic Παγωτό Double Caramel 310gr (440ml),8.70
2025-11-07,144704,Αθερίνα Κατεψυγμένη 900gr,3.58
2025-11-07,157625,Alfa Κεφάτα Κασεροπιτάκια Με Γραβιέρα Νάξου Π.Ο.Π. Κατεψυγμένα 800gr,5.49
2025-11-07,143103,Alterra Βύσσινο Εκπυρηνωμένο 300gr,3.13
2025-11-07,143046,Μπάρμπα Στάθης Πατάτες Χωριάτικες 1kg,4.97
2025-11-07,144428,Γλαύκος Φέτα Κατεψυγμένος 630gr,4.99
2025-11-07,157770,Alfa Χωριάτικη Τυρόπιτα Κατεψυγμένη 900gr,7.83
2025-11-07,157552,Ροδούλα Μηλόπιτα 1kg,10.29
2025-11-07,146700,Pescanova Fish Sticks Χωρίς Γλουτένη 300gr,4.50
2025-11-07,157870,Alfa Κασσιάτα Ζαγορίου Με Κολοκύθι & Μυζήθρα Κατεψυγμένη 650gr,5.52
2025-11-07,157393,Χαβέλας Ζαγορίσια Χορτόπιτα Κατεψυγμένη 650gr,5.60
2025-11-07,157762,Alfa Κιχί Πίτα Με Τυρί Κατεψυγμένη 800gr,6.44
2025-11-07,161016,Manhattan Παγωτό Σοκολάτα Μπανάνα 742g (1400ml),5.99
2025-11-07,163187,My Gusto Dolcetto Mio Παγωτό Μανταρίνι Sorbet 275gr 500ml,4.00
2025-11-07,157530,My Kouzina Πίτα Για Σουβλάκι Κατεψυγμένες 900gr,2.12
2025-11-07,150000,Ifantis Κοτομπουκιές BBQ Κατεψυγμένες 500gr,4.19
2025-11-07,163185,My Gusto Dolcetto Mio Παγωτό Chocolate Brownie 275gr 500ml,4.00
2025-11-07,143200,Μπάρμπα Στάθης Σκιουφιχτά Με Φυτικό Κιμά & Λαχανικά Κατεψυγμένα 630gr,5.25
2025-11-07,142216,Mc Cain Πατάτες Chef Gourmet 500gr,3.76
2025-11-07,150004,Alfa Τριγωνάρια Κιμαδoπιτάκια Κατεψυγμένα 450gr,5.59
2025-11-07,161231,My Kouzina Φύλλο Κουρού Κατεψυγμένο 700gr,3.14
2025-11-07,143381,Ας Μαγειρέψουμε Φασολάδα Κατεψυγμένη 900gr,4.41
2025-11-07,143748,My Kouzina Μπάμιες Extra Κατεψυγμένες 1kg,4.74
2025-11-07,157637,Alfa Πίτσα Special 2τεμ 810gr,10.79
2025-11-07,163184,My Gusto Dolcetto Mio Παγωτό Chocolate High Protein 250gr 470ml,4.00
2025-11-07,144410,Pescanova Μπακαλιάρος Φιλέτο Polloc Κατεψυγμένος 425gr,4.93
2025-11-07,144356,My Kouzina Γαρίδες Αποφλοιωμένες (60-80) 425gr,5.49
2025-11-07,144540,Καλό Λιμάνι Squid Sticks Κατεψυγμένα 300gr,2.98
2025-11-07,150154,Εν Ελλάδι Προψημένος Γύρος Χοιρινός Κατεψυγμένος Χωρίς Γλουτένη 330gr,7.40
2025-11-07,143365,Bofrost Μύρτιλα Κατεψυγμένα 500gr,7.94
2025-11-07,157872,Ροδούλα Ηπειρώτικη Κοτόπιτα Κατεψυγμένη 650gr,6.87
2025-11-07,146448,Pescanova Surimi Sticks Καβούρι 250gr,3.38
2025-11-07,300031,Αρτόπουλος Αραβικές Σίτου Μικρές 210gr,1.37
2025-11-07,157168,Kanaki Mini Calzone Classic Κατεψυγμένο 450gr,4.88
2025-11-07,157917,Famiglia Σπανακόπιτα Χωριάτικη Κατεψυγμένη 700gr,5.89
2025-11-07,144352,My Kouzina Καλαμάρια Καθαρισμένα Κομμένα Κατεψυγμένα 510gr,4.49
2025-11-07,144368,My Kouzina Μπακαλιάρος 200/500 Τιμή Κιλού,4.67
2025-11-07,152306,Captain Iglo Φιλέτο Ψαριού Κατεψυγμένο 240gr,5.99
2025-11-07,163181,My Gusto Dolcetto Mio Παγωτό Φιστίκι Sorbet 310gr 500ml,4.00
2025-11-07,157871,Ροδούλα Ηπειρώτικη Τυρόπιτα Κατεψυγμένη 650gr,5.88
2025-11-07,161239,Mega Meatless Nuggets Κατεψυγμένα 330gr,5.38
2025-11-07,144527,Pescanova Γαρίδες Αποφλοιωμένες Μεγάλες Κατεψυγμένες 350gr,6.78
2025-11-07,150005,Iglo Κοτομπουκιές Φιλέτο Στήθος Κοτόπουλο Κατεψυγμένο 375gr,6.48
2025-11-07,143067,Μπάρμπα Στάθης Ρύζι Με Καλαμπόκι 600gr,2.57
2025-11-07,143179,Αλτέρρα Μίγμα Λαχανικών Κατεψυγμένη 750gr,2.78
2025-11-07,144623,Pescanova Γλώσσα Φιλέτο Λιμάντα Κατεψυγμένο 425gr,8.98
2025-11-07,143360,Μπάρμπα Στάθης Αρακάς Έξτρα Φίνο 400gr,3.48
2025-11-07,142175,Mc Cain Pickers Τριγωνικές Μπουκιές Με Τυρί Κατεψυγμένες 230gr,2.37
2025-11-07,144888,Kallimanis Μπακαλιάρος Ρολό Φιλέτο Κατεψυγμένο 450gr,5.47
2025-11-07,161125,Nirvana Chocolate Chips Loaded 578gr 750ml,13.73
2025-11-07,160315,Ben & Jerry's Παγωτό Karamel Sutra 422gr (465ml),8.81
2025-11-07,651813,Alfa Φύλλο Σφολιάτας Του Χεριού Σας 800gr,4.29
2025-11-07,161186,Algida Sandwich 6x100ml 402gr,8.80
2025-11-07,161069,My Kouzina Φρέσκο Φύλλο Κρούστας 500gr,2.40
2025-11-07,157308,Χρυσή Ζύμη Λουκανοπιτάκι Χοιρινό Κρέας Κατεψυγμένο 800gr,6.42
2025-11-07,156404,Χρυσή Ζύμη Φύλλο Κρούστας Γλυκά Κατεψυγμένο 450gr,3.41
2025-11-07,143388,Μπάρμπα Στάθης Ας Μαγειρέψουμε Αρακάς Λαδερό Μελιτζάνα 1kg,6.03
2025-11-07,143419,Αίνος Αγκινάρες με Αρακά Κατεψυγμένος 1kg,5.78
2025-11-07,157449,Kanaki Κασεροπιτάκια Κουρού Κατεψυγμένα 800gr,5.75
2025-11-07,160338,Manhattan Παγωτό Βανίλια-Φράουλα 757gr (1400ml),5.99
2025-11-07,144506,Χταπόδι Κομμένο Κατεψυγμένο 630gr,9.49
2025-11-07,161010,Pirulo Καρπούζι 5τεμ 385gr (365ml),6.58
2025-11-07,150015,Του Μπαμπά Γύρος Angus Βόεϊο Kατεψυγμένος 330gr,5.56
2025-11-07,143364,Bofrost Φρούτα Του Δάσους Κατεψυγμένα 500gr,7.94
2025-11-07,150650,Alfa Εκλεκτά Τριγωνάκια Κοτοπιτάκια Κατεψυγμένα 450gr,6.63
2025-11-07,157677,Alfa Τριγωνάρια Με Τυρί ΠΟΠ Ανεβατό Γρεβενών & Φέτα ΠΟΠ 700gr,5.97
2025-11-07,157531,My Kouzina Πιτάκι Νο10 Κατεψυγμένο 10τεμ 450gr,1.51
2025-11-07,150159,Εν Ελλάδι Προψημένος Γύρος Κοτόπουλο Κατεψυγμένος 330gr,7.40
2025-11-07,157517,Mega Meatless Burger Κατεψυγμένο 520gr,9.07
2025-11-07,161087,Κρι-Κρι Frozen Yogurt Αγριοκέρασο 320gr 450ml,6.58
2025-11-07,143189,Ας Μαγειρέψουμε Μπαρμπα Στάθης Σπανάκι Με Μαυρομάτικα Φασόλια Κατεψυγμένα 1kg,6.19
2025-11-07,144407,Captain Iglo Φιλέτο Ψαριού Με Τυρί & Μυρωδικά Κατεψυγμένο 300gr,7.07
2025-11-07,161074,Franui Σμέουρο Σοκολάτα Λευκή & Γάλακτος AL Late Κατεψυγμένο 150 gr,6.44
2025-11-07,163188,Magnum Παγωτό Over Sadwich 6x58gr 840ml,11.07
2025-11-07,157704,Alfa Mini Rollitos Μυζήθρα Φέτα Παρμεζάνα Κατεψυγμένα 750gr,5.49
2025-11-07,161226,Kanaki Μπουγάτσα Με Κρέμα Κατεψυγμένη 860gr,4.96
2025-11-07,143750,My Kouzina Αγγινάρες Πάτοι 750gr,5.48
2025-11-07,156425,Χρυσή Ζύμη Mini Strudel Λεμόνι Κατεψυγμένα 500gr,3.72
2025-11-07,163179,My Gusto Dolcetto Mio Παγωτό Λεμόνι Sorbet 310gr 500ml,4.00
2025-11-07,161346,Algida Cornetto Classic 6x60gr 360ml,8.90
2025-11-07,161178,Magic mini Double Gold Caramel Bilionaire 282gr 6τεμ,7.65
2025-11-07,157904,Χρυσή Ζύμη Μπουγάτσα Θεσσαλονίκης Πραλίνα 450gr,4.43
2025-11-07,150142,Megas Yeeros Πολίτικα Κεμπάμπ Γεμιστά Με Philadelphia Κατεψυγμένα 500gr,4.88
2025-11-07,143164,Μπαρμπά Στάθης Μπάμιες Εκλεκτές Ποικιλίες Κατεψυγμένες 750gr,7.86
2025-11-07,152874,Ristorante Pizza Mozzarella Κατεψυγμένη 2x710gr,9.86
2025-11-07,157519,Ροδούλα Πατσαβουροπιτάκια Ανωγείων 650gr,6.74
2025-11-07,157751,Alfa Ρολλά Μίνι Με Πατάτα Κατεψυγμένα 800gr,5.51
2025-11-07,143184,Μπάρμπα Στάθης Κους Κους Με Λαχανικά Κατεψυγμένο 400gr,4.40
2025-11-07,163180,My Gusto Dolcetto Mio Παγωτο Sorbet Πεπόνι 275gr 500ml,4.00
2025-11-07,157767,Alfa Χωριάτικη Πρασόπιτα Κατεψυγμένη 900gr,7.57
2025-11-07,160347,Manhattan Παγωτό Βανίλια-Σοκολάτα 700gr (1400ml),5.99
2025-11-07,161126,Nirvana Cookie & Cream 538gr 750ml,13.73
2025-11-07,143418,Alterra Σεφ Στο Σπίτι Κινόα Με Λαχανικά 450gr,4.13
2025-11-07,161291,Έβγα Παγωτό Βανίλια 0% 1000ml 500gr,7.46
2025-11-07,163178,My Gusto Dolcetto Mio Παγωτό Forest Fruits Sorbet 310gr 500ml,4.00
2025-11-07,144401,Σολωμός Καπνιστός Φιλέτο Κατεψυγμένος 100gr,4.49
2025-11-07,144347,My Kouzina Παγκάσιους Φιλέτο Βιετνάμ 800gr,5.99
2025-11-07,144360,My Kouzina Μπαρμπούνια Κατεψυγμένα 900gr,7.58
2025-11-07,143361,Bofrost Μανιτάρια Σε Φέτες Κατεψυγμένα 1kg,4.95
2025-11-07,160142,Magic Παγωτό Κυπελάκι Αμύγδαλο 297gr 440ml,8.70
2025-11-07,157111,Alfa Παραδοσιακή Μετσόβου Με Τυρί 850gr,6.82
2025-11-07,152309,Iglo Fish Sticks Κατεψυγμένο 280gr,4.94
2025-11-07,157559,Granarolo Φυτικό Burger Κατάψυξης Unconventional 220gr,4.27
2025-11-07,143116,Υφαντής Φασολάκια Στρογγυλά Κατεψυγμένα 1kg,2.25
2025-11-07,303402,Donuts Με Γέμιση Πραλίνα & Φουντούκι Ψημένο Κατεψυγμένο 71gr,0.99
2025-11-07,157515,Mega Meatless Γύρος Προψυμένο Κατεψυγμένο 330g,7.66
2025-11-07,161193,Ben & Jerrys Dulce De Lish Sundae 350gr,8.81
2025-11-07,156420,Χρυσή Ζύμη Πίτσα Barbeque Κατεψυγμένη 440gr,5.18
2025-11-07,161379,Magic Παγωτό Mini Double Vanilla - Choco MP 330ml 282gr,8.90
2025-11-07,157319,Presto Πίτσα Special & Μαργαρίτα (2 τμχ) Kατεψυγμένη 810gr,6.14
2025-11-07,160294,Magic Παγωτό Κυπελάκι DBL Gold Caramel 303gr 440ml,8.70
2025-11-07,157726,Alfa Λουκανικοπιτάκια Κουρού Κατεψυγμένα 800gr,6.45
2025-11-07,144406,Captain Iglo Φιλέτο Ψαριού Με Σπανάκι Kατεψυγμένο 300gr,7.07
2025-11-07,143900,Μπάρμπα Στάθης Φυτικός Γύρος Με Κλασικές Πατάτες Κατεψυγμένα 500gr,6.19
2025-11-07,160363,Haagen-Dazs Παγωτό Strawberry Cheesecake 400gr (460ml),8.06
2025-11-07,157495,My Kouzina Στριφτή Πίτα Σπανάκι Τυρί 1kg,4.65
2025-11-07,143187,Μπαρμπα Στάθης Μπάμιες Ποικιλία Αλεξανδρινές Κατεψυγμένες 420gr,4.47
2025-11-07,156421,Χρυσή Ζύμη Πίτσα Special Κατεψυγμένη 2τεμ 860gr,9.34
2025-11-07,150255,Υφαντής Χάμπουργκερ Kατεψυγμένο 80gr,4.45
2025-11-07,161073,Franui Σμέουρο Επικάλ. Σοκολάτα Λευκή & Υγείας Nero Κατεψυγ. 150 gr,6.44
2025-11-07,148059,Υφαντής Απλά Γευστικά Κεφτεδάκια Κοτόπουλου Κατεψυγμένα 420gr,3.78
2025-11-07,157608,Garden Gourmet Κατεψυγμένα Φυτικά Nuggets 300g,5.98
2025-11-07,157381,Χαβέλας Ζαγορίσια Κολοκυθόπιτα Γλυκιά Κατεψυγμένη 650gr,5.89
2025-11-07,144497,Pescanova Μπακαλιάρος Φιλέτο Ρολό Κατεψυγμένο 480gr,8.48
2025-11-07,157364,Alfa Τσαλακωτή Χορτόπιτα Πηλίου 850gr,7.21
2025-11-07,143383,Μπάρμπα Στάθης Σαλάτα Mexicana 450gr,3.41
2025-11-07,157634,Kanaki Χωριάτικη Σπανακοτυρόπιτα Κατεψυγμένο 850gr,6.47
2025-11-07,156034,Kanaki Σφολιάτα Κατεψυγμένη 800gr,4.07
2025-11-07,142174,Mc Cain Pickers Chili & Cheese Nuggets Κατεψυγμένα 230gr,2.37
2025-11-07,157672,Κανάκι Τυροπιτάκια Σφολιάτας Κατεψυγμένα 800gr,4.35
2025-11-07,157755,Alfa Κιχί Κοζανίτικη Πίτα Κασέρι & Γραβιέρα Κατεψυγμένη 800gr,6.73
2025-11-07,160275,My Gusto Παγωτό Βανίλια Σιρόπι Καραμέλα & Καρύδια 580gr (900ml),6.59
2025-11-07,161287,Milka Vanilla Chocolate Παγωτό 297gr 425ml,5.24
2025-11-07,157795,Kanaki Ζύμη Κουρού Με Μαγιά Κατεψυγμένη 650gr,4.34
2025-11-07,157756,Alfa Κιχί Κοζανίτικη Πίτα Κοτόπουλο Κασέρι & Πιπεριές Κατεψυγμένη 800gr,7.72
2025-11-07,161185,Scandal Parfait Lovers Κύπελλο 478gr,11.90
2025-11-07,143201,Μπάρμπα Στάθης Βίδες Ολικής Με Φυτικό Κιμά & Λαχανικά Κατεψυγμένα 630gr,5.25
2025-11-07,157494,My Kouzina Στριφτή Πίτα Τυρί Φέτα 1kg,5.01
2025-11-07,143066,Μπάρμπα Στάθης Ρύζι Με Μανιτάρια 600gr,2.74
2025-11-07,161194,MAGIC Classic 294gr 440ml,8.70
2025-11-07,157705,Alfa Mini Rollitos Pizza Κατεψυγμένα 750gr,5.66
2025-11-07,150110,Ύψηστον Μπιφτέκι Κοτόπουλο Κατεψυγμένο 520gr,6.85
2025-11-07,146284,YFF 2 Μερίδες Φιλέτου Σολομού Κατεψυγμένες 2x125gr,12.95
2025-11-07,143168,Μπάρμπα Στάθης Ρεβύθια Πλιγούρι Λαχανικά Κατεψυγμένα 400gr,3.93
2025-11-07,141049,Αλτέρρα Smoothies Dream Cream Κατεψυγμένο 300gr,3.74
2025-11-07,157429,Χρυσή Ζύμη Χορευτή Σπανάκι- Μυζήθρα- Πράσο & Φέτα 850gr,7.66
2025-11-07,157925,Χρυσή Ζύμη Σπιτική Κασερόπιτα Κατεψυγμένη 850gr,7.17
2025-11-07,142126,Αίνος Αγκινάρες Κατεψυγμένες 1kg,6.98
2025-11-07,160786,Μars Multipack 6τεμ 250gr,10.39
2025-11-07,144882,Kallimanis Γλώσσα Φιλέτο Λιμάντα Κατεψυγμένο 450gr,7.12
2025-11-07,157396,Χαβέλας Ζαγορίσια Τυρόπιτα Κατεψυγμένη 650gr,6.24
2025-11-07,160396,Algida Παγωτό Cornetto Cookies 324gr (560ml),8.90
2025-11-07,157817,Granarollo Λουκάνικο Φυτικό Uncoventional Κατεψυγμένο 2x90 180gr,4.73
2025-11-07,144523,Σουπιά Καθαρισμένη Κατεψυγμένη 595gr,8.49
2025-11-07,150111,Ύψηστον Μπιφτέκι Μοσχάρι Κατεψυγμένο 520gr,6.86
2025-11-07,157816,Granarollo Φυτικό Φιλέτο Κοτόπουλο Uncoventional Κατεψυγμένο 180gr,4.27
2025-11-07,152021,My Gusto Pizza Special Κατεψυγμένη 3τεμ 1500gr,10.16
2025-11-07,160872,Algida Magic Παγωτό White Cookie 440ml,8.70
2025-11-07,157639,Alfa Φύλλο Κρούστας Πολίτικο Κατεψυγμένα 450gr,3.28
2025-11-07,157358,Kanaki Pizza Special (3 τεμάχια) 1380gr,10.34
2025-11-07,157930,Χρυσή Ζύμη Νηστίσιμη Σπιτική Χορτόπιτα 850gr,6.29
2025-11-07,157807,Alfa Μπουγάτσα Με Κρέμα Και Σοκολάτα Κατεψυγμένη 450gr,4.55
2025-11-07,152718,Υφαντής Πίτσα Baquette Κaτεψυγμένη 2x240gr,5.20
2025-11-07,143073,Μπάρμπα Στάθης Ρύζι Mexicana 600gr,2.57
2025-11-07,143181,Μπάρμπα Στάθης Ας Μαγειρέψουμε Πατάτες Γιαχνί Κατεψυγμένο 1kg,5.58
2025-11-07,157571,Beyond Meat Meat Burger Κατεψυγμένο 226gr,5.80
2025-11-07,161169,Nirvana Pralines & Cream 310gr,8.83
2025-11-07,157853,Alfa Mini Rollitos Τσένταρ & Μπέικον Κατεψυγμένα 750gr,5.49
2025-11-07,305518,Gelatomania Χωνάκια Βάφλας 19τεμ,2.06
2025-11-07,157959,Αλιμπινίσης Πιροσκί Κατεψυγμένα 2x140gr,2.24
2025-11-07,161299,Magic Mini Classic Almond White Chocolate 8x42-1gr 55ml,8.90
2025-11-07,144400,Γαρίδες Vannamei Ακέφαλες Μεγάλες Κατεψυγμένες 425gr,7.75
2025-11-07,161234,My Kouzina Φύλλο Χωριάτικο Κατεψυγμένο 500gr,2.31
2025-11-07,143061,Χρυσή Ζύμη Μακεδονίτικο Στριφτάρι Κολοκύθα- Σταφίδες & Καρύδια 600gr,4.90
2025-11-07,143173,Μπάρμπα Στάθης Ας Μαγειρέψουμε Ρεβύθια Με Μελιτζάνες 1000gr,7.33
2025-11-07,143169,Μπάρμπα Στάθης Πλιγούρι Κριθάρι Λαχανικά Κατεψυγμένα 400gr,3.69
2025-11-07,150105,Υφαντής Απλά Γευστικό Μπιφτέκι Κοτόπουλου Κατεψυγμένο 430gr,4.02
2025-11-07,144364,My Kouzina Μπακαλιάρος Cod Φιλέτο Ελαφρώς Αλατισμένο (Τιμή Κιλού),7.79
2025-11-07,157112,Alfa Παραδοσιακή Μετσόβου Σπανάκι 850gr,6.28
2025-11-07,148052,Υφαντής Ρολό Κοτόπουλο Ελληνικό Γεμιστό Κατεψυγμένο Τιμή Κιλού,6.26
2025-11-07,152935,Τα Νησιώτικα Μπιφτέκια Λαχανικών Κατεψυγμένα 440gr,3.71
2025-11-07,161344,Biscott Caramel Παγωτό 320gr 460ml,6.87
2025-11-07,161333,Κρι Κρι Frozen Yogurt Hazelnat Παγωτό 320gr 450ml,6.58
2025-11-07,144370,Γαρίδες Ολόκληρες Μεγάλες Vannamei Κατεψυγμένες 425gr,6.99
2025-11-07,161070,My Kouzina Φρέσκο Φύλλο Σφολιάτας 650gr,2.80
2025-11-07,160297,Boss Multipack Παγωτό Mini Collection Ξυλάκια 8τεμ 268gr,9.35
2025-11-07,160937,Aloma ΧΧL Παγωτό Σοκολάτα Μπισκότο Φουντούκι 1-455gr (3lt),15.92
2025-11-07,161284,Nirvana Παγωτό Rasberry Truffle 313gr 420ml,8.77
2025-11-07,144886,Kallimanis Καλαμαράκι Κομμένο & Καθαρισμένο Κατεψυγμένο 400gr,5.54
2025-11-07,150361,Quick & Tasty Κεφτέδες Ψημένοι Κατεψυγμένοi 1Kg,7.83
2025-11-07,160399,Έβγα Παγωτό Καϊμάκι 570gr (900ml),9.29
2025-11-07,143204,Μπάρμπα Στάθης Φυτικό Μπιφτέκι Με Πατάτες Κατεψυγμένο 420gr,5.96
2025-11-07,160362,Haagen-Dazs Παγωτό Salted Caramel 400gr (460ml),8.06
2025-11-07,144318,Pescanova "Μαγειρεύω" Γαριδομακαρονάδα Κατεψυγμένη 310gr,5.50
2025-11-07,152712,Υφαντής Πίτσα Rock N' Roll Pepperoni (2x430gr) 860gr,7.96
2025-11-07,157497,Alfa Πορτοκαλόπιτα 1050gr,6.09
2025-11-07,143079,Μπάρμπα Στάθης Καλαμπόκι Βιολογικό 450gr,4.41
2025-11-07,157695,Garden Gourmet Κατεψυγμένα Φυτικά Σντίτσελ 270g,5.98
2025-11-07,157924,Χρυσή Ζύμη Σπιτική Τυρόπιτα Κατέψυγμένη 850gr,7.22
2025-11-07,157919,Famiglia Τυρόπιτα Χωριάτικη Φέτα & Μυζήθρα Κατεψυγμένη 700gr,5.89
2025-11-07,156001,Kanaki Φύλλο Κρούστας 450gr,3.90
2025-11-07,143362,Bofrost Πράσινα Σπαράγγια Κατεψυγμένα 300gr,5.94
2025-11-07,157673,Κανάκι Λουκανοπιτάκια Σφολιάτας Κατεψυγμένα 800gr,5.42
2025-11-07,157628,Cardinal Bao Buns Hirata Κατεψυγμένα 400gr,6.87
2025-11-07,161171,Nirvana Brownies & Salted Caramel 322gr 420ml,8.83
2025-11-07,144346,My Kouzina Σουπιά Ολόκληρη Κατεψυγμένη Τιμή Κιλού,5.75
2025-11-07,161285,Milka Strawberry Cheesecake Παγωτό 314gr 425ml,5.24
2025-11-07,144563,Μπακαλιάρος Φιλέτο Pollock Ελαφρώς Αλατισμένος 595gr,7.49
2025-11-07,161097,Algida Magic Mini Cookie Multipack 6x55ml 270gr,8.90
2025-11-07,150359,Quick & Tasty Μπιφτέκι Σχάρας Έτοιμο Ψημένο Κατεψυγμένο 1Kg,7.36
2025-11-07,144314,Πέρκα Νείλου Φιλέτο Σε Μερίδες Κατεψυγμένη 630gr,14.98
2025-11-07,160938,Aloma XXL Βανίλια - Σοκολάτα - Φράουλα 1-455gr 3lt,15.92
2025-11-07,161294,Νutella Παγωτό 230gr 470ml,9.32
2025-11-07,160939,Aloma XXL Βανίλια - Σοκολάτα 1-455gr 3lt,15.92
2025-11-07,144475,Pescanova Γάμπαρη Αργεντινής FAO 41 400gr,10.48
2025-11-07,144362,My Kouzina Μπακαλιάρος 500+ (Τιμή Κιλού),8.42
2025-11-07,144363,My Kouzina Χταπόδι Kατεψυγμένο Τιμή κιλού,16.49
2025-11-07,161319,Έβγα Παγωτό Brownie 456gr 825ml,7.68
2025-11-07,302469,Μπλέ Μύλος Ψωμάκι Σάντουιτς 2x180gr,1.10
2025-11-07,150330,Ύψηστον Κεμπάπ Πολίτικο Κατεψυγμένο 480gr,6.10
2025-11-07,144893,Kallimanis Μπακαλιάρος Φιλέτο Πανέ Με Άρωμα Εσπεριδοειδών Κατεψυγμένο 300gr,3.34
2025-11-07,157493,My Kouzina Κασεροπιτάκια Κατεψυγμένα 1kg,4.54
2025-11-07,157953,Αλιμπινίσης Donuts Ζάχαρης Κατεψυγμένα 2x75gr,1.49
2025-11-07,161192,Scandal Caramel Secret Κύπελλο 484gr,11.90
2025-11-07,151148,Πίνδος Nuggets Κοτόπουλου Κατεψυγμένα 500gr,6.10
2025-11-07,160069,Κρι Κρι Heartmade Παγωτό Βανίλια-Κακάο-Φράουλα 3lt,13.31
2025-11-07,157594,Παρνασσός Μπιφτέκι Λαχανικών Πανέ Κατεψυγμένο 350gr,4.02
2025-11-07,157363,Alfa Τσαλακωτή Τυρόπιτα Πηλίου Κατεψυγμένη 850gr,7.51
2025-11-07,143122,Μπάρμπα Στάθης Ψητά Λαχανικά 500gr,4.21
2025-11-07,143454,Μπάρμπα Στάθης Κριθαράκι Με Μανιτάρια Κατεψυγμένο 750gr,4.24
2025-11-07,141032,Pom Star Χυμός Ροδιού 100% Φυσικός Κατεψυγμένος 250ml,2.10
2025-11-07,156010,Kanaki Σφολιατάκια Στρογγυλά 450gr,4.58
2025-11-07,161323,Magic Double Hazelnut Παγωτό 310gr 440ml,8.70
2025-11-07,157482,Esti Vegan Μπιφτέκι 220gr,3.65
2025-11-07,152023,My Gusto Pizza Margarita Κατεψυγμένη 410gr,4.08
2025-11-07,157928,Χρυσή Ζύμη Σπιτική Χορτόπιτα 850gr,7.20
2025-11-07,157275,Χαβέλας Ζαγορίσιο Φύλλο Ολικής Άλεσης Κατεψυγμένο 750gr,4.26
2025-11-07,157315,Garden Gourmet Κατεψυγμένα Φυτικά Μπιφτέκια Burger 226g,6.40
2025-11-07,160649,Κρι-Κρι Multi Παγωτό Master Minion 8τεμ 280gr,7.90
2025-11-07,143417,Μπαρμπά Στάθης Ελληνικές Πατάτες Φούρνου Κυδωνάτες 1kg,3.43
2025-11-07,161048,Ben & Jerry's Παγωτό Choco Love 465ml 402gr,8.81
2025-11-07,157956,Αλιμπινίσης Donuts Σοκολάτας Κατεψυγμένα 2x75gr,1.69
2025-11-07,161293,Ben & Jerry's Παγωτό Brookies & Cream 388gr 465ml,8.81
2025-11-07,161211,Κανάκι Φρέσκια Σφολιάτα 700gr,4.40
2025-11-07,157742,Πίτες Χωρίς Γλουτένη Για Σουβλάκι Κατεψυγμένες Vegan 500gr 5τεμ,4.24
2025-11-07,156021,Kanaki Παραδοσιακό Χοντρό Φύλλο Ελληνικό 650gr,3.94
2025-11-07,302468,Μπλέ Μύλος Brioch Burger Κατεψυγμένα 125gr,1.15
2025-11-07,157810,Beyond Meat Smash Burger Plant Based Κατεψυγμένο 152gr,4.26
2025-11-07,157833,Gea Bakery Κουλούρι Χωρίς Γλουτένη 2τεμ 80gr,1.74
2025-11-07,161204,Κανάκι Φρέσκια Ζύμη Κουρού 600gr,4.83
2025-11-07,157671,Garden Gourmet Κατεψυγμένα Φυτικά Κεφτεδάκια 300g,5.98
2025-11-07,157288,Alfa Τόσο Απλά Φύλλο Κατεψυγμένα 600gr,3.75
2025-11-07,652123,Μπάρμπα Στάθης Πατάτες Στρογγυλές 1kg,4.62
2025-11-07,160651,Κρι-Κρι Multi Master 0% 8τμχ 280gr,8.41
2025-11-07,144357,My Kouzina Γαρίδες Ολόκληρες Προβρασμένες Κατεψυγμένες 500gr,8.49
2025-11-07,157362,Alfa Τσαλακωτή Κασερόπιτα Πηλίου Κατεψυγμένη 850gr,7.82
2025-11-07,157037,Castello Έτοιμα Φύλλα Κρέπα (10τεμ) 400gr,3.94
2025-11-07,151152,Schar Κοτομπουκιές Μπαστουνάκια Χωρίς Γλουτένη 375gr,6.18
2025-11-07,160293,Algida Παγωτό Cornetto Soft 324gr(140ml) 4τεμ,8.90
2025-11-07,141030,Pom Star Χυμός Ροδιού 100% Φυσικός Κατεψυγμένος 500ml,3.66
2025-11-07,156203,Presto Φύλλο Καταϊφι Κατεψυγμένο 450gr,3.06
2025-11-07,160480,Aloma Παρφέ Βανίλια-Σοκολάτα 1010gr,18.22
2025-11-07,157811,Βeyond Meat Φιλετάκια Κοτόπουλου Plant Based 200gr,5.80
2025-11-07,152022,My Gusto Pizza Special Κατεψυγμένη 500gr,4.77
2025-11-07,142141,Mc Cain Burger Λαχανικών Κατεψυγμένο 1-14kg,6.53
2025-11-07,161049,Ben & Jerry's Παγωτό Sundae Cookie 427ml 324gr,8.81
2025-11-07,144528,Pescanova Γαρίδες Αποφλοιωμένες Γίγας Με Ουρά Κατεψυγμένες 350gr,9.98
2025-11-07,161228,My Kouzina Φύλλο Σφολιάτας Κατεψυγμένο 700gr,3.06
2025-11-07,143023,Sup' Herb Βασιλικός Κατεψυγμένος 50gr,1.97
2025-11-07,651806,Alfa Κιχί Κοζανίτικη Πίτα Με Πράσο 800gr,6.44
2025-11-07,158003,Μπάρμπα Στάθης Φυτικά Κεφτεδάκια Με Ρύζι Και Λαχανικά 420gr,5.96
2025-11-07,161290,Ben & Jerrys Sweet Mango Memories Παγωτό 413gr 465ml,8.81
2025-11-07,161163,Algida Cornetto Στρατιατέλα Multipack 4x140ml 324gr,8.90
2025-11-07,156012,Schar Mini Πίτσα Μαργαρίτα Χωρίς Γλουτένη & Λακτόζη Κατεψυγμένη 4x70gr 280gr,6.18
2025-11-07,150144,Megas Yeeros Al Pastor Μεξικάνικος Γύρος Χοιρινός Κατεψυγμένος 330gr,5.07
2025-11-07,157812,Beyond Meat Burger Κοτόπουλου Plant Based Κατεψυγμένο 180gr,5.55
2025-11-07,150053,Devesa Burger Angus Βοείου Κατεψυγμένο 600gr,8.50
2025-11-07,144366,My Kouzina Μπακαλιάρος Φέτα Συσκευασμένος Κατεψυγμένος 595gr,6.49
2025-11-07,144355,My Kouzina Καλαμάρια Συσκευασμένα 850gr,5.85
2025-11-07,161298,Έβγα Στρατσιατέλα Παγώτο 473gr 825ml,7.60
2025-11-07,161491,Dolcetto Mio Choco Cookie Dough 275ml 500ml,4.31
2025-11-07,160158,Κρι Κρι Heartmd Βανίλια Κακάο Καραμέλα Μπανάνα 1-5gr 3lt,13.31
2025-11-07,144348,My Kouzina Θράψαλο Πλοκάμι Ειρηνικού IWP Κατεψυγμένο Τιμή Κιλού,4.75
2025-11-07,161490,Dolcetto Mio Παγωτό Pistachio Fusion 275gr 500ml,4.31
2025-11-07,300039,Τυρόπιτα Κουρού Ψημένη Κατεψυγμένη 170gr,1.30
2025-11-07,303367,Πατητή Ζαμπονοτυρόπιτα Ψημένη Κατεψυγμένη 200gr,1.70
2025-11-07,144329,Θράψαλο Πλοκάμι Δισκάκι Κατεψυγμένο 600gr (K.B. 510gr),6.49
2025-11-07,144894,Kallimanis Πιάτα Ημέρας Γαρίδες Με Σπαγγέτι Κατεψυγμένες 300gr,4.49
2025-11-07,144499,Pescanova Caprichos A La Romana Κατεψυγμένο 400gr,4.66
2025-11-07,157851,Greca Pizza Μαργαρίτα Κατεψυγμένη 550gr,6.25
2025-11-07,144505,Μπακαλιάρος Φιλέτο Κατεψυγμένος 630gr,9.49
2025-11-07,144163,"7 Θάλασσες" Θαλασσινό Κοκταίηλ 500gr,4.99
2025-11-07,157684,Esti Plant Based Κεφτεδάκια 225g,3.66
2025-11-07,160349,Aloma XXL Παγωτό Καραμέλα-Μπανάνα 1.455gr (3000ml),15.92
2025-11-07,651878,Πίτσα Σπέσιαλ Presto 3τεμ 1200gr,8.64
2025-11-07,157879,Garden Gourmet Falafel Κατεψυγμένα 300gr,4.98
2025-11-07,303548,Κουβέρ Kaiser Πολύσπορο Ψημένο Κατεψυγμένο 35gr,0.40
2025-11-07,156007,Κανάκι Φύλλο Βηρυτού Κατεψυγμένο 450gr,3.33
2025-11-07,144897,Kallimanis Πιάτα Ημέρας Χταπόδι Με Κοφτό Μακαρονάκι Κατεψυγμένο 300gr,4.87
2025-11-07,150362,Quick & Tasty Burger Έτοιμο Ψημένο Κατεψυγμένο 1Kg,7.83
2025-11-07,160650,Κρι-Κρι Παγωτό Master Mini ΙΟΝ Γάλακτος 8τεμ 280gr,7.90
2025-11-07,146277,Salmon Chef Σολομός Με Λεμόνι & Βότανα Κατεψυγμένος 2x120gr,6.95
2025-11-07,150358,Quick & Tasty Σουτζουκάκια Έτοιμα Ψημένα Κατεψυγμένα 1Kg,7.83
2025-11-07,143346,Υφαντής Σπανάκι Κατεψυγμένο 1kg,2.93
2025-11-07,161257,Κρι Κρι Heartmade Cookie & Cream 750gr 1-5lt,9.23
2025-11-07,303547,Κουβέρ Kaiser Ψημένο Κατεψυγμένο 35gr,0.40
2025-11-07,161400,Nuii Παγωτό Mini Salted Caramel & Nordic Berry 6x55ml 253gr,11.90
2025-11-07,161415,Algida Παγωτό Calippo Supermix 5τεμ 525gr,7.30
2025-11-07,160148,Oreo Sandwich mini 6τεμ 198gr,8.80
2025-11-07,143025,Sup' Herb Σκόρδο Κατεψυγμένο 75gr,2.57
2025-11-07,300038,Τυρόπιτα Κουρού Ολικής Πολύσπορη 170gr,1.50
2025-11-07,144622,Pescanova Χταπόδι Πλοκάμι Ινδο-Ειρηνικού Κατεψυγμένο 600gr,19.57
2025-11-07,157477,My Kouzina Πίτα Σουβλάκι Γίγας 10τεμ 1-3kg,3.77
2025-11-07,157431,Χρυσή Ζύμη Χορευτή Κοτόπουλο- Γραβιέρα & Πιπεριές 850gr,8.70
2025-11-07,157430,Χρυσή Ζύμη Χορευτή Φέτα- Καπνιστό Μετσόβου & Γραβιέρα Κρήτης 850gr,6.84
2025-11-07,161191,Scandal Choco Orgy Κύπελλο 482gr 850ml,11.90
2025-11-07,161090,Κρι Κρι Frozen Yogurt Peach 320gr 450ml,6.58
2025-11-07,160154,Κρι Κρι Heartmade Παγωτό Βανίλια-Κακάο-Φράουλα & Φιστίκι 3lt,13.31
2025-11-07,157691,Ηπειροπιτάκια Με Φέτα Κατεψυγμένα 700gr,6.95
2025-11-07,150306,Πίνδος Κοπανάκια Κοτόπουλου Πανέ Κατεψυγμένα 600gr,6.59
2025-11-07,161068,My Kouzina Φρέσκο Φύλλο Χωριάτικο 500gr,2.59
2025-11-07,312023,Dolci Preziosi Ice Pops Γρανίτα Φρούτων Hot Wheels 400ml,2.93
2025-11-07,157895,Ifantis Teriyaki Falafel Κατεψυγμένο 410gr,3.06
2025-11-07,144927,Kallimanis Fish Stick's Κατεψυγμένα 300gr,3.56
2025-11-07,157353,Alfa Το Δικό μας Καταίφι Κατεψυγμένο 450gr,4.99
2025-11-07,146669,"7 Θάλασσες" Απομίμηση Γαρίδας Κατεψυγμένα 250gr,2.49
2025-11-07,161342,Έβγα Παγωτό Κακάο Βανίλια Φράουλα 1350gr 2700ml,14.90
2025-11-07,161343,Dubai Style Παγωτό 320gr 460ml,8.27
2025-11-07,144579,Γαρίδα Προβρασμένη Αποφλοιωμένη Μεγάλη Κατεψυγμένη 340gr,7.49
2025-11-07,157896,Αλιμπινίσης Πίτσα Vegan Friendly 400gr,3.51
2025-11-07,161492,Dolcetto Mio Hazelnut Crunch 275gr 500ml,4.21
2025-11-07,157340,Just Hot Τυροκροκέτες Κατεψυγμένες 350gr,4.67
2025-11-07,146666,7 Θάλασσες Απομίμηση Αστακού Κατεψυγμένο 250gr,2.49
2025-11-07,161295,Kinder Bueno Chocolate Cone Multipack 4x90gr 360ml,8.80
2025-11-07,161160,Nirvana Cookies & Cream 302gr,8.83
2025-11-07,161184,Scandal Cookies Arrested 498gr 852ml,11.90
2025-11-07,144566,Pescanova Καλαμάρι Κομμένο & Καθαρισμένο Βαθείας Κατάψυξης 530gr,7.21
2025-11-07,144353,My Kouzina Θράψαλο Ροδέλα Κατεψυγμένα 425gr,5.99
2025-11-07,141033,Pom Star Χυμός Ροδιού 100% Φυσικός Κατεψυγμένος 1lt,6.28
2025-11-07,161096,Wowchi-Mochi Ice Cream Mango 6τεμ 192gr,7.90
2025-11-07,157612,Κανάκι Φρέσκο Παραδοσιακό Φύλλο 500gr,3.54
2025-11-07,161398,Lacta Παγωτό Ξυλάκι Πολυσυσκευασία 3x90ml 197gr,10.40
2025-11-07,161380,Algida Παγωτό Cornetto Vanilla - Choco MP 280ml 190gr,7.18
2025-11-07,152714,Esti Plant Based Meatless Pizza 440gr,3.85
2025-11-07,146279,Salmon Chef Με Thai Sweet Chilli Κατεψυγμένος 2x120gr,6.95
2025-11-07,161401,Nuii Mini Texan Pecan & NY Cookies (6x55ml) 256gr,11.90
2025-11-07,160207,Algida Viennetta Παγωτό Βανίλια XXL 500gr,7.89
2025-11-07,161341,Plan(et) Triple Chocolate 420ml 250gr,7.70
2025-11-07,157937,Famiglia Ηπειρώτικη Κασιόπιτα Κατεψυγμένη 700gr,7.02
2025-11-07,161377,Wowchi-Mochi Ice Cream Brownies 6τεμ 192gr,7.90
2025-11-07,161180,Ben & Jerrys Non-Diary Chocolate Fudge Brownie 385gr,8.81
2025-11-07,144350,My Kouzina Χταπόδι Πλοκάμι Ινδικού Ειρηνικού Κατεψυγμένο Τιμή Κιλού,8.99
2025-11-07,157630,Kanaki Χωριάτικη Νηστίσιμη Χορτόπιτα 850gr,6.83
2025-11-07,156165,Ζύμη Ψαχνών Φύλλο Χωριάτικο Κατεψυγμένο 500gr,3.36
2025-11-07,161288,Nestle 0% Sticks Vanilla Almond 162gr 3x90ml,9.66
2025-11-07,163182,My Gusto Dolcetto Mio Παγωτο Φουντούκι High Protein 250gr 470ml,4.00
2025-11-07,161165,Nirvana Cookies Dough 302gr 420ml,8.83
2025-11-07,157105,Schar Κρουασάν Χωρίς Γλουτένη Κατεψυγμένο 4x55gr 220gr,6.33
2025-11-07,144293,Αχιβάδες Vacuum Κατεψυγμένες 500gr,4.99
2025-11-07,157433,Ροδούλα Πατσαβουρόπιτα Vegan Κατεψυγμένη 650gr,8.45
2025-11-07,144904,Kallimanis Μπακαλιάρος Cod Ελαφρώς Αλατισμένος Κατεψυγμένος 450gr,10.31
2025-11-07,150107,Ύψηστον Μπιφτέκι Βόειο Με Κασέρι Κατεψυγμένο 480gr,8.06
2025-11-07,143049,Μπάρμπα Στάθης Ρύζι με Πιπεριές 600gr,2.59
2025-11-07,144290,Θράψαλο Ροδέλα Ειρηνικού Κατεψυγμένο 800gr,7.75
2025-11-07,144895,Kallimanis Πιάτα Ημέρας Γαρίδες Σαγανάκι Κατεψυγμένες 300gr,4.49
2025-11-07,144992,Kallimanis Χταπόδι Πλοκάμι Ινδ/κού Κατεψυγμένο 500gr,12.82
2025-11-07,161017,Aloma Παγωτό Καιμάκι 1070gr 1800ml,16.34
2025-11-07,157555,Χρυσή Ζύμη Χορευτή Με Λαδότύρι Μυτιλήνης Κασέρι Ελασσόνας 850gr,8.15
2025-11-07,157474,Ζύμη Ψαχνών Σφολιάτα Με Βούτυρο Φρέσκο 330gr,3.73
2025-11-07,150118,Ύψηστον Κεμπάπ Με Τυρί Κρέμα Κατεψυγμένο 400gr,6.47
2025-11-07,157269,Χρυσή Ζύμη Κουρού Λουκανοπιτάκι Με Λουκάνικο Μυκόνου 800gr,6.41
2025-11-07,161296,Kinder Bueno White Cone Παγωτό 4x62gr 360ml,9.20
2025-11-07,161318,Έβγα Peanut & Banana Παγώτο 442gr,7.68
2025-11-07,150313,Φάρμα Κουτσιώφτη Black Angus Burger Ελληνικής Εκτροφής Κατεψυγμένο 720gr,17.12
2025-11-07,144201,Γαρίδες Ατλαντικού Ολόκληρες Κατεψυγμένες 425gr,9.49
2025-11-07,144351,My Kouzina Γαρίδες Αποφλειωμένες Προβρασμένες Κατεψυγμένες 425gr,6.99
2025-11-07,160066,Κρι Κρι Heartmade Παγωτό 0% Ζάχαρη 750gr,9.23
2025-11-07,300905,Κρουασάν Ζαμπόν Τυρί Ψημένα Κατεψυγμένα 210gr,1.68
2025-11-07,150307,Πίνδος Κινέζικη Φτερούγα Κοτόπουλο Κατεψυγμένη 600gr,6.59
2025-11-07,160153,Κρι Κρι Heartmade Βανίλια Σοκολάτα 500gr,9.23
2025-11-07,144584,Kallimanis Χταπόδι Ινδοειρηνικού Iqf Κατεψυγμένο Τιμή Κιλού,15.72
2025-11-07,161190,Έβγα Salted Caramel & Vanilla 391gr 650ml,8.89
2025-11-07,157598,Ευβοϊκή Καταίφι Με Παγωτό Κρέμα 500gr,7.01
2025-11-07,157472,Schar Φύλλο Σφολιάτας Κατεψυγμένη Χωρίς Γλουτένη 250gr,4.67
2025-11-07,157487,My Kouzina Πίτα Για Σουβλάκι Κατεψυγμένες 20τεμ 1-8kg,4.25
2025-11-07,150106,Ύψηστον Κεμπάπ Κασερλί Κατεψυγμένα Ευρωπαϊκής Ένωσης 400gr,6.65
2025-11-07,160210,Algida Πύραυλος Παγωτό Cornet Vegan 4Τεμάχια 240gr,7.59
2025-11-07,160361,Κρι Κρι Heartmade Βανίλια Φράουλα Μπισκότο 1-5Kg 3 lt,13.31
2025-11-07,161338,Plan(e)t Strawberry Cheesecake 420ml 250gr,7.70
2025-11-07,161339,Plan(e)t Παγωτό No Sugar Greek Style Yogurt 420ml 250gr,7.70
2025-11-07,144580,Pescanova Θράψαλο Ροδέλες Ειρηνικού Κατεψυγμένα 400gr,7.50
2025-11-07,156424,Χρυσή Ζύμη Πίτσα Special Ατομική Κατεψυγμένη 540gr,7.23
2025-11-07,160788,Snickers Multipack (6τεμ) 288gr,11.46
2025-11-07,161286,Nuii Indian Mango & New Zealand Honey 258gr 6x55ml,11.90
2025-11-07,161348,Έβγα Παγωτό Φουντούκι Κακάο Μπισκότο 1350gr 2700ml,14.90
2025-11-07,157000,Oreo Cheesecakes Vanilla & Oreo Biscuit Κατεψυγμένο 160gr 2x80gr,5.99
2025-11-07,161397,Oreo Ball Top Πύραυλος MP 4x100ml 264gr,9.91
2025-11-07,161354,Wowchi Mochi Ice Salted Caramel 6τεμ 192gr,7.90
2025-11-07,161355,Wowchi Mochi Ice Coconut 6τεμ 192gr,7.90
2025-11-07,312024,Dolci Preziosi Ice Pops Γρανίτα Φρούτων Barbie 400ml,2.93
2025-11-07,157699,Οικογένεια Κόλλια Γκόγκες Κατεψυγμένες 1Kg,5.27
2025-11-07,157599,Ευβοϊκή Πορτοκαλόπιτα Με Παγωτό Κρέμα 500gr,7.01
2025-11-07,161347,Έβγα Παγωτό Μπισκότο Κακάο Καραμέλα 1350gr 2700ml,14.90
2025-11-07,161320,Algida Cornetto Chocolate Παγωτό 75gr 125ml,2.51
2025-11-07,161166,Nirvana Chocolate Chips Loaded 322gr 420ml,8.83
2025-11-07,146278,Salmon Chef Με Kentucky Bourbon BBG Κατεψυγμένος 2x120gr,6.95
2025-11-07,150011,Just Hot Chicken Nuggets Ψημένα Κατεψυγμένα 400gr,6.90
2025-11-07,144611,Pescanova Χταπόδι Ινδο Ειρηνικού Κατεψυγμένο 600gr,18.49
2025-11-07,161085,Milka Lava Cake Κατεψυγμένα 180gr 2τεμ,5.99
2025-11-07,157778,Toblerone Cheesecakes Κατεψυγμένο 170gr 2x85gr,5.99
2025-11-07,303465,Muffin Milka Ψήμενο Κατεψυγμένο 110gr,1.99
2025-11-07,161121,Ζύμη Ψαχνών Σοκολατόπιτα Με Παγωτό Κρέμα 500gr,7.01
2025-11-07,157989,Nikolopoulou Noon Falafel Κατεψυγμένα 400gr,3.49
2025-11-07,161340,Planet Style Υοgort & Vanilia Madagascar No Sugar 5x70ml,7.67
2025-11-07,144408,YFF Γαρίδες Ebi Fry Torpedo Κατεψυγμένες 300gr,6.49
2025-11-07,303467,Muffin Oreo Ψημένο Κατεψυγμένο 110gr,1.99
2025-11-07,144546,Καβούρια Ολόκληρα Κατεψυγμένα,9.99
2025-11-07,161289,Oreo Παγωτό Vanilla & Cookies 287gr 425ml,7.80
2025-11-07,161258,Κρι Κρι Heartmade Stracciatella 750gr 1-5lt,9.23
2025-11-07,145114,Πίνδος Φιλετάκια Κοτόπουλο Πανέ Κατεψυγμένα 500gr,7.25
2025-11-07,161386,Κρι Κρι Heartmade Banoffee 1-5lt 750gr,9.23
2025-11-07,161403,Oreo Παγωτό Mini Ξυλάκια Πολυσυσκευασία 6x50ml 219gr,9.96
2025-11-07,222023,Πυροφάνι Μύδια Πακπνιστά Σε Λάδι 120gr,2.98
2025-11-07,144576,Aligator Μαγειρεμένες Δαγκάνες Καβουριού Κατεψυγμένες 250gr,9.00
2025-11-07,156029,Nikolopoulou Noon Κολοκυθοκεφτέδες Κατεψυγμένοι 350gr,3.94
2025-11-07,158001,Gea Βάση Πίτσας Κατεψυγμένη Χωρίς Γλουτένη 440gr,5.36
2025-11-07,144574,Aligator Σωλήνες Αμερικής Κατεψυγμένοι 400gr,4.98
2025-11-07,300999,Σόβολος Αρτοσκεύασμα Μπριός 4x90gr,3.52
2025-11-07,156028,Nikolopoulou Noon Falafel Ρεβύθι & Πατζάρι Kατςψυγμένα 400gr,3.98
2025-11-07,144712,Ψαροδήμος Μπουκιές Σολομού Προψημένο 300gr,8.78
2025-11-07,144577,Aligator Μίγμα Θαλασσινών Για Παέγια Κατεψυγμένο 350gr,7.95
2025-11-07,160460,Κρι Κρι Heartmade Αγριοκέρασο 1.5lt 750gr,9.23
2025-11-07,156000,Nikopoulou Noon Genious Κεμπαπ Κατεψυγμένα 300gr,5.78
2025-11-07,157997,Nikolopoulou Noon Genius Burger Κατεψυγμένα 230gr,4.63
2025-11-07,144710,Ψαροδήμος Φιλέτο Λαβράκι Προψημένο 240gr,13.45
2025-11-07,161356,Wowchi Mochi Ice Strawberry 6τεμ 192gr,7.90
2025-11-07,161357,Wowchi Ice Pistachio 6τεμ 192gr,8.90
2025-11-07,144567,YFF Γαρίδα Κανταΐφι Ebi Fry Κατεψυγμένη 780gr,20.49
2025-11-07,144571,Aligator Χτένια Ατλαντικού Κατεψυγμένα 200gr,15.95
2025-11-07,144572,Aligator Χτένια Ειρηνικού Σε Μισό Κέλυφος Κατεψυγμένα 165gr,11.99
2025-11-07,144573,Aligator Βασιλικά Χτένια Σε Μισό Κέλυφος Κατεψυγμένα 160gr,5.95
2025-11-07,144575,Aligator Ουρά Αστακού Καραϊβικής Κατεψυγμένη 170gr,35.95
2025-11-07,420128,Άλφα Μπίρα Χωρίς Αλκοόλ Κουτί (6x330ml) 5+1 Δώρο,3.45
2025-11-07,404971,Βίκος Φυσικό Μεταλλικό Νερό 12x500ml,1.97
2025-11-07,404976,Βίκος Φυσικό Μεταλλικό Νερό 1-5lt 6τεμ,1.77
2025-11-07,404021,Θεόνη Φυσικό Μεταλλικό Νερό 6x1-5lt,1.98
2025-11-07,404092,Ζαγόρι Φυσικό Μεταλλικό Νερό 1-5lt 6τεμ,1.87
2025-11-07,402540,Coca Cola Zero Οικονομική Συσκευασία 1-5lt 2τεμ,3.44
2025-11-07,401621,Coca-Cola Zero 2x1-5lt,3.94
2025-11-07,401629,Coca-Cola Zero 1-5lt 1τεμ,1.97
2025-11-07,404159,Ζαγόρι Φυσικό Μεταλλικό Νερό 12x500ml,2.16
2025-11-07,404981,Μιτσικέλι Φυσικό Μεταλλικό Νερό 1-5 lt 6 τεμ.,1.74
2025-11-07,401626,Coca-Cola Zero 6x330ml,4.37
2025-11-07,401623,Coca-Cola Zero 330ml 5 + 1 Δώρο,4.55
2025-11-07,404980,Μιτσικέλη Φυσικό Μεταλλικό Νερό 1-5 lt,0.29
2025-11-07,401110,Coca Cola Zero 330ml 6+2 Δώρο,5.46
2025-11-07,401625,Coca-Cola Zero Aναψυκτικό 330ml 1τεμ,0.91
2025-11-07,404926,Κορπή Φυσικό Μεταλλικό Νερό 6x1-5lt,1.86
2025-11-07,404023,Θεόνη Φυσικό Μεταλλικό Νερό 12x500ml,2.64
2025-11-07,404410,Γάργαρο Επιτραπέζιο Νερό 6x1-5lt,1.50
2025-11-07,401128,Coca-Cola Zero 2x1lt,2.92
2025-11-07,401198,Coca-Cola Zero 1lt 1τεμ,1.46
2025-11-07,404072,Θέρισο Loco Summer Φυσικό Μεταλλικό Νερό 12x500ml,1.86
2025-11-07,411114,Amita Φρουτοποτό Πορτοκάλι- Βερύκοκο & Μήλο 1lt 1τεμ,1.02
2025-11-07,402521,Amita Πορτοκάλι Βερύκοκο Μήλο Οικογενειακή Συσκευασία 1lt 2τεμ,2.00
2025-11-07,404402,Γάργαρο Επιτραπέζιο Νερό12x500ml,1.86
2025-11-07,404401,Γάργαρο Επιτραπέζιο Νερό 500ml,0.16
2025-11-07,403304,Ξυνό Ανθρακούχο Νερό 250ml,0.92
2025-11-07,401744,Green Cola 1-5lt,1.57
2025-11-07,401711,7UP Free 1-5lt,1.97
2025-11-07,402471,Coca Cola Zero 8x330ml,5.31
2025-11-07,402539,Coca Cola Οικονομική Συσκευασία 1-5lt 2τεμ,3.38
2025-11-07,401807,Coca-Cola 2x1-5lt,3.88
2025-11-07,401138,Coca-Cola 1-5lt 1τεμ,1.94
2025-11-07,411416,My Gusto Χυμός Multivitamin 250ml,0.39
2025-11-07,420055,Άλφα Μπίρα Lager Κουτί 330ml 5+1 Δώρο,5.25
2025-11-07,402495,Pepsi Twist Zero 1.5lt,2.04
2025-11-07,401059,Pepsi Zero 6x1-5lt,12.24
2025-11-07,420053,Άλφα Μπίρα Lager Κουτί 330ml,1.05
2025-11-07,420843,Άλφα Μπίρα Κουτί 330ml 8τεμ,7.20
2025-11-07,404094,Θέρισο Φυσικό Μεταλλικό Νερό 6x1-5lt,1.74
2025-11-07,411364,HBH Go! Red Φρουτοποτό 250ml 6τεμ.,3.96
2025-11-07,411273,Ηβη Go! Red Φρουτοποτό Φράουλα-Μήλο-Σταφύλι 250ml,0.53
2025-11-07,401951,Coca-Cola Zero Caffeine Free 6x330ml,3.79
2025-11-07,401811,Coca-Cola Zero 4x500ml,4.52
2025-11-07,401028,Pepsi Cola 1-5lt,2.04
2025-11-07,420473,Fix Ανευ Μπίρα Κουτί 330ml,0.76
2025-11-07,401637,Coca Cola Zero Χωρίς Καφείνη Τεμάχιο 330ml,0.79
2025-11-07,404095,Θέρισο Φυσικό Μεταλλικό Νερό 12x500ml,1.92
2025-11-07,404057,Κωστηλάτας Φυσικό Μεταλλικό Νερό 6x1-5lt,1.86
2025-11-07,411274,Ηβη Go! Blue Φυσικός Χυμός Μήλο Πορτοκάλι Ροδάκινο Βερύκοκο 250ml,0.53
2025-11-07,402522,Amita Motion Χύμος Family Συσκευασία 1lt 2τεμ,4.01
2025-11-07,411133,Amita Φυσικός Χυμός 9 Φρούτων Motion 1lt,2.06
2025-11-07,411417,My Gusto Νέκταρ Πορτοκάλι Μήλο Βερύκοκο 250ml,0.35
2025-11-07,420427,Fix Μπίρα Κουτί 330ml,0.91
2025-11-07,411350,Ηβη Go! Blue Χυμός 6x250ml,3.96
2025-11-07,401350,Monster Energy Zero Ultra 500gr,1.52
2025-11-07,420321,Fix Μπίρα 330ml 6+2 Δώρο,6.30
2025-11-07,420428,Fix Μπίρα Κουτί 6x330ml,6.30
2025-11-07,401136,Coca-Cola 330ml 5+1τεμ,4.55
2025-11-07,411420,My Gusto Φρουτοποτό Μπανάνα Βυσσινάδα 250ml,0.39
2025-11-07,401132,Coca-Cola 330ml 1τεμ,0.91
2025-11-07,402489,Βίκος Cola Stevia 330ml 6τεμ,3.30
2025-11-07,403166,Ζαγόρι Ανθρακούχο Νερό Λεμόνι 4x500ml,1.88
2025-11-07,402426,My Gusto Σόδα 4x330ml,1.04
2025-11-07,402492,Βίκος Cola Zero 330ml 6τεμ,3.30
2025-11-07,402845,Βίκος Cola Stevia 330ml,0.55
2025-11-07,402298,Sprite Zero 6x330ml,4.32
2025-11-07,402280,Sprite Zero 330ml,0.72
2025-11-07,401889,Βίκος Cola Zero 330ml,0.55
2025-11-07,401468,Green Πορτοκαλάδα 1-5lt,1.52
2025-11-07,403706,Μικτσικέλη Ανθρακούχο Νερό 6x500ml,2.04
2025-11-07,401125,Coca-Cola 2x1lt,2.94
2025-11-07,401154,Coca-Cola Light 6x330ml,5.40
2025-11-07,401141,Coca-Cola Light 330ml 1τεμ,0.90
2025-11-07,411389,My Gusto Χυμός Νέκταρ Πορτοκάλι-Μήλο-Βερίκοκο 1lt,0.91
2025-11-07,401130,Coca-Cola 1lt 1τεμ,1.47
2025-11-07,404067,Arrena Φυσικό Μεταλλικό Νερό 12x500ml,2.04
2025-11-07,401053,Pepsi Ζero 6Χ330ml,5.16
2025-11-07,411352,Amita Φυσικός Χυμός Motion 330ml 1τεμ,1.17
2025-11-07,411223,Amita Motion Χυμός 1-5lt,3.28
2025-11-07,404058,Κωστηλάτας Φυσικό Μεταλλικό Νερό 12x500ml,2.04
2025-11-07,411217,My Gusto Kids Χυμός 4 Φρούτων 250 ml,0.40
2025-11-07,411991,Lipton Ice Tea Green Xωρίς Ζάχαρη Λεμόνι 500ml,1.80
2025-11-07,411695,Lipton Ice Tea Χωρίς Ζάχαρη Ροδάκινο 1-5lt,3.59
2025-11-07,401616,Ηβη Πορτοκαλάδα Μπλε 1-5lt,1.97
2025-11-07,402470,Coca Cola 8x330ml,5.31
2025-11-07,115000,Όλυμπος Πράσινο Τσάι Zero Ιβίσκος 500ml,1.51
2025-11-07,403169,Ζαγόρι Ανθρακούχο Νερό 4x500ml,1.64
2025-11-07,412096,Amita Free Detox 1lt,1.69
2025-11-07,402901,Σουρωτή Ανθρακούχο Νερό Φιάλη 250ml,0.60
2025-11-07,411419,My Gusto Φρουτοποτό Βύσσινο 250ml,0.39
2025-11-07,411399,My Gusto Φρουτοποτό Βύσσινο 1lt,0.96
2025-11-07,402403,Λουξ Πορτοκαλάδα Φιάλη 6x330ml,3.46
2025-11-07,402199,Βίκος Cola Zero 4x330ml,2.52
2025-11-07,401971,Λουξ Πορτοκαλάδα 330ml 1τεμ,0.72
2025-11-07,115049,Frulite Boost Πορτοκάλι Βερύκοκο 500ml,1.72
2025-11-07,420540,Ζύθος Βαπ Μπίρα Κουτι 500ml 4+2 Δώρο,5.56
2025-11-07,403023,Mitsikeli Φυσικό Μεταλλικό Νερό 12x500ml,2.16
2025-11-07,402112,Tuborg Σόδα Κουτί 330ml.,0.50
2025-11-07,402123,Tuborg Σόδα Κουτί 6x330ml,3.00
2025-11-07,402401,Λουξ Λεμονάδα Φιάλη 6x330ml,3.46
2025-11-07,420538,Ζύθος Βαπ Μπίρα Κουτί 500ml,1.39
2025-11-07,402833,Βίκος Σόδα 330ml 4+2 Δώρο,2.24
2025-11-07,402491,Bίκος Cola 330ml 6τεμ,3.30
2025-11-07,401981,Λουξ Λεμονάδα 330ml 1τεμ,0.72
2025-11-07,403704,Μιτσικέλι Ανθρακούχο Νερό 6x1-5lt,3.48
2025-11-07,402179,Schweppes Orangeade 6x330ml,3.91
2025-11-07,403163,Ζαγόρι Ανθρακούχο Νερό 1-5lt,0.65
2025-11-07,404156,Ζαγόρι Φυσικό Μεταλλικό Νερό Athletic 750ml,0.48
2025-11-07,404307,Αύρα Φυσικό Μεταλλικό Νερό 5+1 Δώρο 1-5lt (6x1-5lt),2.15
2025-11-07,402454,Sprite Zero 1-5lt,1.60
2025-11-07,420598,Βεργίνα Μπίρα Κουτί 330ml 5+1 Δώρο,4.15
2025-11-07,401900,Βίκος Cola 330ml,0.55
2025-11-07,402831,Βίκος Σόδα 330ml,0.56
2025-11-07,411383,My Gusto Χυμός Multivitamin 1lt,1.20
2025-11-07,402168,Schweppes Orangeade 330ml,0.89
2025-11-07,401137,Coca-Cola 6x330ml,4.20
2025-11-07,420536,Βεργίνα Μπίρα Κουτί 330ml (9+3 Δώρο),9.27
2025-11-07,401329,Green Cola 6x330ml,4.08
2025-11-07,401808,Coca-Cola Light 2x1-5lt,3.78
2025-11-07,402490,Βίκος Λεμονάδα Stevia 330ml 6τεμ,3.30
2025-11-07,404011,Aqua Carpatica Φυσικό Μεταλλικό Νερό Για Παιδιά 250ml,0.43
2025-11-07,401155,Coca-Cola 4x500ml,4.52
2025-11-07,401587,Hell Energy Drink 250ml,0.66
2025-11-07,411275,Ηβη Go! Yellow Φρουτοποτό Μήλο-Αχλάδι-Σταφύλι-Μπανάνα 250ml,0.53
2025-11-07,401142,Coca-Cola Light 1-5lt 1τεμ,1.89
2025-11-07,402848,Βίκος Λεμονάδα Stevia 330ml,0.55
2025-11-07,401765,Coca Cola Light 6x1-5lt,11.34
2025-11-07,401594,Red Bull Sugarfree 250ml,1.04
2025-11-07,403024,Mitsikeli Ανθρακούχο Νερό Λεμόνι 6x500ml,2.40
2025-11-07,411466,Lipton Ice Tea Χωρίς Ζάχαρη Ροδάκινο 500ml,1.80
2025-11-07,420238,Άλφα Μπίρα Lager Κουτί 4x500ml,5.80
2025-11-07,420237,Άλφα Μπίρα Lager Κουτί 500ml,1.45
2025-11-07,412097,Amita Free Energy 1lt,1.69
2025-11-07,402093,Frutop Σόδα Pink Grapefruit 330ml,0.62
2025-11-07,402484,Βίκος Πορτοκαλάδα 6x330ml,3.54
2025-11-07,402361,Fanta Πορτοκαλάδα Zero Χωρίς Ζάχαρη 6x330ml,4.50
2025-11-07,412091,Nutri Valley Χυμός 9 Φρούτα 7 Βιταμίνες 250ml,0.51
2025-11-07,401336,Coca-Cola Zero 500ml 3+1 Δώρο,3.39
2025-11-07,420328,Άλφα Χωρίς Αλκοόλ Μπίρα Κουτί 330ml,0.69
2025-11-07,401470,Green Λεμονάδα 1-5lt,1.52
2025-11-07,401760,Pepsi Twist 6x1-5lt,12.24
2025-11-07,411216,My Gusto Kids Xυμός 3 Φρούτων 250 ml,0.40
2025-11-07,401627,Coca-Cola Zero Aναψυκτικό 500ml 1τεμ,1.13
2025-11-07,420025,ΑΜΣΤΕΛ Μπίρα 330ml 5+1Δώρο,5.25
2025-11-07,411384,My Gusto Χυμός Μήλο 1lt,1.08
2025-11-07,403556,S.Pellegrino Ανθρακούχο Φυσικό Μεταλλικό Νερό Φιάλη 1lt,1.42
2025-11-07,402472,Monster Ultra Strawberry Dream 500ml,1.53
2025-11-07,411398,My Gusto Νέκταρ Ροδάκινο 1lt,0.89
2025-11-07,420326,Μάμος Μπίρα Pilsner Κουτί 330ml,1.06
2025-11-07,401078,Ηβη Πορτοκαλάδα Κόκκινη 1-5lt,1.97
2025-11-07,402178,Schweppes Λεμόνι Με Γεύση Περγαμόντο-Ιβίσκος Χωρίς Ζάχαρη 6x330ml,3.91
2025-11-07,430896,Περί Οίνου Λευκό Κρασί 1-5lt,3.26
2025-11-07,411120,Amita Φρουτοποτό Βύσσινο 250ml 1τεμ,0.71
2025-11-07,402904,Σουρωτή Ανθρακούχο Νερό Κουτί 330ml 6τεμ,3.40
2025-11-07,420327,Μάμος Μπίρα Pilsner Κουτί 6x330ml,6.96
2025-11-07,402166,Schweppes Lemonade 330ml,0.89
2025-11-07,402518,Λουξ Σόδα 6x330ml,2.59
2025-11-07,401094,ΗΒΗ Πορτοκαλάδα 6x1-5lt,11.82
2025-11-07,402801,Λούξ Σόδα Φιάλη 330ml,0.54
2025-11-07,420011,ΑΜΣΤΕΛ Μπίρα Lager Κουτί 330ml,1.05
2025-11-07,420015,ΑΜΣΤΕΛ Μπίρα Lager Κουτί 6x330ml,6.30
2025-11-07,411418,My Gusto Νέκταρ Ροδάκινο 250ml,0.34
2025-11-07,402902,Σουρωτή Ανθρακούχο Νερό Κουτί 330ml,0.81
2025-11-07,402095,Frutop Σόδα Lime Ginger 330ml,0.62
2025-11-07,401353,Monster Lewis Hamilton 500ml Zero,1.52
2025-11-07,411992,Lipton Ice Tea Green Xωρίς Ζάχαρη Λεμόνι 1-5lt,3.62
2025-11-07,401127,Coca-Cola Light 2x1lt,2.90
2025-11-07,401983,Λουξ Πορτοκαλάδα Μπλε 330ml 1τεμ,0.72
2025-11-07,402402,Λουξ Πορτοκαλάδα Μπλε 6x330ml,3.46
2025-11-07,401153,Monster Absolutely Zero 500ml 1τεμ,1.52
2025-11-07,420577,Pils Hellas Μπίρα Κουτί 330ml 5+1 Δώρο,4.37
2025-11-07,401591,Red Bull Energy Drink 250ml,1.04
2025-11-07,420565,Pils Μπίρα Κουτί 330ml,0.87
2025-11-07,420619,Pils Μπίρα Κουτί 330ml 10+2 Δώρο,9.51
2025-11-07,402352,Monster Ultra Fiesta Mango 500ml,1.52
2025-11-07,411250,Tuvunu Τσαϊ με Μέλι & Λεμόνι 4x330ml,2.46
2025-11-07,402297,Coca-Cola Zero 6x150ml,4.32
2025-11-07,411000,Tuvunu Τσάϊ με Μέλι & Λεμόνι Κουτί 330ml,0.82
2025-11-07,411415,My Gusto Χυμός Πορτοκάλι 250ml,0.48
2025-11-07,420430,Fix Μπίρα Κουτί 500ml,1.43
2025-11-07,420431,Fix Μπύρα Κουτί 4x500ml,5.72
2025-11-07,404134,Aqua Carpatica Ανθρακούχο Νερό 500ml (6τεμ),3.48
2025-11-07,411905,Life Tsai Matcha Δυόσμος 0% 500ml,1.42
2025-11-07,411382,My Gusto Χυμός Πορτοκάλι 1lt,1.54
2025-11-07,420035,Heineken Μπύρα Lager Κουτί 6x330ml,7.56
2025-11-07,420031,Heineken Μπίρα Lager Κουτί 330ml,1.26
2025-11-07,401746,Green Cola 4x500ml,3.36
2025-11-07,401592,Red Bull Energy Drink 6x250ml,6.24
2025-11-07,401123,Coca-Cola Zero 150ml 1τεμ,0.80
2025-11-07,404300,Αύρα Φυσικό Μεταλλικό Νερό 9+3 Δώρο 500ml (12x500ml),2.97
2025-11-07,402144,Schweppes Club Soda 6x330ml,2.43
2025-11-07,420684,Fix Άνευ Μπίρα Κουτί Λεμόνι 330ml,0.85
2025-11-07,401465,Green Πορτοκαλάδα 4x330ml,2.20
2025-11-07,402488,Βίκος Λεμονάδα 330ml 6τεμ,3.30
2025-11-07,411898,Life Tsai Λεμόνι 0% 500ml,1.42
2025-11-07,401151,Coca-Cola 500ml 1τεμ,1.20
2025-11-07,404302,Αύρα Φυσικό Μεταλλικό Νερό 500ml,0.33
2025-11-07,420359,Kaiserdom Hefe Weissbier Μπίρα 500ml,1.54
2025-11-07,401908,Βίκος Λεμονάδα 330ml,0.55
2025-11-07,402180,Schweppes Pink Grapefruit 6x330ml,3.91
2025-11-07,401751,Green Cola 500ml,0.84
2025-11-07,401332,Coca-Cola 500ml 3+1 Δώρο,3.60
2025-11-07,402170,Schweppes Pink Grapefruit 330ml,0.89
2025-11-07,420683,Corona Μπίρα Φιάλη 330ml,2.68
2025-11-07,402003,Coca-Cola Zero Lemon 6x330ml,4.18
2025-11-07,401357,Monster Juiced Mango Logo 500ml,1.52
2025-11-07,411385,My Gusto Χυμός Τροπικά Φρούτα 1lt,1.13
2025-11-07,425411,Μηλοκλέφτης Με Γεύση Μήλο Φιάλη 330ml,1.12
2025-11-07,401810,Coca-Cola Light 4x500ml,4.48
2025-11-07,402356,Vita Go Χυμός Very Berry 200ml,0.50
2025-11-07,402503,Coca Cola Zero Χωρίς Καφεϊνη 1-5lt,1.97
2025-11-07,411344,Lipton Ice Tea Rasberry Zero 500ml,1.80
2025-11-07,402273,Coca-Cola Zero Lemon 330ml,0.87
2025-11-07,402319,Κλιάφα Λεμονάδα Φιάλη 330ml (5+1 Δώρο),3.30
2025-11-07,404093,Κορπή Φυσικό Μεταλλικό Νερό 500ml 12τεμ,3.48
2025-11-07,402839,Βίκος Cola Stevia 1-5lt,1.45
2025-11-07,404933,Κορπή Φυσικό Μεταλλικό Νερό 500ml,0.29
2025-11-07,403025,Ηβη Pink Grapefruit Xωρίς Ζάχαρη 6x330ml,3.51
2025-11-07,402308,Κλιάφα Λεμονάδα Pet 330ml,0.66
2025-11-07,404064,Aqua Carpatica Φυσικό Μεταλλικό Νερό 6x500ml,3.00
2025-11-07,403012,Ηβη Pink Grapefruit Xωρίς Ζάχαρη 330ml,0.78
2025-11-07,402840,Βίκος Cola Stevia 1-5lt 6τεμ,8.70
2025-11-07,402905,Σουρωτή Λεμόνι Κουτί 6x330ml,3.86
2025-11-07,411343,Nestea Ροδάκινο Zero Sugar 500ml,1.49
2025-11-07,411334,Nutri Valley Peppa Χυμός 3 Φρούτα 6x250ml,3.08
2025-11-07,401628,Βίκος Pink Grapefruit 6x330ml,3.96
2025-11-07,401097,Hell Energy Drink Zero 250ml,0.66
2025-11-07,404066,Arrena Φυσικό Μεταλλικό Νερό 6x1-5lt,1.92
2025-11-07,411129,Amita Φρουτοποτό Ροδάκινο 1lt,1.55
2025-11-07,412094,Amita Free Energy 330ml,1.05
2025-11-07,411333,Nutri Valley Peppa Pig 3 Φρούτα 250ml,0.51
2025-11-07,411886,Life Tsai Ροδάκινο 0% 500ml,1.42
2025-11-07,411112,Amita Φρουτοποτό Πορτοκάλι- Βερύκοκο & Μήλο 250ml,0.75
2025-11-07,401736,7 up Zero 330ml 6τεμ,5.04
2025-11-07,404605,Δίρφυς Νερός 6x1-5 lt,1.68
2025-11-07,402108,Tuborg Σόδα Λεμόνι 330ml,0.68
2025-11-07,402373,Monster Green Zero 500ml,1.52
2025-11-07,401715,7 Up Ζero 330ml,0.84
2025-11-07,411130,Amita Φρουτοποτό Βύσσινο 1lt,1.45
2025-11-07,401108,Sprite 1-5lt 1τεμ,1.56
2025-11-07,411244,Amita Φρουτοποτό Πορτοκάλι- Βερύκοκο & Μήλο 250ml 3+1 Δώρο,2.25
2025-11-07,404154,Ζαγόρι Φυσικό Μεταλλικό Νερό Γυάλινη Φιάλη 1lt,1.45
2025-11-07,411421,My Gusto Χυμός Νέκταρ Ρόδι- Μήλο- Σταφύλι & Φράουλα 1lt,1.25
2025-11-07,420750,Βεργίνα Μπίρα Κουτί 4x500ml,6.32
2025-11-07,402318,Κλιάφα Πορτοκαλάδα Φιάλη 330ml (5+1 Δώρο),3.30
2025-11-07,411995,Lipton Ice Tea Xωρίς Ζάχαρη Λεμόνι 500ml,1.80
2025-11-07,404600,Δίρφυς Φυσικό Μεταλλικό Νερό 1-5lt,0.28
2025-11-07,412105,Fuze Tea Λεμόνι και Lemongrass 500ml,1.42
2025-11-07,402316,Green Mocktails Ρόδι & Τζίντζερ & Λαιμ 4x330ml,2.80
2025-11-07,402306,Κλιάφα Πορτοκαλάδα Pet 330ml,0.66
2025-11-07,401590,Hell Energy Drink Red Grape 250ml,0.66
2025-11-07,411342,Nestea Λεμόνι Zero Sugar 500ml,1.49
2025-11-07,411678,Nestea Ροδάκινο 500ml,1.37
2025-11-07,401120,Sprite 6x1-5lt,10.80
2025-11-07,402008,Βίκος Cola Zero 1-5lt,1.45
2025-11-07,411400,My Gusto Φρουτοποτό Φράουλα 1lt,1.11
2025-11-07,420082,Fischer Μπίρα Pilsner Κουτί 330ml,1.36
2025-11-07,420084,Fischer Μπίρα Pilsner Κουτί 6x330ml,8.16
2025-11-07,401103,Sprite 6x330ml,4.92
2025-11-07,402482,Βίκος Πορτοκαλάδα Χωρις Ανθρακικό 6x330ml,3.54
2025-11-07,411368,Ηβη Χυμος Πορτοκάλι Πελοπονήσσου 1lt,2.28
2025-11-07,420081,Fischer Μπίρα Pilsner Φιάλη 500ml,2.11
2025-11-07,411906,Life Tsai Green Tea Λεμόνι GInger 0% 500ml,1.50
2025-11-07,420803,Stella Artois Μπύρα Φιάλη 330ml,1.23
2025-11-07,401186,Fanta Πορτοκαλάδα 6x330ml,4.68
2025-11-07,401145,Monster Energy 500ml 1τεμ,1.52
2025-11-07,402296,Coca-Cola 6x150ml,4.32
2025-11-07,401102,Sprite 330ml 1τεμ,0.82
2025-11-07,470101,Johnnie Walker Red Label Whisky 700ml,19.98
2025-11-07,404158,Ζαγοράκι Φυσικό Μεταλλικό Νερό 6x330ml,1.44
2025-11-07,411121,Amita Φυσικός Χυμός Πορτοκάλι 1lt,1.83
2025-11-07,420746,Stella Artois Μπίρα Φιάλη 0.0% 330ml,1.08
2025-11-07,402075,Fanta Πορτοκαλάδα Μπλε 6x330ml,4.98
2025-11-07,402326,Green Cola Χωρίς Καφείνη 4x330ml,2.76
2025-11-07,420153,Kaiser Μπίρα 4x500ml,7.76
2025-11-07,403155,Mastiqua Ανθρακούχο Νερό 330ml 3+1 Δώρο,4.50
2025-11-07,402494,Hell Energy Drink Zero White Peach 250ml,0.66
2025-11-07,420152,Kaiser Μπίρα Κουτί 500ml,1.94
2025-11-07,404161,Ζαγόρι Φυσικό Μεταλλικό Νερό Go Green 6x330ml,1.20
2025-11-07,402355,Vita Go Χυμός Magic Strawberry 200ml,0.50
2025-11-07,411158,Nutri Valley Peppa Pig Μήλο Πορτοκάλι Ροδάκινο Βερίκοκο 250ml,0.51
2025-11-07,401172,Fanta Πορτοκαλάδα Μπλε 330ml,0.83
2025-11-07,412093,Amita Free Detox 330ml,1.05
2025-11-07,402329,Mastih2o Μαστιχολεμονάδα Με Τζίντζερ 330ml,1.74
2025-11-07,412127,Fuze Tea Black Peach & Rose Χωρίς Ζάχαρη 500ml,1.66
2025-11-07,412107,Fuze Tea Ροδάκινο με Εκχύλισμα Ιβίσκου 500ml,1.42
2025-11-07,412099,Viva Fresh Φυσικός Χυμός Μήλο 1lt,1.23
2025-11-07,401088,Ηβη Λεμονίτα 1-5lt,1.97
2025-11-07,404157,Ζαγοράκι Φυσικό Μεταλλικό Νερό 330ml,0.24
2025-11-07,402320,Κλιάφα Βυσσινάδα Φιάλη 330ml (5+1 Δώρο),4.00
2025-11-07,115174,Frulite Boost Πορτοκάλι Νεκταρίνι 500ml,1.88
2025-11-07,420166,Mythos Μπίρα 330ml 6τεμ,7.02
2025-11-07,420165,Mythos Μπίρα Κουτί 330ml,1.09
2025-11-07,401121,Coca-Cola 150ml 1τεμ,0.80
2025-11-07,411110,Amita Φρουτοποτό Πορτοκάλι- Βερύκοκο & Μήλο 1-5lt 1τεμ,1.88
2025-11-07,420642,Mythos Ice Μπίρα Φιάλη Μη Επιστρέψιμη 330ml,1.28
2025-11-07,401905,Κλιάφα Βυσσινάδα Pet 330ml,0.80
2025-11-07,401399,Pepsi Twist 6x330ml,5.04
2025-11-07,402493,Βίκος Γκαζόζα 330ml 6τεμ,3.30
2025-11-07,401920,Βίκος Γκαζόζα 330ml,0.55
2025-11-07,451004,Gordon's Gin 700ml,17.55
2025-11-07,430920,Ρεπάνη Μοσχοφίλερο Λευκός Οίνος 750ml,4.40
2025-11-07,401978,Λουξ Πορτοκαλάδα 1-5lt,1.95
2025-11-07,402069,Fanta Λεμονάδα 6x330ml,4.62
2025-11-07,401392,ΗΒΗ Λεμονίτα 6x1-5lt,11.82
2025-11-07,450401,Serkova Vodka 700ml,14.68
2025-11-07,431471,Κτήμα Κυρ Γιάννη Παράγκα Λευκό 750ml,9.24
2025-11-07,402187,Βίκος Cola Stevia 4x330ml,2.52
2025-11-07,401584,Hell Energy Drink 500ml,1.39
2025-11-07,420741,Αmstel Free Μπίρα Κουτί 330ml,0.88
2025-11-07,401008,7 Up 1-5lt,1.94
2025-11-07,411677,Nestea Λεμόνι 500ml,1.37
2025-11-07,402502,Pepsi Twist Zero 330ml 6τεμ,5.16
2025-11-07,411386,My Gusto Χυμός Νέκταρ Πορτοκάλι 1lt,0.95
2025-11-07,401407,ΕΨΑ Λεμονάδα Pet 330ml 5+1 Δώρο,3.25
2025-11-07,401182,Fanta Λεμονάδα 330ml,0.77
2025-11-07,401988,Λουξ Λεμονάδα 1.5lt,1.95
2025-11-07,401178,Fanta Πορτοκαλάδα 1-5lt,1.65
2025-11-07,401014,7 Up 1-5lt 6τεμ,11.64
2025-11-07,420744,ΑΜΣΤΕΛ Free Μπίρα Κουτί 330ml 5+1 Δώρο,4.40
2025-11-07,402527,Βίκος Ανθρακούχο Νερό Λεμόνι 330ml 4τεμ,2.68
2025-11-07,401190,Fanta Πορτοκαλάδα 6x1-5lt,11.64
2025-11-07,420030,Heineken Μπίρα Lager Κουτί 4x500ml,7.08
2025-11-07,420715,Βεργίνα Alcοohol Free Μπύρα Κουτί 330ml (5+1),3.44
2025-11-07,401105,Sprite 4x500ml,4.36
2025-11-07,430899,Περί Οίνου Ροζε Κρασί 1-5lt,3.36
2025-11-07,401406,ΕΨΑ Λεμονάδα Pet 330ml,0.65
2025-11-07,420032,Heineken Μπίρα Lager Κουτί 500ml,1.77
2025-11-07,411119,Amita Φρουτοποτό Ροδάκινο 250ml,0.89
2025-11-07,420358,Kaiserdom Dark Μπίρα Κουτί 500ml,1.54
2025-11-07,402908,Σουρωτή Ανθρακούχο Νερό Φιάλη 750ml,1.47
2025-11-07,401467,Green Λεμονάδα 4x330ml,2.20
2025-11-07,401671,Εψα Λεμονάδα 1-5lt,1.58
2025-11-07,412092,Nutri Valley Χυμός Κόκκινα Φρούτα 250ml,0.51
2025-11-07,403153,Mastiqua Ανθρακούχο Νερό Με Λεμόνι 330ml 3+1 Δώρο,4.95
2025-11-07,402065,Frutop Σόδα Ρόδι Cranberry 330ml,0.62
2025-11-07,401466,Green Λεμονάδα Pet 330ml,0.55
2025-11-07,402331,Tuborg Pink Grapefruit Σαγκουίνι 6 x 330ml,4.02
2025-11-07,412111,Fuze Tea Green Passion Fruit Χωρίς Ζάχαρη 500ml,1.66
2025-11-07,411644,Lipton Ice Tea Ροδάκινο 500ml,1.58
2025-11-07,402882,Frutop Cocktail 1lt,1.09
2025-11-07,402330,Tuborg Pink Grapefruit Σαγκουίνι 330ml,0.67
2025-11-07,430547,Τριποδάκη Λευκό Κρασί 1-5lt,3.66
2025-11-07,412098,Amita Free Immunity 1lt,1.69
2025-11-07,403156,Mastiqua Ανθρακούχο Νερό Λεμόνι 330ml,1.65
2025-11-07,401405,ΕΨΑ Πορτοκαλάδα Μπλε Pet 6Χ330ml 5+1 Δώρο,3.40
2025-11-07,404061,Aqua Carpatica Φυσικό Μεταλλικό Νερό 1 lt,0.86
2025-11-07,401615,Red Bull Energy Drink Zero 250ml,1.04
2025-11-07,420499,Νύμφη Μπίρα Κουτί 330ml,1.17
2025-11-07,420504,Νύμφη Μπίρα Κουτί 6x330ml,7.02
2025-11-07,425202,Bacardi Breezer Λεμόνι 275ml,2.17
2025-11-07,401716,Powerade Βατόμουρο 500ml,1.48
2025-11-07,425203,Breezer Καρπούζι 275ml,2.16
2025-11-07,401957,Λουξ Πορτοκαλάδα Μπλε 1.5lt,1.95
2025-11-07,430981,Μοσχοφίλερο Λευκός Οίνος 750ml,3.51
2025-11-07,411351,Amita Φυσικός Χυμός Πορτοκάλι 330ml 1τεμ,1.22
2025-11-07,401928,Κλιάφα Λεμονάδα 1-5 lt,1.64
2025-11-07,402535,Powerade Mountain Blast 4x500ml,5.92
2025-11-07,411104,Amita Φυσικός Χυμός Motion 330ml 4τεμ,4.71
2025-11-07,411136,Amita Φρουτοποτό Λεμόνι 1lt,2.04
2025-11-07,430141,Αλλοτινό Λευκός Οίνος 500ml,2.39
2025-11-07,401355,Monster Pipeline Punch 500ml,1.52
2025-11-07,411289,Peppa Pig Μήλο Πορτοκάλι Βερίκοκο 6x250ml,3.08
2025-11-07,412122,Viva Fresh Φυσικός Χυμός Μήλο-Πορτοκάλι-Καρότο 1lt,1.48
2025-11-07,403168,Ζαγόρι Ανθρακούχο Νερό Μήλο 4x500ml,1.88
2025-11-07,402647,Amita Lemonades Mint 330ml,0.78
2025-11-07,412132,Viva Fresh Φρουτοποτό Ροδάκινο-Μήλο-Πορτοκάλι 1lt,0.95
2025-11-07,412083,Powerade Mountain Blast Zero 500ml,1.48
2025-11-07,420841,Νήσος Pilsner Μπίρα Κουτί 330ml 6τεμ,7.62
2025-11-07,411426,Life Τσάϊ Φράουλα 500ml,1.42
2025-11-07,402486,Schweppes Tropical Fusion 330ml 6τεμ,3.92
2025-11-07,420016,ΑΜΣΤΕΛ Μπίρα Κουτί 4x500ml,5.96
2025-11-07,401570,Fanta Πορτοκαλάδα Μπλε 1-5lt,1.65
2025-11-07,401402,ΕΨΑ Πορτοκαλάδα Pet 6Χ330ml 5+1 Δώρο,3.40
2025-11-07,402038,Ηβη Σόδα Λεμόνι 6x330ml,3.24
2025-11-07,402377,Tuborg Mango Passionfruit Mix 4x330ml,2.18
2025-11-07,402004,Schweppes Pomegranate 6x330ml,3.91
2025-11-07,420012,ΑΜΣΤΕΛ Μπίρα Lager Κουτί 500ml,1.49
2025-11-07,402099,Schweppes Mojito 6x330ml,3.65
2025-11-07,401401,ΕΨΑ Πορτοκαλάδα Pet 330ml,0.68
2025-11-07,401375,Coca-Cola Στέβια 6x330ml,4.18
2025-11-07,404934,Contrex Φυσικό Μεταλλικό Νερό 6x1lt,6.00
2025-11-07,411626,Lipton Ice Tea Λεμόνι Φακελάκι 125gr,1.80
2025-11-07,412087,Fuze Καρπούζι & Μέντα Χωρίς Ζάχαρη 500ml,1.66
2025-11-07,411814,Λακωνία Φυσικός Χυμός Πορτοκάλι 250ml,0.71
2025-11-07,401472,Green Βυσσινάδα Κουτί 6x330ml,4.68
2025-11-07,403380,Ζαγόρι Ανθρακούχο Γκρέιπφρουτ 4x500ml,1.92
2025-11-07,401717,Powerade Πορτοκάλι 500ml,1.48
2025-11-07,420003,ΑΜΣΤΕΛ Μπίρα Lager Φιάλη 500ml,1.66
2025-11-07,411242,V-8 Χυμός Λαχανικών 340ml,3.49
2025-11-07,430198,Κτήμα Μιχαλάκη Ροζέ Οίνος 750ml,5.54
2025-11-07,402000,Schweppes Pomegranate 330ml,0.89
2025-11-07,431503,Ν.Λαζαρίδη Ντάμα Κούπα Λευκός Οίνος 750ml,7.32
2025-11-07,404930,Contrex Φυσικό Μεταλλικό Νερό 1lt,1.00
2025-11-07,402032,Ηβη Σόδα Λεμόνι 330ml,0.72
2025-11-07,402133,Schweppes Mojito 330ml,0.85
2025-11-07,402648,Amita Lemonades Grapefruit 330ml,0.78
2025-11-07,401935,Βίκος Cola 1-5lt 6τεμ,8.70
2025-11-07,430895,Περί Οίνου Ερυθρό Ημίγλυκο Κρασί 1-5lt,3.92
2025-11-07,411971,Amita Fun Μπλε Χυμός 250gr (6τεμ),4.14
2025-11-07,411811,Λακωνία Φυσικός Χυμός Πορτοκάλι 1lt,2.33
2025-11-07,411504,Ρέα Φρουτοποτό Λεμόνι 1lt,1.18
2025-11-07,420664,ΑΜΣΤΕΛ Radler Lemon Μπίρα Κουτί 4x330ml,4.32
2025-11-07,411132,Amita Φρουτοποτό Μπανάνα 1lt,1.59
2025-11-07,402045,Fever Tree Ginger Beer 200ml,1.54
2025-11-07,402507,Monster Rio Punch 500ml,1.52
2025-11-07,401672,Εψα Πορτοκαλάδα Μπλε 1-5lt,1.65
2025-11-07,402097,Schweppes Indian Tonic 330ml 6τεμ,3.47
2025-11-07,402649,Amita Λεμόνι & Μαστίχα 330ml,0.78
2025-11-07,411617,Lipton Ice Tea Ροδάκινο 1-5lt,3.20
2025-11-07,411627,Lipton Ice Tea Ροδάκινο Φακελάκι 125gr,1.80
2025-11-07,402884,Frutop Βυσσινάδα 1lt,0.79
2025-11-07,420093,Μάμος Μπίρα Pilsner Κουτί 4x500ml,6.56
2025-11-07,420793,Άλφα Retro Μπίρα Φιάλη 330ml 6τεμ,5.76
2025-11-07,420236,Άλφα Retro Μπίρα Lager Φιάλη(330ml),1.28
2025-11-07,402014,Hell Watermelon Strong 250ml,0.66
2025-11-07,402132,Schweppes Indian Tonic 330ml,0.77
2025-11-07,404920,Κορπή Sport Max Φυσικό Μεταλλικό Νερό 750ml,0.62
2025-11-07,402480,Hell Energy Drink Φράουλα Μπανάνα 500ml,1.39
2025-11-07,404081,Aqua Carpatica Ανθρακούχο Νερό Peach & Mango 4x330ml,3.60
2025-11-07,420085,Μάμος Μπίρα Pilsner Κουτί 500ml,1.64
2025-11-07,411254,Amita Φρουτοποτό Βύσσινο 1-5lt,2.28
2025-11-07,431742,Villagio Moscato D' Asti Αφρώδης Λευκός Οίνος 750ml,7.36
2025-11-07,411502,Ρέα Χυμός Ανανά 1lt,1.79
2025-11-07,411285,Life Πορτοκάλι Μήλο Βερίκοκο 1lt,1.25
2025-11-07,402333,Tuborg Ανανάς - Λαιμ - Δυόσμος 4 x 330ml,2.18
2025-11-07,404090,Λευκά Όρη Φυσικό Μεταλλικό Νερό 500ml 12τεμ,2.04
2025-11-07,401280,Frutop Coktail 330ml,0.60
2025-11-07,404089,Λευκά Όρη Φυσικό Μεταλλικό Νερό 500ml,0.17
2025-11-07,402445,Green Passion Fruit 4x330ml,2.80
2025-11-07,420106,Henninger Μπίρα Κουτί 330ml,0.80
2025-11-07,420343,Clausthaler Χωρίς Αλκοόλ Μπίρα Φιάλη 330ml,1.04
2025-11-07,401047,Pepsi Cola Regular 6x 330ml,5.04
2025-11-07,460936,Aperol Aperitivo 700ml,17.15
2025-11-07,420813,Άλφα Χωρίς Αλκοολ Λεμόνι Μπίρα Κουτί 330ml 3+1 Δώρο,3.09
2025-11-07,412095,Amita Free Immunity 330ml,1.05
2025-11-07,411293,Bolero Στιγμαίο Ποτό Φρούτα 9gr,0.60
2025-11-07,412147,Viva Fresh Φυσικός Χύμος 9 Φρούτα 1lt,1.40
2025-11-07,425201,Breezer Πορτοκάλι 275ml,2.16
2025-11-07,420249,Henninger Μπύρα Κουτί 6x330ml,5.34
2025-11-07,420752,Mythos Μπίρα Κουτί 0-0% Χωρίς Αλκοόλ 330ml,1.01
2025-11-07,662370,Frutop Caribbean 330ml,0.60
2025-11-07,411006,Ηβη Energy 7 Φρουτοποτό 250ml,0.90
2025-11-07,420790,Έζα Lager Κουτί 330ml (4+2 Δώρο),4.80
2025-11-07,420756,Mythos Μπίρα 0-0% Κουτί ml 5+1 Δώρο,5.05
2025-11-07,402487,Fanta Exotic Zero 500ml,1.01
2025-11-07,402458,Green Γκαζόζα 6x330ml,3.84
2025-11-07,401673,Εψα Πορτοκαλάδα Κόκκινη 1-5lt,1.65
2025-11-07,403007,Ζαγόρι Ανθρακούχο Νερό Λεμόνι 6x330ml,3.42
2025-11-07,401589,Hell Energy Drink Apple 250ml,0.66
2025-11-07,430898,Περί Οίνου Κόκκινο Κρασί 1-5lt,3.52
2025-11-07,430897,Περί Οίνου Ρετσίνα 1-5lt,3.17
2025-11-07,420360,Kaiserdom Kellerbier Μπίρα Κουτί 500ml,1.54
2025-11-07,420681,Heineken 0.0 Χωρίς Αλκοόλ Μπίρα Κουτί 330ml 3+1 Δώρο,3.27
2025-11-07,420800,Άλφα Χωρίς Αλκόολ Λεμόνι Μπίρα Κουτί 330ml,1.03
2025-11-07,402378,Frutop Bubblegum Τσιχλόφουσκα 330ml,0.60
2025-11-07,402379,Frutop Pink Grapefruit 1lt,1.48
2025-11-07,420197,Heineken 0.0 Μπίρα Κουτί 330ml,1.09
2025-11-07,430984,Cabernet Sauvignon Ερυθρός Οίνος 750ml,3.25
2025-11-07,420758,Εζα Pilsner Μπίρα Κουτί 330ml 5+1 Δώρο,5.00
2025-11-07,411645,Lipton Ice Tea Λεμόνι 500ml,1.58
2025-11-07,431480,Κτήμα Βιβλία Χώρα Λευκός Οίνος 750ml,16.80
2025-11-07,420678,Μάμος Μπίρα Φιάλη Αφιλτράριστη 33Οml,1.49
2025-11-07,430536,Μαυροδάφνη Πατρών 750ml,3.99
2025-11-07,402400,Tuborg Tonic Φιάλη 500ml 3+1 Δώρο,3.12
2025-11-07,119073,Κάμπος Χίου Low Φρουτοποτό Μανταρίνι 1lt,2.50
2025-11-07,404091,Λευκά Όρη Φυσικό Μεταλλικό Νερό 1-5lt 6τεμ,1.74
2025-11-07,420795,Μάμος Μπίρα Φιάλη Αφιλτράριστη 330ml 4τεμ,5.96
2025-11-07,420737,Corona Μπίρα Cero 0.0 4x330ml,10.48
2025-11-07,420736,Corona Μπίρα Φιάλη Cero 0.0 330ml,2.62
2025-11-07,420605,Εζα Lager Μπίρα Κουτί 330ml,1.20
2025-11-07,402115,Tuborg Σόδα 4x500ml,2.80
2025-11-07,431469,Κυρ Γιάννη Παράγκα Ερυθρός Οίνος 750ml,9.91
2025-11-07,192235,ΕυBio Πoυρές Φρούτων Μήλο-Μύρτιλο-Φράουλα,1.70
2025-11-07,420574,Εζα Pilsener Μπίρα Κουτί 330ml,1.00
2025-11-07,402060,Hell Energy Black Cherry 500ml,1.39
2025-11-07,425304,Somersby Original Μηλίτης 0-33lt,1.55
2025-11-07,425018,Somersby Φράουλα Lime 0% 330ml,1.44
2025-11-07,402114,Tuborg Σοδα 500 ml,0.70
2025-11-07,450031,Smirnoff Ice Κουτί 250ml,1.95
2025-11-07,402459,Green Πορτοκαλάδα Με Ανθρακικό 6x330ml,3.66
2025-11-07,431121,Παράγκα Κυρ-Γιάννη Ροζέ Οίνος 750ml,8.54
2025-11-07,402511,Chupa Chups Αναψυκτικό Sour Blueberry 345ml,1.49
2025-11-07,402439,Chupa Chups Αναψυκτικό Strawberry & Cream 345ml,1.49
2025-11-07,402515,Λουξ Γκαζόζα 6x330ml,3.12
2025-11-07,451046,Gordon's Space Kουτί 250ml,2.15
2025-11-07,411163,Νutri Valley PJ Masks Μήλο Πορτοκάλι Αχλάδι 250ml,0.51
2025-11-07,430925,Λήμνος Λευκός Οίνος 750ml,5.93
2025-11-07,404088,Λευκά Όρη Φυσικό Μεταλλικό Νερό 1-5lt,0.29
2025-11-07,402418,Monster Aussie Λεμονάδα 500ml,1.53
2025-11-07,402136,Schweppes Σόδα Λεμόνι 6x330ml,3.33
2025-11-07,470501,Grant's Ουίσκυ 700ml,19.04
2025-11-07,402102,Tuborg Tonic Κουτί 330ml,0.73
2025-11-07,411366,Amita Χυμός Πράσινο Μήλο 1lt,2.22
2025-11-07,402442,Green Mocktail Pink Grapefruit 4x330ml,2.80
2025-11-07,115001,Frulite Boost Pin Grape Ban 500ml,1.81
2025-11-07,402551,Tuborg Tonic Κουτί 330ml 6τεμ,4.38
2025-11-07,420592,Βεργίνα Weiss Μπίρα Φιάλη 500ml,1.80
2025-11-07,410217,My Gusto Συμπυκνωμένος Χυμός Βύσσινο 1lt,3.65
2025-11-07,430473,Νάουσσα Vaeni Ερυθρός Οίνος 750ml,4.95
2025-11-07,420168,Mythos Μπίρα Κουτί 500ml,1.46
2025-11-07,420727,ΑΛΦΑ Μπίρα Sea Salt Κουτί 330ml,1.15
2025-11-07,403008,Ζαγόρι Ανθρακούχο Φυσικό Μεταλλικό Νερό 6x330ml,3.42
2025-11-07,403108,Perrier Ανθρακούχο Φυσικό Μεταλλικό Νερό Φιάλη 6x200ml,4.74
2025-11-07,411324,Nutri Valley PJ Masks 3 Φρούτα 250ml,0.51
2025-11-07,402456,Hell Energy Drink Green Apple 500ml,1.39
2025-11-07,420729,ΑΛΦΑ Μπίρα Sea Salt Κουτί 330ml 5+1Δώρο,5.75
2025-11-07,420675,ΑΜΣΤΕΛ Free Μπίρα Lemon Κουτί 330ml (3+1 Δώρο),3.06
2025-11-07,412450,Arizona Green Tea Zero Sugar 450ml,1.33
2025-11-07,420169,Mythos Μπίρα 500ml 4τεμ,6.48
2025-11-07,420115,ΑΜΣΤΕΛ Free Lemon Μπίρα Κουτί 330ml,1.02
2025-11-07,430718,Σκούρας Άκρες Ροζέ 750ml,8.15
2025-11-07,402508,Monster Juiced Bad Apple 500ml,1.52
2025-11-07,411616,Lipton Ice Tea Λεμόνι 1-5lt,3.20
2025-11-07,115415,Κάμπος Χίου Φρουτοποτό Λεμονάδα Ροζ 1lt,2.50
2025-11-07,420118,ΑΜΣΤΕΛ Free Lemon Μπίρα Με Λεμόνι Κουτί (4x330ml),4.08
2025-11-07,431755,Κτήμα Άλφα Μαλαγουζιά Λευκός Οίνος 750ml,15.09
2025-11-07,402510,Green Mocktail Biter Orange Spritz Χωρίς Αλκοολ 4τεμ,2.80
2025-11-07,460061,Aperol Spritz 200ml 3τεμ,10.08
2025-11-07,662726,Κτήμα Μιχαλάκη Κρητικός Λευκός Οίνος Βιδιανό Βηλανα 750ml,5.42
2025-11-07,420023,Heineken Μπίρα Lager Φιάλη 500ml,2.10
2025-11-07,470451,Haig Gold Label Standard Whisky 700ml,20.85
2025-11-07,402512,Chupa Chups Αναψυκτικό Sour Μήλο 345ml,1.49
2025-11-07,402509,Monster Ultra Zero 500ml 4τεμ,5.48
2025-11-07,420185,Mythos Radler Μπίρα Κουτί 330ml 3+1 Δώρο,3.66
2025-11-07,404080,Aqua Carpatica Raspberry Ανθρακούχο Νερό 4x330ml,3.60
2025-11-07,410218,My Gusto Συμπυκνωμένος Χυμός Λεμόνι 1lt,2.40
2025-11-07,420183,Mythos Radler Μπίρα Κουτί 330ml,1.22
2025-11-07,430144,Αλλοτινό Ερυθρός Ημίγλυκος Οίνος 500ml,2.48
2025-11-07,404097,Ιόλη Φυσικό Μεταλλικό Νερό 6x1-5lt,1.98
2025-11-07,411019,Ηβη Φρουτοποτό Βύσσινο 1lt,1.95
2025-11-07,430962,ΕΟΣ Σάμου Vin Doux Γλυκός Οίνος 750ml,7.40
2025-11-07,401192,Red Bull Energy Drink 355ml,1.44
2025-11-07,403107,Perrier Ανθρακούχο Φυσικό Μεταλλικό Νερό Φιάλη 4x330ml,4.04
2025-11-07,431473,Historia Αβαντίς Λευκός Οίνος 750ml,8.80
2025-11-07,411535,Ρέα Φρουτοποτό Φράουλα 250ml,0.48
2025-11-07,401077,Ηβη Πορτοκαλάδα Κόκκινη 6x330ml,3.51
2025-11-07,403102,Perrier Ανθρακούχο Φυσικό Μεταλλικό Νερό Φιάλη 330ml,1.01
2025-11-07,401072,Ηβη Πορτοκαλάδα Κόκκινη 330ml,0.78
2025-11-07,420382,Μπίρα Hoppy Lager Κουτί Νύμφη (4x500ml),6.56
2025-11-07,431274,Mati Fortuna Λευκός Οίνος 750ml,12.40
2025-11-07,425204,Breezer Passion Fruit Mango 275ml,2.16
2025-11-07,411594,Lipton Ice Tea Green 500ml,1.60
2025-11-07,412143,Fuze Tea Green Lime Mint 500ml,1.42
2025-11-07,119074,Κάμπος Χίου Low Νέκταρ Φρουτοποτό Βύσινο-Κεράσι 1lt,2.50
2025-11-07,402438,Chupa Chups Αναψυκτικό Watermelon 345ml,1.49
2025-11-07,425230,Breezer Lime 275ml,2.17
2025-11-07,404063,Aqua Carpatica Φυσικό Μεταλλικό Νερό 6x1-5 lt,6.18
2025-11-07,425416,Μηλοκλέφτης Με Γεύση Velvet Bush Φιάλη (330ml),1.12
2025-11-07,402161,Schweppes Indian Tonic 500ml,1.10
2025-11-07,420381,Νύμφη Μπίρα Κουτί 500ml,1.64
2025-11-07,412071,Arizona Green Tea Με Μέλι 450ml,1.33
2025-11-07,431743,Casarito Moscato D'Asti Αφρώδης Λευκός Οίνος 750ml,9.71
2025-11-07,411808,Lipton Ice Tea Green 1-5lt,3.20
2025-11-07,402441,Hell Energy Drink Peach & Lemon 500ml,1.39
2025-11-07,401216,Ηβη Πορτοκαλάδα Mπλε 6x330ml,3.51
2025-11-07,411862,Λακωνία Φρουτοποτό Λεμόνι 1lt,1.32
2025-11-07,411444,Xixo Ice Tea Φράουλα 250ml,0.59
2025-11-07,402505,Red Bull Energy Drink Sugar Free 355ml,1.44
2025-11-07,402457,Green Λεμονάδα 6x330ml,3.66
2025-11-07,402437,Chupa Chups Αναψυκτικό Cherry Bubble 345ml,1.49
2025-11-07,430549,Τριποδάκη Κόκκινο Ημίγλυκο 1-5lt,4.36
2025-11-07,430143,Αλλοτινό Ερυθρός Οίνος 500ml,2.43
2025-11-07,420788,Pils Hellas Μπίρα Κουτί 0.0% 330ml 4τεμ,1.97
2025-11-07,401073,Ηβη Πορτοκαλάδα Mπλε 330ml,0.78
2025-11-07,411226,Amita Χυμός Ανανά 1lt,2.00
2025-11-07,430065,Μοσχοφίλερο Μπουτάρη Λευκός Οίνος 750ml,8.50
2025-11-07,404099,Aqua Carpatica Ανθρακούχο Νερό Αpple 4x330ml,3.60
2025-11-07,431265,Μαλαματίνα Ρετσίνα 4x500ml,7.31
2025-11-07,431201,Μαλαματίνα Ρετσίνα 500ml,1.83
2025-11-07,470001,Ballantines Finest Standard Whisky 700ml,18.20
2025-11-07,412149,Viva Way Φυσικός Χυμός 9 Φρούτα 250ml 5+1 Δώρο,3.55
2025-11-07,461421,Πλωμάρι Ούζο 700ml,11.20
2025-11-07,402479,Hell Energy Drink Black Cherry 250ml,0.66
2025-11-07,192234,ΕύBio Πουρές Φρούτων Μήλο-Mάνγκ-Ανανάς,1.70
2025-11-07,411448,Xixo Ice Tea Ροδάκινο 250ml,0.59
2025-11-07,420819,Stella Artois Μπίρα Κουτί 500ml,1.42
2025-11-07,420240,Paulaner Hefeweiss Μπίρα Φιάλη 500ml,2.26
2025-11-07,420797,Άμστελ Retro Μπίρα Φιάλη 330ml 6τεμ,5.81
2025-11-07,470938,VAT 69 Ουίσκι 700ml,15.64
2025-11-07,404945,Perrier Ανθρακούχο Φυσικό Μεταλλικό Νερό - Γεύση Λεμόνι 6x500ml,5.76
2025-11-07,411348,Nutri Valley Scooby doo Red Fruits 6x250ml,3.08
2025-11-07,420794,ΑΜΣΤΕΛ Retro Μπίρα Φιάλη 330ml,1.29
2025-11-07,402086,Βίκος Cola 4x330ml,2.60
2025-11-07,410219,My Gusto Συμπυκνωμένος Χυμός Πορτοκάλι 1lt,2.71
2025-11-07,442036,Metaxa 3* 33% Cognac 350ml,7.33
2025-11-07,404927,Κορπή Hero Φυσικό Μεταλλικό Νερό 8x500ml,2.08
2025-11-07,402881,Frutop Caribbean 1lt,1.09
2025-11-07,430673,Μοσχοφίλερο Λευκό Κρασί 1-5lt,6.27
2025-11-07,403353,Δουμπιά Νερό Ανθρακούχο Φυσικό Μεταλλικό 250ml 4τεμ,3.72
2025-11-07,401169,Fanta Πορτοκαλάδα 4x500ml,4.00
2025-11-07,404096,Ιόλη Φυσικό Μεταλλικό Νερό 12x500ml,2.40
2025-11-07,431167,Ελληνικά Κελλάρια Μαλαγουζιά Λευκός Οίνος 750ml,6.75
2025-11-07,450206,Wyborowa Vodka 700ml,13.29
2025-11-07,403009,Ζαγόρι Ανθρακούχο Νερό Ροδάκινο 4x330ml,2.48
2025-11-07,420600,Pils Μπίρα Φιάλη 500ml,1.02
2025-11-07,404931,Perrier Ανθρακούχο Φυσικό Μεταλλικό Νερό Γεύση Λεμόνι 500ml,0.96
2025-11-07,420501,Άλως Μπίρα Φιάλη 330ml,2.95
2025-11-07,412139,Viva Fresh Χυμός Ανανάς Νέκταρ 1lt,1.40
2025-11-07,401577,Hell Ice Coffee Cappuccino 250ml,1.02
2025-11-07,430546,Τριποδάκη Κόκκινο Κρασί 1-5lt,3.99
2025-11-07,461165,Ρωμέικο Τσίπουρο Χωρίς Γλυκάνισο 500ml,8.14
2025-11-07,412038,Fuze Tea Ροδάκινο Με Εκχύλισμα Ιβίσκου 1.5L,2.78
2025-11-07,402369,Green Soda Κουτί 330ml 6τεμ,3.06
2025-11-07,412063,Fuze Tea Ροδάκινο Με Εκχύλισμα Ιβίσκου 6x1.5 lt,16.68
2025-11-07,403405,Κορπή Ανθρακούχο Φυσικό Μεταλλικό Νερό Γυάλινη Φιάλη 4x330ml,3.00
2025-11-07,461918,MINI Ούζo 350ml,5.66
2025-11-07,402026,Ηβη Σόδα 6x330ml,2.70
2025-11-07,403116,Perrier Ανθρακούχο Φυσικό Μεταλλικό Νερό Κουτί 10x250ml,6.70
2025-11-07,420052,Άλφα Μπίρα Lager Φιάλη (500ml),1.62
2025-11-07,403403,Κορπή Ανθρακούχο Φυσικό Μεταλλικό Νερό Γυάλινη Φιάλη 330ml,0.75
2025-11-07,430190,Μπλε Τρακτέρ Κυρ-Γιάννη Λευκός Οίνος 750ml,10.50
2025-11-07,451032,Tanqueray Gin 700ml,21.45
2025-11-07,420798,Άλφα Retro Μπίρα Φιάλη Χωρίς Αλκοόλ 330ml 4τεμ,4.56
2025-11-07,412134,Viva Fresh Φυσικός Χύμος Μήλο 250ml 5+1 Δώρο,3.30
2025-11-07,411021,Ηβη Energy 7 Φρουτοποτό 1lt,2.42
2025-11-07,401063,Ηβη Λεμονίτα 6x330ml,3.56
2025-11-07,430545,Τριποδάκη Ροζέ Κρασί 1-5lt,3.80
2025-11-07,430931,Real Sangria Ερυθρός Οίνος 750ml,3.78
2025-11-07,431474,Historia Αβαντίς Ερυθρός Οίνος 750ml,9.87
2025-11-07,430982,Σαββατιανό Λευκός Οίνος 750ml,3.43
2025-11-07,420735,ΑΛΦΑ Μπίρα Retro Χωρίς Αλκόολ Φιάλη 330ml,1.14
2025-11-07,402468,Carabao Energy Drink Mixed Berry 330ml,1.29
2025-11-07,401082,Ηβη Λεμονίτα 330ml,0.79
2025-11-07,403553,S.Pellegrino Ανθρακούχο Φυσικό Μεταλλικό Νερό Φιάλη 6x250ml,6.60
2025-11-07,425027,Coctel Mix Cocktail Porn Martini 330ml,2.03
2025-11-07,411337,Nutri Valley Χυμός Μήλο Πορτοκάλι Βερίκοκο 1lt,1.34
2025-11-07,431256,Les Ormes De Cambras Οίνος Λευκός 750ml,4.95
2025-11-07,411812,Λακωνία Νέκταρ 3 Φρούτων 1lt,1.36
2025-11-07,420174,Fischer Μπίρα Pilsner Κουτί 4x500ml,7.52
2025-11-07,420149,Fischer Μπίρα Κουτί 500ml,1.88
2025-11-07,470991,Jameson Irish Whisky 700ml,21.50
2025-11-07,431496,Κτήμα Βιβλία Χώρα Βιολογικός Ερυθρός Οίνος 750ml,20.20
2025-11-07,420661,Sol Μπίρα Μεξικάνικη Φιάλη 4-2% 330ml,2.47
2025-11-07,402185,Schweppes Bitter Lemon 330ml 6τεμ,3.65
2025-11-07,403551,S.Pellegrino Ανθρακούχο Φυσικό Μεταλλικό Νερό Φιάλη 250ml,1.10
2025-11-07,420667,Stadelbrau Pilsner Μπίρα Κουτί 330ml,0.80
2025-11-07,402541,Θεόνη Ανθρακούχο Νερό Φιάλη 750ml,1.65
2025-11-07,401576,Hell Ice Coffee Latte 250ml,1.02
2025-11-07,425015,Μηλοκλέφτης Φιάλη Τρόπικαλ 330ml,1.12
2025-11-07,420080,Μάμος Μπίρα Pilsner Φιάλη 500ml,1.84
2025-11-07,401943,Βίκος Πορτοκαλάδα 1-5lt,1.70
2025-11-07,425317,Somersby Mango Lime 330ml,1.55
2025-11-07,411046,Ocean Spray Χυμός Cranberry 1lt,3.50
2025-11-07,402143,Schweppes Bitter Lemon 330ml,0.85
2025-11-07,461825,Ζέπος Ούζο Μυτιλήνης 40% 1lt,11.27
2025-11-07,430142,Αλλοτινό Ροζέ Οίνος 500ml,2.47
2025-11-07,411452,Xixo Ice Raspberry & Blueberry 250ml,0.59
2025-11-07,431275,Μάτι Fortuna Ερυθρός Οίνος 750ml,12.40
2025-11-07,412126,Fuze Tea Black Λεμόνι & Λουίζα Χωρίς Ζάχαρη 500γρ,1.66
2025-11-07,470010,Clan Macgregor Ουίσκι 700ml,14.12
2025-11-07,404918,Κορπή Mania Φυσικό Μεταλλικό Νερό 6x500ml,2.40
2025-11-07,411286,Life Φυσικός Χυμός Multifruits 1lt,2.29
2025-11-07,401945,Βίκος Πορτοκαλάδα 1-5lt 6τεμ,10.20
2025-11-07,420348,La Trappe Quadrupel Μπίρα Φιάλη 330ml,3.50
2025-11-07,431516,Σκούρας Αρμύρα Λευκός Οίνος 750ml,13.41
2025-11-07,450201,Absolut Vodka 700ml,18.40
2025-11-07,461001,"12" Ούζο 200ml,3.72
2025-11-07,425026,Mix Cocktail Mojito 330ml,2.27
2025-11-07,420755,Φιξ Άνευ Μπίρα Σαγκουίνι Κουτί 330ml 4τεμ,3.92
2025-11-07,402184,Schweppes Ginger Ale 330ml 6 τεμ.,3.65
2025-11-07,431504,Ν.Λαζαρίδη Ρήγας Κούπα Ερυθρός Οίνος 750ml,7.32
2025-11-07,420834,Estrella Galicia Μπίρα Φιάλη 0-0% Αλκοόλ 330ml,1.39
2025-11-07,431251,Torres Natureo Λευκός Οίνος Χωρίς Αλκοόλ 750ml,10.64
2025-11-07,420682,Βεργίνα Radler Μπίρα Κουτί 330ml 3+1 Δώρο,3.57
2025-11-07,401188,Fanta Λεμονίτα 1-5lt 1τεμ,1.65
2025-11-07,420751,Φιξ Άνευ Μπίρα Κουτί Σαγκουίνι 330ml,0.98
2025-11-07,420732,Craft Χωρίς Αλκοόλ Μπίρα Φιάλη 330ml,1.66
2025-11-07,404265,Evian Μεταλλικό Νερό 1L,1.86
2025-11-07,450005,Stoli Vodka 700ml,18.05
2025-11-07,401193,Fanta Λεμονίτα 6x1-5lt,11.64
2025-11-07,192319,ΕυBio Πoυρές Φρούτων Μήλο-Αχλάδι-Ρόδι Χωρίς Ζάχαρη,1.70
2025-11-07,402517,Λουξ Βυσσινάδα 6x330ml,4.08
2025-11-07,451045,Tanqueray Alcohol Free & Tonic Κουτί 250ml,2.74
2025-11-07,470033,Septem Mylos Μπίρα Φιάλη 500ml,2.54
2025-11-07,431276,Mati Fortuna Ροζέ Ημίξηρος Οίνος 750ml,12.40
2025-11-07,412074,Arizona Green Tea Με Ρόδι 450ml,1.53
2025-11-07,461169,Τσιλιλή Τσίπουρο 40% 200ml,4.55
2025-11-07,430619,Σώκος Μαλαγουζιά Λευκός Οίνος 750ml,8.81
2025-11-07,461916,MINI Ούζο 200ml,3.82
2025-11-07,402469,Carabao Energy Drink Orange 330ml,1.29
2025-11-07,401337,Oshee Sports Drink Lemon Zero 750ml,1.66
2025-11-07,402811,Εκ Χίου Σόδα Μαστίχας 500ml,1.36
2025-11-07,430985,Νεμέα Αγιωργίτικο Ερυθρός Οίνος 750ml,3.71
2025-11-07,425022,Le Coq Coctail Mojito Classic 330ml,2.76
2025-11-07,404267,Evian Μεταλλικό Νερό 6x1 lt,11.16
2025-11-07,420801,Stella Artois Μπίρα Κουτί 330ml,1.33
2025-11-07,420814,Stella Artois Μπίρα Κουτί 6x330ml,5.98
2025-11-07,425300,Somersby Μηλίτης Watermelon 330ml,1.55
2025-11-07,401222,Oshee Sports Drink Multifruit Zero 750ml,1.66
2025-11-07,412142,Omg Bubble Tea Rasberry 270ml,3.67
2025-11-07,431244,Aria Μοσχάτο Τυρνάβου Ροζέ Οίνος 750ml,6.20
2025-11-07,430026,Σημείο Μπουτάρη Ροζέ Οίνος 750ml,7.10
2025-11-07,431505,Ν.Λαζαρίδη Μαύρο Πρόβατο Λευκός Οίνος 750ml,10.75
2025-11-07,420350,Voreia Pale Ale Μπίρα Φιάλη 330ml,2.84
2025-11-07,440916,Martini Asti Αφρώδης Λευκός Οίνος 200ml,3.90
2025-11-07,430197,Κτήμα Μιχαλάκη Μανδηλάρι Ροζέ Οίνος 750ml,8.95
2025-11-07,452001,Bacardi Carta Blanca Ρούμι 700ml,18.55
2025-11-07,411630,Lipton Ice Tea Green Χωρίς Ζάχαρη 6x330ml,7.26
2025-11-07,420912,Bud Μπίρα Αμερικής Φιάλη 330ml,1.95
2025-11-07,470957,Jack Daniel’s Tennessee Whisky 700ml,28.60
2025-11-07,420799,Αλφα Retro Μπίρα Θαλασσινό Αλάτι Φιάλη 4x330ml,5.76
2025-11-07,420787,Α Τoda Madre Μπίρα Φιάλη 330ml,1.76
2025-11-07,411339,Nutri Valley 9 Φρούτα 1lt,1.87
2025-11-07,420725,ΑΛΦΑ Μπίρα Sea Salt Φιάλη 330ml,1.44
2025-11-07,450108,Smirnoff Red Vodka 700ml,17.90
2025-11-07,431278,Mateus Ροζέ Ημίγλυκος Οίνος 750ml,5.95
2025-11-07,430216,Γόνιμος Τόπος Ημίγλυκο Ερυθρός Οίνος 500ml,2.33
2025-11-07,431084,Φίλιωμα Οίνος Λευκός ΠΓΕ 750ml,3.57
2025-11-07,470401,Dewar's Ουίσκυ 700ml,19.85
2025-11-07,431645,Κτήμα Αβάντις Ροζέ Οίνος 750ml,8.80
2025-11-07,420403,Guiness Μαύρη Μπίρα Κουτί 440ml,3.08
2025-11-07,420405,Guinness Μαύρη Μπίρα Κουτί 4x440ml,12.32
2025-11-07,650439,Ζύθος Βαπ Μπίρα Κουτί 330ml 5+1 Δώρο,5.10
2025-11-07,430926,Αγιωργίτικο Ρεπάνης Ερυθρός Οίνος 750ml,4.40
2025-11-07,420579,Pils Μπίρα Κουτί 4x500ml,4.29
2025-11-07,412144,Bob Bubble Tea Fruit Berry 360ml,2.99
2025-11-07,420796,Μάμος Retro Μπίρα Φιάλη 330ml 6τεμ,6.57
2025-11-07,431189,Brilla Prosecco Οίνος Αφρώδες Λευκός 750ml,11.12
2025-11-07,440111,Gancia Prosecco Brut Αφρώδης Λευκός Οίνος 750ml,11.37
2025-11-07,650437,Ζύθος Βαπ Μπίρα Κουτί 330ml,1.02
2025-11-07,431460,Αβέρωφ Κατώγι Λευκός Οίνος 750ml,9.02
2025-11-07,420761,Erdinger Weiss Μπίρα Φιάλη 500ml,2.36
2025-11-07,430196,Κτήμα Μιχαλάκη Κρητικός Ερυθρός Οίνος 750ml,5.54
2025-11-07,420532,Septem Golden Ale Μπίρα Φιάλη 330ml,3.47
2025-11-07,430671,Μοσχοφίλερο Λευκό Κρασί Σε Ασκό 3lt,13.52
2025-11-07,461824,Ζέπος Ούζο Μυτιλήνης 700ml,8.73
2025-11-07,431459,Αβέρωφ Κατώγι Ερυθρός Οίνος 750ml,10.08
2025-11-07,430916,Κτήμα Αβαντίς Syrah Ερυθρός Οίνος 750ml,14.10
2025-11-07,430917,The Fallen Oak Κυρ-Γιάννη Ερυθρός Οίνος 750ml,13.60
2025-11-07,451101,Beefeater Gin 700ml,20.20
2025-11-07,402498,Coolvit Balance 500ml,1.90
2025-11-07,402466,Carabao Energy Drink Πράσινο Μήλο 330ml,1.29
2025-11-07,430057,Ρεπάνη Νεμέα Ερυθρός Οίνος ΠΟΠ 750ml,5.94
2025-11-07,431137,Μίγας Μαύρο Μοσχάτο Τυρνάβου Λευκός 750ml,7.30
2025-11-07,450210,Absolut Vodka 500ml,14.84
2025-11-07,460011,Baileys Original Λικέρ 700ml,18.32
2025-11-07,430101,Κουρτάκη Ρετσίνα 500ml,1.94
2025-11-07,412141,Omg Bubble Tea Peach 270ml,3.67
2025-11-07,430214,Desir Ροζέ Οίνος 750ml,5.77
2025-11-07,430015,Κρητικός Μπουτάρη Λευκός Οίνος 750ml,6.70
2025-11-07,461220,Δεκαράκι Ροδίτης Τσίπουρο 700ml,12.78
2025-11-07,431494,Σκούρας Άκρες Λευκός Οίνος 750ml,7.95
2025-11-07,461822,Ζέπος Ούζο Μυτιλήνης 200ml,3.12
2025-11-07,460980,Cinzano Prosecco Αφρώδης Οίνος 750ml,10.50
2025-11-07,411371,Ηβη Φρουτοποτό Ροδάκινο 1lt,2.03
2025-11-07,431495,Σκούρας Άκρες Ερυθρός Οίνος 750ml,8.07
2025-11-07,442164,Αμβροσία 3* Αλκοολούχο Ποτό 30% 200ml,3.37
2025-11-07,420471,Fix Άνευ Μπίρα Φιάλη 330ml,1.58
2025-11-07,402529,Xixo Tutti Fruity 250ml,0.59
2025-11-07,460078,Crodino Non Αlcoholic Spritz 3x175ml,6.63
2025-11-07,412140,Powerade Blood Orange 500ml,1.48
2025-11-07,431245,Aria Μοσχάτο Τυρνάβου Λευκός Οίνος 750ml,6.05
2025-11-07,430328,Fun Ροζέ Ημίγλυκος Οίνος 750ml,3.00
2025-11-07,450301,Finlandia Vodka 700ml,17.54
2025-11-07,420342,Weihenstephan Heffe Weiss Μπίρα 500ml,2.99
2025-11-07,650536,Το Δεκαράκι Τσίπουρο Χώρις Γλυκάνισο 700ml,14.34
2025-11-07,461036,Τυρνάβου Βρυσσά Τσίπουρο Χωρίς Γλυκάνισο 700ml,12.97
2025-11-07,411425,Amita Fun Κόκκινη Φρουτοπότο 6x250ml,4.20
2025-11-07,412146,Bob Bubble Tea Sakura Beach 360ml,2.99
2025-11-07,430972,Calliga Ροζέ Οίνος Demi Sec 750ml,6.25
2025-11-07,411405,Amita Fun Κόκκινη Φρουτοπότο 250ml,0.70
2025-11-07,425025,Mix Cocktail Gin & Passion Fruit 330ml,2.27
2025-11-07,431262,Κτήμα Κόκκινος Petinos Οίνος Λευκός 750ml,10.70
2025-11-07,420380,Νύμφη Μπίρα Hoppy Lager Φιάλη 500ml,1.95
2025-11-07,411338,Nutri Valley Βύσσινο 1lt,1.49
2025-11-07,440369,Martini Prosecco 750ml,8.96
2025-11-07,401484,Lucozade Πορτοκάλι 500ml,1.35
2025-11-07,470215,White Horse Ουίσκι 700ml,16.98
2025-11-07,442015,Metaxa 5* 38% Cognac 200ml,5.44
2025-11-07,461184,Αποστολάκη Τσίπουρο Χωρίς Γλυκάνισο 700ml,14.78
2025-11-07,420816,ΑΜΣΤΕΛ Radler Γκρεϊπ Φρουτ Μπίρα Κουτί 330ml 3+1 Δώρο,3.27
2025-11-07,430092,Ionos Ροζέ Ξηρός 750ml,4.22
2025-11-07,425006,The Locals Cocktail Pornstar Martini Vodka 250ml,2.48
2025-11-07,460931,Campari 700ml,22.25
2025-11-07,412145,Bob Bubble Tea Τropical Mix 360ml,2.99
2025-11-07,431266,Tauro Αποστολάκη Λευκός Οίνος 750ml,5.50
2025-11-07,430199,Κτήμα Μιχαλάκη Μοσχάτο Σπίνας Οίνος 750ml,8.78
2025-11-07,420378,Kaiserdom Pilsener Μπίρα Φιάλη 500ml,2.61
2025-11-07,420356,Kaiserdom Pilsener Μπίρα Κουτί 500ml,1.50
2025-11-07,420815,Budweiser Budvar Μπίρα Κουτί 330ml 5+1 Δώρο,6.50
2025-11-07,431255,Les Ormes De Campras Οίνος Ερυθρός 750ml,4.95
2025-11-07,412072,Arizona Iced Tea Με Λεμόνι 450ml,1.33
2025-11-07,461917,MINI Ούζο 700ml,11.20
2025-11-07,430165,Χαρλαύτης Μαλαγουζιά Ασύρτικος Ξηρός Οίνος 750ml,10.13
2025-11-07,431175,Apelia Λευκός Οίνος Σε Ασκό 3 lt,9.73
2025-11-07,430012,Μπουτάρη Ροζέ Οίνος Demi Sec 750ml,8.75
2025-11-07,411014,Ηβη Νέκταρ Πορτοκάλι-Μήλο-Βερύκοκο 1lt,1.96
2025-11-07,430064,Ψηλές Κορφές Λευκός Οίνος 750ml,7.40
2025-11-07,412076,Arizona Green Tea Honey & Plum 450ml,1.33
2025-11-07,430581,Roussos Nama Ερυθρός Οίνος 375ml,5.36
2025-11-07,430696,Μέγα Σπήλαιο Merlot Ερυθρός Οίνος 750ml,9.45
2025-11-07,420753,Νήσος Easy Ipa Μπίρα Φιάλη 330ml,3.16
2025-11-07,430604,Χνάρια Λευκός Οίνος 750ml,7.95
2025-11-07,420612,Νήσος All Day Βιολογική Μπίρα Φιάλη 330ml,2.85
2025-11-07,461213,Τσιλιλή Τσίπουρο Χωρίς Γλυκάνισο 40% 700ml,13.95
2025-11-07,431301,Κτήμα Χατζημιχάλη Πολυποικιλιακός Λευκός Οίνος 750ml,11.00
2025-11-07,430987,Ημίγλυκος Ερυθρός Οίνος 750ml,4.08
2025-11-07,402528,Xixo Tutti Fruity Μήλο 250ml,0.59
2025-11-07,431176,Apelia Ροζέ Οίνος Σε Ασκό 3 lt,9.98
2025-11-07,431403,Κτήμα Γ. Παλυβού Πέτρινες Πλαγίες Λευκό 750ml,15.02
2025-11-07,431760,Il Cascinone Moscato D'Asti Ημιαφρώδης Λευκός Οίνος 750ml,8.54
2025-11-07,420628,Pils Hellas Μπίρα Φιάλη 200ml 24τεμ,14.64
2025-11-07,431130,Μίγας Μαύρο Μοσχάτο Τυρνάβου Ροζέ 750ml,7.30
2025-11-07,431753,Κτήμα Άλφα Ξινόμαυρο 750ml,18.10
2025-11-07,420133,Kaiser Μπίρα Φιάλη 500ml,2.05
2025-11-07,650507,Ηδωνικό Τσίπουρο Χωρίς Γλυκάνισο 700ml,15.77
2025-11-07,430660,Νama Εκκλησιαστικός Ερυθρός Οίνος 375ml,3.48
2025-11-07,430133,Apelia Ημίγλυκο Κόκκινο Κρασί 1-5 lt,5.11
2025-11-07,412062,Fuze Tea Λεμόνι Με Εκχύλισμα Λουίζας 6x1.5 lt,16.68
2025-11-07,453016,Olmeca Τεκίλα Λευκή 35% 700ml,21.80
2025-11-07,431456,Mostra Λευκός Οίνος 500ml,2.73
2025-11-07,451015,Bombay Sapphire Gin 700ml,23.60
2025-11-07,411410,Aloe Vera Φράουλα Light 500ml,1.71
2025-11-07,431747,Casarito Moscato D' Asti Λευκός Οίνος 375ml,5.94
2025-11-07,461003,"12" Ούζο 700ml,10.10
2025-11-07,450122,Smirnoff North Vodka 700ml,16.73
2025-11-07,431497,Γεροβασιλείου Ξηρός Λευκός 750ml,17.20
2025-11-07,431264,Βαλές Κούπα Λαζαρίδη Ροζέ Οίνος 750ml,7.75
2025-11-07,404082,Maioson Perrier Forever Lemonia 4x330ml,4.08
2025-11-07,460047,Καλλικούνης Μαστίχα Λικέρ 700ml,13.93
2025-11-07,420307,Beck's Μπύρα Φιάλη 6x275ml,6.66
2025-11-07,452667,Havana Club Anejo Rum 3 Ετών 37-5% 700ml,19.55
2025-11-07,431492,Αβέρωφ Ροζέ Οίνος 750ml,9.73
2025-11-07,442165,Αμβροσία 3* Αλκοολούχο Ποτό 30% 350ml,5.32
2025-11-07,430674,Αγιωργίτικο Ερυθρό Κρασί 1-5lt,5.10
2025-11-07,402504,Red Bull White Edition Coconut Berry 250ml,1.04
2025-11-07,420730,ΑΛΦΑ Μπίρα Sea Salt Κουτί 500ml 4τεμ,6.52
2025-11-07,431502,Λήμνια Γη Λευκός Οίνος 750ml,9.52
2025-11-07,460016,Martini Bianco 1lt,12.34
2025-11-07,411836,Lipton Ice Tea Χωρίς Ζάχαρη Ροδάκινο 6x330ml,7.26
2025-11-07,411620,Lipton Ice Tea Ροδάκινο Κουτί 6x330ml,6.54
2025-11-07,402812,Εκ Χίου Σόδα Μαστίχας Λεμόνι 200ml,1.36
2025-11-07,430442,Achaia Clauss Μαυροδάφνη Πατρών 750ml,9.30
2025-11-07,442166,Αμβροσία 3* Αλκοολούχο Ποτό 30% 700ml,9.75
2025-11-07,470971,Famous Grouse Whisky 700ml,20.50
2025-11-07,460334,Skinos Μαστίχα Λικέρ 350ml,9.74
2025-11-07,411345,Nutri Valley Scoobydoo Ροδάκινο 1lt,1.50
2025-11-07,412135,Viva Fresh Φρουτοποτό Ροδάκινο Μήλο Πορτοκάλι 5+1 Δώρο 250ml,2.35
2025-11-07,420710,Dathenes Μπίρα Φιάλη 330ml,2.20
2025-11-07,420668,Stadelbrau Pilsner Μπίρα Κουτί 500ml,1.11
2025-11-07,431330,Κτήμα Χατζημιχάλη Μαλαγουζιά Δρυός Λευκός Οίνος 750ml,14.88
2025-11-07,402532,Coolvit Aloe Vera Lime 500ml,1.65
2025-11-07,420810,Kirki Pale Ale Μπίρα Φιάλη 330ml,2.40
2025-11-07,425020,Μηλοκλέφτης Pink Splash Φιάλη 330ml,1.12
2025-11-07,430353,Ελληνικά Κελλάρια Αγιωργίτικο Νεμέας Ερυθρός Ξηρός Οίνος ΠΟΠ 750ml,6.25
2025-11-07,431162,Μπλε Τρακτέρ Κυρ - Γιάννη Ροζέ Οίνος 750ml,10.54
2025-11-07,430021,Νάουσσα Μπουτάρη Ερυθρός Οίνος 750ml,11.30
2025-11-07,430191,Μπλε Τρακτέρ Κυρ Γιάννη Ερυθρός Οίνος 750ml,10.88
2025-11-07,430441,Achaia Clauss Μαυροδάφνη Πατρών 375ml,4.90
2025-11-07,430672,Αγιωργίτικο Ερυθρό Κρασί σε Ασκό 3lt,11.93
2025-11-07,470102,Johnnie Walker Black Label Deluxe Whisky 700ml,33.60
2025-11-07,431744,Brachetto D'Acqui Ροζέ Αφρώδης Οίνος 750ml,9.99
2025-11-07,431461,Κ.Λαζαρίδη Αμέθυστος Λευκός Οίνος 750ml,14.10
2025-11-07,402530,Coolvit Aloe Vera Φράουλα 500ml,1.65
2025-11-07,402519,Prime Ισοτονικό Ποτό Ice Orange 500ml,2.28
2025-11-07,460077,Campari Soda Aperitivo 98ml 5τεμ,6.76
2025-11-07,430215,Dedir Λευκός Οίνος 750ml,5.77
2025-11-07,451044,Tanqueray Gin & Tonic Κουτί 250ml,2.74
2025-11-07,431243,Κτήμα Μιχαλάκη Κοτσιφάλι Ερυθρός Οίνος 750ml,9.19
2025-11-07,402096,Fever Tree Pink Grapefruit Σόδα 200ml,1.54
2025-11-07,440912,Martini Asti Αφρώδης Λευκός Οίνος 750ml,11.60
2025-11-07,431720,Κτήμα Άλφα Ροζέ Οίνος 750ml,21.01
2025-11-07,442037,Metaxa 3* Cognac 700ml,14.13
2025-11-07,460409,Southern Comfort Λικέρ 700ml,19.85
2025-11-07,430093,Ionos Λευκός Ξηρός Οίνος 750ml,4.13
2025-11-07,420670,Mini Chic Lychee Αφρώδης Οίνος 200ml,2.52
2025-11-07,452002,Bacardi Carta Blanca Ρούμι 1lt,26.47
2025-11-07,460945,Disaronno Amaretto Λικέρ 700ml,19.60
2025-11-07,431470,Κτήμα Κυρ Γιάννη Ακακίες Ροζέ Οίνος 750ml,9.60
2025-11-07,402538,Frutop Λεμόνι Φράουλα 330ml,0.59
2025-11-07,425032,Coctel Cocktail Strawberry Daiquiri Ready To Drink 1lt,12.89
2025-11-07,425023,Le Coq Coctail Margarita 330ml,2.76
2025-11-07,450027,The Locals Mojito Gin Κουτί 250ml,2.32
2025-11-07,411209,Lipton Sparkling Ροδάκινο 6x330ml,6.72
2025-11-07,650353,Bee Ημίγλυκος Ροζέ Οίνος 750ml,11.57
2025-11-07,425004,Bacardi Mojito Κουτί 250ml,2.49
2025-11-07,431595,Γεροβασιλείου Viognier Λευκός Οίνος 750ml,24.55
2025-11-07,431304,Κτήμα Χατζημιχάλη Πολυποικιλιακός Ερυθρός Οίνος 750ml,11.20
2025-11-07,401320,Monster Energy 4x500ml,5.48
2025-11-07,431467,Τέσσερις Λίμνες Κυρ Γιάννη 750ml,17.24
2025-11-07,460031,Malibu Λικέρ 700ml,16.50
2025-11-07,431672,Chateau Julia Merlot Ερυθρός Οίνος 750ml,21.48
2025-11-07,450034,Metaxa Peach Spritz Ready To Drink 250ml,2.48
2025-11-07,425024,Le Coq Coctail Blue Lagoon 330ml,2.86
2025-11-07,431240,Kotsifali Βασίλισσες Ερυθρός Οίνος 750ml,8.50
2025-11-07,452023,Havana Club Ρούμι Anejo Especial 700ml,21.20
2025-11-07,420669,Estrella Galicia Especial Μπύρα Φιάλη 330ml,1.87
2025-11-07,431457,Mostra Ροζέ Οίνος 500ml,2.79
2025-11-07,431632,Κτήμα Θεοδωρακάκου Κυδωνίτσα Bio Λευκός Οίκος 750ml,11.37
2025-11-07,425402,Strongbow Με Γεύση Red Berries Φιάλη 330ml,1.50
2025-11-07,442023,Metaxa 5* 38% Cognac 700ml,17.50
2025-11-07,403021,Maison Perrier Lemonjito 4x250ml,4.00
2025-11-07,452034,Bacardi Spiced Ρούμι 700ml,19.24
2025-11-07,431458,Mostra Ερυθρός Οίνος 500ml,2.79
2025-11-07,401295,Oshee Sports Drink Orange 750ml,1.66
2025-11-07,431524,Ν.Λαζαρίδη Μαγικό Βουνό Λευκός Οίνος 750ml,20.39
2025-11-07,430000,L'Esprit Du Lac Ροζέ Οίνος 750ml,16.77
2025-11-07,431109,Μίγας Μαύρο Μοσχάτο Τυρνάβου Ερυθρός 750ml,7.30
2025-11-07,431445,Αγιωργίτικο Παπαϊωάννου Ερυθρός 750ml,8.72
2025-11-07,461948,Αγιονέρι Τσίπουρο 500ml,12.67
2025-11-07,420590,Βεργίνα Μπίρα Φιάλη 500ml,1.45
2025-11-07,430217,I Love You To The Moon Ροζέ Οίνος 750ml,7.85
2025-11-07,402440,Σουρωτή Ανθρακούχο Φυσικό Μεταλλικό Νερό Ροζ Γκρέιπφρουτ 6x330ml,3.91
2025-11-07,412090,Rabenhorst Χυμός 11 Βιταμίνες Bio 750ml,4.76
2025-11-07,411278,Sunsweet Χυμός Με Δαμάσκηνα 500ml,6.10
2025-11-07,425007,The Locals Cocktail Silent Muse Gin 250ml,2.48
2025-11-07,453207,Jose Cuervo Tequila Silver 700ml,25.16
2025-11-07,430016,Κτήμα Γεροβασιλείου Chardonnay 750ml,24.50
2025-11-07,470301,Cutty Sark Whisky 700ml,17.80
2025-11-07,452101,Captain Morgan Rum 700ml,20.42
2025-11-07,460303,Skinos Λικέρ Μαστίχα 500ml,12.89
2025-11-07,440035,Λήμνια Γη Ροζέ Οίνος 750ml,9.37
2025-11-07,420570,Franziskaner Weiss Μπίρα Φιάλη 500ml,2.88
2025-11-07,470006,MG Spirit Mojito 275ml,2.20
2025-11-07,413013,Hippocrates Garden Χυμός Ιπποφαές Βιολογικός 300ml,2.94
2025-11-07,460096,Τέττερης Μαστίχα Λικέρ Χίου 500ml,10.88
2025-11-07,460940,Jagermeister Λικέρ 700ml,20.00
2025-11-07,402531,Coolvit Aloe Vera Πεπόνι 500ml,1.65
2025-11-07,440100,Rivani Λευκός Αφρώδης Οίνος 0% Αλκόολ 750ml,7.30
2025-11-07,431253,Roche Mazet Gewurtraminer Οίνος 750ml,7.48
2025-11-07,420718,Νήσος 7 Μποφόρ Μπίρα Φιάλη 330ml,2.99
2025-11-07,420717,Νήσος Αποκάλυψη Μπίρα Φιάλη 330ml,2.94
2025-11-07,431237,Truffle Hunter Blush Rose Οίνος 750ml,7.00
2025-11-07,430175,Χαρλαύτης Πεταλούδες Ροζέ Ξηρός Οίνος 750ml,11.26
2025-11-07,402019,Fever Tree Ginger Ale 200ml,1.54
2025-11-07,412034,Voelker Χυμός Κομπούχα Bio 750ml,5.28
2025-11-07,420825,Craft Pilsner Μπίρα Φιάλη 330ml,1.99
2025-11-07,431748,Torres Viva Esmeralda Λευκό 750ml,9.99
2025-11-07,431302,Κτήμα Χατζημιχάλη Πολυποικιλιακός Ροζέ 750ml,11.00
2025-11-07,431751,Κτήμα Άλφα Λευκός Οίνος 750ml,20.81
2025-11-07,450202,Absolut Vodka 1lt,25.65
2025-11-07,431181,Ρωμέικο Λευκό Κρασί Σε Ασκό 5lt,12.10
2025-11-07,430910,Κτήμα Αβαντίς Lenga Λευκός Οίνος 750ml,15.41
2025-11-07,440110,Mini Chic Αφρώδης Ροζέ Οίνος 200ml,2.56
2025-11-07,430352,Ελληνικά Κελλάρια Μοσχοφίλερο Λευκός Οίνος 750ml,6.05
2025-11-07,431252,Μαλαματίνα Μάλαμα Ρετσίνα 500ml,2.98
2025-11-07,440031,Chic Rasberry Αφρώδης Οίνος Ροζε 750ml,6.21
2025-11-07,430430,Thalia Λευκός Οίνος 750ml,6.36
2025-11-07,404266,Evian Μεταλλικό Νερό 6x500ml,6.54
2025-11-07,431596,Γεροβασιλείου Ξινόμαυρο Ροζέ Οίνος 750ml,17.28
2025-11-07,420830,Craft Lager Μπίρα Κουτί 330ml 5+1Δώρο,6.95
2025-11-07,420824,Craft Lager Μπίρα Φιάλη 330ml,1.71
2025-11-07,451016,Gordon's Pink Gin 700ml,20.17
2025-11-07,431309,Κτήμα Χατζημιχάλη Chardonnay Λευκός Οίνος 750ml,14.00
2025-11-07,461189,Αποστολάκη Τσίπουρο Χωρίς Γλυκάνισο 200ml,4.69
2025-11-07,411409,Premium Aloe Vera Pineapple 500ml,1.71
2025-11-07,420351,Voreia Pilsner Μπίρα Φιάλη 330ml,2.35
2025-11-07,461201,Ηδωνικό Τσίπουρο Με Γλυκάνισο 700ml,15.75
2025-11-07,412157,Viva Φρουτοποτό Βύσσινο 250ml 5+1,2.80
2025-11-07,402537,Schweeppes Pink Grapefruit 6x150ml,4.32
2025-11-07,431279,Torres Natureo Ρόζε Οίνος Χωρίς Αλκόολ 750ml,11.40
2025-11-07,420820,Lagunitas Ipa Μπίρα Φιάλη 330ml,3.34
2025-11-07,431178,Apelia Ημίγλυκος Ερυθρός Οίνος Σε Ασκό 3 lt,10.85
2025-11-07,431106,Βόλτες Ροζέ Οίνος 750ml,7.44
2025-11-07,430070,Μπουτάρη Αγιωργίτικο Ερυθρός Οίνος 750ml,10.04
2025-11-07,650343,Παλυβού Νεμέα Ερυθρός Οίνος 750ml,13.23
2025-11-07,453017,Olmeca Τεκίλα Κίτρινη 35% 700ml,23.20
2025-11-07,431522,Κτήμα Ν.Λαζαρίδη Μαγικό Βουνό Ερυθρός Οίνος 750ml,33.30
2025-11-07,431506,Κτήμα Ν. Λαζαρίδη Μαύρο Πρόβατο Ερυθρός Οίνος 750ml,13.06
2025-11-07,461425,Πλωμάρι Ούζο 200ml,4.08
2025-11-07,470931,Teacher's Ουίσκυ 700ml,18.68
2025-11-07,402514,Prime Ισοτονικό Πότο Blue Chill 500ml,2.28
2025-11-07,430208,Μέγα Σπήλαιο Ρόζε Οίνος 750ml,13.02
2025-11-07,425021,Le Coq Coctail Sex On The Beach 330ml,2.76
2025-11-07,451048,Beefeater Gin 0.0% 700ml,19.52
2025-11-07,420747,La Goudale Biere Μπίρα Φιάλη 750ml,6.95
2025-11-07,430187,Το Κρασί Της Παρέας Οίνος Ροζέ Ξηρός 1lt,4.46
2025-11-07,430185,Lambrusco Rosato Οίνος Ροζέ Αφρώδης Ιταλίας 750ml,6.68
2025-11-07,431671,Μαντινεία Τσέλεπου Λευκός Οίνος 750ml,12.99
2025-11-07,430656,Απλά Λευκός Οίνος 750ml,12.16
2025-11-07,430038,Whispering Angel Provence Ροζέ 750ml,28.99
2025-11-07,431752,Κτήμα Άλφα Ερυθρός Οίνος 750ml,28.80
2025-11-07,470352,Tullamore Dew Ουίσκυ Ιρλανδίας 700ml,21.89
2025-11-07,431762,Santo Wines Νυχτέρι Λευκός Οίνος 750ml,35.96
2025-11-07,470701,Chivas Regal 12 Years Old Deluxe Whisky 700ml,33.40
2025-11-07,460401,Jack Daniel’s Tennessee Honey 700ml,27.80
2025-11-07,440001,Cair Αφρώδης Οίνος Brut 750ml,13.86
2025-11-07,412153,Sun Blast Χυμός Μήλο Φράουλα Μπανάνα Bio 200ml,1.29
2025-11-07,451055,Hendrick's Τζιν 700ml Δώρο Ποτήρι,38.85
2025-11-07,425035,Coctel Cocktail Sex On The Beach Ready To Drink 1lt,12.89
2025-11-07,425029,Coctel Cocktail Mojito Ready To Drink 1lt,12.18
2025-11-07,425030,Coctel Cocktail Martini Pornstar To Drink Ready 1lt,12.89
2025-11-07,430211,Ραψάνη Ερυθρός Οίνος ΠΟΠ 750ml,8.37
2025-11-07,431257,Κτήμα Κόκκινος Naoussa Xinomavro Οίνος 750ml,16.53
2025-11-07,461080,Καλαϊτζή Τσίπουρο Χωρίς Γλυκάνισο 700ml,13.22
2025-11-07,431404,Παλυβού Βυσσινόκηπος Ροζέ Οίνος 750ml,12.83
2025-11-07,425008,The Locals Cocktail Madras Vodka 250ml,2.48
2025-11-07,430657,Απλά Ροζέ Οίνος 750ml,13.75
2025-11-07,461243,Γάτσιος Τσίπουρο Χωρίς Γλυκάνισο 700ml,12.68
2025-11-07,460510,Τέττερης Λικέρ Τριαντάφυλλο 500ml,9.73
2025-11-07,430913,Κτήμα Αβαντίς Sauvignon Blanc 750ml,13.05
2025-11-07,461985,Ramazzotti Sambuca (Ιταλία) 700ml,17.84
2025-11-07,430225,Varietals Αγιωργίτικο Eρυθρός Οίνος 750ml,7.35
2025-11-07,430220,Pinot Grigio Delle Venezie Λευκός Οίνος 750ml,6.40
2025-11-07,412151,Sun Blast Χυμός Μήλου Bio 200ml,1.29
2025-11-07,470500,Grant's Summer Orange Ουίσκι 700ml,19.02
2025-11-07,461253,35N Τσικουδιά Syrah 38% 500ml,16.52
2025-11-07,450033,Cazadores Margarita Κουτί 250ml,2.37
2025-11-07,440030,Chic Lychee Αφρώδης Οίνος Λευκός 750ml,6.21
2025-11-07,461083,Κατσαρού Ούζο Legendary 700ml,9.99
2025-11-07,425012,Metaxa Cognac 5* Orange 700ml,17.51
2025-11-07,460890,Marie Brizard Grenadine 700ml,5.20
2025-11-07,650346,Καραμολέγκος Σαντορίνη Λευκός Οίνος 750ml,34.93
2025-11-07,461564,Μπαμπατζίμ Τσίπουρο Χωρίς Γλυκάνισο 700ml,14.89
2025-11-07,430028,Κτήμα Θεόπετρα Λευκός Οίνος 750ml,14.45
2025-11-07,470944,Jameson Black Barrel Ουίσκυ 700ml,34.50
2025-11-07,431308,Κτήμα Χατζημιχάλη Cabernet Sauvignon Ερυθρός Οίνος 750ml,18.40
2025-11-07,461823,Ζέπος Ούζο Μυτιλήνης 500ml,6.64
2025-11-07,461422,Ούζο Πλωμαρίου Ισίδωρου Αρβανίτη 500ml,9.17
2025-11-07,461139,Το Δεκαράκι Τσίπουρο 200ml,4.76
2025-11-07,461002,"12" Ούζο 350ml,5.97
2025-11-07,451041,Finsbury Gin 700ml,15.99
2025-11-07,470442,Dimple Golden Selection Ουίσκι 700ml,32.80
2025-11-07,431463,Κ.Λαζαρίδη Αμέθυστος Ερυθρός Οίνος 750ml,18.95
2025-11-07,412152,Sun Blast Χυμός Ροδάκινου Bio 200ml,1.29
2025-11-07,420571,Leffe Blonde Μπίρα Φιάλη 330ml,2.97
2025-11-07,460003,Martini Rosso 14-4% 1lt,12.11
2025-11-07,470503,Grant's Ουίσκι 12 Ετών 700ml,28.90
2025-11-07,430431,Thalia Ροζέ Οίνος 750ml,6.36
2025-11-07,431105,Βολτες Λευκός Οίνος 750ml,7.44
2025-11-07,430705,Ν. Λαζαρίδη Ροζέ Οίνος 750ml,15.52
2025-11-07,470014,MG Spirit Vodka Passion 275ml,2.20
2025-11-07,440025,Μίγας Μοσχάτο Τυρνάβου Ημιαφρώδης Λευκός Οίνος 750ml,11.37
2025-11-07,431311,Κτήμα Χατζημιχάλη Alfega Λευκός Οίνος 750ml,13.40
2025-11-07,451025,Sailor Jerry Spiced Ρούμι 700ml,22.80
2025-11-07,431182,Ρωμέικο Κόκκινο Κρασί Σε Ασκό 5lt,12.71
2025-11-07,461270,Πιλαβά Ούζο Μινιατούρα 50ml,1.34
2025-11-07,461163,Ρωμέικο Τσίπουρο Χωρίς Γλυκάνισο 200ml,3.48
2025-11-07,430697,Μέγα Σπήλαιο Μοσχάτο Λευκός Οίνος 750ml,8.80
2025-11-07,450701,Ursus Roter Vodka Based 700ml,16.23
2025-11-07,431462,Κ.Λαζαρίδη Αμέθυστος Ροζέ Οίνος 750ml,14.10
2025-11-07,430676,Γόνιμος Τόπος Ροζέ Οίνος 500ml,2.78
2025-11-07,451049,Rumours London Τζιν 38% Vol 700ml,20.05
2025-11-07,431267,Tauro Αποστολάκη Ερυθρός Οίνος 750ml,7.25
2025-11-07,431263,Calliga Blanc Λευκός Ημίξηρος Οίνος Demi Sec 750ml,5.93
2025-11-07,650611,Vantana Ούζο 200ml,3.07
2025-11-07,461000,Καλλικούνης Ρακόμελο Δεσποτικόν 700ml,14.99
2025-11-07,431177,Apelia Ερυθρός Οίνος Σε Ασκό 3 lt,10.42
2025-11-07,430857,Καραμολέγκος 34 Λευκός Οίνος 750ml,40.92
2025-11-07,425010,Tanqueray Gin 0.0% Alcohol Free 700ml,21.20
2025-11-07,461563,Μπαμπατζίμ Τσίπουρο Χωρίς Γλυκάνισο 200ml,4.88
2025-11-07,430173,Σώκος Ασύρτικο Λευκός Οίνος 750ml,9.08
2025-11-07,460512,Marie Brizard Λικέρ Triple Sec 700ml,13.73
2025-11-07,470007,MG Spirit Gin Tonic 275ml,2.20
2025-11-07,461826,Ζέπος Ούζο Μυτιλήνης 40% 2lt,21.00
2025-11-07,461205,Βαρβαγιάννη Πράσινο Ούζο 700ml,12.51
2025-11-07,425401,Strongbow Μηλίτης Με Γεύση Gold Apple Φιάλη 330ml,1.50
2025-11-07,442009,Metaxa 7* Αμφορέας Cognac 700ml,24.05
2025-11-07,460701,Cointreau Λικέρ 700ml,23.53
2025-11-07,420812,Πικρή 'Ιρα Μπίρα Φιάλη 330ml,2.64
2025-11-07,425028,Coctel Coktail Cosmopolitan 1lt,12.89
2025-11-07,430212,Μέγα Σπήλαιο Cuvee Ερυθρός Οίνος 750ml,12.65
2025-11-07,430207,Νασιάκου A Priori Mαντίνεια Λευκό 750ml,11.04
2025-11-07,460072,Skinos Med Mastiha Spirit 250ml,2.90
2025-11-07,431248,Minuty M Ροζέ Ξηρός Οίνος 750ml,23.66
2025-11-07,460057,Luxardo Limoncello 27% Αλκοόλ 500ml,17.48
2025-11-07,431761,Santo Wines Σαντορίνη Ασύρτικο Λευκός Οίνος 750ml,32.86
2025-11-07,461048,Καλαϊτζή Τσίπουρο Χωρίς Γλυκάνισο 200ml,3.98
2025-11-07,430608,Απλά Ερυθρός Οίνος 750ml,13.61
2025-11-07,451042,Bulldog Gin 700ml,26.68
2025-11-07,452012,Diplomatico Reserva Exclusiva Ρούμι 700ml,38.64
2025-11-07,452016,Plantation Ρούμι Dark Original 700ml,22.51
2025-11-07,461224,Δεκαράκι Μαλαγουζιά Τσίπουρο 700ml,16.99
2025-11-07,461150,Τσιλιλή Τσίπουρο Με Γλυκάνισο 200ml,4.55
2025-11-07,451052,Pampero Blanco Ρούμι 700ml,19.96
2025-11-07,452965,Havana Club Anejo Rum 7 Ετών 700ml,27.80
2025-11-07,650454,Bushmills Ουίσκι 700ml,21.74
2025-11-07,442024,Metaxa 5* Cognac 1lt,24.58
2025-11-07,470511,Glenfiddich Ουίσκυ 12 ετών 700ml,44.50
2025-11-07,431409,Gluhwein Ερυθρός Οίνος 1lt,3.88
2025-11-07,430226,Varietals Μαλαγουζιά Λευκός Οίνος 750ml,8.05
2025-11-07,412156,Viva Φρουτοποτό Βύσσινο 1lt,1.30
2025-11-07,402513,Prime Ισοτονικό Ποτό Ice Red Chill 500ml,2.28
2025-11-07,430205,Markou Pixie Κρασί Ροζέ Ημίξηρος 750ml,9.99
2025-11-07,470039,Dewar's Japanese Ουίσκι 8 ετών 700ml,28.35
2025-11-07,403022,Maison Perrier Citrus Fizz 4x250ml,4.00
2025-11-07,411280,Βιοαγρός Χυμός Κράνμπερι Bio 750ml,8.88
2025-11-07,431239,Sarris Robola Κεφαλληνίας 750ml,13.89
2025-11-07,470813,Talisker Ουίσκι 700ml,44.91
2025-11-07,461081,Αλλοτινό Τσίπουρο Χωρίς Γλυκάνισο 40% 200ml,4.61
2025-11-07,461302,Veto Ούζο 700ml,11.49
2025-11-07,452021,Bacardi Carta Negra Ρούμι 700ml,20.37
2025-11-07,430918,Τσέλεπου Δίλοφος Ερυθρός Οίνος 750ml,15.30
2025-11-07,431499,Nico Lazaridi Chateau Λευκός Οίνος 750ml,14.52
2025-11-07,431500,Nico Lazaridi Chateau Ερυθρός Οίνος 750ml,17.48
2025-11-07,420383,Kaiserdom Weissbier Μπύρα Φιάλη 500ml,2.61
2025-11-07,461964,Κατσάρος Τσίπουρο Χωρίς Γλυκάνισο 700ml,15.23
2025-11-07,420246,Άλφα Strong Μπίρα Lager Κουτί 4x500ml,6.56
2025-11-07,420202,Άλφα Strong Μπίρα Lager Κουτί 500ml,1.64
2025-11-07,650427,Ούζο Μυτιλήνης 700ml,10.41
2025-11-07,450413,Serkova Votka 1lt,21.17
2025-11-07,431754,Gancia Moscato D' Asti Αφρώδης Λευκός Οίνος 750ml,10.37
2025-11-07,461267,Πιλαβά Ούζο 2L,29.35
2025-11-07,460721,Drambuie Λικέρ 700ml,29.80
2025-11-07,650614,Vantana Tentoura Λικέρ 500ml,14.90
2025-11-07,411456,Tuvunu Ανθρακούχο Νερό 330ml 6τεμ,2.28
2025-11-07,430218,Summerhouse Sauvignon Blanc Λευκός Οίνος 750ml,15.10
2025-11-07,452036,Captain Morgan Λευκό Ρούμι 700ml,18.95
2025-11-07,450035,Metaxa Ginger & Lime Rtd 250ml,2.48
2025-11-07,430213,Μέγα Σπήλαιο Λευκός Sauvignon Ξηρός Οίνος 750ml,11.41
2025-11-07,430206,Κτήμα Αβάντις Μαλαγουζιά Λευκο Οίνος 750ml,12.40
2025-11-07,431254,Valestrel Provence Οίνος Ροζέ Γαλλικός 750ml,11.14
2025-11-07,450028,Archers Peach On Beach 250ml,2.27
2025-11-07,453000,Cazadores Reposado Tequila Κίτρινη 700ml,28.67
2025-11-07,412089,Rabenhorst Χυμός Detox Bio 750ml,4.97
2025-11-07,412088,Rabenhorst Χυμός Κράνμπερρυ 330ml,4.97
2025-11-07,431246,Κτήμα Παπαϊωάννου Chardonnay Λεύκος Οίνος 750ml,12.46
2025-11-07,430605,Χνάρια Ερυθρός Οίνος 750ml,7.95
2025-11-07,431164,Νεράιδες Ημίγλυκος Λευκός Οίνος 750ml,7.98
2025-11-07,470032,Roe & Co Whisky Ιρλανδίας 700ml,34.10
2025-11-07,470400,Dewar's Sp. Reserve 12 Years Ουίσκυ 700ml,31.18
2025-11-07,452017,Chairman's Ρούμι Spiced Reserve 700ml,28.79
2025-11-07,470019,Citadelle Τζιν 700ml (+Δώρο Ποτήρι),28.70
2025-11-07,470018,Citadelle Gin 700ml,28.70
2025-11-07,450407,Serkova Crystal Pure Vodka 40% 700ml,21.23
2025-11-07,461067,Γάτσιος Τσίπουρο Χωρίς Γλυκάνισο 40% 200ml,4.35
2025-11-07,431310,Κτήμα Χατζημιχάλη Syrah Ερυθρός Οίνος 750ml,14.30
2025-11-07,442008,Metaxa 12* Cognac 700ml,33.78
2025-11-07,470712,Chivas Regal Extra Ουίσκυ 700ml,36.20
2025-11-07,460347,Mastic Tears Λικέρ 500ml,15.16
2025-11-07,650615,Vantana Ούζο 700ml,9.60
2025-11-07,461202,Βαρβαγιάννη Μπλε Ούζο 700ml,13.00
2025-11-07,440002,Cair Αφρώδης Οίνος Demi Sec 750ml,12.84
2025-11-07,402548,Λουξ Cola 6x330ml,3.78
2025-11-07,453219,Salitos Τεκίλα Silver 700ml,18.95
2025-11-07,440102,Bottega Poeti Prosecco Doc Αφρώδης Οίνος 750ml,9.40
2025-11-07,440101,Bottega Moscato Petalo Αφρώδης Οινός 750ml,9.55
2025-11-07,470140,Johnnie Walker Black Ruby Ουίσκι 700ml,38.92
2025-11-07,402467,Carabao Energy Drink Original 330ml,1.29
2025-11-07,450029,Archers Woo Woo Cranberry 250ml,2.27
2025-11-07,460067,Κατσαρός Λεμοντσέλο Λικέρ 700ml,14.56
2025-11-07,430907,Ramos Porto Ruby Ερυθρός Οίνος 750ml,16.30
2025-11-07,453209,Don Julio Τεκίλα Blanco 700ml,54.13
2025-11-07,430432,Thalia Ερυθρός Οίνος 750ml,6.36
2025-11-07,450139,Belvedere Vodka 700ml,51.57
2025-11-07,451013,Tanqueray Rangpur Gin 700ml,24.80
2025-11-07,451120,Beefeater Pink Gin 700ml,20.60
2025-11-07,461210,Γιαννατσή Ούζο Ρετρό 700ml,13.44
2025-11-07,431447,Μελιαστό Σπυρόπουλου Ροζέ Οίνος 750ml,9.40
2025-11-07,440010,Ακακίες Κυρ Γιάννη Αφρώδης Οίνος 750ml,14.77
2025-11-07,431185,Ρωμέικο Ροζέ Κρασί Σε Ασκό 5lt,11.80
2025-11-07,453208,Don Julio Τεκίλα Reposado 700ml,59.99
2025-11-07,452105,Ron Zacapa Ρούμι 700ml,57.10
2025-11-07,431331,Κτήμα Χατζημιχάλη Alfega Ερυθρός Οίνος 750ml,15.45
2025-11-07,470312,Jack Daniel’s Gentleman Jack Whisky 700ml,32.50
2025-11-07,451051,Pampero Especial Ρούμι 700ml,21.66
2025-11-07,440401,Moet & Chandon Σαμπάνια Brut 750ml,55.51
2025-11-07,470824,Talisker Skye Whisky 700ml,44.11
2025-11-07,402547,Λουξ Cola Zero 330ml 6τεμ,3.78
2025-11-07,470412,Scottish Bird Ουίσκι 700ml,16.95
2025-11-07,470043,Planteray Grande Reserve Ρούμι 700ml,23.87
2025-11-07,470042,Planteray 3 Etoiles Ρούμι 700ml,19.26
2025-11-07,412154,Omg Bubble Tea Cookie Red Berry 265ml,3.67
2025-11-07,431318,Δρυόπη Κυδωνίτσα Λευκός Οίνος 750ml,16.37
2025-11-07,440036,Λυραράκη Zazazu Λευκός Αφρώδης Οίνος 750ml,10.29
2025-11-07,470038,Cutty Sark 12 ετών 700ml,30.99
2025-11-07,453014,Cazadores Blanco Tequila 700ml,24.38
2025-11-07,453018,Patron Reposado Tequila 700ml,58.14
2025-11-07,442012,Alexander Μπράντυ 3* 34% 700ml,17.01
2025-11-07,461259,Πιλαβά Τσίπουρο Χωρίς Γλυκάνισο 200ml,4.98
2025-11-07,461090,Aρόδαμα Τσικουδιά 200ml,5.14
2025-11-07,431199,Tails Passion Fruit Martini 14-9% 500ml,15.50
2025-11-07,425013,42 Below Βότκα 700ml,18.15
2025-11-07,430856,Vinsanto Σαντορίνη Καραμολέγκος Γλυκός Οίνος 500ml,48.36
2025-11-07,461301,Veto Ούζο 200ml,3.99
2025-11-07,452018,Bacardi Cuatro 40% Ρούμι 4 Ετών 700ml,26.44
2025-11-07,440804,Veuve Clicquot Rose Σαμπάνια 750ml,76.08
2025-11-07,440421,Veuve Clicquot Ponsardin Brut Champagne 750ml,65.60
2025-11-07,450195,Grey Goose Premium Vodka 700ml,49.40
2025-11-07,460006,Gratus Λικέρ 500ml,24.00
2025-11-07,461208,Γιαννατσή Ούζο Ρετρό 200ml,5.07
2025-11-07,461971,Κατσάρος Τσίπουρο Χωρίς Γλυκάνισο 200ml,6.10
2025-11-07,451108,Monkey 47 Gin 500ml,50.10
2025-11-07,440404,Moet & Chandon Ice Σαμπάνια 750ml,66.35
2025-11-07,461206,Βαρβαγιάννη Πράσινο Ούζο 200ml,4.22
2025-11-07,470819,Johnnie Walker Gold Reserve Super Deluxe Whisky 700ml,49.54
2025-11-07,451100,Tanqueray No 10 Gin 700ml,43.15
2025-11-07,453010,El Jimador Τεκίλα Λευκή 700ml,25.34
2025-11-07,440403,Moet & Chandon Rose Σαμπάνια 750ml,70.24
2025-11-07,461264,Πιλαβά Ούζο 700ml,11.99
2025-11-07,470191,Johnnie Walker Blue Label Ουίσκι 700ml,191.41
2025-11-07,440407,Dom Perignon Σαμπάνια 750ml,254.58
2025-11-07,470598,Ciroc Βότκα 700ml,48.98
2025-11-07,431122,Freixenet Carta Nevada Αφρώδης Λευκός Οίνος 750ml,11.08
2025-11-07,461255,Αγιονέρι Τσίπουρο 200ml,5.85
2025-11-07,470921,J & B Ουίσκι 700ml,18.42
2025-11-07,470184,Lagavulin 16 Years Old Malt Whisky 700ml,95.20
2025-11-07,260103,ΛΟΥΜΙΔΗΣ ΠΑΠΑΓΑΛΟΣ Παραδοσιακός Ελληνικός Καφές 194gr,5.14
2025-11-07,273110,Quaker Νιφάδες Βρώμης Σε Σακούλακι 500gr,2.84
2025-11-07,272284,Millhouse Νιφάδες Βρώμης 500gr,1.14
2025-11-07,261103,Nescafe Στιγμιαίος Καφές 100gr,5.88
2025-11-07,261104,Nescafe Στιγμιαίος Καφές 200gr,9.35
2025-11-07,260016,Coffee Island Καφές Ελληνικός Παραδοσιακός 170gr,2.64
2025-11-07,260101,ΛΟΥΜΙΔΗΣ ΠΑΠΑΓΑΛΟΣ Παραδοσιακός Ελληνικός Καφές 96gr,2.74
2025-11-07,268201,Γιώτης Κακάο 125gr,2.34
2025-11-07,272223,Kellogg's Coco Pops Δημητριακά Chocos 550gr,3.42
2025-11-07,260026,Bravo Ελληνικός Καφές Κλασικός 193gr,4.73
2025-11-07,260146,ΛΟΥΜΙΔΗΣ ΠΑΠΑΓΑΛΟΣ Παραδοσιακός Ελληνικός Kαφές 340gr,8.42
2025-11-07,261226,Nescafe Gold Cappuccino Sweet 10 Φακέλων x 14gr,3.37
2025-11-07,273450,Go On Μπάρα Πρωτεΐνης Φυστίκι & Καραμέλα 50gr,0.87
2025-11-07,273429,Nutri Valley Granola Χωρίς Προσθήκη Ζάχαρης 375gr,3.47
2025-11-07,272543,My Gusto My Line Dark Chocolate Δημητριακά 375gr,2.72
2025-11-07,323008,Merenda Πραλίνα Φουντουκιού 360gr,3.47
2025-11-07,272274,Παπαδοπούλου Granola Bars Σοκολάτα Χωρίς Ζάχαρη 5x210gr,3.34
2025-11-07,262148,Starbucks Espresso Caramel Κάψουλες 51gr,4.98
2025-11-07,338204,Γιώτης Κουβερτούρα Classic Pastry 125gr,1.47
2025-11-07,273047,Go On Μπάρα Πρωτεΐνη Σοκολάτα 50gr,0.88
2025-11-07,262539,My Gusto Καφές Φίλτρου Φουντούκι 250gr,4.11
2025-11-07,323049,Healthy Habits Φυστικοβούτυρο Απαλό Με Κρεμώδη Υφή 180gr,2.47
2025-11-07,273434,Nature Valley Bars Oats & Honey 5τεμ 42gr,3.48
2025-11-07,260104,ΛΟΥΜΙΔΗΣ ΠΑΠΑΓΑΛΟΣ Ελληνικός Καφές Παραδοσιακός 490gr,11.29
2025-11-07,272540,My Gusto My Line Chocolate Δημτηριακά 375gr,2.71
2025-11-07,262547,Starbucks Espresso House Blend Κάψουλες Συμβατές Με Μηχανές Nespresso* 57gr,4.97
2025-11-07,262172,Nescafe Azera Espresso Στιγμιαίος Καφές 95gr,7.27
2025-11-07,262211,L'or Espresso Κάψουλες Φουντούκι 52gr 10τεμ,3.74
2025-11-07,323601,Ferrero Nutella Πραλίνα Βάζο 400gr,3.71
2025-11-07,273470,Digestive Bar Με Σοκολάτα 10x28gr,4.51
2025-11-07,650146,Παπαδοπούλου Digestive Bars Σοκολάτα Χωρίς Ζάχαρη 5x28gr,3.30
2025-11-07,273313,Digestive Bars Κόκκινα Φρούτα & Σοκολάτα 5x28gr,3.07
2025-11-07,273260,Quaker Τραγανές Μπουκιές Σοκολάτα Υγείας 450gr,5.32
2025-11-07,272101,Ήπειρος Ζεμύθα Μπάρες Σοκολάτα 5x42gr,2.58
2025-11-07,260444,Bravo Ελληνικός Καφές Κλασικός 300gr,6.99
2025-11-07,273159,Quaker Τραγανές Μπουκιές Σοκολάτας 600gr,6.94
2025-11-07,272231,Nestle Fitness Δημητριακά Dark Chocolate 540gr,7.03
2025-11-07,262224,JACOBS Καφές Φίλτρου Εκλεκτός 500gr,11.23
2025-11-07,262281,Coffee Island Καφές Φίλτρου Κλασσικός 250gr,4.17
2025-11-07,322491,My Gusto Ταχίνι Με Κακάο Γυάλινο Βάζο 350gr,2.61
2025-11-07,323931,Χαίτογλου Φυστικοβούτυρο Απαλό 350gr,4.07
2025-11-07,273506,Nutri Valley Granola Μαύρη Σοκολάτα Χωρίς Γλουτένη 320gr,3.96
2025-11-07,273311,Digestive Bars Κομμάτια Σοκολάτας & Σοκολάτα Γάλακτος 5x28gr,3.07
2025-11-07,273282,Hungrynot Μπάρες Πρωτεΐνης Σοκολάτα Πραλίνα Φουντουκιού 135gr,3.96
2025-11-07,266304,Lipton Χαμομήλι Φακελάκια 20x1gr,1.82
2025-11-07,321502,Bonne Maman Μαρμελάδα Φράουλα 370gr,3.36
2025-11-07,320768,Θεάρεστον Μέλι 700gr,10.81
2025-11-07,268001,ΙΟΝ Κακάο Πακέτο 125gr,2.66
2025-11-07,261102,Nescafe Στιγμιαίος Καφές 50gr,3.19
2025-11-07,273467,Healthy Habits Μπάρες Δημητριακών Αμύγδαλο Μαύρη Σοκολάτα 4x35gr,3.74
2025-11-07,262546,Starbucks Espresso Roast Decaf Κάψουλες Συμβατές Με Μηχανές Nespresso* 57gr,4.98
2025-11-07,273048,Go On Μπάρα Πρωτεΐνης Βανίλια 50gr,0.88
2025-11-07,272100,Ήπειρος Ζεμύθα Μπάρες Μήλο Κανέλα 5x42gr,2.58
2025-11-07,260338,ΛΟΥΜΙΔΗΣ ΠΑΠΑΓΑΛΟΣ Καφές Ελληνικός Decaf 143gr,4.12
2025-11-07,337091,Caotonic Choco Σοκολάτα 20gr,0.56
2025-11-07,262149,Starbucks Espresso Vanilla Κάψουλες 51gr 10τεμ,4.98
2025-11-07,321001,Healthy Habits Μαρμελάδα Φράουλα 100% Φρούτο 280gr,3.35
2025-11-07,273457,Corny Μπάρα Πρωτεΐνης Με Σοκολάτα & Μπανάνα 6x25gr,3.26
2025-11-07,261037,Jacobs Καφές Iced Cappuccino Salted Caramel 8τεμ 142-4gr,3.39
2025-11-07,261365,My Gusto Στιγμίαιος Καφές 200gr,6.58
2025-11-07,261067,L'OR Κάψουλες Espresso Ristretto Συμβατές Με Μηχανές Nespresso* 40τεμ,13.49
2025-11-07,260019,Bravo Ελληνικός Καφές Κλασικός 95gr,2.58
2025-11-07,323941,Ελληνικός Καρπός Βούτυρο Φιστίκι 300gr,3.39
2025-11-07,273426,Nutri Valley Δημητριακά Peppa Pig Honey Rings 375gr,2.68
2025-11-07,272261,Healthy Habits Bars Φυστικοβούτυρο Μαύρη Σοκολάτα 4τεμ 35gr,3.52
2025-11-07,273219,Nestle Fitness Μπάρες Δημητριακών Σοκολάτα 6x23-5gr,3.83
2025-11-07,262004,JACOBS Καφές Φίλτρου Φουντούκι 250gr,8.64
2025-11-07,323010,Merenda Πραλίνα Φουντουκιού 570gr,5.18
2025-11-07,321747,My Gusto Μαρμελάδα Βερίκοκο Πλαστικό Δοχείο 500gr,1.55
2025-11-07,262573,Coffeeway Καφές Φίλτρου Vanilla Hazelnut 200gr,5.40
2025-11-07,272272,Ήπειρος Ζεμύθα Protein Bars Σοκολάτα Μπανάνα Χωρίς Προσθήκη Ζάχαρης 4x40gr,2.58
2025-11-07,261003,Nescafe Στιγμιαίος Καφές 140gr,7.76
2025-11-07,261364,My Gusto Στιγμιαίος Καφές Classic 100gr,3.33
2025-11-07,273433,Nature Valley Bars Chocolate 5 τεμ 42gr,3.48
2025-11-07,273382,Παπαδοπούλου Granola Bars Σοκολάτα (5τεμ) 210gr,3.14
2025-11-07,273435,Kellogg's Frosties Δημητριακά 330gr,3.23
2025-11-07,321746,My Gusto Μαρμελάδα Φράουλα Πλαστικό Δοχείο 500gr,1.63
2025-11-07,323402,Όλυμπος Superspread Πραλίνα Στέβια 350gr,3.13
2025-11-07,322249,Μακεδονικό Ταχίνι Με Κακάο 350gr,4.77
2025-11-07,272149,My Gusto My Line Μπάρες Κακάο-Φουντούκι 6τεμ,1.92
2025-11-07,273272,Nestle Fitness Μπάρες Δημητριακών Red Berries 6x23-5gr,3.83
2025-11-07,265092,My Gusto Χαμομήλι 10 φακελάκια,0.65
2025-11-07,262128,Starbucks Espresso Roast Κάψουλες 18τεμ 101gr,7.98
2025-11-07,272019,Kellogg's Δημητριακά Corn Flakes 500gr,4.92
2025-11-07,261052,L'OR Ristretto Decaf Κάψουλες Συμβατές Με Μηχανές Nespresso* 10τεμ,3.68
2025-11-07,260201,My Gusto Ελληνικός Καφές 194gr,2.99
2025-11-07,272232,Nutri Valley Protein Bar Milk Chocolate 3x40gr,2.46
2025-11-07,272107,Nestle Clusters Δημητριακά Almond 325g,3.53
2025-11-07,262221,JACOBS Καφές Φίλτρου Εκλεκτός 250gr,7.35
2025-11-07,262191,Dimello Καφές Φίλτρου Φουντουκιού 250gr,5.98
2025-11-07,262025,Dimello Καφές Espresso Forza Αλεσμένος 250gr,7.98
2025-11-07,273014,Nestle Lion Wild Δημητριακά 410gr,4.98
2025-11-07,272135,Kellogg's Bars All Bran Choco Bar 6x40gr,4.54
2025-11-07,236493,Υάδες Νιφάδες Βρώμης Bio 500gr,2.24
2025-11-07,323009,Merenda 230gr,2.51
2025-11-07,272521,Nutri Valley Corn Flakes 375gr,2.15
2025-11-07,262602,Starbucks Espresso Caffe Verona Κάψουλες Συμβατές Με Μηχανές Nespresso* 55gr,4.99
2025-11-07,322219,Μεζαπ Παραδοσιακό Ταχίνι Ολικής Θεσσαλονίκης 500gr,4.96
2025-11-07,262528,Starbucks Espresso Italian Κάψουλες Συμβατές Με Μηχανές Nespresso* 56gr 10τεμ,4.98
2025-11-07,266701,Ευρίπος Χαμομήλι Κουτί 10 Φακελάκια,0.85
2025-11-07,322201,Μακεδονικό Ταχίνι Ολικής Άλεσης 300gr,4.45
2025-11-07,262545,Starbucks Espresso Blonde Κάψουλες Συμβατές Με Μηχανές Nespresso* 53gr,4.98
2025-11-07,260115,Λουμίδης Ελληνικός Καφές Κουπάτος 143gr,3.47
2025-11-07,273405,Hungry Not Μπάρες Πρωτεΐνης Μαύρη Σοκολάτα Μπισκότο 3x45gr,3.96
2025-11-07,272517,Nutri Valley Βρώμη Ολικής 500gr,0.95
2025-11-07,262167,Starbucks Espresso Blonde Κάψουλες 18τεμ 94gr,7.98
2025-11-07,272139,Kellogg's Krave Choco Nut 410gr,3.29
2025-11-07,272173,Kellogg's Δημητριακά Extra Choco Nuts 450gr,5.29
2025-11-07,261077,L'OR Κάψουλες Lungo Profondo Συμβατές Με Μηχανές Nespresso* 20τεμ,7.10
2025-11-07,261048,L'OR Espresso Ristretto Κάψουλες Συμβατές Με Μηχανές Nespresso* 20τεμ,6.95
2025-11-07,260007,Bravo Ελληνικός Καφές Καφεκοπτείο 157gr,3.91
2025-11-07,272300,Nestle Δημητριακά Fitness Chocolate 375gr,4.97
2025-11-07,261507,Coffee Island Κάψουλες Espresso Bliss 52gr 10τεμ,2.67
2025-11-07,261028,Jacobs Καφές Cappucino Original 92-8gr,2.57
2025-11-07,262201,Illy Espresso Classico Κάψουλες Συμβατές Με Μηχ. Nespresso*10τμχ,5.93
2025-11-07,262574,Coffeeway Καφές Φίλτρου Salt Caramel 200gr,5.98
2025-11-07,272453,Nestle Δημητριακά Lion 400gr,4.41
2025-11-07,272249,Kellogg's Coco Pops Δημητριακά 480gr,3.59
2025-11-07,273325,Nature Valley Bars Πρωτεΐνης Χωρίς Γλουτένη Με Σοκολάτα 160gr,4.95
2025-11-07,323068,Nucrema Πραλίνα Φουντουκιού Δίχρωμη Με Κακάο 380gr,2.64
2025-11-07,261285,Brazita Στιγμιαίος Καφές 200gr,6.84
2025-11-07,273314,Digestive Bar Σοκολάτα Πορτοκάλι 5τεμ,3.07
2025-11-07,272307,Nestle Nesquik Extra Choco Waves Δημητριακά 375gr,4.28
2025-11-07,260017,Brazita Ελληνικός Καφές 192gr,3.80
2025-11-07,261006,Nescafe Στιγμιαίος Καφές Gold Blend 190gr,12.49
2025-11-07,272215,Βιολάντα Μπάρες Δημητριακών Zero Μαύρη Σοκολάτα 6τεμ 30gr,3.26
2025-11-07,323200,ΙΟΝ Nucrema Πραλίνα Φουντουκιού 1Kg,6.68
2025-11-07,262116,Lavazza Καφές Espresso Rossa 2x250gr,11.75
2025-11-07,262767,DOUWE EGBERTS Espresso Στιγμιαίος Καφές 185gr,14.29
2025-11-07,320028,Αμέλι Μέλι Ανθέων 720gr,3.98
2025-11-07,261502,Nescafe Dolce Gusto Espresso Intenso 16 Κάψουλες 112gr,6.90
2025-11-07,266301,Lipton Χαμομήλι 10 φακελάκια,0.91
2025-11-07,322198,Μακεδονικό Ταχίνι Με Μέλι 350gr,4.51
2025-11-07,261513,Jacobs Κάψουλες Espresso Intenso Συμβατές Με Μηχανές Nespresso* 40τεμ,13.62
2025-11-07,323132,Healthy Habits Φουντουκοβούτυρο Κακάο & Χούρμα 180gr,4.49
2025-11-07,272600,ΙΟΝ Μπάρα Πρωτεΐνης Φουντούκι 50gr,1.41
2025-11-07,272505,Βιολάντα Μπάρες Βρώμης Με Μαύρη Σοκολάτα 5x40gr,2.77
2025-11-07,265094,My Gusto Πράσινο Τσάι 10 φακελάκια,0.73
2025-11-07,262121,L'or Espresso Κάψουλες Caramel 10τεμ 52gr,3.74
2025-11-07,262112,Lavazza Καφές Qual Rossa Αλεσμένος 250gr,6.48
2025-11-07,273472,Nutry Valley Δημητριακά Minios Strawberry Flavors Pillows 375gr,2.68
2025-11-07,273393,Kellogg's Special Δημητριακά Classic 450gr,5.31
2025-11-07,272002,Kellogg's Δημητριακά Corn Flakes 375gr,3.83
2025-11-07,343774,Just Bars Παστέλι Αμύγδαλο Φιστίκι Αλάτι 40gr,0.90
2025-11-07,272209,Nestle Kit Kat Δημητριακά 330gr,4.33
2025-11-07,260044,Brazita Ελληνικός Καφές 94gr,1.75
2025-11-07,650236,Jacobs Καφές Espresso Δυνατός 225gr,5.70
2025-11-07,343088,Jannis Μπάρα Ξηρών Καρπών 0% Ζάχαρη 28gr,0.95
2025-11-07,321911,Ζωγράφος Μαρμελάδα Με Φρουκτόζη Φράουλα 415gr,3.25
2025-11-07,262142,Nescafe Azera Sticks Καφές Espresso 12τεμ 3-5gr,3.55
2025-11-07,262313,Brazita Κλασσικός Καφές Φίλτρου 225gr,4.36
2025-11-07,321501,Bonne Maman Μαρμελάδα Βερίκοκο 370gr,3.36
2025-11-07,272257,Healthy Habits Granola Φυστικοκοβούτυρο Μαύρη Σοκολάτα 350gr,3.14
2025-11-07,272213,Mooveat Μπάρα Πρωτεϊνης Vita Rich 30% Protein 12/60gr,1.19
2025-11-07,321000,Healthy Habits Μαρμελάδα Βερίκοκο 100% Φρούτο 280gr,3.35
2025-11-07,262160,Melitta Φίλτρα Καφέ 1x4 80τεμ,2.99
2025-11-07,261509,Starbucks Caramel Macchiato Κάψουλες 127-8 gr,5.98
2025-11-07,273468,Healthy Habits Μπάρα Φυστικοβούτυρου 4x35gr,4.49
2025-11-07,272267,Nestle Fitness Protein Δημητριακά Κακάο Χωρίς Ζάχαρη 310gr,4.54
2025-11-07,273456,Corny Μπάρα Με Σοκολάτα 6x25gr,3.26
2025-11-07,323067,Nucrema Πραλίνα Φουντουκιού Με Κακάο 380gr,2.64
2025-11-07,323054,Χαίτογλου Φυστικοβούτυρο Με Αλμυρή Καραμέλα Χωρίς Γλουτένη 350gr,3.02
2025-11-07,271190,Hungry Not Μπάρες Protein Μαύρη Σοκολάτα 3x35gr,2.94
2025-11-07,267018,Hemo Ρόφημα Σακούλα 400gr,2.56
2025-11-07,272556,Nestle Nesquik Δημητριακά 330gr,3.98
2025-11-07,273423,Nutri Valley Δημητριακά Minions Crispy Pillows 375gr,2.68
2025-11-07,262124,Lavazza Καφές Crema E Gusto Αλεσμένος 250gr,6.04
2025-11-07,260202,My Gusto Ελληνικός Καφές 487gr,6.91
2025-11-07,272250,Kellogg's Coco Pops Δημητριακά Chocos 330gr,2.81
2025-11-07,272008,Kellogg's Δημητριακά All Bran Fiber Plus 375gr,5.22
2025-11-07,261009,Nescafe Dolce Gusto Espresso Buondi 99gr 16τεμ,6.00
2025-11-07,322490,My Gusto Τάχινι Με Μέλι Γυάλινο Βάζο Χωρίς Γλουτένη 350gr,3.18
2025-11-07,261260,Nescafe Rich Caramel 95gr,5.48
2025-11-07,262548,Starbucks Espresso Pike PlaceΚάψουλες Συμβατές Με Μηχανές Nespresso* 53gr,4.98
2025-11-07,261256,Nescafe Dolce Gusto Lungo 16τεμ 90gr,6.81
2025-11-07,273256,Quaker Τραγανές Μπουκιές Σοκολάτα Γάλακτος 450gr,5.32
2025-11-07,343775,Just Bars Παστέλι Αμύγδαλο Μήλο Κανέλλα Σταφύλι 40gr,0.90
2025-11-07,261424,TASSIMO Κάψουλες JACOBS Espresso Ristretto 16τεμ,6.66
2025-11-07,272108,Nestle Clusters Δημητριακά Choco 330g,4.64
2025-11-07,261152,Nescafe Classic (12 Sticks) 24gr,2.31
2025-11-07,343773,Just Bars Παστέλι Αμύγδαλο Κράνμπερι Φιστίκι 40gr,0.90
2025-11-07,266314,Fino Μέντα Κουτί 10 Φακελάκια x 1gr,0.71
2025-11-07,272504,Fytro Μούσλι Χωρίς Ζάχαρη 500gr,3.48
2025-11-07,272547,Hungry Not Μπάρα Πρωτεΐνης Dubai 45gr,1.65
2025-11-07,323932,Χαιτογλου Φυστικοβούτυρο Crunchy 350gr,4.07
2025-11-07,323035,Merenda Πραλίνα Φουντουκιού 1kg,8.28
2025-11-07,272423,Best Price Δημητριακά Choco 500gr,3.37
2025-11-07,343089,Jannis Μπάρα Ξηρών Καρπών Φράουλα & Ράσμπερι 0% Ζάχαρη 28gr,0.95
2025-11-07,262192,Dimelo Καφές Φίλτρου Καραμέλα 250gr,5.98
2025-11-07,272275,Παπαδοπούλου Granola Bars Μέλι 5x210gr,3.14
2025-11-07,273259,Quaker Τραγανές Μπουκιές 450gr,4.41
2025-11-07,271188,Hungry Μπάρες Not Protein Bueno Snack 3x35gr,3.39
2025-11-07,260032,Λουμίδης Ελληνικός Καφές Παπαγάλος Έκαστος 96gr,2.98
2025-11-07,261236,L'or Espresso Κάψουλες Barista 10τεμ 52gr,3.67
2025-11-07,273002,Corny Chocolate - Banana Bar 50gr,0.99
2025-11-07,261113,Nescafe Στιγμιαίος Καφές Decaf 100gr,6.32
2025-11-07,262041,Dimello Καφές Φίλτρου Mild Αλεσμένος 250gr,5.61
2025-11-07,262203,Illy Classic Lungo Κάψουλες Συμβατές Με Μηχ. Nespresso* 10τεμ,5.94
2025-11-07,321714,My Gusto Μαρμελάδα Extra Φράουλα 375gr,2.14
2025-11-07,272265,Nutri Valley Choco Flakes Scoobydoo 375gr,2.68
2025-11-07,272522,Fitness Granola Bar Chocolate 5x38gr,3.48
2025-11-07,322221,Μακεδονικό Ταχίνι Με Πορτοκάλι 350gr,3.78
2025-11-07,320044,Φίνο Μέλι Ελληνικό 470gr,5.03
2025-11-07,321748,My Gusto Μαρμελάδα Κεράσι Πλαστικό Δοχείο 500gr,1.66
2025-11-07,650283,Biovita Νιφάδα Βρώμης 350gr,1.49
2025-11-07,273505,Nutri Valley Granola Cranberries Χωρίς Γλουτένη 320gr,3.96
2025-11-07,261271,Nescafe Mocha Kit Kat 7sac 147gr,3.49
2025-11-07,272150,My Gusto My Line μπάρες κακάο-πορτοκάλι 6τεμ,1.86
2025-11-07,262542,My Gusto Καφές Φίλτρου Καραμέλα 250gr,4.85
2025-11-07,322190,Μακεδονικό Ταχίνι Γυάλινο Βάζο 300gr,4.51
2025-11-07,322493,My Gusto Ταχίνι Γυάλινο Βάζο 450gr,3.70
2025-11-07,272360,Nestle Δημητριακά Cookie Crisp 375gr,4.32
2025-11-07,267408,Nesquik Στιγμιαίο Ρόφημα Κακάο Χωρίς Γλουτένη Σακούλα 400gr,3.98
2025-11-07,273253,Nesquik Μπάρες Δημητριακών Maxi Choco Cereal 6x25gr,3.99
2025-11-07,261549,Douwe Egberts Gold Στιγμιαίος Καφές 95gr,6.31
2025-11-07,272148,My Gusto My Line Μπάρες με Φρούτα 6τεμ,1.92
2025-11-07,261076,JACOBS Lungo Intenso Kάψουλες Συμβατές Με Μηχανές Nespresso* 20τεμ,7.54
2025-11-07,261238,Coffe Island Καφές Φίλτρου Bueno 200gr,4.96
2025-11-07,267351,Caotonic Ρόφημα Σοκολάτας Χωρίς Γλουτένη 400gr,3.39
2025-11-07,272550,Nestle Cheerrios Δημητριακά Με Μέλι 330gr,3.98
2025-11-07,323055,Kiss The Earth Φυστικοβούτυρο 300gr,3.77
2025-11-07,265093,My Gusto Μαύρο Τσάι 10 φακελάκια,0.69
2025-11-07,273217,Nestle Fitness Μπάρες Δημητριακών Μπανάνα 6x23-5gr,3.83
2025-11-07,272151,Βιολάντα Δημητριακά Βρώμης Χωρίς Ζάχαρη 370gr,3.84
2025-11-07,260046,Coffee Island Καφές Ελληνικό Παραδοσιακός 84gr,1.44
2025-11-07,323077,Healthy Habits Φυστικοβούτυρο Με Μέλι & Κακάο 180gr,2.67
2025-11-07,272470,Εκλεκτές Γεύσεις Τραγανές Μπουκιές Βρώμης Ταχίνι-Κακάο-Αμύγδαλο 375g,2.15
2025-11-07,261295,Jacobs Καφές Cappuccino Dubai Chocolate 120gr,2.99
2025-11-07,262198,Nescafe Azera Freddo Espresso Decaf 95gr,7.32
2025-11-07,261520,Nescafe Dolce Gusto Cappuccino Κάψουλες 186gr,6.40
2025-11-07,261270,Nescafe Smooth Hazelnut Tin 95gr,5.48
2025-11-07,236451,Θρέψις Corn Flakes Bio 250gr,2.38
2025-11-07,262500,Starbucks Espresso Roast Κάψουλες Συμβατές Με Μηχανές Nespresso* 57gr,4.97
2025-11-07,262269,Jacobs Espresso Arabica Excusiva 250gr,7.50
2025-11-07,272523,Fitness Granola Bar Cranberry 5x38gr,3.48
2025-11-07,272165,Hungry Not Μπάρες Πρωτεΐνης Φυστικοβούτυρο Μπισκότο 3τεμ 135gr,3.96
2025-11-07,261366,My Gusto Στιγμιαίος Καφές Decaf 100gr,4.17
2025-11-07,265908,Twinings Τσάι English Breakfast 10x2gr,2.66
2025-11-07,320765,Χρυσή Επιλογή Μέλι Θυμαρίσιο 720gr,9.02
2025-11-07,323223,Χαϊτογλου Φυστικοβούτυρο Απαλό Μαύρη Σοκολάτα Χωρίς Γλουτένη 350gr,3.02
2025-11-07,272255,Kellogg's Coco Pops Δημητριακά 330gr,2.87
2025-11-07,262140,Lavazza Κάψουλες Espresso Rossa 30τεμ 171gr,11.90
2025-11-07,260602,Ουζούνογλου Ελληνικός Καφές 193gr,4.59
2025-11-07,266318,Fino Λουίζα Κουτί 10 Φακελάκια,1.19
2025-11-07,273422,Nutri Valley Δημητριακά Peppa Pig Choco Balls 375gr,2.68
2025-11-07,262204,Illy Espresso Decaf Κάψουλες 10τεμ,5.94
2025-11-07,272515,Nestle Fitness Μπάρες Δημητριακών Με Σοκολάτα 12τεμ,4.98
2025-11-07,261341,My Gusto Κάψουλες Espresso Classico 10τεμ 52gr,2.34
2025-11-07,265007,Lipton Τσάι Yellow Label 10 φακελάκια,1.36
2025-11-07,272428,Best Price Δημητριακά Honey Rings 500gr,3.48
2025-11-07,262794,DOUWE EGBERTS Στιγμιαίος Καφές Φουντούκι 100gr,8.88
2025-11-07,260040,Bravo Ελληνικός Καφές Πολίτικος 194gr,4.93
2025-11-07,260200,My Gusto Ελληνικός Καφές 96gr,1.54
2025-11-07,260005,Bravo Ελληνικός Καφές Καφεκοπτείο 300gr,7.20
2025-11-07,272280,Βιολάντα Μπάρες Βρώμης Cranberries 5x40gr,2.77
2025-11-07,321401,Γιώτης Sweet & Balance Μαρμελάδα Φράουλα 300gr,3.37
2025-11-07,320338,Melira Μέλι Θυμαρίσιο 450gr,6.10
2025-11-07,260036,Λουμίδης Παπαγάλος Έκαστος Κοσμοπολίτης 96gr,2.78
2025-11-07,323061,My Gusto Φυστικοβούτυρο Απαλό 350 gr,2.71
2025-11-07,261041,Jacobs Καφές Cappuccino Milka 8τεμ 126-4gr,2.99
2025-11-07,260107,ΛΟΥΜΙΔΗΣ ΠΑΠΑΓΑΛΟΣ Ελληνικός Καφές Κουπάτος 290gr,7.37
2025-11-07,321863,Νάουσα Μαρμελάδα Μύρτιλο Με Stevia 330gr,2.55
2025-11-07,262223,Jacobs Decaf Καφές Φίλτρου Χωρίς Καφεΐνη 250gr,8.77
2025-11-07,261290,Starbucks Blond Espresso Κάψουλες Decaf 55gr,3.99
2025-11-07,343075,Jannis Μπάρα Με Σουσάμι Χωρίς Ζάχαρη 40gr,0.86
2025-11-07,262608,Starbucks Espresso Colombia Κάψουλες Συμβατές Με Μηχανές Nespresso* 53gr,5.27
2025-11-07,262570,Coffeeway Καφές Φίλτρου Vanilla Caramel Decaf 200gr,7.40
2025-11-07,272363,Nestle Δημητριακά Fitness Dark Chocolate 375gr,4.97
2025-11-07,272221,Βιολάντα Δημητριακά Zero Κακάο 0% 370gr,3.84
2025-11-07,261508,Starbucks Cappuccino Κάψουλες 120gr,5.98
2025-11-07,272491,Go Cup Snack Βρώμης Σοκολάτα 65gr,0.90
2025-11-07,652362,Calve Φυστικοβούτυρο 350gr,4.72
2025-11-07,272314,Nestle Lion Μπάρες Δημητριακών 6x25gr,3.98
2025-11-07,267520,Γιώτης Ρόφημα Σοκολάτας 400gr,4.77
2025-11-07,321503,Bonne Maman Μαρμελάδα Ροδάκινο 370gr,3.36
2025-11-07,273471,Nestle Fitness Bars Cappuccino Cerbr 4τεμ 23-5gr,2.78
2025-11-07,262159,Coffee Island Καφές Espresso Volcano Blend Αλεσμένος 250gr,5.92
2025-11-07,273257,Quaker Τραγανές Μπουκιές Ξηροί Καρποί 450gr,5.32
2025-11-07,262042,Dimello Καφές Φίλτρου Bold Αλεσμένος 250gr,5.61
2025-11-07,272287,Nutri Valley Protein Bar Σοκολάτα 3x40gr,2.46
2025-11-07,320003,Attiki Μέλι 1kg,14.94
2025-11-07,272519,Nutri Valley Δημητριακά Granola Χωρίς Ζάχαρη 375gr,3.42
2025-11-07,273449,Nestle Fitness Μπάρες Cocoa Protein 4τεμ 20gr,2.89
2025-11-07,272225,Nature Valley Bars Dip Chocolate 8τεμ 20gr,3.80
2025-11-07,261733,Ελ Γκρέκο Ελληνικός Καφές 168gr,3.24
2025-11-07,321015,Healthy Habits Μαρμελάδα Φρούτα Του Δάσους 280gr,3.35
2025-11-07,261005,Nescafe Στιγμιαίος Καφές Gold Blend 95gr,6.77
2025-11-07,272541,My Gusto My Line Δημητριακά 375gr,2.69
2025-11-07,272320,Nestle Δημητριακά Crunch 375gr,4.38
2025-11-07,261215,Dimello Gusto Αλεσμένος 250gr,7.79
2025-11-07,272422,Best Price Δημητριακά 500gr,2.64
2025-11-07,262186,L'OR Lungo Profondo Intensity 8 Κάψουλες 50τεμ 260gr,16.72
2025-11-07,273278,3Friends Μπάρα Crunchy Σοκολάτα Ταχίνι Bio 40gr,0.70
2025-11-07,262003,JACOBS Καφές Φίλτρου Καραμέλα 250gr,8.65
2025-11-07,261112,Nescafe Στιγμιαίος Καφές Decaf 50gr,3.53
2025-11-07,272212,Mooveat Μπάρα Πρωτεϊνης Vita,1.19
2025-11-07,262793,DOUWE EGBERTS Στιγμιαίος Καφές Καραμέλα 100gr,8.65
2025-11-07,320155,Άνθια Μέλι Squeeze 250gr,2.24
2025-11-07,261506,Coffee Island Κάψουλες Espresso Affection 52gr 10τεμ,2.67
2025-11-07,321912,Ζωγράφος Μαρμελάδα Με Φρουκτόζη Βερίκοκο 415gr,2.95
2025-11-07,272290,Nutri Valley Δημητριακά ScoobyDoo Milky Pillows 375gr,2.68
2025-11-07,265080,Lipton Πράσινο Τσάι Classic 20 φακελάκια,2.85
2025-11-07,320103,Δανάη Μέλι Ελληνικό 900gr,5.91
2025-11-07,272652,My Gusto Choco Balls Δημητριακά 375gr,2.43
2025-11-07,320302,Μελισσένιος Μέλι Ανθέων 900gr,4.99
2025-11-07,261114,Nescafe Στιγμιαίος Καφές Decaf 200gr,10.41
2025-11-07,323604,Ferrero Nutella Πραλίνα Φουντουκιού 750gr,7.76
2025-11-07,260112,ΛΟΥΜΙΔΗΣ ΠΑΠΑΓΑΛΟΣ Ελληνικός Καφές Σκούρος 194gr,5.17
2025-11-07,261244,Coffeeway Καφές Στιγμιαίος Βανίλια & Φουντούκι 50gr,3.46
2025-11-07,272389,Nestle Δημητριακά Fitness 375gr,4.01
2025-11-07,261203,Nescafe Gold Blend Decafeine 95gr,6.85
2025-11-07,273427,Nutri Valley Granola 30% Less Sugar 450gr,3.47
2025-11-07,272542,My Gusto My Line Exotic Fruit 375gr,2.51
2025-11-07,261363,My Gusto Gold Στιγμιαίος Καφές 100gr,4.11
2025-11-07,273437,Coolvit Μπάρα Δημητριακών Καρύδα Χωρίς Γλουτένη 27gr,0.97
2025-11-07,321749,My Gusto Μαρμελάδα Ροδάκινο Πλαστικό Δοχείο 500gr,1.57
2025-11-07,261057,JACOBS Ristretto Kάψουλες Συμβατές Με Μηχανές Nespresso* 10τεμ,3.97
2025-11-07,261500,Starbucks Espresso Breakfast Blend Συμβατές Με Μηχανές Nespresso* 56gr 10τεμ,4.98
2025-11-07,262129,Starbucks Espresso Colombia Κάψουλες 18τεμ 94gr,8.48
2025-11-07,323824,My Gusto Πραλίνα Φουντούκι Κακάο 450gr,2.72
2025-11-07,321011,Frulita Μαρμελάδα Φράουλα 400gr,1.54
2025-11-07,261344,My Gusto Κάψουλες Espresso Forte 10τεμ 52gr,2.34
2025-11-07,261540,JACOBS Στιγμιαίος Καφές Gold 95gr,6.28
2025-11-07,272379,Nesquik Στιγμιαίο Ρόφημα Κακάο Χωρίς Γλουτένη Κουτί 250gr,2.77
2025-11-07,322218,Healthy Habit Ταχίνι Κακάο Χουρμάς 280gr,4.40
2025-11-07,261202,Coffee Island Κάψουλες Espresso Euphoria 10τεμ 52gr,2.67
2025-11-07,261079,Nescafe Azera Freddo Espresso Intenso 90gr,6.98
2025-11-07,262052,Illy Καφές Εσπρέσσο Normal Αλεσμένος 250gr,10.82
2025-11-07,272321,Nestle Δημητριακά Fitness & Fruits 375gr,4.52
2025-11-07,323073,Χαΐτογλου Φυστικοβούτυρο Απαλό Χωρίς Γλουτένη 680gr,5.07
2025-11-07,273197,3Friends Μπάρα Crunchy Μέλι-Αμύγδαλο-Κινόα Bio 40gr,0.70
2025-11-07,262123,Lavazza Καφές Espresso Oro 250gr,8.28
2025-11-07,322492,MY Gusto Ταχίνι Γυάλινο Βάζο 300gr,2.67
2025-11-07,261065,JACOBS Στιγμιαίος Καφές Espresso 95gr,6.78
2025-11-07,262613,Dimello Κάψουλες Espresso Intenso 10τεμ,4.69
2025-11-07,273216,Nestle Fitness Μπάρες Δημητριακών Cookies & Cream 6x23-5gr,3.83
2025-11-07,272533,Nutri Valley Protein Μπάρα Δημητριακών Cookies 80gr,1.49
2025-11-07,261504,Nescafe Dolce Gusto Freddo Espresso Κάψουλες 128gr,6.89
2025-11-07,273101,Quaker Νιφάδες Βρώμης 500gr,3.19
2025-11-07,272516,Nutri Valley Δημητριακά Muesli Μαύρη Σοκολάτα 500gr,2.06
2025-11-07,261220,Jacobs Καφές Cappuccino Hazelnut 142gr,2.99
2025-11-07,261068,L'OR Κάψουλες Espresso Colombia Συμβατές Με Μηχανές Nespresso* 40τεμ,14.10
2025-11-07,266317,Fino Τσάι Κανέλλα-Γαρύφαλλο 10 Φακελάκια,0.83
2025-11-07,320036,Φίνο Μέλι Διχτάκι 5 Μερίδων 30gr,2.25
2025-11-07,272537,Ήπειρος Zεμύθα Protein Bars Σοκολάτα & Κόκκινα Φρούτα Xωρίς Γλουτένη 4x160gr,2.58
2025-11-07,323094,Bonne Maman Φυστικοβούτυρο Τραγανό 325gr,4.88
2025-11-07,262604,Starbucks House Blend America Κάψουλες 66gr,5.98
2025-11-07,321862,Νάουσα Μαρμελάδα Βερίκοκο Με Stevia 330gr,2.66
2025-11-07,262851,Nestle Professional Plantage Filter Coffee 488gr,9.96
2025-11-07,261228,Nescafe Gold Latte Caramel 8 φακελάκια x 17gr,3.49
2025-11-07,260171,Bravo Καφές Ελληνικός Χρυσή Επιλογή 194gr,4.99
2025-11-07,272224,Kellogg's Crunchy Nut Honey & Nut 375gr,5.39
2025-11-07,323095,Bonne Maman Φυστικοβούτυρο 325gr,4.88
2025-11-07,273263,Nestle Fitness Μπάρες Δημητριακών Delice Σοκολάτα Γάλακτος 6x22-5gr,3.83
2025-11-07,273326,Nature Valley Bars Πρωτεΐνης Χωρίς Γλουτένη Με Καραμέλα 160gr,4.95
2025-11-07,261291,Starbucks Ristretto Κάψουλες 57gr 10τεμ,4.98
2025-11-07,261207,Nescafe Gold Organic 95gr,7.62
2025-11-07,266313,Fino Φασκόμηλο Κουτί 10 Φακελάκια x 0-8gr,0.77
2025-11-07,262315,Nescafe Azera Espresso 140gr,9.98
2025-11-07,272602,ΙΟΝ Μπάρα Πρωτεΐνης Κακάο 50gr,1.41
2025-11-07,272551,Χαίτογλου Cocoa Bites Δημητριακά Κακάο 375gr,2.99
2025-11-07,260522,Δρακούλη Παραδοσιακός Ελληνικός Καφές 194gr,4.25
2025-11-07,272546,Kellogg's Oaties Δημητριακά Βρώμης Cocoa 360gr,4.99
2025-11-07,273354,Sweet & Balance Μπάρες Δημητριακών Με Σοκολάτα Χωρίς Γλουτένη 6x24g,3.14
2025-11-07,321861,Νάουσα Μαρμελάδα Φράουλα Με Stevia 330gr,2.66
2025-11-07,320802,Μάνης Μέλι 920 gr,9.91
2025-11-07,323825,My Gusto Πραλίνα Φουντουκιού 1kg,5.01
2025-11-07,262001,JACOBS Καφές Φίλτρου Βανίλια 250gr,8.67
2025-11-07,236494,Υάδες Πίτουρο Βρώμης Bio 500gr,3.25
2025-11-07,261233,Lavazza Καφές Espresso Crema 2x250gr,11.34
2025-11-07,272260,Healthy Habits Bars Φυστικοβούτυρο Protein 4 τεμ 35gr,4.49
2025-11-07,261078,L'OR Espresso Colombia Κάψουλες 20τεμ,7.27
2025-11-07,261288,Nescafe Latte Vanilla 136gr 8τεμ,3.49
2025-11-07,261031,JACOBS Στιγμιαίος Καφές Εκλεκτός 100gr,6.58
2025-11-07,272217,Kellogg's Extra Δημητριακά Milk Chocolate 450gr,5.29
2025-11-07,266703,Εύριπος Πράσινο Τσάι Τζίντζερ 10 φακελάκια,1.64
2025-11-07,262614,Dimello Κάψουλες Espresso Forte Lungo 10τεμ,4.69
2025-11-07,266311,Fino Τίλιο Κουτί 10 Φακελάκια x 1gr,1.08
2025-11-07,650120,Ιστορίες Μελιού Μέλι 920gr,6.90
2025-11-07,273305,Nature Valley Bars Oats & Berries 5τεμ,3.48
2025-11-07,273046,Flap Jack Choco Μπάρες Δημητριακών Χωρίς Γλουτένη 80gr,1.49
2025-11-07,272538,Παπαδοπούλου Granola Bars Πρωτεΐνης 5τεμ 210gr,3.54
2025-11-07,261231,Lavazza Κάψουλες Espresso Crema Gusto 30τεμ 171gr,11.90
2025-11-07,321006,Spin Span Μαρμελάδα Φράουλα 380gr,3.79
2025-11-07,272427,Best Price Δημητριακά Choco Pops 500gr,3.19
2025-11-07,272552,Nestle Trix Δημητριακά 300gr,3.98
2025-11-07,261204,Nescafe Frappe Sticks Στιγμιαίος Καφές 3gr,0.48
2025-11-07,272122,Kellogg's Special K Dark Chocolate 290gr,5.26
2025-11-07,236457,Criollo Κακάο Raw Bio 200gr,5.09
2025-11-07,272364,Nestle Δημητριακά Ολικής Άλεσης Nesquik Duo 325gr,5.20
2025-11-07,265062,Lipton Μαύρο Τσάι Φρούτα Του Δάσους 20 Πυραμίδες,3.03
2025-11-07,321712,My Gusto Μαρμελάδα Extra Πορτοκάλι 375gr,2.14
2025-11-07,262538,My Gusto Καφές Φίλτρου Classic 500gr,8.91
2025-11-07,262101,Melitta Καφές Φίλτρου Auslese 250gr,5.77
2025-11-07,265079,Lipton Αφέψημα Μήλο-Κανέλα 20 Πυραμίδες,3.05
2025-11-07,272256,Healthy Habits Granola Φουντουκοβούτυρο Μαύρη Σοκολάτα 350gr,4.49
2025-11-07,262096,Illy Iperespresso Cube Classico Κάψουλες 18τεμ 120gr,11.50
2025-11-07,272468,Nature Valley Bars Salted Caramel 8x20gr,3.80
2025-11-07,272663,My Gusto Honey Rings Δημητριακά 375gr,2.69
2025-11-07,272809,My Gusto Breakfast Bran 375gr,2.85
2025-11-07,272152,Kellogg's Krave Choco Milk 410gr,3.29
2025-11-07,266518,My Gusto Τσάι Βουνού Σακούλα 50gr,1.56
2025-11-07,261195,Dimello Καφές Espresso Forza Σπυρί 250gr,7.98
2025-11-07,261345,My Gusto Κάψουλες Espresso Decaf 10τεμ 52gr,2.45
2025-11-07,323074,Go On Protein Peanut Butter Salted Caramel 350gr,3.89
2025-11-07,273199,Fytro Νιφάδες Βρώμης 500gr,2.44
2025-11-07,273438,Coolvit Μπάρα Δημητριακών Αλατισμένη Καραμέλα Χωρίς Γλουτένη 27gr,0.97
2025-11-07,272558,Nestle Nesquik Δημητριακά 500gr,4.98
2025-11-07,272660,My Gusto Corn Flakes Δημητριακά 375gr,2.03
2025-11-07,261205,Nescafe Στιγμιαίος Καφές 700gr,30.05
2025-11-07,323950,Χαίτογλου Αμυγδαλοβούτυρο Χωρίς Γλουτένη 170gr,3.49
2025-11-07,321745,My Gusto Μαρμελάδα Extra Φρούτα Του Δάσους 375gr,2.34
2025-11-07,262051,Illy Καφές Espresso Αλεσμένος Normal 125gr,5.11
2025-11-07,271171,Όλα Bio Μπάλες Δημητριακών Δίχρωμες Organic 200gr,2.50
2025-11-07,273045,Flap Jack Caramel Μπάρες Δημητριακών Χωρίς Γλουτένη 80gr,1.49
2025-11-07,261096,Nescafe Dolce Gusto Espresso Decaf Κάψουλες 16τεμ 88gr,6.08
2025-11-07,273324,Όλα Bio Bran Flakes Βιολογικά 250gr,2.24
2025-11-07,261449,TASSIMO Κάψουλες JACOBS Espresso Freddo 16τεμ,7.73
2025-11-07,272424,Best Price Δημητριακά Choco Balls 500gr,3.37
2025-11-07,322213,Healthy Habits Ταχίνι Με Μέλι 280gr,4.40
2025-11-07,273189,My Gusto Νιφάδες Βρώμης 500gr,1.82
2025-11-07,273312,Digestive Bars Κόκκινα Φρούτα & Γάλα 5x28gr,3.35
2025-11-07,272214,Βιολάντα Μπάρες Δημητριακών Κακάο Zero 6τεμ 30gr,3.26
2025-11-07,272167,Go On Δημητριακά Protein Granola Με Σοκολάτα & Καρύδι 300 gr,3.65
2025-11-07,321505,Bonne Maman Μαρμελάδα 4 Φρούτα 370gr,3.63
2025-11-07,323098,Pami Πραλίνα Φουντουκιού Κακάο 400gr,2.11
2025-11-07,273085,Quaker Τραγανές Μπουκιές Βρώμης Cook Crunchy 450gr,5.46
2025-11-07,321152,St. Dalfour Μαρμελάδα 4 Φρούτα 284gr,4.85
2025-11-07,272297,Kellogg's Δημητριακά Miel Pops Loops 330gr,2.99
2025-11-07,262505,Starbucks Espresso Dark Roast Κάψουλες 66gr,5.98
2025-11-07,262059,Illy Καφές Εσπρέσσο Σπυρί 250gr,11.16
2025-11-07,321710,My Gusto Μαρμελάδα Extra Βερίκοκο 375gr,2.14
2025-11-07,262250,Starbucks Στιγμιαίος Καφές Caramel Latte 115gr,4.13
2025-11-07,262197,Jacobs Εκλεκτός Καφές Φίλτρου 100gr,2.98
2025-11-07,272259,Healthy Habits Granola Πρωτεΐνης Με Φυστικοβούτυρο 350gr,3.42
2025-11-07,321402,Γιώτης Sweet & Balance Μαρμελάδα Βερίκοκο 300gr,3.41
2025-11-07,322217,Healthy Habits Ταχίνι Απλό 280gr,4.00
2025-11-07,320150,Ανθέμια Μέλι Εισαγωγής 750gr,3.49
2025-11-07,322098,Pami Άλειμμα Φιστίκι Καλυφωτό 200gr,3.49
2025-11-07,321151,St. Dalfour Μαρμελάδα Φράουλα 284gr,4.71
2025-11-07,267028,Marchoc Κακάο 12x100gr,2.38
2025-11-07,323011,Merenda Άλειμμα Σοκολάτας Υγείας 360gr,3.64
2025-11-07,265141,Loyd Τσάι Πράσινο Πυραμίδα Λεμόνι Μέλι Ginger 20 Φακελάκια 40gr,2.29
2025-11-07,273428,Nutri Valley Granola 30% Λιγότερη Ζάχαρη 450gr,3.47
2025-11-07,320007,Attiki Μέλι Smart Pack 100gr,2.56
2025-11-07,321740,My Gusto Μαρμελάδα Extra Βύσσινο 375gr,2.28
2025-11-07,262765,DOUWE EGBERTS Espresso Στιγμιαίος Καφές 95gr,7.85
2025-11-07,320002,Attiki Μέλι 455gr,8.24
2025-11-07,261514,My Gusto Καφές Espresso Αλεσμένος 250gr,5.20
2025-11-07,321010,Frulita Μαρμελάδα Βερίκοκο 400gr,1.64
2025-11-07,273448,Nestle Fitness Μπάρες Μέλι Fiber 4τεμ 20gr,2.89
2025-11-07,261253,Jacobs Gold Στιγμιαίος Καφές 200gr,12.59
2025-11-07,322212,Μακεδονικό Ταχίνι Ολικής Με Σοκολάτα Χωρίς Γλουτένη 300gr,3.92
2025-11-07,265142,Loyd Τσάι Πυραμίδα Φρούτα Δάσους 20 Φακελάκια 40gr,2.29
2025-11-07,261340,My Gusto Κάψουλες Espresso Intenso 10τεμ 52gr,2.34
2025-11-07,262751,Dimello Καφές Espresso Aroma Beans Σπυρί 250gr,9.85
2025-11-07,262002,JACOBS Καφές Φίλτρου Καραμελωμένο Αμύγδαλο 250gr,8.72
2025-11-07,267001,Hemo Βιταμιούχο Ρόφημα Βάζο 400gr,4.34
2025-11-07,261301,Mokate Latte Caramel 10 Φακέλων 14gr,2.39
2025-11-07,272216,Kellogg's Extra Fruit & Nut 400gr,5.39
2025-11-07,273264,Nestle Fitness Μπάρες Δημητριακών Chocolate Hazelnut 6x22-5gr,3.83
2025-11-07,272526,Παπαδοπούλου Digestive Bars Πρωτεΐνης Με Σοκολάτα Γάλακτος 5x28gr,3.50
2025-11-07,322420,Best Price Ταχίνι Γυάλινο Βάζο 300gr,2.39
2025-11-07,320001,Attiki Μέλι 250gr,4.81
2025-11-07,261274,L'OR Maranello Espresso Σε Κάψουλες Lungo 10τεμ,3.74
2025-11-07,261191,Dimello Καφές Φίλτρου Bold 500gr,8.74
2025-11-07,321711,My Gusto Μαρμελάδα Extra Κεράσι 375gr,2.14
2025-11-07,320040,Attiki Μέλι Μελισσάκι 470gr,8.96
2025-11-07,323023,Sisinni Κρέμα Κακάο Vegan Με Φουντούκι Χωρίς Γλουτένη 400gr,2.75
2025-11-07,262541,My Gusto Καφές Φίλτρου Βανίλια 250gr,5.05
2025-11-07,265907,Twinings Τσάι Earl Grey 10x2gr,3.12
2025-11-07,272208,Go On Protein Granola Brownie & Cherry 300gr,3.65
2025-11-07,266700,Εύριπος Βαλεριάνα 10 Φακελάκια,2.12
2025-11-07,260138,Μερακλής Καφές Ελληνικός 194gr,3.89
2025-11-07,321773,Εκλεκτές Γεύσεις Μαρμελάδα Πορτοκάλι 300gr,2.70
2025-11-07,217738,Δελφί Τσάι Βουνού Κομμένο 35gr,1.33
2025-11-07,272466,Nature Valley Bars Chocolate Crunchy Chif 5 τεμ 42gr,3.48
2025-11-07,272500,My Gusto Crunchy Berry Fruits 375gr,2.95
2025-11-07,321741,My Gusto Μαρμελάδα Extra Δαμάσκηνο 375gr,2.28
2025-11-07,271187,Ola Bio Δαχτυλιδάκια Δημητριακά Μέλι 200gr,2.80
2025-11-07,261245,Coffeeway Καφές Στιγμιαίος Salted Caramel 50gr,3.46
2025-11-07,320140,Μούσσες Μέλι Κλασικό 700gr,6.38
2025-11-07,272226,Nutri Valley Protein Bar Chocolate 80gr,1.49
2025-11-07,272601,ΙΟΝ Μπάρα Πρωτεΐνης Καρύδα 50gr,1.41
2025-11-07,267102,Marchoc Σοκολάτα Γάλακτος 0% Ζάχαρη Χωρίς Γλουτένη 230gr,4.99
2025-11-07,320087,Συνεργασία Χρυσή Κρήτη Θυμαρίσιο Μέλι 900gr,13.28
2025-11-07,323610,Wish Spread Φουντούκι Χωρίς Ζάχαρη 220gr,3.16
2025-11-07,271189,Hungry Not Μπάρες Protein Layer Πραλίνα 3x50gr,4.92
2025-11-07,272524,Fitness Granola Bar Honey 5x38gr,3.48
2025-11-07,272557,Kelloggs Bluey Δημητριακά 4x350ml,3.18
2025-11-07,273451,Lov Μπούκιες Βρώμης Με Μπανάνα Σοκολάτα Αμύγδαλο 70gr,1.64
2025-11-07,267609,Cadbury Σοκολάτα Ρόφημα 250gr,4.27
2025-11-07,265028,Lipton Πράσινο Τσάι Μέντα 20 Πυραμίδες,3.11
2025-11-07,272017,Kellogg's Δημητριακά All Bran Flakes 375gr,5.25
2025-11-07,262126,L'or Espresso Κάψουλες Vanilla 10τεμ 52gr,3.74
2025-11-07,272511,My Gusto Crunchy Drak Chocolate 375gr,3.13
2025-11-07,272158,Nestle Lion Δημητριακά Crunchy 300gr,5.46
2025-11-07,267301,Caotonic Ρόφημα Χωρίς Γλουτένη 500gr,4.00
2025-11-07,260022,Ο Μπάρμπα Γιώργης Ελληνικός Καφές 195gr,3.75
2025-11-07,261510,L'OR Kάψουλες Espresso Colombia Συμβατές Με Μηχανές Nespresso* 10τεμ,3.74
2025-11-07,266515,My Gusto Φασκόμηλο Σακουλάκι 50gr,0.90
2025-11-07,323080,Χαΐτογλου Φυστικοβούτυρο Με Μπανάνα Χωρίς Γλουτένη 350gr,3.38
2025-11-07,272202,Kellogg's Δημητριακά Extra Red Fruit 400gr,5.39
2025-11-07,322197,Μακεδονικό Ταχίνι Βιολογικό 300gr,5.95
2025-11-07,272545,Kelloggs Oaties Δημητριακά Βρώμης Original 360gr,4.99
2025-11-07,273508,Wish Bars Σοκολάτα & Δαμάσκηνο 6x30gr,2.73
2025-11-07,320042,Φίνο Μέλι Ελληνικό Γυάλινο Βάζο 900gr,8.67
2025-11-07,321744,My Gusto Μαρμελάδα Extra Σύκο 375gr,2.28
2025-11-07,260113,ΛΟΥΜΙΔΗΣ ΠΑΠΑΓΑΛΟΣ Ελληνικός Καφές Σκούρος 490gr,11.07
2025-11-07,256001,Melitta Κρέμα Compleat Pet Jar 200gr,2.98
2025-11-07,321007,Spin Span Μαρμελάδα Βερίκοκο 380gr,3.79
2025-11-07,321005,Spin Span Μαρμελάδα Βύσσινο 380gr,3.79
2025-11-07,262200,Illy Espresso Intenso Κάψουλες Συμβατές Με Μηχ. Nespresso*10τμχ,5.94
2025-11-07,261022,Mawell House Καφές Φϊλτρου 225gr,5.28
2025-11-07,321910,Ζωγράφος Μαρμελάδα Με Φρουκτόζη Βύσσινο 415gr,3.25
2025-11-07,263000,Jacoqmotte Φίλτρα Νο 2 80τεμ,1.93
2025-11-07,350015,Go On Πρωτεΐνης Cookie Lemon Cheesecake 50ml,1.21
2025-11-07,321519,Bonne Maman Μαρμελάδα Βατόμουρο 370gr,4.12
2025-11-07,264002,Sonna Υποκατάστατο Καφέ 100gr,3.16
2025-11-07,262260,L'or Espresso Κάψουλες Maranello 10τεμ 52gr,3.74
2025-11-07,272220,Nutri Valley Protein Bar Banana 80gr,1.49
2025-11-07,272222,Kellogg's Special K Classic 335gr,4.49
2025-11-07,320337,Melira Μέλι Αγριοβελανιδιάς 450gr,5.76
2025-11-07,262027,Dimello Καφές Espresso Mezzo Αλεσμένος 250gr,8.51
2025-11-07,262040,Dimello Καφές Φίλτρου Ethiopia Αλεσμένος 250gr,6.94
2025-11-07,320081,Συνεργασία Χρυσή Κρήτη Θυμαρίσιο Μέλι 450gr,6.34
2025-11-07,261297,Jacobs Κάψουλες Espresso Origins Colombia 18τεμ,7.55
2025-11-07,272539,Kelloggs Corn Flakes Cocoa Bar 6x24gr,3.79
2025-11-07,272530,Fytro Τραγανές Μπουκιές Σοκολάτα Γάλακτος 375gr,2.05
2025-11-07,272207,Kellogg's Δημητριακά Extra Original 450gr,5.29
2025-11-07,262537,My Gusto Καφές Φίλτρου Classic 250gr,4.82
2025-11-07,261055,L'OR Lungo Profondo Κάψουλες Συμβατές Με Μηχανές Nespresso* 10Τεμ,3.67
2025-11-07,272486,Εκλεκτές Γεύσεις Granola Φρούτα Του Δάσους 375gr,2.40
2025-11-07,320100,Μούσες Μέλι Κλασσικό 450gr,4.65
2025-11-07,321153,St. Dalfour Μαρμελάδα Πορτοκάλι 284gr,4.82
2025-11-07,273012,Weetabix Δημητριακά 430gr,4.98
2025-11-07,261296,Νescafe Cappuccino Unsweetened Φακελάκια 14.2gr,3.42
2025-11-07,321009,Healthy Habits Μαρμελάδα Σύκο 100% 280gr,3.35
2025-11-07,272200,My Gusto Choco Flakes Δημητριακά 375gr,2.94
2025-11-07,323400,Όλυμπος Superspread Φυστικοβούτυρο 350gr,2.93
2025-11-07,261051,L'OR Espresso Ristretto Κάψουλες Συμβατές Με Μηχανές Nespresso* 10τεμ,3.67
2025-11-07,261043,Nescafe Gold Στιγμιαίος Καφές 50gr,3.79
2025-11-07,267401,Nesquik Στιγμιαίο Ρόφημα Κακάο Χωρίς Γλουτένη Κουτί 500gr,5.15
2025-11-07,320045,Μελιγυρις Μέλι Δάσους Θυμαριού & Αγριοβότανων Βιολογικό 450gr,8.20
2025-11-07,323022,Sisinni Buono Πραλίνα Φουντούκι Χωρίς Γλουτένη 400gr,2.96
2025-11-07,272609,Βιολάντα Δημητριακά Βρώμης Μαύρη Σοκολάτα 370gr,3.84
2025-11-07,262202,Illy Espresso Forte Κάψουλες Συμβ. Με Μηχ. Nespresso* 10τμχ,5.93
2025-11-07,321713,My Gusto Μαρμελάδα Extra Ροδάκινο 375gr,2.14
2025-11-07,217740,Δελφί Χαμομήλι Ελληνικό Σακουλάκι 30gr,1.26
2025-11-07,267032,Mokate Ρόφημα Σακολάτας Milky 10 Φακέλων 10x1-8gr,2.23
2025-11-07,262527,Lavazza Decafeine Καφές Espresso 250gr,8.36
2025-11-07,266316,Fino Φύλλα Αλεξάνδρειας 10 Φακελάκια x1gr,0.80
2025-11-07,321014,Fytro Μαρμελάδα Φράουλα 280gr,4.24
2025-11-07,267016,Γιώτης Ρόφημα Με Σοκολάτα Γάλακτος 250gr,3.76
2025-11-07,320352,Melira Μέλι Ερείκης 450gr,7.61
2025-11-07,320043,Φινο Μέλι Ελληνικό Γυάλινο Βάζο 450gr,4.80
2025-11-07,262543,My Gusto Καφές Φίλτρου Αμύγδαλο 250gr,5.05
2025-11-07,650122,Ιστορίες Μελιού Μέλι 450gr,3.95
2025-11-07,261250,Jacobs Καφές Cappuccino Vanilla 8x12gr,2.99
2025-11-07,265002,Yogi Τσάι Bio Ginger Lemon 30.6gr,4.03
2025-11-07,323401,Όλυμπος Superspread Πραλίνα Μπισκότο Ταχίνι 350gr,3.13
2025-11-07,272492,Go Cup Snack Βρώμης Cranberries 65gr,0.90
2025-11-07,320807,Μέλι Μας 920gr,5.38
2025-11-07,265139,Lipton Τσάι Ράσμπερυ % Μούρα 20 Φακελάκια 1.6gr,2.85
2025-11-07,273258,Quaker Τραγάνες Μπουκιές Φρούτα 450gr,5.33
2025-11-07,650152,Εργαστήρι Μελιού Θυμαρίσιο Μέλι 400gr,6.79
2025-11-07,261272,Lor Espresso Κάψουλες Brazil 10τεμ,3.74
2025-11-07,265163,Vevi Τσάι Κανέλα Γαρύφαλλο 10Φ 13gr,0.89
2025-11-07,272278,Nutri Valley Pj Masks Δημητριακά Fruity Rings 375gr,2.68
2025-11-07,323087,Nucrema Πραλίνα 8% Φουντούκι Κακάο 580gr,4.70
2025-11-07,320057,Το Καλαβρυτινό Μέλι Βελανιδιάς 920gr,9.37
2025-11-07,265005,Yogi Τσάι Bio Classic 37.4gr,4.03
2025-11-07,262540,My Gusto Καφές Φίλτρου Σοκολάτα 250gr,4.80
2025-11-07,261072,Segafredo Espresso Κάψουλες Arabica 10τεμ 51gr,4.70
2025-11-07,265117,Yogi Τσάι Bio Bedtime 28.9gr,4.03
2025-11-07,261153,L'OR Καφές Espresso Σε Κόκκους Colombia 500gr,12.67
2025-11-07,262295,Coffeeway Καφές Φίλτρου Pumkin 200gr,6.90
2025-11-07,262278,Dimello Κάψουλες Espresso Ristretto 10τεμ,4.69
2025-11-07,262276,Nescafe Vanilla Cookie 7 Φακελάκια 137gr,3.49
2025-11-07,273507,Wish Bars Σύκο 6x30gr,2.73
2025-11-07,321742,My Gusto Μαρμελάδα Extra Μύρτιλο 375gr,2.34
2025-11-07,262054,Illy Καφές Εσπρέσσο Αλεσμένος Decafeine 250gr,10.27
2025-11-07,268301,Van Houten Κακάο Χάρτινο 125gr,4.29
2025-11-07,261069,Segafredo Espresso Κάψουλες Classico 10τεμ 51gr,4.54
2025-11-07,320202,My Gusto Μέλι Ανθέων & Κωνοφόρων 450gr,4.70
2025-11-07,323096,Bonne Maman Άλειμμα Με Φουντούκι & Κακάο 250gr,4.45
2025-11-07,273399,Avena Farm Νιφάδες Bρώμης 500gr,1.42
2025-11-07,320305,Δασκαλάκη Ελληνικό Μέλι Βάζο 930gr,8.61
2025-11-07,265018,Lipton Μαύρο Τσάι Earl Grey 25 Φακελάκια,3.57
2025-11-07,265914,Twinings Αγνό Πράσινο Τσάι 25φακ,5.66
2025-11-07,265156,Lipton Τσάϊ Πορτοκάλι 20 Φακελάκια 1-7gr,2.99
2025-11-07,262244,Illy Καφές Espresso Regenative Agriculture Brazil 250gr,10.41
2025-11-07,272258,Healthy Habits Granola Με Αμυγδαλοβούτυρο 350gr,4.29
2025-11-07,303064,Nakd Μπάρα Blueberry Muffin 35gr 4 Τεμάχια,4.72
2025-11-07,273088,Pulsin Μπάρα Πρωτεΐνης Keto Φυστίκια Πορτοκάλι Χωρίς Γλουτένη 50gr,2.15
2025-11-07,321025,Rigoni Μαρμελάδα Φράουλα Βιολογική 250gr,3.61
2025-11-07,267031,Mokate Ρόφημα Σακολάτας Salted Caramel 10 Φακέλων 10x1-8gr,2.23
2025-11-07,273702,Turtle Τραγανά Δακτυλίδια Δημητριακών Bio Χωρίς Γλουτένη 40gr,1.39
2025-11-07,267026,Marchoc Κακάο Bueno Χωρίς Ζάχαρη 230gr,4.99
2025-11-07,272281,Nestle Lion Minis Δημητριακά 300gr,3.98
2025-11-07,262098,Illy Iperespresso Cube Lungo Κάψουλες 18τεμ (120gr),11.50
2025-11-07,262018,Lavazza Κάψουλες Espresso Rossa 57gr 10τεμ,4.26
2025-11-07,261023,Maxwell House Καφές Φίλτρου Φουντούκι 225gr,6.12
2025-11-07,261300,Mokate Cappuccino 10 Φακέλων 14gr,2.39
2025-11-07,273701,Turtle Δημητριακά Marshmallow Bio Χωρίς Γλουτένη 40gr,1.39
2025-11-07,261287,Kimbo Καφές Espresso Κάψουλες 10τεμ,3.45
2025-11-07,321013,Fytro Μαρμελάδα Βερίκοκο 280gr,4.24
2025-11-07,272279,Nesquik Δημητριακά Minies 300gr,3.98
2025-11-07,262750,Dimello Καφές Espresso Aroma Ground Αλεσμένος 250gr,9.85
2025-11-07,321771,Εκλεκτές Γεύσεις Μαρμελάδα Φράουλα 300gr,2.69
2025-11-07,272485,3Friends Webio Crunchy Με Βρώμη & Μαύρη Σοκολάτα Bio 350gr,3.72
2025-11-07,336166,Wish Crunchy Τραγανή Μπάρα Δημητριακών με σοκολάτα 35gr,1.04
2025-11-07,265902,Twinings Τσάι Earl Grey 25φακ,5.58
2025-11-07,261303,Brazita Κάψουλες Espresso Lungo 10τεμ 52gr,3.71
2025-11-07,272531,Fytro Τραγανές Μπουκιές Ξηροί Καρποί 375gr,2.05
2025-11-07,265162,Vevi Μαύρο Τσάι 10Φ 15gr,0.89
2025-11-07,272469,BDL Corn Flakes Με Σιρόπι Αγαύης Bio 250gr,2.35
2025-11-07,323092,Sisinni Premium Κρέμα Φιστικιού 380gr,6.23
2025-11-07,273454,Corny Μπάρα Πρωτεϊνης Με Φιστίκι & Καραμέλα 45gr,2.51
2025-11-07,323036,Biofarma Βιολογική Πραλίνα Φουντουκιού 400gr,5.98
2025-11-07,320110,Regina Μέλι Ελληνικο Κυψέλης Πευκοθάσου 900gr,8.32
2025-11-07,323934,Kiss The Earth Αμυγδαλοβούτυρο 200gr,6.69
2025-11-07,265061,Lipton Μαύρο Τσάι Λεμόνι 20 Πυραμίδες,3.03
2025-11-07,320072,Συνεργασία Κρητικό Μέλι 450gr,6.38
2025-11-07,321026,Rigoni Μαρμελάδα Μύρτιλα Βιολογική 250gr,3.61
2025-11-07,262259,L'or Espresso Κάψουλες Imola 10τεμ 52gr,3.74
2025-11-07,321002,St. Dalfour Μαρμελάδα Μήλο Κανέλα 284gr,5.30
2025-11-07,266422,Ρόφημα Κρόκου Κοζάνης & Μέλι 10φακελάκια,4.15
2025-11-07,320336,Ελληνικό Μέλι Με Μαστίχα Χίου 720gr,8.17
2025-11-07,320086,Συνεργασία Κρητικό Μέλι 900gr,12.53
2025-11-07,265288,Yogi Τσάϊ Pumkin 32.2gr,3.84
2025-11-07,265157,Thamma Πράσινο Tσάϊ Bio 12x24gr,2.95
2025-11-07,261232,Lavazza Καφές Espresso Oro 2x250gr,14.97
2025-11-07,303223,Nakd Μπάρα Καραμέλα Αλατισμένη Χωρίς Γλουτένη 35gr 4τεμ,4.72
2025-11-07,271097,Hipp Βρώμη Ροδάκινο Bio Μπάρες Δημητριακών 5x20gr (100gr),6.69
2025-11-07,262020,Lavazza Κάψουλες Espresso Oro 55gr 10τεμ,4.49
2025-11-07,316000,Εκλεκτές Γεύσεις Γλυκό Του Κουταλιού Πορτοκάλι 450gr,4.26
2025-11-07,265051,Lipton Πράσινο Τσάι Orient 20 φακελάκια,2.99
2025-11-07,321156,St. Dalfour Μαρμελάδα Βερίκοκο 284gr,4.71
2025-11-07,265155,Lipton Τσάϊ Μαύρο 20τεμ 34gr,2.99
2025-11-07,262022,Lavazza Κάψουλες Espresso Classico 30τεμ 171gr,11.13
2025-11-07,272425,Best Price Μuesli Με Φρούτα 750gr,3.88
2025-11-07,323602,Ferrero Nutella Βαζο 200gr,3.57
2025-11-07,320558,Εργαστήρι Μελιού Μέλι Ελάτης 750gr,9.67
2025-11-07,273474,Weetabix Δημητριακά Marvel Avengers 375gr,3.74
2025-11-07,272544,Kelloggs Special Κ High Protein 21% 5x320gr,5.59
2025-11-07,262572,Coffeeway Καφές Φίλτρου Cookie & Cream 200gr,5.97
2025-11-07,320988,Σίθων Πευκόμελο 1-5kg,13.26
2025-11-07,273668,Pulsin Μπάρα Keto Σοκολάτα Φιστίκι & Rasberry Χωρίς Γλουτένη 50gr,2.15
2025-11-07,262135,Coffeeway Καφές Φίλτρου Ατομικές Μερίδες Vanilla Hazel 10τεμ 7-5gr,3.81
2025-11-07,261444,TASSIMO Κάψουλες JACOBS Capuccino 8τεμ,8.12
2025-11-07,267409,Nesquik Στιγμιαίο Ρόφημα Κακάο Χωρίς Γλουτένη Σακούλα 800gr,8.20
2025-11-07,265136,Twinings Τσάι Superblends Energise 18 Φακελάκια 2gr,5.19
2025-11-07,261095,Ελ Γκρέκο Καφές Χωρίς Καφείνη 168gr,4.35
2025-11-07,272661,My Gusto Choco Pillows Μαξιλαράκια Δημητριακών 375gr,3.17
2025-11-07,262616,Dimello Κάψουλες Espresso Allegro 10τεμ,4.69
2025-11-07,273480,Fitness Granola Honey Cerbag 300gr,3.79
2025-11-07,273455,Corny Μπάρα Πρωτεΐνης Με Σοκολάτας & Καραμέλα 45gr,2.51
2025-11-07,265135,Twinings Τσάι Superblends Calm 18 Φακελάκια 1-5gr,5.19
2025-11-07,320121,Regina Κυψέλη Μέλι Ελληνικό Πευκοθάσου 450gr,3.80
2025-11-07,320383,Μελίγυρις Πευκοθυμαρόμελο ΠΟΠ Κρήτης 400gr,7.67
2025-11-07,321336,Μακεδονική Μαρμελάδα Φρούτα Δάσους 680gr,5.59
2025-11-07,267610,Cadbury Σοκολάτα Ρόφημα 500gr,7.90
2025-11-07,262099,Illy Iperespresso Cube Intenso Κάψουλες 18τεμ 120gr,11.50
2025-11-07,265100,Lipton Πράσινο Τσάι Λεμόνι-Μελισσόχορτο 20 Πυραμίδες,3.12
2025-11-07,321119,Γεώδη Μαρμελάδα Βερύκοκο Στέβια 270gr,3.36
2025-11-07,272549,Nutri Valley Δημητριακά Pj Masks Alpha Bites 375gr,2.68
2025-11-07,272662,My Gusto Δημητριακά Choco Rice 375gr,2.76
2025-11-07,265026,Σαλέπι Έτοιμο Ρόφημα 10 φακελάκια 120gr,5.09
2025-11-07,321029,Evlogia Μαρμελάδα Φρούτα Δάσους 280gr,3.56
2025-11-07,343061,Παστέλειον Μπάρα Παιδική Φράουλα 18+ Βio (5Χ25g) 125g,5.49
2025-11-07,321201,Evlogia Μαρμελάδα Ροδάκινο 280gr,3.12
2025-11-07,266423,Ρόφημα Κρόκου Κοζάνης & Καρυκεύματα 10φακελάκια,4.16
2025-11-07,321116,Γεωδή Μαρμελάδα Φράουλα Με Στέβια 270gr,3.27
2025-11-07,320557,Εργαστήρι Μελιού Θυμαρίσιο Μέλι 750gr,11.69
2025-11-07,272134,Vitabella Μαξιλαράκια Χωρίς Γλουτένη Με Γέμιση Κρέμα Σοκολάτα & Φουντούκι 300gr,4.76
2025-11-07,265927,Thamma Louisa Daring Bio 12 Φακελάκια 18gr,3.88
2025-11-07,262107,L'OR Καφές Φίλτρου Classique 250gr,6.14
2025-11-07,262117,Lavazza Καφές Espresso Oro Mountain 250gr,8.51
2025-11-07,320074,Attiki Μέλι Θυμαρίσιο Ελληνικών Νήσων 1kg,14.35
2025-11-07,272001,Kellogg's Corn Flakes 250gr,3.39
2025-11-07,265161,Vevi Πράσινο Τσάι 10Φ 15gr,0.89
2025-11-07,273432,Pulsin Mπάρα Προτεΐνης Κέικ Σοκολάτας & Φυστίκι Χωρίς Γλουτένη 50gr,2.15
2025-11-07,265294,Yogi Τσάι Bio Green Tea Energy 30-6gr,3.89
2025-11-07,265291,'Ολα Bio Τσάι Matcha Βιολογικό 100gr,7.35
2025-11-07,273086,Pulsin Μπάρα Μπράουνι Με Φυστίκι Κακάο Κομμάτια Σοκολάτας Χωρίς Γλουτένη 35gr,1.37
2025-11-07,320201,My Gusto Μέλι Ανθέων & Κωνοφόρων 900gr,8.89
2025-11-07,320304,Δασκαλάκη Ελληνικό Μέλι Βάζο 450gr,4.56
2025-11-07,262021,Illy Καφές Εσπρέσσο Αλεσμένος Scuro 250gr,11.33
2025-11-07,266615,Mardas Τσάι Πράσινο Κίνας 15φακελάκια x2gr,1.89
2025-11-07,265146,Lipton Τσάι Πυραμίδα Ginger Lemmon 20 φακελάκια 40gr,2.99
2025-11-07,265140,Lipton Τσάι Μάνγκο & Φραγκοστάφυλλο 20 Φακελάκια 1.6gr,2.85
2025-11-07,265137,Twinings Τσάι Superblends Glow 18 Φακελάκια 2gr,5.19
2025-11-07,320109,Melira Μέλι Ελάτης 450gr,6.99
2025-11-07,323024,Sisinni Κρέμα Αμυγδάλου Με 23% Πρωτεΐνη Χωρίς Γλουτένη 320gr,4.40
2025-11-07,265925,Thamma Gentle Evening Organic 12 Φακελάκια 18gr,3.88
2025-11-07,323902,Pami Real & Honest Φουντούκι Κακάο Πρωτεΐνη Με Στέβια 300gr,4.79
2025-11-07,322454,Kollias Family Ταχίνι Με Μέλι Λιναρόσπορο & Καρύδια 260gr,3.59
2025-11-07,260205,Βιοαγρός Καϊμάκι Ελληνικός Καφές 100gr,4.83
2025-11-07,321774,Εκλεκτές Γεύσεις Μαρμελάδα Βερίκοκο 300gr,2.88
2025-11-07,321772,Εκλεκτές Γεύσεις Μαρμελάδα Μύρτιλο 300gr,3.35
2025-11-07,265913,Twinings Πράσινο Τσάι Με Αρωμα Λεμόνι 25φακ,5.95
2025-11-07,273485,Corny Strawberry White Choco Bar 40gr,0.99
2025-11-07,273484,Fitness Granola Σοκολάτα Cerbag 300g,3.98
2025-11-07,320151,Ανθέμια Μέλι Εισαγωγής 450gr,2.87
2025-11-07,272532,Fytro Τραγανές Μπουκιές Βρώμης 375gr,1.86
2025-11-07,323075,Go On Φυστικοβούτυρο Καρύδα 350gr,3.89
2025-11-07,265138,Lipton Τσάι Γκρέιπφρουτ & Πορτοκάλι 1.6gr,2.85
2025-11-07,265116,Yogi Τσάι Bio Green Matcha Lemon 30.6gr,4.03
2025-11-07,265292,Yogi Τσάι Bio Feel Pure Detox 30-6gr,3.89
2025-11-07,261130,Nescafe Στιγμιαίος Καφές 1-100kg,47.19
2025-11-07,266517,My Gusto Τίλιο Σακούλα 25gr,1.16
2025-11-07,266421,Ρόφημα Κρόκου Κοζάνης & Πράσινο Τσάι 10 Φακελάκια,3.96
2025-11-07,265066,Lipton Πράσινο Τσάι Citrus 20 φακελάκια,2.85
2025-11-07,266203,Συνεργασία Χαμομήλι 30gr,2.50
2025-11-07,272383,Milzu Δημητριακά Flakes Με Σίκαλη Χωίς Ζάχαρη 300gr,2.88
2025-11-07,323021,Kiss The Earth Μείγμα Βουτύρου Με Κακάο & Χιώτικο Μέλι 300gr,4.94
2025-11-07,265293,Yogi Τσάι Bio Echinacea 30-6gr,3.89
2025-11-07,273381,Corny Μπάρα Πρωτείνης Με Σοκολάτα 50gr,1.93
2025-11-07,321031,Attiki Μαρμελάδα Φράουλα 370gr,3.46
2025-11-07,272563,Mooveat Μπάρες Πρωτεΐνης Crunch 30% Coco Choco 65gr,2.49
2025-11-07,273667,Pulsin Μπάρα Keto Αμύγδαλα Αλατισμένη Καραμέλα 50gr,2.15
2025-11-07,273430,Pulsin Mπάρα Μπράουνι Φουντούκι Κακάο Χωρίς Γλουτένη 35gr,1.37
2025-11-07,265121,Βοτανάκι Μίξη Βοτάνων Αδυνάτισμα 25gr,2.71
2025-11-07,265904,Twinings Τσάι Green Jasmine 10x1-8gr,4.09
2025-11-07,320152,Χρυσή Επιλογή Θυμαρίσιο Μέλι Κρήτης 400gr,6.33
2025-11-07,262297,Lavazza Espresso Κάψουλες Caramel 10τεμ,4.49
2025-11-07,320136,Aroma Melissas Μέλι Πεύκο Βελανίδια Άγρια Βότανα 900gr,9.34
2025-11-07,323025,Sisinni Κρέμα Κακάο Με 23% Πρωτεΐνη Χωρίς Γλουτένη 320gr,4.40
2025-11-07,265295,Yogi Τσάι Bio Calming Relax 30-6gr,3.89
2025-11-07,322489,My Gusto Ταχίνι Βιολογικό Γυάλινο Βάζο 300gr,3.66
2025-11-07,321027,Rigoni Μαρμελάδα Βερίκοκο Βιολογική 250gr,3.61
2025-11-07,321775,Εκλεκτές Γεύσεις Μαρμελάδα Ροδάκινο 300gr,2.88
2025-11-07,261302,Brazita Κάψουλες Espresso Ristretto 10τεμ 52gr,3.71
2025-11-07,320158,Mέλι Καλαβρύτων Μέλι Δάσους 930gr,12.38
2025-11-07,262296,Lavazza Espresso Κάψουλες Qualita Oro 30τεμ,12.54
2025-11-07,272502,Fytro Πίτυρο Βρώμης 500gr,3.41
2025-11-07,320159,Μέλι Καλαβρύτων Θυμαρίσιο & Άγρια Βότανα 930gr,14.30
2025-11-07,261289,Nescafe Mocha 8sac 136gr 8τεμ,3.49
2025-11-07,262299,Jacobs Kronung Καφές Φίλτρου Intense 250gr,6.98
2025-11-07,323028,Pami Real & Honest Αλειμμα Με Φουντούκι & Πρωτεΐνη 300gr,5.18
2025-11-07,323027,Kiss The Earth Φυστικοβούτυρο Τραγανό Με Αράπικο Φυστίκι & Ζάχαρη Καρύδας 300gr,4.94
2025-11-07,265928,Thamma Ritual Green Tea Organic 12 Φακελάκια 18gr,3.88
2025-11-07,261197,DOUWE EGBERTS Espresso Brazil 95gr,8.28
2025-11-07,262212,Bombus Μπάρα Πρωτεΐνης Raw Σοκολάτα Φουντούκι 50gr,1.86
2025-11-07,262019,Lavazza Κάψουλες Espresso Crema 57gr 10τεμ,4.26
2025-11-07,261304,Starbucks Latte Hazelnut Κάψουλες 12τεμ 123gr,5.98
2025-11-07,261298,Jacobs Κάψουλες Espresso Origins Quatem 18τεμ 93gr,7.55
2025-11-07,321021,Saint Amour Μαρμελάδα Κόκκινα Φρούτα 275gr,2.99
2025-11-07,262279,Starbucks Coffee Nut Latte Mix 4τεμ 92gr,3.29
2025-11-07,273431,Taste Of Nature Μπάρα Μαύρη Σοκολάτα & Καραμελ. Φυστίκια Χωρίς Γλουτένη Bio 40gr,1.96
2025-11-07,323029,Pami Real & Honest Ταχίνι Με Κακάο & Πρωτεΐνη 250gr,4.31
2025-11-07,320203,My Gusto Μέλι Ανθέων Κωνοφόρων & Θυμάρι 450gr,5.27
2025-11-07,262555,My Gusto Καφές Espresso Classic 1kg,19.18
2025-11-07,320161,Δανάη Μέλι Ελληνικό 480gr,4.27
2025-11-07,321028,Saint Amour Μαρμελάδα Φράουλα 275gr,2.99
2025-11-07,261070,Segafredo Espresso Κάψουλες Ristretto 10τεμ 51gr,4.54
2025-11-07,273097,Proteinella Επάλειμμα Φουντουκιού Με Κακάο & Πρωτεΐνης 200gr,4.99
2025-11-07,265057,Taylors Τσάι Πράσινο Τζασμιν 20 Φύλλων 40gr,4.49
2025-11-07,273089,Pulsin Μπάρα Πρωτεΐνης Κομμάτια Σοκολάτας Φιστίκι Χωρίς Γλουτένη 50gr,2.15
2025-11-07,262517,My Gusto Μερίδες Espresso 18τεμ,6.43
2025-11-07,262111,Lavazza Καφές Qual Rossa Αλεσμένος Μεταλλικό Κουτί 250gr,6.82
2025-11-07,322226,Παραδοσιακό Ταχίνι Θεσσαλονίκης 900gr,8.94
2025-11-07,272161,Fit Zen Flap Jack Μπάρα Βρώμ. Σοκ. 120gr,1.97
2025-11-07,272169,Schar Νιφάδες Καλαμποκιού Χωρίς Γλουτένη 250g,2.94
2025-11-07,343060,Παστέλειον Μπάρα Παιδική Μπανάνα 18+ Bio (5Χ25g) 125g,5.49
2025-11-07,261227,Nescafe Gold Iced Latte Caramel 101gr 7 Φάκελοι,3.49
2025-11-07,323943,Kiss The Earth Φυστικοβούτυρο Κακάο Αλάτι 300gr,4.97
2025-11-07,321335,Μακεδονική Μαρμελάδα Φράουλα 680gr,5.59
2025-11-07,323938,Βιοαγρός Αμυγδαλοβούτυρο Ολικής Χωρίς Αλάτι 250gr,9.42
2025-11-07,273483,Fitness Granola Cranberries & Seeds Cerbag 300g,3.98
2025-11-07,320323,Ελληνικό Μέλι Με Κόκκινο Σαφράν 720gr,8.17
2025-11-07,236480,Cereously Organic Δημητριάκα Χαρουπάλευρο Αμύγδαλά Bio 350gr,4.70
2025-11-07,265166,Twinings Lady Grey Tea 25 Φακελάκια,6.49
2025-11-07,265056,Taylors Τσάι Λεμόνι & Τζίντζερ 20 Φύλλων 40gr,5.09
2025-11-07,261225,Nescafe Gold Iced Cappuccino 108gr 7 Φακέλοι,3.49
2025-11-07,321199,Evlogia Άλειμμα Φράουλα Μπισκότο 280gr,3.37
2025-11-07,321142,Γεωδή Μαρμελάδα Σύκο Bio 225gr,3.92
2025-11-07,266201,Συνεργασία Δίκταμο 30gr,2.28
2025-11-07,323139,Νutella Πραλίνα Plant Baseb 350gr,5.49
2025-11-07,272559,Nestle Corn Flakes Δημητριακά Χωρίς Γλουτένη 375g,3.35
2025-11-07,273098,Proteinella Επάλειμμα Αλατισμένη Καραμέλα Με Πρωτεΐνης 200gr,4.99
2025-11-07,272628,Brothers Μπάρα Με Μήλο & Κανέλα Raw 60gr,2.10
2025-11-07,262758,Coffeeway City Blend Καφές Φίλτρου 450gr,11.89
2025-11-07,236489,Βιοαγρός Νιφάδες Σίκαλης Βιολογικές 500gr,1.81
2025-11-07,266202,Συνεργασία Φασκόμηλο 30gr,2.06
2025-11-07,262258,L'or Καφές Espresso Maranello 450gr,11.61
2025-11-07,261198,12Gods Τσάι Βοτάνων Σε Κάψουλες Zeus 10τεμ 15gr,4.62
2025-11-07,272625,Bombus Μπάρα Raw Πρωτείνης 30% Επικάλυψη Σοκολάτα Φυστίκι Κακάο 50gr,1.86
2025-11-07,272627,Bombus Μπάρα Raw Πρωτείνης 30% Επικάλυψη Σοκολάτα Κακάο Καρύδα 50gr,1.86
2025-11-07,262039,Dimello Καφές Φίλτρου Brazil Αλεσμένος 250gr,6.86
2025-11-07,265168,Σαλέπι Όλυμπος Με Μαστίχα Χίου 156gr,5.92
2025-11-07,265148,Lipton Tin Box Βανίλια Καραμέλα Σετ 24x2,4.86
2025-11-07,262213,Bombus Μπάρα Πρωτεΐνης Raw Σοκολάτα Καραμέλα 50gr,1.86
2025-11-07,323059,Βιοαγρός Φυστικοβούτυρο Bio Ολικής Χωρίς Αλάτι 250gr,4.76
2025-11-07,272630,Brothers Brownie Raw Μπάρα 60gr,2.10
2025-11-07,262568,Coffeeway Καφές Φίλτρου Christmas Spirit 200gr,6.90
2025-11-07,236479,Cereously Organic Δημητριακά Κανέλα Bio 350gr,4.70
2025-11-07,320987,Σιθών Μέλι Με Θυμάρι 450gr,8.23
2025-11-07,261299,Jacobs Στιγμιαίος Καφές Decaf 100gr,6.99
2025-11-07,320157,Μέλι Καλαβρύτων Βελανιδιάς 930gr,12.94
2025-11-07,273666,Flap Jack Bio Μπάρα Βρώμης Σοκολάτα Χωρίς Γλουτένη 60gr,1.44
2025-11-07,273665,Flap Jack Bio Μπάρα Βρώμης Μπανάνα Χωρίς Γλουτένη 60gr,1.44
2025-11-07,272162,Fit Zen Flap Jack Μπάρα Βρώμης Με Επικάλυψη Γιαούρτι 120gr,1.97
2025-11-07,272562,Moovet Μπάρες Πρωτεΐνης Crunch 30% Banoffee 65gr,2.49
2025-11-07,320162,Flora Μέλι Άνθεων 1kg,6.45
2025-11-07,321022,Saint Amour Μαρμελάδα Βερύκοκο 275gr,2.99
2025-11-07,261190,12Gods Τσάι Βοτάνων Σε Κάψουλες Aphrodite 10τεμ 19gr,4.62
2025-11-07,273280,Pandy Bar Protein Creamy Milk 35gr,2.49
2025-11-07,272626,Bombus Μπάρα Raw Πρωτείνης 30% Επικάλυψη Σοκολάτα Βανίλια Crispies 50gr,1.86
2025-11-07,273090,Taste Of Nature Μπάρα Με Καρύδια Βραζιλίας Χωρίς Γλουτένη 40gr,1.78
2025-11-07,262536,My Gusto Καφές Φίλτρου Premium 250gr,5.93
2025-11-07,321638,Spin Span Μαρμελάδα Φράουλα 100% 280gr,4.80
2025-11-07,320012,Φίνο Ελληνικό Μέλι Δάσους 455gr,6.46
2025-11-07,273486,Corny Μπάρα Cinnamon Rolls 6x23gr,3.26
2025-11-07,272564,Moovet Mπάρες Πρωτεΐνης Crunch 30% Biscot Caramel 65gr,2.49
2025-11-07,272565,Mooveat Mπάρες Πρωτεΐνης Crunch 30% Strawberry Snap 65gr,2.49
2025-11-07,272166,Vitabella Τραγανοί Κόκκοι Ρυζιού Κακάο (Μπλε) Bio Χωρίς Γλουτένη 300gr,4.83
2025-11-07,265219,Sonnentor Τσάι Πράσινο Κινέζικο Bio 100gr,5.31
2025-11-07,321141,Γεωδή Μαρμελάδα Φράουλα Bio 225gr,4.47
2025-11-07,273465,Mars Protein Μπάρα 57gr,3.98
2025-11-07,261192,12Gods Τσάι Βοτάνων Σε Κάψουλες Minthi 10τεμ 18gr,4.62
2025-11-07,321100,Fiora Μέλι Άνθεων Βουλγαρίας 900gr,5.60
2025-11-07,273279,Pandy Bar Protein Caramel Mε Sea Salt 35gr,2.49
2025-11-07,272631,Brothers Raw Μπάρα Πρωτεΐνης 60gr,2.50
2025-11-07,273091,Taste Of Nature Μπάρα Bio Με Κράνμπερις Χωρίς Γλουτένη 40gr,1.91
2025-11-07,273003,Corny Chocolate Bar 50gr,0.99
2025-11-07,338333,Kit Kat Tablet Hazelnut 99gr,2.38
2025-11-07,338334,Kit Kat Tablet Double Chocolate 99gr,2.38
2025-11-07,338332,Kit Kat Tablet Salted Caramel 99gr,2.38
2025-11-07,306005,My Gusto Κρουασάν Κακάο 70gr,0.32
2025-11-07,301079,Παπαδοπούλου Ψωμί Τοστ Γεύση2 Σταρένιο 700gr,1.47
2025-11-07,301207,Κατσέλης Ψωμί Τοστ Σταρένιο Κανονικές Φέτες 720gr,1.47
2025-11-07,301520,Καραμολέγκος Ψωμί Τοστ Ψίχα Σταρένιο 480gr,1.55
2025-11-07,306007,My Gusto Κρουασάν Βερίκοκο 70gr,0.32
2025-11-07,333027,Παπαδοπούλου Μπισκότα Πτι Μπερ 225gr,1.09
2025-11-07,306046,Champion Κρουασάν Με Γέμιση Πραλίνα 70gr,1.96
2025-11-07,336001,ΙΟΝ Σοκοφρέτα Γάλακτος 38gr,0.48
2025-11-07,336232,ΙΟΝ Σοκοφρέτα Οικογενειακή Συσκευασία 4x38gr,1.76
2025-11-07,306544,Champion Κρουασάν Πραλίνα Φουντουκοιύ 70gr,0.50
2025-11-07,301102,Καραμολέγκος Φόρμα Τοστ Σταρένιο 680gr,1.48
2025-11-07,302487,Elite Φρυγανιές Σίτου Οικογενειακή Συσκευασία 500gr,1.95
2025-11-07,301209,Κατσέλης Παραδοσιακό Ψωμί Τοστ Ολικής Άλεσης Κανονικές Φέτες 720gr,1.79
2025-11-07,280155,El Sabor Wraps Τορτίγια 25cm 6τεμ 370gr,2.28
2025-11-07,306006,My Gusto Κρουασάν Κεράσι 70gr,0.32
2025-11-07,280153,El Sabor Wraps Τορτίγια 20cm 8τεμ 320gr,2.08
2025-11-07,336002,ΙΟΝ Σοκοφρέτα Φουντουκιού 38gr,0.48
2025-11-07,301682,Κρις Κρις Ψωμί Τοστ Σταρένιο 700gr,1.42
2025-11-07,336234,ΙΟΝ Σοκολάτα Φουντουκιού 4x38gr,1.68
2025-11-07,351005,My Gusto Ψωμί Τοστ Σταρένιο 680gr,1.30
2025-11-07,302141,My Gusto Φρυγανιές Σταρένιες 4x125gr,1.30
2025-11-07,336079,Amaretti Γκοφρέτα Με Κρέμα Κακάο 3x68gr,1.81
2025-11-07,336111,Amaretti Γκοφρέτα 68gr,0.64
2025-11-07,333324,Παπαδοπούλου Γεμιστά Κρέμα Κακάο 3x200gr Πολυσυσκευασία,3.53
2025-11-07,303445,Παπαδοπούλου Χωριανό Φέτες Ολικής Άλεσης Με Dinkel 700gr,2.00
2025-11-07,333004,Παπαδοπούλου Μπισκότα Γεμιστά Με Γεύση Σοκολάτα 200gr,1.29
2025-11-07,301522,Καραμολέγκος Ψωμί Τοστ Ψίχα Σικάλεως 480gr,1.55
2025-11-07,332134,Tasty Snack Φουντούνια 90gr,0.99
2025-11-07,280136,Alfa Τορτίγια Κλασσική 6τεμ 370gr,1.70
2025-11-07,302504,Παπαδοπούλου Krispies Χωρίς Ζάχαρη 200gr,1.60
2025-11-07,337322,KitKat Γκοφρέτα Με Σοκολάτα Γάλακτος 41.5g,0.98
2025-11-07,302142,My Kouzina Φρυγανιά Τριμμένη Σίτου Με Σίκαλη 180gr,0.76
2025-11-07,306097,Molto Κρουασαν Πραλίνα Φουντουκιού 4χ98gr,4.15
2025-11-07,306055,Molto Κρουασάν Πραλίνα 98gr,1.28
2025-11-07,350274,Παπαδοπούλου Μπισκότα Πολυδημητριακά Σοκολάτα 160gr,1.86
2025-11-07,336620,My Gusto Γκοφρέτα Με Σοκολάτα Γάλακτος 33gr,0.39
2025-11-07,333233,Παπαδοπούλου Caprice Μίνι 115gr,1.63
2025-11-07,333234,Παπαδοπούλου Caprice Classic Mini 2x115gr,3.26
2025-11-07,300080,Κατσέλης Διπλοζυμωτό Σταρένιο Προζυμένιο Σε Φέτες 500gr,1.68
2025-11-07,336211,Παυλίδης Γκοφρέτα Υγείας 3x34gr,1.93
2025-11-07,302225,Καραμολέγκος Ψωμί Τοστ Με Σίκαλη Ολικής Άλεσης 680gr,1.79
2025-11-07,301690,Καραμολέγκος Αξιαγάπιτες Σουβλακόπιτες Με Αλεύρι Καλαμποκιού 10τεμ 820gr,1.61
2025-11-07,337325,KitKat 4 Finger Γκοφρέτα Με Σοκολάτα Γάλακτος 3x41.5g,2.65
2025-11-07,336600,Παυλίδης Γκοφρέτα Υγείας 34gr,0.68
2025-11-07,331507,Cheetos Πακοτίνια Τυρί 125gr,1.48
2025-11-07,303063,Το Μάννα Παξιμάδι Λαδιού Mini Κυθήρων 400gr,3.73
2025-11-07,331406,Lay's στο Φούρνο Θαλασσινό Αλάτι 105gr,1.85
2025-11-07,303566,Καραμολέγκος Ζέας Ψωμί Για Τόστ 500gr,2.35
2025-11-07,331821,Jumbo Γαριδάρες Χωρίς Γλουτένη 85gr,0.98
2025-11-07,332136,Ruffles Πατατάκια Αλάτι 140gr,1.56
2025-11-07,302238,Κρις Κρις Selection The Brioche Toast 350gr,1.34
2025-11-07,304505,My Gusto Τσουρεκάκι 80gr,0.64
2025-11-07,274000,Agrino Mini Ρυζογκοφρέτες Pizza 50gr,1.04
2025-11-07,333031,Παπαδοπούλου Μπισκότα Σοκολάτα Γάλακτος Πτι Μπερ 2x200gr,3.50
2025-11-07,333030,Παπαδοπούλου Μπισκότα Σοκολάτα Γάλακτος Πτι Μπερ 200gr,1.79
2025-11-07,331886,Jumbo Chips Αλάτι Κυματιστά 280gr,2.53
2025-11-07,300020,Βοσινάκη Φουρνίσματα Σταρένιο 500gr,1.70
2025-11-07,274001,Agrino Mini Ρυζογκοφρέτες Ρίγανη 50gr,1.04
2025-11-07,333607,Oreo Μπισκότα Βανίλια 154gr,1.00
2025-11-07,337013,ΙΟΝ Σοκολάτα Αμυγδάλου 100gr,2.45
2025-11-07,301103,Καραμολέγκος Αξιαγάπιτες Αραβικές Μεγάλες 6τεμ 500gr,1.34
2025-11-07,333429,Παπαδοπούλου Digestive Μπισκότα Χωρίς Ζάχαρη 2x250gr,3.61
2025-11-07,301081,Παπαδοπούλου Ψωμί Φέτες Χωριανό Πολύσπορο 540gr,1.92
2025-11-07,336680,My Gusto Γκοφρέτα Με Σοκολάτα 33γρ,0.37
2025-11-07,350228,Παπαδοπούλου Μπισκότα Digestive Ολικής Άλεσης Χωρίς Ζάχαρη 250gr,1.94
2025-11-07,301818,Παπαδοπούλου Ψωμί Γερμανικού Τύπου Πολύσπορο 500gr,2.35
2025-11-07,333060,Παπαδοπούλου Caprice Classic 400gr,3.99
2025-11-07,301295,Παπαδοπούλου Ψωμί Τοστ Γεύση2 Ολικής Άλεσης & Σίκαλης 700gr,1.56
2025-11-07,274006,Agrino Mini Ρυζογκοφρέτες Τυρί 50gr,1.04
2025-11-07,301281,Κρις Κρις Selection Ψωμάκια The Soft Brioche Sandwich 342gr,2.45
2025-11-07,302243,"7" Days Bake Rolls Mini Pizza 150gr,1.65
2025-11-07,302273,Παπαδοπούλου Γεύση2 Ψωμί Τοστ Σταρένιο 325gr,0.85
2025-11-07,274166,Agrino Ρυζογκοφρέτες Με Ρίγανη 110gr,1.68
2025-11-07,337032,ΙΟΝ Derby Σοκολάτα Ν.9000,0.69
2025-11-07,302484,Elite Φρυγανιές Σίκαλης Οικογενειακή Συσκευασία 360gr,2.08
2025-11-07,331600,Extra Τυρογαριδάκια 85gr,0.96
2025-11-07,303155,Καραμολέγκος Ψωμί Τοστ Σταρένιο Μισό Μισό 720gr,1.63
2025-11-07,331808,Pop-O-Top's Classic Χωρίς Γλουτένη 85gr,0.98
2025-11-07,350014,Παπαδοπούλου Digestive Μπισκότα Μαύρη Σοκολάτα 2x200gr,3.62
2025-11-07,337947,ION Derby 3x38gr,1.97
2025-11-07,350002,Παπαδοπούλου Μπισκότα Digestive Μαύρη Σοκολάτα 200gr,2.05
2025-11-07,300137,Βοσινάκη Φουρνίσματα Χωριάτικο 500gr,1.74
2025-11-07,333442,Παπαδοπούλου Μιράντα Μπισκότα 30% Λιγότερη Ζάχαρη 2x250gr,2.97
2025-11-07,331407,Lay's Στο Φούρνο BBQ 105gr,1.67
2025-11-07,331625,Παπαδοπούλου Μπισκότα Μιράντα 30% Λιγότερη Ζάχαρη 250gr,1.44
2025-11-07,337634,Ferrero Kinder Bueno 5τεμ 43gr,3.50
2025-11-07,301451,Καραμολέγκος Πίτες Αξιαγάπιτες Μεγάλες 10τεμ 820gr,2.15
2025-11-07,301998,My Gusto Ψωμί Τοστ Με Σίκαλη 340gr,0.71
2025-11-07,337604,Ferrero Kinder Bueno 43gr,1.09
2025-11-07,301935,Καραμολέγκος Ψωμί Τοστ Πολύσπορο Ολικής Άλεσης 340gr,1.51
2025-11-07,306113,7 Days Κρουασάν Κακάο 3Χ70gr,1.51
2025-11-07,306112,7 Days Κρουασάν Πραλίνα Φουντούκι 3x70gr,1.51
2025-11-07,333200,Παπαδοπούλου Πτι Μπερ Μπισκότα Χωρίς Ζάχαρη 225γρ,1.47
2025-11-07,306104,7 Days Κρουασάν Κρέμα Κακάο 70gr,0.67
2025-11-07,333596,Παπαδοπούλου Mini Cookies Με Κομμάτια Μαύρης Σοκολάτας 70gr,0.78
2025-11-07,306103,7 Days Κρουασάν Πραλίνα Φουντουκιού 70gr,0.67
2025-11-07,351001,My Gusto Σταρένια Ψωμάκια Sandwich 480gr,1.42
2025-11-07,302325,Παπαδοπούλου Φρυγανιές Χωριάτικες Ολικής Αλέσεως 240gr,2.30
2025-11-07,301453,Καραμολέγκος Αξιαγάπιτες Πίτες Κυπριακές 5τεμ 400gr,1.41
2025-11-07,302902,Wasa Φρυγανιές Ολικής Άλεσης 260gr,2.30
2025-11-07,305173,Βιολάντα Μπισκότα Βρώμης Χωρίς Ζάχαρη Με Σοκολάτα 200gr,2.04
2025-11-07,303276,My Gusto Παξιμάδια Λαδιού Τύπου Κυθήρων 400gr,2.15
2025-11-07,333422,Αλλατίνη Goody Μπισκότα Κανέλα Οικογενειακή Συσκευασία 3x185gr,3.29
2025-11-07,336235,ΙΟΝ Σοκοφρέτα Υγείας 4x38gr,1.68
2025-11-07,336007,ΙΟΝ Σοκοφρέτα Υγείας 38gr,0.48
2025-11-07,300021,Βοσινάκη Φουρνίσματα Ολικής Άλεσης 500gr,1.60
2025-11-07,333481,Αλλατίνη Goody Κανέλα 185gr,1.24
2025-11-07,332216,Ruffles BBq Κυματιστά 120gr,1.54
2025-11-07,337617,Ferrero Kinder Σοκολάτα 200gr 16τεμ,3.60
2025-11-07,302250,"7" Days Bake Rolls Αλάτι 150gr,1.65
2025-11-07,300081,Κατσέλης Διπλοζυμωτό Ολικής Σε Φέτες 500gr,1.72
2025-11-07,334060,Παπαδοπούλου Digestive 2x250gr,2.92
2025-11-07,338144,Νανούρης Τσουρέκι Πολίτικο 480gr,2.59
2025-11-07,331692,Chipita Chips Αλάτι 45gr,0.55
2025-11-07,337602,Ferrero Σοκολάτα Kinder Bars 8τεμ 100gr,1.92
2025-11-07,339144,Halls Honey-Lemon 32gr,0.81
2025-11-07,332060,Παπαδοπούλου Cream Crackers Χωρίς Ζάχαρη 165gr,1.45
2025-11-07,303278,My Gusto Κριτσίνια Ολικής Άλεσης Σουσάμι 250gr,1.38
2025-11-07,333522,Παπαδοπούλου Μπισκότα Μιράντα 250gr,1.31
2025-11-07,333567,Παπαδοπούλου Μπισκότα Digestive 250gr,1.60
2025-11-07,302506,Krispies Παξιμάδια Με Χαρούπι 200gr,1.60
2025-11-07,280137,Alfa Τορτίγια Πολύσπορες 6τεμ 370gr,1.79
2025-11-07,333340,Παπαδοπούλου Μπισκότα Γεμιστά Με Σοκολάτα 58gr (4τεμ),2.11
2025-11-07,306130,Panini Cinnamon Roll Με Γέμιση Βανίλια 100gr,0.77
2025-11-07,333305,Παπαδόπουλου Μπισκότα Γεμιστά Με Σοκολάτα 58gr,0.62
2025-11-07,306115,7 Days Κρουασάν Βερίκοκο 3Χ70gr,1.51
2025-11-07,301101,Καραμολέγκος Μίνι Τοστ Σταρένιο 340gr,1.03
2025-11-07,331446,My Gusto Γαριδάκια Με Τυρί 85gr,0.67
2025-11-07,306106,7 Days Κρουασάν Βερίκοκο 70gr,0.67
2025-11-07,300008,Bakehellas Ψωμί Παραδοσιακό Σουσαμένιο Ψημένο Κατεψυγμένο 350gr,0.95
2025-11-07,334057,Lotus Μπισκότα Biscoff 125gr,1.31
2025-11-07,331470,Jumbo Crunchy Chips Χωρίς Αλάτι & Χωρίς Γλουτένη 140gr,1.59
2025-11-07,351000,My Gusto Σταρένια Ψωμάκια Hamburger 480gr,1.42
2025-11-07,306405,Οικογένεια Στεργίου Τσουρέκι Μαστίχας 380gr,2.52
2025-11-07,302140,My Gusto Φρυγανιές Με Σίκαλη 4x360gr,1.24
2025-11-07,332130,Tasty Pitsinia 100gr,1.42
2025-11-07,302490,Το Μάννα Παξιμάδι Τύπου Κυθήρων 400gr,3.50
2025-11-07,331691,Chipita Chips Ρίγανη 45gr,0.55
2025-11-07,337629,Ferrero Kinder Εκπληξη Σοκολατένιο Αυγό 3τεμ,3.99
2025-11-07,157489,Οικογένεια Στεργίου Κέικ Ανάμικτο 80gr,1.10
2025-11-07,306402,Οικογένεια Στεργίου Κρουασάν Βουτύρου 260gr,2.32
2025-11-07,303277,My Gusto Κριτσίνια Με Σουσάμι 250gr,1.38
2025-11-07,303225,My Gusto Παξιμάδι Με Χαρούπι 350gr,1.95
2025-11-07,332213,Doritos Nacho XL Pack 180gr,1.96
2025-11-07,331844,My Gusto Chips Με Αλάτι 300gr,1.99
2025-11-07,280046,Αξιαγάπιτες Τορτίγιες Μεγάλες Ολικής Άλεσης 6x375gr,1.84
2025-11-07,302410,Παπαδοπούλου Φρυγανιές Χωριάτικες Με 6 Δημητριακά 240gr,2.30
2025-11-07,332194,Lay's 50% Με Λιγότερο Αλάτι 120gr,1.98
2025-11-07,337936,ΙΟΝ Σοκολάτα Γάλακτος Με Αμύγδαλο 3x70gr,5.44
2025-11-07,303672,My Gusto Κριτσίνια Με Ηλιόσπορο 400gr,1.67
2025-11-07,331574,Cheetos Δρακουλίνια 100gr,1.48
2025-11-07,274508,Agrino Ρυζογκοφρέτες Με Μαύρη Σοκολάτα Χωρίς Γλουτένη 60gr,2.07
2025-11-07,303568,Καραμολέγκος High Protein Ολικής Άλεσης Ψωμί Του Τόστ 500gr,1.95
2025-11-07,337002,ΙΟΝ Σοκολάτα Γάλακτος 100gr,2.40
2025-11-07,331850,My Gusto Chips Με Ρίγανη 300gr,1.99
2025-11-07,337932,ΙΟΝ Σοκολάτα Γάλακτος 3x100gr,6.72
2025-11-07,274502,Agrino Καλαμπογκοφρέτες 120gr,1.33
2025-11-07,337605,Ferrero Kinder Εκπληξη Σοκολατένο Αυγό 20gr,1.40
2025-11-07,332110,Αλλατίνη 2001 Αλμυρά 40gr,0.60
2025-11-07,336006,ΙΟΝ Σοκοφρέτα Mini 210gr,3.20
2025-11-07,337012,ΙΟΝ Σοκολάτα Αμυγδάλου 70gr,1.94
2025-11-07,331888,Jumbo Chips Barbeque Κυματιστά 280gr,2.53
2025-11-07,337304,Crunch Σοκολάτα Γάλακτος Χωρίς Γλουτένη 100gr,2.17
2025-11-07,304840,Οικογένεια Στεργίου Κέικ Ανάμικτο 400gr,3.75
2025-11-07,331499,Lay's Φούρνου Γιαούρτι & Μυρωδικά 105gr,1.67
2025-11-07,331469,Cheetos Lotto 90gr,1.48
2025-11-07,301452,Καραμολέγκος Αξιαγάπiτες Πίτες Για Σουβλάκι Μικρές 10τεμ 450gr,1.90
2025-11-07,301707,Κατσέλης Ψωμί Τοστ Παραδοσιακό Πολύσπορο 500gr,1.92
2025-11-07,333320,Kings Soft Cookie Triple Chocolate Chunks 160gr,1.50
2025-11-07,333318,Kings Soft Cookie Chocolate Chunks 160gr,1.50
2025-11-07,339139,Halls Original Xωρίς Ζάχαρη Καραμέλα Κεράσι 32gr,0.81
2025-11-07,332081,Lay's Αλάτι 210gr,1.90
2025-11-07,303275,My Gusto Παξιμάδια Κρίθινα 400gr,1.75
2025-11-07,332080,Lay's Ρίγανη 210gr,1.90
2025-11-07,337235,Maltesers Σοκολάτακια Γεμιστά 37gr,1.22
2025-11-07,280117,El Sabor Wraps Πίτες Tortillas 25cm 4x245gr,1.58
2025-11-07,333421,Αλλατίνη Goody Μπισκότα Βουτύρου Οικογενειακή Συσκευασία 3x175gr,3.89
2025-11-07,303444,Παπαδοπούλου Ψωμί Γερμανικού Τύπου Ολικής Άλεσης 500gr,2.44
2025-11-07,340123,Trident Senses Κανέλα & Μέντα 27gr,1.19
2025-11-07,304325,My Gusto Μηλόπιτα 80gr,0.68
2025-11-07,301824,Μπαγκέτα Λευκή Ψημένη Κατεψυγμένη 250gr,0.88
2025-11-07,337311,Crunch Λευκή Σοκολάτα Χωρίς Γλουτένη 100gr,2.17
2025-11-07,302462,Παπαδοπούλου Κριτσίνια Μακεδονικά Ολικής Άλεσης 200gr,1.94
2025-11-07,651512,Παπαδοπούλου Φέτες Χωριανό Ολικής Αλέσεως Με Σίκαλη 500gr,1.80
2025-11-07,331939,Jumbo Country Chips Πιπέρι Χωρίς Γλουτένη 150gr,1.81
2025-11-07,339084,Tsakiris Chips Με Αλάτι 140gr,1.76
2025-11-07,336226,ΙΟΝ Γκοφρέτα Με Κρέμα & Βανίλια 28gr,0.27
2025-11-07,302928,Tipiak Κρουτόν Για Σαλάτα Caesar 50gr,0.97
2025-11-07,333131,Αλλατίνη Goody Μπισκότα Βουτύρου 175gr,1.40
2025-11-07,337922,Παυλίδης Σοκολάτα Υγείας Πορτοκάλι 2x100gr,3.84
2025-11-07,331799,My Gusto Chips Με Αλάτι 120gr,0.99
2025-11-07,343218,Χαίτογλου Μακεδονικό Παστέλι Σησαμιού 100gr,0.74
2025-11-07,306557,Champion Κρουασάν Με Διπλή Γέμιση Κρέμα Κακάο 100gr,0.71
2025-11-07,306051,Champion Κρουασάν Με Μιλφέιγ 70gr,0.50
2025-11-07,337444,Παυλίδης Σοκολάτα Υγείας Πορτοκάλι 100gr,2.17
2025-11-07,302493,Παπαδοπούλου Τοστ Ψίχα Σίτου 450gr,1.90
2025-11-07,331754,Lay's Τσιπς Ολικής Άλεσης Αλάτι 95gr,1.95
2025-11-07,333426,Παπαδοπούλου Cookies Μπισκότα Σοκολάτα & Κακάο 2x180gr,2.35
2025-11-07,302236,Κρις Κρις Selection The Classic Toast 700gr,1.72
2025-11-07,303280,My Gusto Κριτσίνια Με Σουσάμι 110gr,0.78
2025-11-07,305152,Tsanos Τσανάκια Σνακς Καρότο 60gr,0.84
2025-11-07,302382,Παπαδοπούλου Φρυγανιές Χωριάτικες Με Σουσάμι 240gr,2.30
2025-11-07,339140,Halls Original Καραμέλα Χωρίς Ζάχαρη 20τεμ 32g,0.81
2025-11-07,333036,Παπαδοπούλου Μπισκότα Cookies Με Διπλή Σοκολάτα 180gr,1.52
2025-11-07,330403,Popbuster Pop Corn Βουτύρου 100gr,0.80
2025-11-07,331285,Tsakiris Sticks Αλάτι 130gr,1.97
2025-11-07,332188,Ruffles Ρίγανη 140gr,1.56
2025-11-07,333246,Παπαδοπούλου Μπισκότα 2πλογεμιστά Με Σοκολάτα 230gr (2+1 Δώρο),2.64
2025-11-07,302501,Παπαδοπούλου Krispies Παξιμαδια Σιτου 200gr,1.60
2025-11-07,337923,Παυλίδης Σοκολάτα Υγείας 4x30gr,2.78
2025-11-07,301665,Κρις Κρις Φέτες Ζωής Ψωμί Τοστ Ολικής Άλεσης 500gr,1.88
2025-11-07,303499,Κατσέλης Ψωμί Γερμανικό Πολύσπορο Σίκαλης & Βρώμης 500gr,2.34
2025-11-07,331715,Chipita Chips Ρίγανη 80gr,0.96
2025-11-07,331889,Fofico Σνακ Καλαμπόκι- Φιστίκι- Φουντούκι Χωρίς Γλουτένη 100gr,0.98
2025-11-07,337365,KitKat Mini Γκοφρέτα Με Σοκολάτα Γάλακτος 200g,4.18
2025-11-07,322129,Μακεδονικός Χαλβάς Με Σοκολάτα 16x40gr,15.20
2025-11-07,350210,Παπαδοπούλου Ολικής Αλέσεως Μαύρη Σοκολάτα Πτι Μπερ 200gr,1.99
2025-11-07,332029,Παπαδοπούλου Cream Crackers Σίκαλης Ολικής Άλεσης 3x175gr,3.90
2025-11-07,350272,Παπαδοπούλου Μπισκότα Πολυδημητριακά Κακάο Χωρίς Ζάχαρη 175gr,1.98
2025-11-07,343704,Jannis Παστέλι με Σουσάμι & Μέλι 30gr,0.59
2025-11-07,306120,"7 Days" Κρουασάν Με Κομμάτια Σοκολάτας 70gr,0.67
2025-11-07,301000,Χασιώτη Πίτες Για Σουβλάκι Με Προζύμι 10τεμ 780gr,2.95
2025-11-07,337425,ΙΟΝ Σοκολάτα Αμυγδάλου Με Στέβια 60gr,1.76
2025-11-07,303333,Κρις Κρις Selection Ψωμάκια The Big Brioche Burger 360gr,2.45
2025-11-07,331449,My Gusto Μπαλίτσες Καλαμποκιού 90gr,0.67
2025-11-07,337427,Παυλίδης Σοκολάτα Υγείας 30gr,1.11
2025-11-07,332133,Tasty Crunchy Max 100gr,1.49
2025-11-07,302202,Κρις Κρις Selection The Brown Toast Ψωμι Τοστ Ολικής Άλεσης 720gr,1.90
2025-11-07,336609,Ferrero Kinder Cards 128gr,2.92
2025-11-07,306065,"7" Days Mini Κρουασάν Μιλφέιγ 103gr,1.35
2025-11-07,280045,Καραμολέγκος Αξιαγάπιτες Τορτίγιες Μεγάλες 6τεμ 375gr,1.91
2025-11-07,338303,Crunch Snack Γκοφρέτα 30gr,0.58
2025-11-07,280063,Alfa Τορτίγια Ολικής 25cm 370gr,2.48
2025-11-07,337141,Kiss Σοκολάτα Γεμιστή Με Κρέμα Γάλα & Φράουλα 27-5gr,0.58
2025-11-07,300022,Καραμολέγκος Πρόζυμο Ψωμί Ορεινό 6/500gr,1.65
2025-11-07,333544,Mascot Μπισκότα Σοκολάτα Φράουλα 200gr,1.58
2025-11-07,302002,Elite Φρυγανιές Σταρένιες 250gr,1.45
2025-11-07,302274,Παπαδοπούλου Γεύση 2 Ψωμί Τοστ Ολικής Άλεσης 325gr,1.08
2025-11-07,304369,Οικογένεια Στεργίου Κέικ Πορτοκάλι 80gr,1.10
2025-11-07,333440,Παπαδοπούλου Mascot Μπισκότα Σοκολάτα Φράουλα 2x200gr,2.77
2025-11-07,302344,Elite Κρουτόν Με Μυρωδικά 75gr,0.99
2025-11-07,337925,Kiss Σοκολάτα Φράουλα 27-5gr 4τεμ,2.30
2025-11-07,332018,Παπαδοπούλου Pick Batonettes 45gr,0.75
2025-11-07,332001,Παπαδοπούλου Cream Crackers Σίτου 140gr,1.47
2025-11-07,302486,Elite Vita Φρυγανιές Ολικής Άλεσης Οικογενειακή Συσκευασία 360gr,1.80
2025-11-07,337735,KitKat Γκοφρέτα White 41-5gr,1.05
2025-11-07,301819,Παπαδοπούλου Ψωμί Γερμανικού Τύπου Σίκαλη 500gr,2.35
2025-11-07,302011,Elite Τρίμμα Φρυγανιάς Σίτου Με Σίκαλη 180gr,0.90
2025-11-07,332214,Lay's Γεύση Αλάτι Ξίδι 120gr,1.95
2025-11-07,333006,Παπαδοπούλου Μπισκότα Γεμιστά Φράουλα 200gr,1.18
2025-11-07,333088,Παπαδοπούλου Μπισκότα 2πλο Γεμιστά Με Σοκολάτα 230gr,1.29
2025-11-07,332003,Παπαδοπούλου Cream Crackers Σίκαλης Ολικής Άλεσης 175gr,1.47
2025-11-07,332204,Lay's 0% Προσθήκη Αλατιού 120gr,1.98
2025-11-07,303324,Καραμολέγκος Ψωμάκια Σάντουιτς 480gr 6τεμ,2.32
2025-11-07,302503,Παπαδοπούλου Krispies Σουσάμι 200gr,1.60
2025-11-07,304149,Οικογένεια Στεργίου Pancakes Κλασσικά 280gr,3.36
2025-11-07,336225,ΙΟΝ Γκοφρέτα Με Κρέμα & Κακάο 28gr,0.27
2025-11-07,333020,Παπαδοπούλου Μπισκότα Γεμιστά Λεμόνι 200gr,1.18
2025-11-07,650704,Wasa Delicate Crackers Sea Salt 180gr,1.81
2025-11-07,334058,Αλλατίνη Cookie Με Κακάο & Κομμάτια Σοκολάτας Οικογενειακές Συσκευασίες 2x175gr,1.85
2025-11-07,337731,Twix Σοκολάτα Γεμιστή 50gr 3τεμ,2.89
2025-11-07,274170,Agrino Ρυζογκοφρέτες Κλασική 110gr,1.33
2025-11-07,332160,Elite Crackers Μεσογειακά Ντομάτα & Βασιλικός 105gr,1.55
2025-11-07,337200,Twix Σοκολάτα Γεμιστή 50gr,1.22
2025-11-07,273050,Fytro Ρυζογκοφρετάκια Χωρίς Γλουτένη Με Σοκολάτα Γάλακτος 60gr,1.82
2025-11-07,337424,ΙΟΝ Σοκολάτα Γάλακτος Με Στέβια 60gr,1.76
2025-11-07,333428,Παπαδοπούλου Πτι Μπερ Ολικής 2x225gr,2.34
2025-11-07,303279,My Gusto Κριτσίνια Ολικής Άλεσης Με Σουσάμι 110gr,0.78
2025-11-07,332257,Παπαδοπούλου Cream Crackers Σίκαλης Ολικής Άλεσης Fresh Packs 5x47gr,2.35
2025-11-07,337121,Παυλίδης Σοκολάτα Υγείας 100gr,2.89
2025-11-07,333108,Αλλατίνη Cookie Μπισκότα Κακάο & Κομμ. Σοκολάτας 175gr,1.09
2025-11-07,333588,Παπαδοπούλου Μπισκότα Πτι Μπερ Με Αλεύρι Ολικής Άλεσης 225gr,1.37
2025-11-07,306122,Breamore Κρουασάν Με Σοκολάτα 55gr,0.33
2025-11-07,337929,Παυλίδης Σοκολάτα Υγείας 2x100gr,5.48
2025-11-07,302903,Wasa Original Φρυγανιές 275gr,2.15
2025-11-07,303586,Elite Status Φρυγανιές Σίτου 125gr,1.82
2025-11-07,274200,My Gusto Ρυζογκοφρέτα Jumbo 200gr,1.57
2025-11-07,302455,Tsanos Κριτσίνια Φρεσκο Τυρί 120gr,1.58
2025-11-07,306164,Chipicao Κρουασάν Κακάο 60gr,0.67
2025-11-07,305598,Βιολάντα Μπισκότα Βρώμης Με Σοκολάτα 200gr,1.95
2025-11-07,332126,Tasty Poppers Ποπ Κορν Με Αλάτι 75gr,1.48
2025-11-07,332137,Ruffles Ketchup Κυματιστά Πατατάκια 120gr,1.54
2025-11-07,331596,Chipita Chips Αλάτι 80gr 1-00,0.96
2025-11-07,306003,7 Days Double Κακάο-Βανίλια 70gr,0.67
2025-11-07,300183,Κατσέλης Διπλοζυμωτό Ψωμί Σε Φέτες Χωριάτικο 500gr,1.60
2025-11-07,343924,Μελεκούνι Ρόδου 60gr,1.08
2025-11-07,333418,Αλλατίνη Πτι Μπερ Μπισκότα Κλασικά Οικογενειακή Συσκευασία 3x225gr,1.99
2025-11-07,306004,7 Days Double Κακάο & Βανίλια 3τεμ Οικονομική Συσκευασία 70gr,1.51
2025-11-07,332201,Lay's Με Γεύση Ριγάνη 140gr,1.95
2025-11-07,339070,Halls Καρπούζι Καραμέλες Μασούρι Χωρίς Ζάχαρη 32gr,0.81
2025-11-07,303306,Κουλούρι Θεσσαλονίκης Ψημένο Κατεψυγμένο 95gr,0.70
2025-11-07,350235,Παπαδοπούλου Μπισκότα Digestive Σοκολάτα Γάλακτος 200gr,2.03
2025-11-07,312020,Kuchen Βάφλες 165gr,2.54
2025-11-07,333250,Παπαδοπούλου Caprice Πραλίνα 250gr,2.97
2025-11-07,337003,ΙΟΝ Σοκολάτα Γάλακτος 70gr,1.94
2025-11-07,300030,Αρτόπουλος Αραβική Ολικής 270gr,1.85
2025-11-07,305633,My Gusto Κουλουράκια Πορτοκαλιού 330gr,2.31
2025-11-07,337935,ΙΟΝ Σοκολάτα Γάλακτος 3x70gr,5.44
2025-11-07,339108,Halls Original Καραμέλες Χωρίς Ζάχαρη Κουτί 28gr,0.82
2025-11-07,339083,Tsakiris Chips Με Αλάτι 90gr,0.88
2025-11-07,306064,"7" Days Mini Κρουασάν Κακάο 130gr,1.35
2025-11-07,304620,7 Days Τσουρέκι Κλασικό 75gr,0.96
2025-11-07,336933,ΙΟΝ Σοκολάτα Γάλακτος Με Ολόκληρα Φουντούκια 100gr,2.45
2025-11-07,304667,7 Days Τσουρεκάκια Κλασικά 4x75gr,3.63
2025-11-07,332256,Παπαδοπούλου Cream Crackers Σίτου Fresh Packs 5x43gr,2.35
2025-11-07,333123,Παπαδοπούλου Μιράντα Με 30% Λιγότερη Ζάχαρη Fresh Packs 30gr,1.71
2025-11-07,350275,Παπαδοπούλου Μπισκότα Πολυδημητριακά Muesli 175gr,1.86
2025-11-07,338210,ΙΟΝ Σοκολατάκια 3 Γεύσεις 198gr,3.60
2025-11-07,331383,Jumbo Country Πατατάκια Αλάτι 150gr,1.81
2025-11-07,333121,Αλλατίνη Πτι Μπερ Μπσκότα Κλασσικά 225gr,0.76
2025-11-07,306071,Champion Κρουασάν Chocostrawberry 70gr,0.50
2025-11-07,339087,Tsakiris Chips Με Ρίγανη 140gr,1.78
2025-11-07,302370,Κατσέλης Κλαμπ Σάντουιτς Σταρένιο 1kg,2.65
2025-11-07,333321,Kings Soft Cookie Χωρίς Ζάχαρη 160gr,1.65
2025-11-07,332131,Tasty Ποπ Κορν Poppers Βούτυρο 75gr,1.49
2025-11-07,337987,Kit Kat Ball Milk 36gr,1.08
2025-11-07,331685,Healthy Habits Chips Ρυζιού Pizza 60gr,0.99
2025-11-07,302373,Παπαδοπούλου Κριτσίνια Σουσάμι 130gr,1.67
2025-11-07,336231,The Bee Bros Γκοφρέτα Μέλι & Κακάο 135gr,1.99
2025-11-07,340052,Έλμα Τσίχλα Κουφέτο Χωρίς Ζάχαρη 13gr,0.98
2025-11-07,301421,Elviart Πίτες Για Σουβλάκι Σταρένιες 10 Tεμάχια 700gr,2.30
2025-11-07,334001,Gullon Digestive Μπισκότα Ολικής Αλέσεως 400gr,1.26
2025-11-07,301681,Κρις Κρις Σταρένιο Ψωμί Τοστ 350gr,1.00
2025-11-07,336242,ΙΟΝ Σοκοφρέτα Γάλακτος Maxi 60gr,0.89
2025-11-07,302435,"7" Days Bake Rolls Pizza 150gr,1.65
2025-11-07,302427,Καραμολέγκος No Added Ολικής Άλεσης Ψωμί Του Τόστ Χωρίς Ζάχαρη & Αλάτι 500gr,1.95
2025-11-07,306184,Chipicao Mini Κρουασάν Κακάο 60gr,0.68
2025-11-07,304841,Οικογένεια Στεργίου Κέικ Πορτοκάλι 400gr,3.75
2025-11-07,330404,Popbuster Pop Corn Αλάτι 100gr,0.80
2025-11-07,337938,ΙΟΝ Σοκολάτα Γάλακτος Με Αμύγδαλα 2x200gr,6.06
2025-11-07,337007,ΙΟΝ Σοκολάτα Αμυγδάλου 200gr,3.24
2025-11-07,343217,Χαίτογλου Μακεδονικό Παστέλι Με Αμύγδαλο 60gr,0.80
2025-11-07,303274,My Gusto Παξιμάδι Κριθαρένιο Κρητικό Π.Γ.Ε. 600gr,1.93
2025-11-07,274509,Agrino Ρυζογκοφρέτες Με Σοκολάτα Γάλακτος Χωρίς Γλουτένη 60gr,2.07
2025-11-07,339156,Halls Vita-C Καραμέλες Assorted Χωρίς Ζάχαρη 28gr,0.82
2025-11-07,334017,Gullon Digestive Ολικής Xωρίς Ζάχαρη 400gr,1.99
2025-11-07,274023,Nutri Valley Γκοφρέτες Καλαμποκιού Xωρίς Γλουτένη 130gr,1.58
2025-11-07,306411,Οικογένεια Στεργίου Κρουασανάκια Σοκολάτα 300gr,2.51
2025-11-07,332009,Παπαδοπούλου Cream Crackers Σίτου 3Χ140gr,3.90
2025-11-07,337426,ΙΟΝ Σοκολάτα Dark Με Στέβια 60gr,1.76
2025-11-07,332242,Jumbo Φυστικόμπαλες 85gr,0.85
2025-11-07,300144,Αλλατίνη Αλμυρά 2001 Οικογενειακή Συσκευασία 200gr,2.50
2025-11-07,339039,Zero Καραμέλες Κανέλα 32gr,0.79
2025-11-07,337717,Lila Pause Milka Σοκολάτα Φράουλα 34gr,0.98
2025-11-07,340134,Trident Oral-B Δυόσμος Μπουκάλι 68gr,2.99
2025-11-07,303266,Παξαμάς Λαδιού 500gr,3.18
2025-11-07,301111,Καραμολέγκος Ψωμί Τοστ Σίκαλης 340gr,1.29
2025-11-07,304375,Οικογένεια Στεργίου Τσουρέκι Μαστίχα Χίου 90gr,0.99
2025-11-07,337520,KitKat Chunky Γκοφρέτα Με Σοκολάτα Γάλακτος 40g,0.98
2025-11-07,332202,Lay's Με Γεύση Αλάτι 70gr,0.99
2025-11-07,304167,Φαίδων Pancake Με Κρέμα Φουντουκιού 60gr,1.25
2025-11-07,334038,Δερμίσης Μπισκότα Μαλακά Βρώμης 0% Χωρ. Ζάχαρη 90gr,1.60
2025-11-07,340490,Oscar Καραμέλες Ζελέ Γεύσεις Φρούτων 400gr,2.60
2025-11-07,280171,Καραμολέγκος Αξιαγάπiτες Τορτίγιες Πρωτεΐνης 375gr,2.00
2025-11-07,271128,Biosaurus Σνακ Καλαμποκιού Με Γεύση Κέτσαπ Βιολογικό 15gr,0.78
2025-11-07,302650,Healthy Habits Πιτατάκια Πίτσα 70gr,0.99
2025-11-07,305593,Βιολάντα Bianca Μπισκότα Γεμιστά 150gr,1.75
2025-11-07,280098,Κρις Κρις Πίτα Για Σουβλάκι Ολικής Άλεσης 510gr,2.05
2025-11-07,302249,"7" Days Bake Rolls Σκόρδο 150gr,1.65
2025-11-07,301808,Bakehellas Ντόνατς Ψημένο Κατεψυγμένο Με Κανέλα 70gr,0.80
2025-11-07,300075,Βοσινάκης Φουρνίσματα Προζυμένιο Πολύσπορο 500gr,1.74
2025-11-07,306057,Molto Κρουασάν Double Φράουλα Βανίλια 98gr,1.31
2025-11-07,339107,Halls Cherry Καραμέλες Χωρίς Ζάχαρη Κουτί 28gr,0.82
2025-11-07,274169,Agrino Ρυζογκοφρέτες Με Κανέλα 110gr,1.68
2025-11-07,306140,Molto Κρουασάν Πραλίνα 5x40gr,2.73
2025-11-07,302448,Krispies Παξιμάδια Πολύσπορα 200gr,1.60
2025-11-07,333820,My Gusto Μπισκότα Γεμιστά Κακάο 200gr,0.85
2025-11-07,339037,Zero Καραμέλες Βουτύρου 32gr,0.79
2025-11-07,340685,Orbit Τσίχλα Δυόσμος Χωρίς Ζάχαρη,0.77
2025-11-07,301432,Elviart Πίτα Με Αλεύρι Καλαμποκιού 8τεμ 680gr,1.96
2025-11-07,302369,Κατσέλης Ολικής Άλεσης Με 25% Μεγάλες Φέτες 1kg,2.87
2025-11-07,301433,Elviart Πιτάκια Σταρένια 10τεμ 410gr,1.86
2025-11-07,333817,My Gusto Μπισκότα Πτι Μπερ 225γρ,0.74
2025-11-07,332111,Αλλατίνη Αλμυρά Νακ 40gr,0.57
2025-11-07,300025,Καραμολέγκος Πρόζυμο Ψωμί Σαντορίνιο 6/500gr,1.70
2025-11-07,333821,My Gusto Μπισκότα Γεμιστά Κακάο & Γεύση Βανίλια 200gr,0.88
2025-11-07,336105,Serenata Γκοφρέτα 3x33gr,1.59
2025-11-07,350004,Go On Protein Cookies Brownies 50gr,1.21
2025-11-07,337927,Lacta Σοκολάτα 4x30gr,3.63
2025-11-07,337646,Ferrero Kinder Joy Έκπληξη 3τεμ 20gr,4.17
2025-11-07,304605,Οικοπάλ Μπισκότα Μήλο Κανέλα Χωρίς Ζάχαρη Bio 170gr,2.77
2025-11-07,337611,Ferrero Kinder Joy Με Έκπληξη 20gr,1.57
2025-11-07,280052,Παπαδοπούλου Τορτίγια Ολικής Άλεσης 6τεμ 360gr,2.32
2025-11-07,303128,Κρήτων Άρτος Ντακάκια Κρίθινα Ολικής 400gr,2.46
2025-11-07,331764,El Sabor Nacho Chips Cheese 225gr,1.98
2025-11-07,339142,Halls Κανέλα Καραμέλες Μασούρι Χωρίς Ζάχαρη 32gr,0.81
2025-11-07,336005,ΙΟΝ Σοκοφρέτα Λευκή Σοκολάτα 38gr,0.48
2025-11-07,336101,Serenata Γκοφρέτα 33gr,0.58
2025-11-07,304162,Καραμολέγκος Carre Choco Cream 100gr,1.46
2025-11-07,306008,Dolce Κρουασάν Πραλίνα 150gr,1.02
2025-11-07,306082,Jumbo Κρουασάν Κακάο 70gr,0.49
2025-11-07,302342,Elite Κρουτόν Σταρένια 75gr,0.99
2025-11-07,333273,Παπαδοπούλου Caprice 30% Λιγότερη Ζάχαρη 250gr,3.55
2025-11-07,303436,Το Μάννα Δαγκωτό Γραβιέρα Γλυκιά Πάπρικα 110gr,1.88
2025-11-07,336292,Amaretti Γκοφρέτα Σακουλάκι 125gr,1.59
2025-11-07,337778,Mars Σοκολάτα Γεμιστή 51gr,1.22
2025-11-07,337154,Lacta Γκοφρέτα 28-5gr,0.59
2025-11-07,337884,ΙΟΝ Σοκολάτα Υγείας 72 % με Αμύγδαλα 100 gr,2.38
2025-11-07,306123,Jumbo Κρουασάν Κακάο Οικονομική Συσκευασία 4x70gr,1.96
2025-11-07,343751,Χαίτογλου Μακεδονικό Παστέλι Μέλι 70gr,0.70
2025-11-07,332453,Gullon Mini Κρακεράκια 350gr,1.80
2025-11-07,302387,Παπαδοπούλου Φρυγανιές Σταρένιες 255gr,1.13
2025-11-07,332210,Lay's Αλάτι 140gr,1.95
2025-11-07,303035,Παξαμάς Κρίθινος 400gr,2.73
2025-11-07,333427,Παπαδοπούλου Μπισκότα Γεμιστά Με Σοκολάτα & Βανίλια 2x200gr,2.40
2025-11-07,302079,Ποριάζη Τρίμμα Φρυγανιάς Λήμνου 400gr,1.38
2025-11-07,333001,Παπαδοπούλου Μπισκότα Γεμιστά Πορτοκάλι 200gr,1.18
2025-11-07,337239,ΙΟΝ Dark Σοκολάτα 70% Κακάο 90gr,1.60
2025-11-07,304326,My Gusto Κερασόπιτα 80gr,0.68
2025-11-07,303464,Παπαδοπούλου Κριτσίνια Σουσάμι Χωρίς Προσθήκη Ζάχαρης 170gr,1.93
2025-11-07,332061,Παπαδοπούλου Cream Crackers Πολύσπορα 195gr,1.77
2025-11-07,280051,Παπαδοπούλου Τορτίγια Κλασική 6τεμ 360gr,2.18
2025-11-07,331706,Tsipers Κυματιστά Με Ρίγανη 80gr,0.96
2025-11-07,331686,Extra Αστεράκι Πικάντικο 85gr 1-00 €,0.96
2025-11-07,303325,Κρουασάν Γέμιση Πραλίνα Ψημένο Κατεψυγμένο 95gr,0.98
2025-11-07,337036,Serano Σοκολάτα 65gr,1.73
2025-11-07,333612,Oreo Μπισκότα Με Κρέμα 115gr,1.94
2025-11-07,337647,Ferrero Kinder Delice Κέικ 10τεμ 39gr,5.89
2025-11-07,333041,Παπαδοπούλου Choco Orange Μπισκότα 150gr,2.20
2025-11-07,306059,Molto Κρουασάν Κεράσι 98gr,1.31
2025-11-07,337471,Παυλίδης Σοκολάτα Υγείας 70% Κακάο 100gr,3.47
2025-11-07,280182,Mission Τορτίγιες Πολύσπορες 6τεμ 370gr,3.04
2025-11-07,304506,My Gusto Τσουρέκι 450gr,2.36
2025-11-07,333319,Kings Soft Cookie Dark Chocolate Chunks 160gr,1.50
2025-11-07,302134,Elite Φρυγανιές Με Χαρούπι 250gr,2.03
2025-11-07,340678,Orbit Τσίχλες Spearmint Μπουκάλι 46τεμ,2.88
2025-11-07,333416,Wasa Μπισκότα Dark Chocolate 230gr,2.24
2025-11-07,332098,3 Άλφα Balls Τυρί Cheddar 85gr,1.95
2025-11-07,337101,Lacta Σοκολάτα Γάλακτος 30gr,1.09
2025-11-07,334016,Gullon Μπισκότα Mega Duo Γεμιστά Σοκολάτα 500gr,2.09
2025-11-07,306403,Οικογένεια Στεργίου Κρουασάν Με Πραλίνα 105gr,1.10
2025-11-07,332065,Agrino Rice Chips Sour Cream & Onion 60gr,1.34
2025-11-07,305597,Βιολάντα Μπισκότα Βρώμης Με Μέλι 200gr,1.94
2025-11-07,305586,Βιολάντα Μπισκότα Βρώμης Cranberries 200gr,1.95
2025-11-07,303546,Κατσέλης Ψωμί Γερμανικό Σταρένιο Με Σίκαλη 500gr,2.25
2025-11-07,305634,My Gusto Μουστοκούλουρα 330gr,2.40
2025-11-07,304361,Οικογένεια Στεργίου Μηλόπιτα Ατόμικη 105gr,0.95
2025-11-07,337447,KitKat Chunky Mini Γκοφρέτα Με Σοκολάτα Γάλακτος 250g,4.85
2025-11-07,302248,"7" Days Bake Rolls Ντομάτα-Ελιά 150gr,1.65
2025-11-07,338127,Maltesers Σοκολατάκια Γεμιστά Pouch 175gr,3.87
2025-11-07,332099,Tasty Φουντούνια 190gr,1.99
2025-11-07,331486,Jumbo Crunchy Chips Αλάτι 150g,1.59
2025-11-07,305635,My Gusto Κουλουράκια Κανέλας 330gr,2.31
2025-11-07,333431,Βιολάντα Μπισκότα Ζέας Με Μέλι 80gr,0.89
2025-11-07,305450,Tsanos Τσανάκια Μούστου 300gr,3.33
2025-11-07,306060,Molto Κρουασάν Βερύκοκο 98gr,1.31
2025-11-07,339605,Λάβδας Καραμέλες Super Jelly 200gr,2.18
2025-11-07,332162,Elite Crackers Mεσογειακά Ρίγανη & Φέτα 105gr,1.55
2025-11-07,322025,Χαίτογλου Μακεδονικός Χαλβάς Βανίλια 16Χ40gr,15.20
2025-11-07,337024,ΙΟΝ BREAK με Φουντούκια 85gr,2.40
2025-11-07,304165,Φαίδων Pancake Με Κρέμα Μιλφέϊγ 60gr,1.25
2025-11-07,350013,Παπαδοπούλου Πολυδημητριακά Με Πρωτεϊνη 160gr,1.93
2025-11-07,304319,Γλύκεμα Muffins Βανίλια Με Κομμάτια Κακάο 210gr,1.57
2025-11-07,337110,3 Bit Μπάρα Σοκολάτας Γεμιστή 65gr,1.09
2025-11-07,302343,Elite Κρουτόν Ολικής Άλεσης 75gr,0.99
2025-11-07,351004,My Gusto Ψωμί Τοστ Σταρένιο 340gr,0.75
2025-11-07,343703,Τζανής Παστέλι Με Σουσάμι 30gr,0.50
2025-11-07,331954,Pringles Sour Cream & Onion 165gr,2.20
2025-11-07,302190,Tsanos Κριτσίνια Καλαμπόκι 120gr,1.58
2025-11-07,305424,Tsanos Τσανάκια Snacks Σοκολάτα 70gr,0.88
2025-11-07,303570,Το Μάννα Παξιμάδι Κριθαρένιο 300gr,2.54
2025-11-07,304324,Γλύκεμα Κέκ Στρατσιατέλα 300gr,2.22
2025-11-07,332097,3 Άλφα Rings Sour Cream & Κρεμμύδι 85gr,1.95
2025-11-07,333315,Elite Μεσογειακά Crackers Παρμεζάνα 105gr,1.55
2025-11-07,300086,Κατσέλης Διπλοζυμωτό Πολύσπορο Σε Φέτες 500gr,1.88
2025-11-07,304504,My Gusto Τσουρεκάκι Γεμιστό Κρέμα Κακάο 90gr,0.80
2025-11-07,301611,Παπαδοπούλου Plus Ψωμί Τοστ Σίτου 700gr,1.76
2025-11-07,302649,Healthy Habits Πιτατάκια Ρίγανη 70gr,0.99
2025-11-07,337220,Lacta Σοκολάτα Lila Pause 100gr,2.72
2025-11-07,332149,Παπαδοπούλου Mini Pick Crackers Bbq 70gr,0.80
2025-11-07,305590,Βιολάντα Μπισκότα Βρώμης Καρύδα 200gr,1.95
2025-11-07,337127,3BIT Σοκολάτα Γεμιστή Έξυπνη Επιλογή 4x65gr,4.70
2025-11-07,331700,Tsipers Κυματιστά Αλάτι 80gr,0.96
2025-11-07,302354,Παπαδοπούλου Φρυγανιές Σικάλεως 320gr,1.76
2025-11-07,301603,Κρις Κρις Ψωμί Τοστ Σταρένιο Με Σίκαλη 360gr,1.25
2025-11-07,303474,Μπενιέ Πραλίνα Φουντουκιού Ψημένο Κατεψυγμένο 48gr,0.49
2025-11-07,301392,Κρις Κρις Selection Premium Πίτα 670gr,2.29
2025-11-07,332190,Cheetos Πακοτίνια 75gr,0.98
2025-11-07,331853,My Gusto Chips Barbeque 300gr,2.04
2025-11-07,302144,Σαμαριά Παξιμαδοφρυγανιά Σταφίδες - Μέλι - Αμύγδαλο 180gr,1.94
2025-11-07,336130,Serenata Twin Γκοφρέτα 3x30gr,1.45
2025-11-07,306172,"7" Days Κρουασάν Με Γέμιση Κρέμα Κακάο 5Χ37gr Οικογενειακή Συσκευασία,2.35
2025-11-07,332079,Tsakiris Sticks Cup Αλάτι 105gr,1.78
2025-11-07,331995,Jumbo Country Chips Βαλσάμικο & Κρεμμύδι Χωρίς Γλουτένη 150gr,1.81
2025-11-07,304116,Φαίδων Κέικ Φέτα Ανάμεικτο Χωρίς Ζάχαρη 80g,1.15
2025-11-07,334007,Gullon Cookies Με Κομματάκια Σοκολάτας Χωρίς Ζάχαρη 150gr,1.53
2025-11-07,303065,Μπλε Μύλος Μπαγκέτα Με Γάλα Ψημένη Κατεψυγμένη 200gr,1.45
2025-11-07,332205,Doritos Nacho 90gr,1.48
2025-11-07,304057,Vincinni Κέϊκ Ανάμικτο Επικάλυψη Κακάο 400gr,2.16
2025-11-07,303307,Κουλούρι Θεσσαλονίκης Ολικής Ψμν Κτψ 95gr,0.70
2025-11-07,274007,Agrino Ρυζογκοφρέτες Καραμέλα Χωρίς Γλουτένη 70gr,2.38
2025-11-07,331487,Jumbo Crunchy Chips Ρίγανη 150gr,1.59
2025-11-07,350051,Παπαδοπούλου Μπισκότα Βρώμης Χωρίς Ζάχαρη Μαύρη Σοκολάτα 155gr,1.90
2025-11-07,303498,Το Μάννα Παξιμάδια Χαρουπένια Από Πετρόμυλο 270gr,2.99
2025-11-07,304843,Οικογένεια Στεργίου Strudel Μήλο & Κανέλα 125gr,1.01
2025-11-07,337006,ΙΟΝ Σοκολάτα Γάλακτος 200gr,3.97
2025-11-07,337915,ΙΟΝ Derby Mini 210gr,3.64
2025-11-07,337732,Snickers Σοκολάτα Γεμιστή 50gr 3τεμ,2.89
2025-11-07,305019,Βιολάντα Μπισκότα Digestive 0% Ταχίνι & Κακάο 200gr,1.97
2025-11-07,331940,Pringles Original 165gr,2.20
2025-11-07,333574,Παπαδοπούλου Μπισκότα Cookies Με Κομμάτια Σοκολάτας 180gr,1.48
2025-11-07,274033,Nutri Valley Ρυζογκοφρέτες Σοκολάτα 72gr,1.98
2025-11-07,306075,Choco Big Κρουασά Γιγαντιαίο Σοκολάτα Με Nucrema ΙΟΝ 250gr,1.93
2025-11-07,337162,Lacta Σοκολάτα Με Κομμάτια Oreo 37gr,0.89
2025-11-07,337207,Snickers Σοκολάτα Γεμιστή 50gr,1.22
2025-11-07,333134,Αλλατίνη Cookie Μπισκότα Σοκολάτα 175gr,1.09
2025-11-07,304100,Lacta Choco Heart Cakes 175gr,2.64
2025-11-07,332148,Παπαδοπούλου Mini Pick Crackers Κλασικα 70gr,0.80
2025-11-07,336237,Manner Γκοφρέτα Minis Σοκολάτα Γάλακτος 5x25gr,1.50
2025-11-07,336233,Ferrero Kinder Tronky 5x90gr,2.70
2025-11-07,300007,Bakehellas Φραντόλα Λευκή Ψημένη Κατεψυγμένη 350gr,0.92
2025-11-07,331333,My Popcorn Βουτύρου 185gr,3.20
2025-11-07,305608,Βιολάντα Μπισκότα Βρώμης Γεμιστά Ταχίνι 180gr,1.83
2025-11-07,302425,"7" Days Bake Rolls Ιταλικό Τυρί & Σκόρδο 150gr,1.65
2025-11-07,306050,Tottis Εκλεκτή Αρτοποιΐα Κρουασανάκια Με Μιλφέιγ 300gr,2.69
2025-11-07,338128,M&M's Minis Σοκολάτα 45gr,1.12
2025-11-07,303671,My Gusto Κριτσίνια Με Καλαμπόκι 250gr,1.26
2025-11-07,302470,Elite Φρυγανιές Σίτου Χωρίς Αλάτι & Ζάχαρη Οικογενειακή Συσκευασία 500gr,2.75
2025-11-07,340644,Orbit Τσίχλα Bottle Refreshers Spearmint 67gr,2.99
2025-11-07,304145,The Bee Bros Αφράτο Κέικ Με Κακάο & Μέλι 250gr,4.95
2025-11-07,302434,Elephant Mini Pretzel Με Αλάτι 80gr,0.99
2025-11-07,305616,Βιολάντα Μπισκότα Βρώμης Γεμιστά Γιαούρτι 180gr,1.83
2025-11-07,340131,Mentos Clean Breath 2hrs Wintergreen Τσίχλες 21gr,1.36
2025-11-07,339086,Tsakiris Chips Με Ρίγανη 90gr,0.88
2025-11-07,302494,Παπαδοπούλου Τόστ Ψίχα Ολικής Άλεσης 450gr,1.90
2025-11-07,333353,Παπαδοπούλου Pick Mix Βάζο 350gr,2.21
2025-11-07,303273,My Gusto Κριθαροκουλούρα Π.Γ.Ε. 600gr,2.04
2025-11-07,332234,Cheetos Crunchy Sweet & Spicy 110gr,1.48
2025-11-07,306435,My Gusto Κρουασανάκια Κρέμα Κακάο 300gr,1.72
2025-11-07,302489,Το Μάννα Κρητωνάκια Κριθαρένια Με Κρητικό Ελαιόλαδο 100gr,1.40
2025-11-07,305361,Κουλτουράκι Πορτοκάλι 180gr,2.23
2025-11-07,301078,Παπαδοπούλου Φέτες Χωριανό Σταρένιο Με 6 Δημητριακά 500gr,1.80
2025-11-07,304845,Οικογένεια Στεργίου Βιεννέζικο Πραλίνα 120gr,1.01
2025-11-07,304117,Φαίδων Κέικ Φέτα Πορτοκάλι Χωρίς Ζάχαρη 80g,1.15
2025-11-07,334046,Gullon Μπισκότα Twins Cocoa Sandwich Cookies 210gr,1.50
2025-11-07,339046,Zero Καραμέλες Βουτύρου Με Σοκολάτα 36gr,0.79
2025-11-07,333819,My Gusto Μπισκότα Διπλά 250gr,0.92
2025-11-07,334059,Αλλατίνη Πτι Μπερ Μπισκότα Χωρίς Ζάχαρη Οικογενειακή Συσκευασία 3x225gr,2.78
2025-11-07,340072,Mentos Pure Bottle White Spearmint Τσίχλες 90gr,3.22
2025-11-07,333818,My Gusto Μπισκότα Cookies Κομματάκια Σοκολάτας 175gr,1.14
2025-11-07,305607,Βιολάντα Μπισκότα Βρώμης Γεμιστά Σοκολάτα 180gr,1.83
2025-11-07,303328,BakeHellas Ψημένο Κστεψυγμένο Κρουασάν Mini Βούτυρο 25gr,0.40
2025-11-07,303115,Κρήτων Άρτος Παξιμαδάκια Κρίθινα 400gr,1.79
2025-11-07,337174,Lacta Sandwich Biscotto Σοκολάτα Γάλακτος 87gr,2.72
2025-11-07,332212,Lay's Γεύση Ρίγανη 70gr,0.99
2025-11-07,331912,Mogyi Micro Pop Corn Με Βούτυρο 100gr,0.82
2025-11-07,336236,Manner Γκοφρέτα Minis Πραλίνα Φουντουκιού 5x25gr,1.50
2025-11-07,334050,Δερμίσης Μπισκότα Βρώμης Μαλακά Μαύρη Σοκολάτα Banofee 150gr,1.92
2025-11-07,331496,Lay's Στο Φούρνο Πάπρικα 105gr,1.85
2025-11-07,302351,Παπαδοπούλου Δίκοκκο Ψωμί Σε φέτες Ολικής Άλεσης 500gr,1.84
2025-11-07,305636,My Gusto Πτι Φουρ Τρούφα 330gr,2.75
2025-11-07,274005,Agrino Mini Ρυζογκοφρέτες Barbeque 50gr,1.04
2025-11-07,333366,Βιολάντα Πτι Μπερ Μπισκότα Γεμιστά 215gr,1.77
2025-11-07,331590,Extra Τυρογαριδάκι 55gr,0.66
2025-11-07,333430,Βιολάντα Μπισκότα Ζέας Με Καρότο Πορτοκάλι 80gr,0.97
2025-11-07,333411,Παπαδοπούλου Μπισκότα 2πλο Γεμιστά Αλατισμένη Καραμέλα 230gr,1.29
2025-11-07,300032,Αρτόπουλος Αραβικές Μεγάλες 330gr,1.76
2025-11-07,336999,ΙΟΝ Σοκολάτα Γάλακτος Φουντούκι Με Στεβια 60gr,1.76
2025-11-07,339138,Halls Extra Strong Καραμέλα 32gr,0.81
2025-11-07,350141,Oreo Μπισκότα Γεμιστά Με Κρέμα 66gr,0.61
2025-11-07,302502,Παπαδοπούλου Krispies Ολικής Άλεσης 200gr,1.60
2025-11-07,333410,Παπαδοπούλου Μπισκότα 2πλο Γεμιστά Πραλίνα 230gr,1.29
2025-11-07,303540,Bakehellas Panini Λευκό Ψημένο Κατεψυγμένο 125gr,0.90
2025-11-07,336071,Ferrero Nutella Biscuits 304gr,3.38
2025-11-07,302491,Το Μάννα Παξιμάδι Κριθαρένιο Χωρίς Αλάτι 300gr,2.66
2025-11-07,332859,Croco Sticks Μπαστουνάκια Αλμυρά 80gr,0.55
2025-11-07,337808,Twix Minis Σοκολάτα 275gr,3.05
2025-11-07,301813,Old El Paso Tortillas Χωρίς Γλουτένη 6τμχ 216gr,2.45
2025-11-07,333584,Triplo Σοκολάτα Γάλακτος Με Φουντούκι 50gr,0.96
2025-11-07,337034,ΙΟΝ DERBY Caramel 38gr,0.73
2025-11-07,333565,Παπαδοπούλου Μιράντα Σοκολάτας 140gr,1.56
2025-11-07,332206,Cheetos Δρακουλίνια Γεύση Τυρί & Ντομάτα 60gr,0.99
2025-11-07,333401,McVitie's Μπισκότα Tartlets Με Λεμόνι 100gr,1.19
2025-11-07,340118,Trident Max Τσίχλες Δυόσμος 27γρ,1.17
2025-11-07,343702,Jannis Παστέλι Σουσάμι 70gr,0.87
2025-11-07,338342,Kit Kat Chunky Funky 40gr,0.98
2025-11-07,302363,Βοσινάκης Χωριάτικες Φρυγανιές Ολικής Άλεσης 240gr,1.55
2025-11-07,306062,Molto Κρουασάν Βανίλια Cream & Cookies 98gr,1.31
2025-11-07,306438,My Gusto Κρουασανάκια 260gr,1.89
2025-11-07,340468,Dentyne Ice Τσίχλα Spearmint Χωρίς Ζάχαρη 16-8gr,1.17
2025-11-07,302459,Tsanos Κριτσίνια Με Χαρούπι 120gr,1.58
2025-11-07,340484,Chupa Chups Big Babol Tutti Frutti Τσίχλες 20τεμ,0.62
2025-11-07,306099,Folie Κρουασάν Κακάο 100gr,1.16
2025-11-07,332076,Tsakiris Sticks Cup Αλάτι 60gr,1.23
2025-11-07,274028,Crisp Corn Γκοφρέτες Καλαμποκιού με Γεύση Μανιτάρια- Τρούφα και Τυρί 5gr,2.53
2025-11-07,301455,Οικογένεια Στεργίου Σταφιδόψωμο 290gr,2.20
2025-11-07,339894,Chupa Chups Γλειφιτζούρια Ποικιλία,0.38
2025-11-07,304163,Καραμολέγκος Carre Βueno Cream 100gr,1.46
2025-11-07,336619,My Gusto Γκοφρέτες Mini Με Σοκολάτα Γάλακτος 180gr,2.39
2025-11-07,303329,Bakehellas Mini Κρουασάν Σοκολάτα 25gr,0.40
2025-11-07,331755,Lay's Snack Ολικής Άλεσης Sour Cream & Μαύρο Πιπέρι 95gr,1.76
2025-11-07,333376,Αλλατίνη King Soft Με Αλάτι & Καραμέλα 160gr,1.50
2025-11-07,274022,Nutri Valley Γκοφρέτες Ρεβιθιού Χωρίς Γλουτένη 135gr,2.21
2025-11-07,302217,Φαίδων Crispbread Βρώμης Με Κινόα & Χαρούπι 180gr,3.10
2025-11-07,303527,Το Μάννα Κριθαροκουλούρα Ολικής 600gr,3.69
2025-11-07,274008,Agrino Ρυζογκοφρέτες Γιαούρτι Φράουλα 64gr,2.38
2025-11-07,339202,Mentos Καραμέλες Φρούτου 38gr,0.89
2025-11-07,340150,Haribo Frizi Mix Ζελεδάκια 100gr,0.92
2025-11-07,340523,Λάβδας Gum On Jelly Beans 90gr,0.78
2025-11-07,338147,Kinder Bueno White 5x39gr,3.50
2025-11-07,306229,Folie Κρουασάν Red Velvet 100gr,1.31
2025-11-07,333296,Παπαδοπούλου Digestive Με Επικάλυψη Σοκολάτας 30% Λιγότερη Ζάχαρη 200gr,2.21
2025-11-07,302211,Παπαδοπούλου Φρυγανιές Σίτου "Χωρίς" 320gr,1.67
2025-11-07,304148,Οικογένεια Στεργίου Pancakes Protein 200gr,3.97
2025-11-07,302269,Παπαδοπούλου Φρυγανιά Ολικής Άλεσης 320gr,1.76
2025-11-07,302385,Wasa Φρυγανιές Σίτου Με Γέμιση Τυρί Τομάτα & Βασιλικό 40gr,0.94
2025-11-07,303054,Παξαμάς Με Χαρούπι & Πετιμέζι 400gr,3.84
2025-11-07,350050,Παπαδοπούλου Μπισκότα Βρώμης Χωρίς Ζάχαρη Με Πορτοκάλι 155gr,1.90
2025-11-07,305632,My Gusto Κουλουράκια Βανίλιας 330gr,2.31
2025-11-07,340381,Trident Splash Τσίχλα Φράουλα-Lime 16τεμ,1.17
2025-11-07,336248,ION Σοκοφρέτα Γάλακτος Stevia 38gr,0.64
2025-11-07,340122,Λάβδας Pic Nic Καραμέλες 250gr,1.98
2025-11-07,340117,Trident Senses Τσίχλα Δυόσμος 27gr,1.17
2025-11-07,337637,Ferrero Kinder Bueno White 39gr,1.09
2025-11-07,332132,Tasty Poppers Ποπ Κορν Τυρί 75gr,1.49
2025-11-07,274167,Agrino Ρυζογκοφρέτες Επτάσπορες Χωρίς Γλουτένη 100gr,1.33
2025-11-07,305423,Tsanos Τσανάκια Snacks Μούστου 70gr,0.88
2025-11-07,302074,Παπαδοπούλου Κριτσίνια Πολύσπορα 185gr,1.93
2025-11-07,336241,Koukouroukou Milky Γκοφρέτα 25gr,0.45
2025-11-07,332866,Croco Κρακεράκια Αλμυρά Πίτσα 100gr,0.65
2025-11-07,302414,Παπαδοπούλου Ψωμί Σίτου Club Sandwich 950gr,2.63
2025-11-07,303475,Μπενιέ Κρέμα Βαυαρίας Ψημένο Κατεψυγμένο 48gr,0.49
2025-11-07,301199,Παπαδοπούλου Φρυγανιές Χωρίς Γλουτένη 165gr,3.86
2025-11-07,333402,McVitie's Μπισκότα Tartlets Milky 100gr,1.29
2025-11-07,332077,Elephant Mini Pretzel Με Μέλι & Μουστάρδα 70gr,0.84
2025-11-07,333003,Παπαδοπούλου Μπισκότα Γεμιστά Με Διπλή Γεύση Κρέμα 230gr,1.29
2025-11-07,337203,Bounty Σοκολάτα Γεμιστή 57gr,1.22
2025-11-07,338260,ΙΟΝ Break Dubai Style 100gr,4.66
2025-11-07,333478,Frou Frou Μπισκότα Με Ζωάκια 100gr,1.65
2025-11-07,340677,Orbit Τσίχλες Profeessional White Μπουκάλι 46τεμ,2.88
2025-11-07,333002,Παπαδοπούλου Γεμιστά Μπανάνα 200gr,1.19
2025-11-07,306061,Μolto Κρουασάν Hazelnut Cream & Cookies 98g,1.31
2025-11-07,303240,Tsanos Κριτσίνια Με Ελιές Καλαμών 120gr,1.58
2025-11-07,303342,Κατσέλης Ψωμί Τοστ Σταρένιο Mini 360gr,1.02
2025-11-07,304321,Γλύκεμα Κέικ Κακάο 300g,2.22
2025-11-07,334056,Lotus Μπισκότα Sandwich Με Σοκολάτα Γάλακτος 150gr,2.05
2025-11-07,302215,Φαίδων Crispbread Βρώμης Chia & Φαγόπυρο 180gr,3.10
2025-11-07,306063,Molto Κρουασάν Super Max Hazelnut 130gr,1.70
2025-11-07,331684,Healthy Habits Chips Ρυζιού Αλάτι & Πιπέρι 60gr,0.99
2025-11-07,343382,Σαράντη Παστέλι Με Μέλι Χωρίς Γλουτένη 33-4gr,0.69
2025-11-07,302279,Tsanos Bran Crackers Κλασσικά 107gr,1.96
2025-11-07,301165,Κρις Κρις Αφράτα Σταρένια Ψωμάκια Sandwich 480gr,2.05
2025-11-07,333572,Παπαδοπούλου Μπισκότα Γεμιστά Με Γεύση Βανίλια 200gr,1.31
2025-11-07,339201,Mentos Καραμέλες Μέντα 38gr,0.89
2025-11-07,332021,Παπαδοπούλου Pick Crackers Κλασσικά 100gr,1.15
2025-11-07,343101,Jannis Ράβδοι Στικ Καρύδας Με Κακάο 40gr,0.77
2025-11-07,340203,Μentos CB 2Hrs Lemonmint Melissa 30τεμ,1.36
2025-11-07,333102,Αλλατίνη Μπισκότα Γεμιστά Με Κακάο 200gr,1.33
2025-11-07,302210,Παπαδοπούλου Φρυγανιές Σίκαλης "Χωρίς" 320gr,1.94
2025-11-07,302652,Healthy Habits Πιτατάκια Γεύση Μεσογειακή 70gr,0.99
2025-11-07,304693,Οικοπάλ Μουστοκούλουρο Χωρίς Ζάχαρη Bio 250gr,3.59
2025-11-07,340466,Dentyne Fire Τσίχλα Χωρίς Ζάχαρη 16-8gr,1.17
2025-11-07,331687,Extra Σνακ Φιστίκι 85gr,0.96
2025-11-07,302479,Το Μάννα Παξιμάδι Σικάλης 280gr,2.54
2025-11-07,336996,ΙΟΝ Σοκολάτα Γάλακτος Sticks 35gr,0.91
2025-11-07,340515,Haribo Starmix 100gr,0.92
2025-11-07,333408,Αλλατίνη Μπισκότα Γεμιστά Κακάο Οικογενειακή Συσκευασία 2x200gr,2.48
2025-11-07,300023,Καραμολέγκος Πρόζυμο Ψωμί Ζέας 6/500gr,2.15
2025-11-07,302864,Finn Crisp Original Φρυγανιές Σίκαλης 200gr,2.58
2025-11-07,274506,My Gusto Ρυζογκοφρέτα Bio 100gr,1.14
2025-11-07,305445,Tsanos Kουλούρια Μούστου 300gr,3.13
2025-11-07,333592,Παπαδοπούλου Μιραντα 6x30gr,1.63
2025-11-07,337420,ΙΟΝ Σοκολάτα Υγείας Αμυγδάλου Με Στέβια 60gr,1.76
2025-11-07,332452,Gullon Mini Mix Κρακεράκια 350gr,1.80
2025-11-07,303438,Το Μάννα Δαγκωτό Με Μάυρη Τρούφα 110gr,1.88
2025-11-07,302376,Παπαδοπούλου Κριτσίνια Με Χαρούπι 180gr,2.09
2025-11-07,650807,Haribo Mega-Roulette Ζελίνι 45gr.,0.56
2025-11-07,304109,Lacta Choco Bomb Cakes 175gr,2.61
2025-11-07,337026,ΙΟΝ BREAK Λευκή Mε Ξηρούς Καρπούς 85gr,2.40
2025-11-07,331716,Lay's στο Φούρνο Ντομάτα & Βασιλικό 105gr,1.85
2025-11-07,304110,Schar Μάφιν Σοκολάτα Ατομικό Χωρίς Γλουτένη 65gr,1.32
2025-11-07,332862,Croco Κρακεράκια Αλμυρά 100gr,0.65
2025-11-07,303524,ΤΟ ΜΑΝΝΑ Κριθαρένιο Αφράτο Παξιμάδι Με Προζύμι 300gr,3.19
2025-11-07,337982,Lacta Σοκολάτα Με Ολόκληρο Φουντούκι 100gr,2.87
2025-11-07,304168,Φαίδων Pancake Με Κρέμα Καραμέλας 60gr,1.25
2025-11-07,331999,Agrino Chips Ρυζιού Με Μανιτάρια 60gr,1.34
2025-11-07,274011,Crispy Balance Καλαμπογκοφρέτα Χωρίς Γλουτένη 105gr,1.26
2025-11-07,331750,El Sabor Nacho Chips Chili 225gr,1.98
2025-11-07,340057,Έλμα Τσίχλα Δυόσμος Χωρίς Ζάχαρη,0.77
2025-11-07,337791,Reeses Σοκολάτα Φυστικοβούτυρο 2 Cups 42gr,1.05
2025-11-07,332219,Ruffles Πατατάκια Με Γεύση Cheeseburger 120gr,1.56
2025-11-07,338169,Maltesers Teasers Single 35gr,1.22
2025-11-07,337981,Lacta Σοκολάτα Αμύγδαλο 85gr,2.72
2025-11-07,272262,Nutri Valley Αφράτες Γκοφρέτες Ρεβιθιού Με Μαύρη Σοκολάτα & Βατόμουρο 2τεμ 36gr,1.74
2025-11-07,302336,Tsanos Bran Crackers Με Ηλιόσπορο 107gr,1.96
2025-11-07,336997,ΙΟΝ Σοκολάτα Αμυγδάλου Sticks 35gr,0.91
2025-11-07,332118,Elite Crackers Μεσογειακά Με Ντομάτα & Βασιλικό 3x105gr,3.65
2025-11-07,339942,Haribo Φρούτα Του Δάσους 100gr,0.92
2025-11-07,302375,Παπαδοπούλου Κριτσίνια Μακεδονικά Σίτου 200gr,1.93
2025-11-07,338395,Lacta Σοκολάτα Γάλακτος Ολόκληρο Φουντούκια 2x100gr,5.45
2025-11-07,337974,Lacta Σοκολάτα Ολόκληρο Αμύγδαλο 100gr,2.87
2025-11-07,331493,Oho Chips Από Φακή Γεύση Sour Cream & Κρεμμύδι 100gr,1.66
2025-11-07,337839,Παυλίδης Σοκολάτα Υγείαςς Κρέμα Φράουλα 100gr,2.87
2025-11-07,331900,Jumbo Γαριδάκια Classic 90gr,0.98
2025-11-07,340153,Trident Oral-B White Μπουκάλι Δυόσμος 68gr,2.99
2025-11-07,302288,Το Μάννα Κριτσίνια Ποντιακά Με Ηλιόσπορο 250gr,3.35
2025-11-07,337514,Παυλίδης Σοκολάτα Υγείας 70% Αλατισμένο Αμύγδαλο 100gr,3.47
2025-11-07,340519,Haribo Goldbaren 100gr,0.92
2025-11-07,302087,Παπαδοπούλου Thins Ολικής Άλεσης 250gr,2.54
2025-11-07,337396,ΙΟΝ Break Σοκολάτα Γάλακτος Pistachio 85gr,2.40
2025-11-07,305061,Gifflar Ρολάκια Κανέλας 2630gr,3.52
2025-11-07,333344,Βιολάντα Μπισκότα Πτι-Μπερ Μίνι 200gr,1.46
2025-11-07,302362,Βοσινάκης Χωριάτικες Φρυγανιές Σταρένιες 240gr,1.55
2025-11-07,303435,Το Μάννα Δαγκωτό Με Τομάτα Πιπεριά Κρεμμύδι 110gr,1.88
2025-11-07,280061,Alfa Τορτίγια Καλαμποκιού 25cm 370gr,2.09
2025-11-07,333290,Mulino Bianco Baiocchi Μπισκότα Γεμιστά Με Σοκολάτα 260gr,3.19
2025-11-07,271046,Organix Σνακ Τραγανά Στικς Καρότου Bio 20gr,1.86
2025-11-07,331782,Λάβδας Καραμέλες Ευκάλυπτος & Μέλι 130gr,1.13
2025-11-07,339902,Werther's Καραμέλες Φάκελος 150gr,2.09
2025-11-07,301163,Κρις Κρις Αφράτα Σταρένια Ψωμάκια Hamburger 480gr,2.05
2025-11-07,303104,Σαμαριά Παξιμαδάκι Με Τομάτα 350gr,1.98
2025-11-07,337118,Lacta Lov'It Σοκολάτα Cream N' Oreo 105gr,2.72
2025-11-07,332127,Mini Pick Cracker BBQ 4x70gr,2.85
2025-11-07,304190,7 Days Strudel Μήλο Κανέλα 80gr,1.15
2025-11-07,302436,"7" Days Bake Rolls Bacon 150gr,1.65
2025-11-07,304054,Αλλατίνη Κέικ Βανίλια 375gr,4.08
2025-11-07,340467,Dentyne Ice Τσίχλα Peppermint Χωρίς Ζάχαρη 16-8gr,1.17
2025-11-07,336134,Serenata Mini's Γκοφρετίνια Σακουλάκι 180gr,3.03
2025-11-07,337104,Lacta Σοκολάτα Γάλακτος 85gr,1.90
2025-11-07,331763,El Sabor Nacho Chips Cheese 100gr,1.11
2025-11-07,340135,Trident Oral-B Μέντα Μπουκάλι 68gr,2.99
2025-11-07,322457,My Gusto Χαλβάς Κακάο 400gr,2.28
2025-11-07,340112,Mentos Pure Fresh Bubble Fresh Τσίχλες 12τεμ,1.19
2025-11-07,340516,Haribo Berries 100gr,0.92
2025-11-07,340472,Dentyne Arctic Τσίχλες Eycalyptus 16-8gr,1.17
2025-11-07,306009,Panini Grande Κρουασάν Πραλίνα 220gr,1.42
2025-11-07,304467,Φαίδων Τσουρεκάκια 320gr,3.15
2025-11-07,332211,Lay's Sour Cream & Μαύρο Πιπέρι 120gr,1.95
2025-11-07,340643,Orbit Τσίχλα Bottle Refreshers Bubblemint 67gr,2.99
2025-11-07,302352,Παπαδοπούλου Φρυγανιές Σταρένιες 510gr,1.76
2025-11-07,669598,Tsanos Μπουκιές Παξιμαδάκια Σίκαλης Ολικής Άλεσης 400gr,2.74
2025-11-07,338312,Nestle Σοκολάτα Damak Μπακλαβά 60gr,2.98
2025-11-07,332071,Agrino Chips Ρυζιού Aegean Herbs 60gr,1.34
2025-11-07,302400,Τsanos Kριτσίνια Πολύσπορα 120gr,1.62
2025-11-07,303033,Παξαμάς Κρίθινος Χωρίς Πρόσθετο Αλάτι 400gr,2.68
2025-11-07,669957,Wasa Φρυγανιές Delikates 270gr,2.15
2025-11-07,303410,Donuts Μαρζιπαν Με Γέμιση Φράουλα Ψημένο Κατεψυγμένο 70gr,0.99
2025-11-07,304322,Γλύκεμα Κέκ Ανάμεικτο 300gr,2.22
2025-11-07,340111,Mentos Pure Fresh Spearmint Τσίχλες 12τεμ,1.19
2025-11-07,333147,Αλλατίνη Πτι Μπερ Με Γεύση Σοκολάτα 225gr,1.04
2025-11-07,339177,Zero Καραμέλες Κανέλα Βανίλια Με 0% Ζάχαρη 36gr,0.79
2025-11-07,337728,Mars Σοκολάτα Γεμιστή 135gr,2.89
2025-11-07,304370,Οικογένεια Στεργίου Τσουρεκάκι Πραλίνα 360gr,2.73
2025-11-07,302123,Σαμαριά Χαρούπι Παξιμαδοφρυγανιά 180gr,2.13
2025-11-07,331637,Tsakiris Chips Ξίδι 120gr,1.80
2025-11-07,337161,Παυλίδης Σοκολάτα Φράουλα 100gr,2.72
2025-11-07,304087,Φαίδων Αφράτο Τσουρεκάκι Με Προζύμι 80gr,0.81
2025-11-07,337882,ΙΟΝ Derby Hazelnut 38gr,0.70
2025-11-07,331790,Jumbo Tortilla Chips Sweet Chili 100gr,1.00
2025-11-07,331772,Zero Καραμέλες Ευκάλυπτος & Μαστίχα 32gr,0.79
2025-11-07,300024,Καραμολέγος Πρόζυμο Ψωμί Θεσσαλικό 6/500gr,1.65
2025-11-07,332871,Saltseties Αλμυρά Sticks 250gr,1.33
2025-11-07,650928,7 Days Mini Κρουασάν Κακάο 300gr,3.22
2025-11-07,304055,Αλλατίνη Κεϊκ Βανίλια Με Κακάο 375gr,3.88
2025-11-07,274017,CK Ρυζογκοφρέτες Χωρίς Γλουτένη Με Καλαμπόκι 100gr,1.25
2025-11-07,303260,Eleni Κριτσίνια Με Ηλιόσπορο 150gr,1.90
2025-11-07,304164,Φαίδων Pancake Με Κρέμα Λεμονιού 60gr,1.25
2025-11-07,302005,Elite Φρυγανιες Classic Ολικής Άλεσης 180gr,1.00
2025-11-07,337382,Lindt Excellence Σοκολάτα 85%Κακάο 100gr,3.41
2025-11-07,304056,Οικογένεια Στεργίου Muffin Με Σοκολάτα Πραλίνα 120gr,1.18
2025-11-07,335109,Tsakiris Chips Κυματιστά BBQ 120gr,1.80
2025-11-07,339040,Zero Καραμέλες Λεμόνι 32gr,0.79
2025-11-07,312300,Bio Farma Βάφλες με Μέλι Βιολογικές 175gr,3.06
2025-11-07,273452,Lov Μπουκιές Βρώμης Μήλο-Κανέλα-Αμύγδαλα 70gr,1.41
2025-11-07,337920,Lacta Σοκολάτα 3x85gr,5.33
2025-11-07,331786,Jumbo Tortilla Chips Nacho Cheese 100gr,1.00
2025-11-07,331533,Cheetos Pizza 110gr,1.48
2025-11-07,336612,Ferrero Nutella & Go 52gr,1.49
2025-11-07,337274,M&M's Σοκολάτα 250gr,3.87
2025-11-07,304161,Καραμολέγκος Carre Pistachio Cream 100gr,1.46
2025-11-07,302224,Παπαδοπούλου Ψωμί Φέτες Πολύσπορο Χωρίς Γλουτένη 300gr,3.80
2025-11-07,301869,Μπλε Μύλος Family Αρτοσκεύασμα Ψημένο Κατεψυγμένο 420gr,1.67
2025-11-07,336077,Serenata Double Γκοφρέτα Σοκολάτα Γάλακτος 48gr,2.43
2025-11-07,339055,Zero Καραμέλες Βουτύρου & Με Γέμιση Σοκολάτας 80gr,1.20
2025-11-07,336814,Serenata Double Γκοφρέτα 48gr,0.86
2025-11-07,303622,Αρτόπουλος Πίτες Για Σουβλάκι Σταρένιες 680gr,2.29
2025-11-07,333432,Βιολάντα Μπισκότα Πτι-Μπερ Γέμιση Κρέμα 215gr,1.77
2025-11-07,337979,Lacta Σοκολάτα Φουντούκι 85gr,2.72
2025-11-07,337895,KitKat 4 Finger Dark 41.5gr,1.05
2025-11-07,339122,Haribo Miami Fizz Ζελεδάκια 85gr,0.92
2025-11-07,303238,Tsanos Κριτσίνια Φρέσκο Πατζάρι 120gr,1.58
2025-11-07,350779,Bevelini Πουράκι Κρέμα Κακάο & Φουντούκι 400gr,2.58
2025-11-07,337883,ΙΟΝ DERBY Σοκολάτα Υγείας-Crisp Rise & Καρύδα 38gr,0.72
2025-11-07,306126,Big Taste Κρουασάν Pralina 90gr,0.74
2025-11-07,302475,Κρις Κρις Selection Bread 360gr,1.34
2025-11-07,337786,Mars Σοκολάτα Minis 275gr,3.05
2025-11-07,303175,Κρητών Άρτος Ντακάκια Λαδιού Με Ντομάτα & Θυμάρι 400gr,2.48
2025-11-07,303579,Alfa Καλόζυμα Παξιμάδια Λαδιού Κυθήρων 300gr,2.99
2025-11-07,305666,Φαίδων Κριτσίνια Ολικής Άλεσης 400gr,3.16
2025-11-07,305106,Τρία Λάμδα Κουλουράκια Σμυρνέικα 300gr,2.69
2025-11-07,274009,Agrino Ρυζογκοφρέτες Λευκή Σοκολάτα Espresso 64gr,2.38
2025-11-07,305458,Tsanos Τσανάκια Με Καρότο 240gr,3.29
2025-11-07,303456,Τsanos Κριτσίνια Όλικής 120 gr,1.60
2025-11-07,333354,Παπαδοπούλου Pick Στρογγυλά Βάζο 350gr,2.21
2025-11-07,331585,Lay's Σνακ Ολικής Ντομάτα & Πιπεριά 95g,1.95
2025-11-07,332017,Παπαδοπούλου Pick Cheese Crackers 45gr,0.55
2025-11-07,303624,Κρήτων Άρτος Παξιμάδι Γεύση Σκόρδο 400gr,2.21
2025-11-07,332139,Lay's Mε Γεύση Σκόρδο & Bοτανα 95gr,1.49
2025-11-07,332075,Croco Cracker Σουσάμι 100gr,0.65
2025-11-07,305046,Γιαννιώτικος Μπακλαβάς Κανταϊφι 30gr,0.96
2025-11-07,338305,Ferrero Kinder Crispy Γκοφρέτα Κακάο-Φουντούκι 34gr,0.99
2025-11-07,303062,Σαμαριά Παξιμαδάκι Λαδιού Με Λιναρόσπορο 350g,2.36
2025-11-07,304089,Φαίδων Σταφιδόψωμο 80gr,0.89
2025-11-07,340181,Orbit Τσίχλα OTC Strawberry 14gr,0.77
2025-11-07,331943,Pringles Πάπρικα 165gr,2.20
2025-11-07,331869,Jumbo Cuba Honakia Πικάντικα 250gr,2.83
2025-11-07,304179,7 Days Cake Bar Κακάο 5x30gr,2.32
2025-11-07,333394,Πτι Μπερ Μπισκότα Σοκολάτα Snack Packs 4x44gr,2.32
2025-11-07,331929,Tsakiris Chips Sour Cream 120gr,1.75
2025-11-07,303443,Elite Κριτσίνια Μεσογειακά Με Τομάτα & Ρίγανη 125gr,1.75
2025-11-07,273375,Naturals Τραγανή Σοκολάτα Γάλακτος Πρωτείνη 40gr,1.75
2025-11-07,340121,Trident Senses Τσίχλες Καρπούζι 27gr,1.17
2025-11-07,650927,7 Days Mini Κρουασάν Mιλφέιγ 300gr,3.22
2025-11-07,300180,Τσατσάκης Κρουτόν Ολικής Άλεσης 150gr,1.44
2025-11-07,303449,Tsanos Κριτσίνια Σουσάμι 120gr,1.60
2025-11-07,334013,Gullon Μπισκότα Mega Duo Double Κακάο 500gr,2.31
2025-11-07,305045,Γιαννιώτικος Μπακλαβάς Αμύγδαλο Και Μέλι 30gr,0.96
2025-11-07,331494,Oho Chips Από Φακή Γεύση Μπεϊκον & Σφένδαμο 100gr,1.66
2025-11-07,337792,Twix Xtra Σοκολάτα Γεμιστή 75gr,1.60
2025-11-07,306410,Οικογένεια Στεργίου Κρουασάν Ολικής Άλεσης 260gr,2.59
2025-11-07,330867,U- Pop Ποπ Κορν 380gr,0.89
2025-11-07,338304,Ferrero Kinder Tronky 18gr,0.60
2025-11-07,302216,Φαίδων Crispbread Βρώμης Με Ηλιόσπορο & Κριθάρι 180gr,3.10
2025-11-07,338140,M&M's Φιστίκι 250gr,3.87
2025-11-07,302043,Παπαδοπούλου Crackinettes Χωρίς Γλουτένη 100gr,1.93
2025-11-07,332049,Lay's Cracker Πάπρικα 80gr,1.20
2025-11-07,301934,Schar Ψωμί Pan Blanco Φέτες Χωρίς Γλουτένη 250gr,2.42
2025-11-07,333969,Αλλατίνη Μπισκότα Γεμάτα και Τραγανά Φράουλα 230gr,1.63
2025-11-07,303046,Παξαμάς Ζέας 400gr,3.90
2025-11-07,339042,Zero Καραμέλες Espresso 32gr,0.79
2025-11-07,305137,Φαίδων Αγαπημένα Μουστοκούλουρα Με Σουσάμι & Σταφίδες 400gr,3.48
2025-11-07,332229,Tsakiris Sticks Cups Cheeseburger 60gr,1.23
2025-11-07,303050,Παξαμάς Ολικής Με Ελαιόλαδο 400gr,3.70
2025-11-07,306056,Molto Κρουασάν Double Κακάο Βανίλια 98gr,1.31
2025-11-07,338820,Biscomania Soft Cake Πορτοκάλι 125gr,1.05
2025-11-07,337806,Snickers Minis Σοκολάτα 275gr,3.05
2025-11-07,337190,Lacta Σοκολάτα Oreo Sandwich 92gr,2.72
2025-11-07,340067,Mentos Storming Spearmint Τσίχλες 33gr,1.19
2025-11-07,333395,Elite Crackers Μεσογειακά Με Γλυκιά Πάπρικα 105gr,1.55
2025-11-07,304081,Mr Brownie Σοκολάτας 200gr,2.83
2025-11-07,305592,Βιολάντα Cookies Full 45 Μπισκότα 150gr,1.73
2025-11-07,337578,Lacta Σοκολάτα Με Γεύση Banoffee 105gr,2.72
2025-11-07,304571,7 Days Swiss Rolls Kέικ Κακάο 200gr,1.44
2025-11-07,316002,Εκλεκτές Γεύσεις Γλυκό Κουταλιού Κυδώνι 450gr,3.55
2025-11-07,303042,Vivi Verde Κριτσίνια Ολικής Άλεσης Biologico 180gr,2.24
2025-11-07,339621,Λάβδας Καραμέλες Γάλακτος 300gr,2.14
2025-11-07,337495,Παυλίδης Σοκολάτα Υγείας Γέμιση Κρέμα Κακάο 100gr,2.87
2025-11-07,339308,Tic Tac Καραμελάκια Κουφέτα Πορτοκά 18gr,0.99
2025-11-07,340513,Haribo Happy Cherries 100gr,0.92
2025-11-07,333325,Kings Soft Cookie Orange & Dark Chocolate Chunk 160gr,1.50
2025-11-07,322049,Μακεδονικός Χαλβάς Σοκολατένιος Φουντούκια 40gr,1.05
2025-11-07,301908,Bakehellas Προζυμένιο Ψημένο Καρβέλι 530gr,1.95
2025-11-07,350003,Παπαδοπούλου Nutries Βρώμη & Μαύρη Σοκολάτα 150gr,1.80
2025-11-07,334014,Gullon Μπισκότα Mega Duo Γεμιστά Βανίλια 500gr,2.16
2025-11-07,300203,Πίτσα Σπέσιαλ Στρογγυλή Ψημένη Κατεψυγμένη 280gr,1.99
2025-11-07,302244,"7" Days Bake Rolls Mini Barbeque 150gr,1.65
2025-11-07,340671,Orbit Τσίχλες Bubblemint Μπουκάλι 64gr 46τεμ,2.88
2025-11-07,305364,Κουλτουράκι Κανέλα Γαρύφαλλο Μαύρη Ζάχαρη 180gr,2.23
2025-11-07,332117,Elite Crackers Μεσογειακά Με Φέτα & Ρίγανη 3x105gr,3.65
2025-11-07,332055,Παπαδοπούλου Cream Crackers Με Χαρούπι 190gr,1.71
2025-11-07,300930,Ντόνατ Κανέλα Με Γέμιση Μήλο Ψημένο Κατεψυγμένο 65gr,0.89
2025-11-07,343000,Jannis Παστέλι Με Σουσάμι Μέλι Χαρούπι & Τζίντζερ 40gr,0.80
2025-11-07,339222,Λάβδας Καραμέλες Jelly Pop 130gr,1.21
2025-11-07,306094,Big Taste Κρουασάν Pralina 150gr,1.25
2025-11-07,303584,Παπαδοπούλου Τοστ Γεύση 2 Πολύσπορο Ολικής Άλεσης 380gr,1.10
2025-11-07,332078,Elephant Mini Pretzel Με Τομάτα & Μυρωδικά 70gr,0.84
2025-11-07,305637,My Gusto Πτι Φουρ Ινδοκάρυδο 330gr,2.75
2025-11-07,337483,ΙΟΝ Σοκολάτα Dark Super Fruits 90gr,2.00
2025-11-07,333975,Αλλατίνη Μπισκότα Γεμάτα & Τραγανά Σοκολάτα 230gr,1.63
2025-11-07,322172,Μακεδονικός Χαλβάς Espresso 40gr,0.95
2025-11-07,340518,Haribo Happy Cola 100gr,0.92
2025-11-07,332004,Παπαδοπούλου Pick Crackers Bacon 100gr,1.15
2025-11-07,272529,Crisp Corn Λεπτές Γκοφρέτες Καλαμποκιού BBQ 123-5gr,2.53
2025-11-07,337962,Lacta Σοκολάτα Αμυγδάλου & Cracker 85gr,2.70
2025-11-07,333226,Αλλατίνη Μπισκότα Γεμάτα & Τραγανά Με Μπανάνα 230gr,1.63
2025-11-07,337004,ΙΟΝ Σοκολάτα Γάλακτος 30gr,0.91
2025-11-07,338338,Lacta Σοκολάτα Γάλακτος Με Ολόκληρο Φουντούκι 45gr,1.18
2025-11-07,303590,Forma Φρυγανιές Σίτου 500gr,1.76
2025-11-07,338207,ΙΟΝ Σοκολατάκια Noisetta 220gr,4.90
2025-11-07,332056,Wasa Crackers Paprika 150gr,1.81
2025-11-07,302392,Παπαδοπούλου Φρυγανιές Σίκαλης 160gr,1.16
2025-11-07,338339,Milka Alpine Σοκολάτα Γάλακτος 90gr,1.36
2025-11-07,304091,Φαίδων Καρύδα 80gr,1.54
2025-11-07,337904,ΙΟΝ Σοκολάτα Γάλακτος 30gr 3+1 Δώρο,2.73
2025-11-07,302287,Το Μαννα Κριτσίνια Με Χαρούπι Από Πετρόμυλο 170 gr,2.41
2025-11-07,305546,Βιολάντα Μπισκότα Digestive 0% Ζάχαρη 220gr,1.93
2025-11-07,305740,Το Μάννα Λαδοκούλουρο Χωρίς Ζάχαρη 170gr,3.15
2025-11-07,305448,Tsanos Μουστουκούλουρα Μαλακά 350gr,3.31
2025-11-07,332228,Elephant Mini Pretzel Lime & Chili 70gr,0.84
2025-11-07,332122,Mini Pick Cracker Bacon 2x100gr,2.20
2025-11-07,302437,Elephant Pretsel Sriracha-Cheese 25gr,1.37
2025-11-07,302405,Wasa Crunches Chia + Θαλασσινό Αλάτι 245gr,2.56
2025-11-07,340544,Haribo Wummis 100gr,0.92
2025-11-07,322128,Μακεδονικός Χαλβάς Espresso 16x40gr,15.20
2025-11-07,302276,Forma Φρυγανιές Σίκαλης 360gr,1.70
2025-11-07,305102,Τρία Λάμδα Κουλουράκια Κανέλας 300gr,2.69
2025-11-07,340511,Haribo Χρυσά Αρκουδάκια Ζελίνι Μίνι 250gr,2.73
2025-11-07,332015,Παπαδοπούλου Cream Cracker Πολύσπορα 5 Fresh Pack 250gr,2.50
2025-11-07,332451,Gullon Mini Fish Κρακεράκια 350gr,1.80
2025-11-07,338228,ΙΟΝ Σοκολάτα Αμυγδάλου 100gr,1.84
2025-11-07,350012,Παπαδοπούλου Μπισκότα Πολυδημητριακά Με Γάλα 160gr,1.81
2025-11-07,274514,Crispy King Ρυζογκοφρέτες Superseeds Χωρίς Γλουτένη 100gr,1.42
2025-11-07,304018,Lacta Κέικ Brownie 150gr,2.64
2025-11-07,305428,Βιολάντα Family Κουλουράκια Γεμιστά Φράουλα 300gr,2.21
2025-11-07,305153,Tsanos Τσανάκια Σνακς Λιαστή Ντομάτα 60gr,0.88
2025-11-07,305107,Τρία Λάμδα Κουλουράκια Σταφίδας 300gr,2.69
2025-11-07,300141,Crisp Bread Με Ελιές & Σκόρδο 130gr,2.10
2025-11-07,334008,Gullon Μπισκότα Digestive Βρώμης Χωρίς Ζάχαρη 410gr,1.91
2025-11-07,340946,Mentos Pure Fresh Pocket Bottle Wintergreen Τσίχλες 28gr,1.39
2025-11-07,337138,Παυλίδης Σοκολάτα Υγείας Cappuccino 100gr,2.86
2025-11-07,332224,Doritos Sweet Chili 180gr,1.99
2025-11-07,339167,Skittles Fruits Καραμέλες 38gr,0.90
2025-11-07,339164,Chupa Chups Γλειφιτζούρι Sugar Free 66gr,2.49
2025-11-07,343729,Jannis Παστέλι Φιστίκι Κελυφωτό 40gr,1.96
2025-11-07,659307,Biovita Βάφλες Με Μέλι Χωρίς Ζάχαρη 175gr,3.60
2025-11-07,304126,Mr Brownie Κέϊκ Λευκή Βελγική Σοκολάτα 200gr,2.83
2025-11-07,331591,My Popcorn Με Ελαιόλαδο & Θαλασσινό Αλάτι 185gr,3.20
2025-11-07,274013,Crisp Corn Καλαμπογκοφρέτες Jamon Iberico 123-5g,2.42
2025-11-07,303420,Mini Τριγωνάκι Χειροποίητο Ψημένο Κατεψυγμένο 55gr,0.50
2025-11-07,333057,Παπαδοπούλου Μπισκότα Γεμιστά Καρύδα 200gr,1.19
2025-11-07,305136,Φαίδων Μουστοκούλουρα Αγαπημένα 400gr,3.06
2025-11-07,333488,Παπαδοπούλου Caprice Dark 115gr,1.95
2025-11-07,304169,Halloween Monster Κέικ 350gr,1.78
2025-11-07,302345,Παπαδοπούλου Φρυγανιές Χωριάτικες Με Χαρούπι 240gr,2.30
2025-11-07,331491,Ruffles KFC 120gr,1.56
2025-11-07,305438,Tsanos Kουλούρια Με Καρότο 200gr,2.47
2025-11-07,302003,Elite Φρυγανιές Σίκαλης 180gr,1.44
2025-11-07,332120,Mini Pick Crackers Κλασσικά 2x100gr,2.20
2025-11-07,333420,Αλλατίνη Μπισκότα Choco Bloom Οικογενειακή Συσκευασία 6x35gr,4.25
2025-11-07,337983,Παυλίδης Σοκολάτα Αμύγδαλο & Bύσσινο 100gr,2.15
2025-11-07,333368,Βιολάντα Cookies Κακάο Zero 170gr,1.82
2025-11-07,340128,Trident Oral B Δυόσμος 17gr,1.17
2025-11-07,303140,Ποριαζή Παξιμάδια Σίτου Ολικής Άλεσης 600gr,3.23
2025-11-07,669754,Tsanos Μπουκιές Παξιμαδάκια Κρίθινες 400gr,2.54
2025-11-07,669507,Tsanos Τσανάκια Σοκολάτα Υγείας 300gr,3.38
2025-11-07,303550,Το Μάννα Παξιμάδι Λαδιού Χωρίς Aλάτι 300gr,3.33
2025-11-07,339038,Zero Καραμέλες Ευκάλυπτος 32gr,0.79
2025-11-07,305446,Tsanos Μουστοκούλουρα Σταφίδα Καρύδια 300gr,3.34
2025-11-07,302476,Καραμολέγκος Τρίμμα Για Πανάρισμα 200gr,0.86
2025-11-07,306477,Tottis Εκλεκτή Αρτοποιΐα Κρουασανάκια Με Κακάο 300gr,2.69
2025-11-07,302143,My Gusto Φρυγανιές Σταρένιες 250gr,0.93
2025-11-07,301339,Schar Χωριάτικο Ψωμί Τοστ Φέτες Χωρίς Γλουτένη 240gr,3.94
2025-11-07,339017,Oscar Σοκολατάκια Υγείας Μινι Σακούλα 300gr,6.69
2025-11-07,332161,Elite Crackers Μεσογειακά Φυσική Με Σουσάμι 105 gr,1.55
2025-11-07,302488,Βοσινάκη Χωριάτικες Φρυγανιές Σουσάμι 240gr,1.55
2025-11-07,331957,Tsakiris Chips Paprika 120gr,1.82
2025-11-07,303269,Βελεγράκη Ντακάκια Με Ρίγανη & Ελαιόλαδο Χωρίς Γλουτένη 300gr,5.09
2025-11-07,114101,Nesquik Snack Κρέμα 26gr,0.72
2025-11-07,322050,Μακεδονικός Χαλβάς Σοκολατένιος Με Φουντούκια 16X40gr,16.80
2025-11-07,337267,Ferrero Kinder Country 94gr,2.50
2025-11-07,303272,Eleni Κριτσίνια Με Καλαμπόκι 150gr,1.90
2025-11-07,332863,Croco Brezel Cr.Ανάμεικτα Αλμυρά 250gr,1.25
2025-11-07,303295,Vitavigor Κριτσίνια Παραδοσιακά Με Παρθένο Λάδι 125gr,1.25
2025-11-07,340944,Mentos Pure Fresh Pocket Bottle Mint Τσίχλες 28gr,1.39
2025-11-07,338344,Lacta Σοκολάτα Γάλακτος Ολόκληρο Φουντούκι Πολυσυσκευασία 45gr 3τεμ,3.36
2025-11-07,332227,Elephant Pretzel Glazed Bbq 125gr,1.41
2025-11-07,343065,Attika Παστέλι Με Φιστίκι Καραμελέ 90gr,1.20
2025-11-07,303237,Tsanos Κριτσίνια Με Chia & Μάραθο 120gr,1.58
2025-11-07,303000,Το Μάννα Mini Κριθαροκουλούρα Xειροποίητη 400gr,3.26
2025-11-07,340090,Mentos Pure Fresh Pocket Bottle Lemonade Τσίχλες 28gr,1.39
2025-11-07,302492,Το Μάννα Κριθαρένιος Ντάκος 600gr,3.41
2025-11-07,338208,ΙΟΝ Παιχνιδο-Αυγό 20gr,1.02
2025-11-07,302264,Wasa Φρυγανιές Με Βρώμη & Αλάτι 265gr,2.47
2025-11-07,305600,Βιολάντα Μπισκότα Πίτυρον Γεμιστά Κρέμα Bitter Σοκολάτα 170gr,1.91
2025-11-07,340339,Trident Splash Τσίχλα Vanilla-Mint 22gr,1.17
2025-11-07,337046,ΙΟΝ Noisetta Σοκολατίνια Φάκελος 440γρ,8.95
2025-11-07,340945,Mentos Pure Fresh Pocket Bottle Bubble Fresh Τσίχλες 28gr,1.39
2025-11-07,337163,Παυλίδης Σοκολάτα Κεράσι 100gr,2.72
2025-11-07,332058,Agrino Rice Chips Ketchup 60gr,1.34
2025-11-07,300036,Πιροσκί Λουκάνικο Ψημένο Κατεψυγμένο 140gr,1.80
2025-11-07,340141,Mentos Pure Fresh Strawberry Τσίχλες 30gr,1.19
2025-11-07,331434,Schar Salinis Πρέτσελ Χωρίς Γλουτένη 60gr,1.60
2025-11-07,339873,Chupa Chups Melody Pops Φράουλα 1τεμ,0.49
2025-11-07,333568,Παπαδοπούλου Μπισκότα Digestive 400gr,2.29
2025-11-07,338211,ΙΟΝ Serano Σοκολατάκια Με Κρέμα Φράουλα 65gr,1.73
2025-11-07,340070,Chupa Chups Γλειφιτζούρι Mini The Best 180gr,2.89
2025-11-07,303302,Μπαγκέτα Ολικής Ψημένη Κατεψυγμένη 250gr,0.87
2025-11-07,305069,Το Μάννα Biscotti Με Σοκολάτα 110gr,1.81
2025-11-07,332226,Doritos Hot Corn 90gr,1.48
2025-11-07,303585,Elite Κριτσίινια Snack Παρμεζάνα 110gr,1.75
2025-11-07,303305,Μπαγκέτα Αρχαίων Σπόρων Ψημένη Κατεψυγμένη 120gr,0.80
2025-11-07,305614,My Gusto Κουλούρια Γεμιστά Μακρόστενα 350gr,3.52
2025-11-07,350227,Παπαδοπούλου Μπισκότα Μιράντα Ολικής 270gr,1.40
2025-11-07,305731,Το Μάννα Λαδοκούλουρο 290gr,3.39
2025-11-07,340192,ΕΛΜΑ Τσίχλα Με Μαστιχέλαιο Χωρίς Ζάχαρη 13gr,0.95
2025-11-07,306012,Dolce Κρουασάν Κρέμα Buono & Πραλίνα 150gr,1.20
2025-11-07,304016,Οικογένεια Στεργίου Muffin Βουτύρου Salted Caramel 120g,1.15
2025-11-07,302496,Krambals Bruschetta Τομάτα & Μοτσαρέλα 70gr,1.00
2025-11-07,332230,Tsakiris Sticks Cups Spicy Hot 60gr,1.23
2025-11-07,333211,Caprice Βανίλια 250gr,3.56
2025-11-07,338617,Παυλίδης Σοκολάτα Υγείας 65gr,1.65
2025-11-07,192993,Bio Καρύδες Μπουκιές Εισαγωγής 100gr,2.49
2025-11-07,338236,ΙΟΝ Παιχνιδο-Αυγό Πολυσυσκευασία 3x20gr,2.72
2025-11-07,338209,ION Selection Σοκολατάκια Pralines 198gr,3.60
2025-11-07,303304,Μπαγκέτα Μονοποικιλιακή Superfoods Ψημένη Κατεψυγμένη 250gr,0.80
2025-11-07,304603,Οικοπάλ Μπισκότα Σοκολάτας Bio 150gr,2.77
2025-11-07,336139,Serenata Minis Γκοφρετίνια Επικάλυψη Σοκολάτα Υγείας 180gr,3.19
2025-11-07,343724,Jannis Παστέλι Σουσάμι & Μέλι 70gr,1.24
2025-11-07,303138,Ποριαζή Παξιμάδια Κρίθινα Ολικής Άλεσης 800gr,4.10
2025-11-07,333521,Παπαδοπούλου Μπισκότα Μιράντα 125gr,0.77
2025-11-07,333668,Βιολάντα Μπισκότα Breakfast Χωρίς Ζάχαρη 18gr,1.88
2025-11-07,338220,ΙΟΝ Σοκολάτα Γάλακτος 100gr,1.79
2025-11-07,337842,I Love Lacta Σοκολατάκια Φουντουκιού 165γρ,6.05
2025-11-07,333967,Αλλατίνη Μπισκότα Γεμάτα Και Τραγανά Πορτοκάλι 230gr,1.63
2025-11-07,306404,Οικογένεια Στεργίου Τσουρέκι Πραλίνα 450gr,3.69
2025-11-07,273052,3Friends Βιολογικά Chips Ρυζιού Με Κεχρί & Ηλιόσπορο 60gr,1.41
2025-11-07,337601,Ferrero Rocher Σοκολατάκια 30τεμ 375gr,11.99
2025-11-07,305072,Το Μάννα Biscotti Με Αμύγδαλο 110gr,1.81
2025-11-07,302474,Elite Φρυγανιές Σικάλεως Χωρίς Aλάτι 360gr,2.29
2025-11-07,280170,Καραμολέγκος Αξιαγάπιτες Τορτίγιες Τομάτα 6 Πίτες 370gr,1.91
2025-11-07,340159,Orbit Τσίχλα Φράουλα Λεμόνι Μπουκάλι 67gr,2.99
2025-11-07,301783,Mestemacher Ψωμί Σικαλής & Πρωτεΐνη 250gr,4.38
2025-11-07,303236,Tsanos Κριτσίνια Με Κουρκουμά & Κόλιανδρο 120gr,1.58
2025-11-07,332006,Παπαδοπούλου Cream Crackers Κριθάρι και Βρώμη 185gr,1.89
2025-11-07,333453,Ferro Micro Cookies Μπισκότα Μαύρης Σοκολάτας 70gr,0.82
2025-11-07,333343,Βιολάντα Μπισκότα Πτι-Μπερ Κλασικό 190gr,1.39
2025-11-07,300089,Schar Ψωμί Pan Multigrano Φέτες Χωρίς Γλουτένη 250gr,2.78
2025-11-07,302310,Tsanos Bran Crackers Με Χαρούπι 107gr,2.45
2025-11-07,340548,Βιαπ Mentel Παστίλιες Αρωματικές 60gr,1.49
2025-11-07,339606,Λάβδας Τσάρλεστον Τριαντάφυλλο 200gr,2.24
2025-11-07,338212,ΙΟΝ Σοκολάτα Φουντουκιού 100gr,1.84
2025-11-07,304084,Bio Bakery Κουλουράκια Ταχίνι Μέλι 200gr,2.98
2025-11-07,336991,ΙΟΝ Σοκολατάκια Mini Γάλακτος Σακούλα 350gr,7.13
2025-11-07,339901,Werthers Καραμέλες 50gr,1.08
2025-11-07,342360,Σαράντης Λουκούμια Μπουκιές Ανάμεικτα 400gr,2.92
2025-11-07,333602,McVitie's Μπισκότα Digestive Milk Chocolate 200gr,2.28
2025-11-07,343099,Jannis Ράβδοι Στικ Καρύδας 40gr,0.77
2025-11-07,340213,Haribo Kinder Party 250gr,2.73
2025-11-07,337958,Ferrero Rocher Σοκολάτα Γάλακτος 90g,2.99
2025-11-07,337515,Lacta Σοκολάτα Oreo Φράουλα 105gr,2.72
2025-11-07,333582,Παπαδοπούλου Trio Πτι Μπερ Επικάλυψη Σοκολάτας 150gr,2.58
2025-11-07,336249,ΙΟΝ Σοκοφρέτα Υγείας Stevia 38gr,0.64
2025-11-07,350011,Bevelini Πουράκι Με Φυστικοβούτυρο 400gr,2.66
2025-11-07,337008,ΙΟΝ Σοκολάτα Φουντούκι 200gr,3.38
2025-11-07,333289,Παπαδοπούλου Μπισκότα Choco Strawberry 150gr,2.20
2025-11-07,303299,Μπαγκέτα Λευκή Ψημένη Κατεψυγμένη 250gr,0.89
2025-11-07,305617,My Gusto Γεμιστά Κουλούρια Στρογγυλά 350gr,3.52
2025-11-07,316005,Εκλεκτές Γεύσεις Γλυκό Κουταλιού Αγριοβύσσινο 450gr,6.59
2025-11-07,302511,7 days Bake Rolls Mini Sour 150gr,1.65
2025-11-07,302443,Σαμαριά Παξιμάδι Με Ταχίνι 180gr,1.54
2025-11-07,336183,Wish Wafer Bites Με Stevia 150gr,2.12
2025-11-07,340147,Mentos Pure Fresh Cherry Τσίχλες Σε Μπουκάλι 87gr,3.47
2025-11-07,337234,M&M'S Σοκολάτα 125gr,2.71
2025-11-07,340610,Trident White Τσίχλα Δυόσμος 16τεμ,1.19
2025-11-07,305363,Κουλτουράκι Λεμόνι 180gr,2.23
2025-11-07,343711,Jannis Μαντολάτο Αμυγδάλου 50gr,0.86
2025-11-07,337102,Lacta Σοκολάτα Γάλακτος 200gr,4.26
2025-11-07,305032,Παπαδοπούλου Γλυκοκεράσματα Βουτύρου 330gr,3.53
2025-11-07,336243,ΙΟΝ Σοκοφρέτα Φουντούκι Maxi 60gr,0.90
2025-11-07,274024,Nutri Valley Γκοφρέτες Φακής Χωρίς Γλουτένης 135gr,2.21
2025-11-07,273504,3S We Bio Ρυζογκοφρέτα Σοκολάτα Χωρίς Γλουτένη 65gr,1.56
2025-11-07,305366,Κουλτουράκι Βούτυρο 180gr,2.23
2025-11-07,337416,Παυλίδης Σοκολάτα Υγείας Αμυγδάλου 100gr,2.15
2025-11-07,338929,Oscar Σοκολατάκια Γεμιστά Cherry 200gr,4.02
2025-11-07,332109,Elite Crackers Μεσογειακά Με Φυσική Γεύση 3x105gr,3.65
2025-11-07,333384,Oreo Remix Raspberry & Vanilla 157gr,1.00
2025-11-07,332051,Lay's Cracker Ντομάτα 80gr,1.20
2025-11-07,332050,Lay's Cracker Λαχανικά 80gr,1.20
2025-11-07,336095,HealthyCo Βάφλα Σοκολάτα 24gr,1.51
2025-11-07,332048,Βιολάντα Digestive Μπισκότα Γεμιστά Μαύρη Σοκολάτα 200gr,1.97
2025-11-07,339060,Yum Earth Snack Φρούτων Βιολογικά 50gr,1.76
2025-11-07,339007,Zero Καραμέλες Ευκάλυπτος Μέλι 32gr,0.79
2025-11-07,343019,Attika Μαντολάτο με Φιστίκι 90gr,1.18
2025-11-07,234527,Vivi Verde Μπισκότα Φρούτα & Ίνες Bio 230gr,2.28
2025-11-07,303044,Bene Si Crackers Χωρίς Γλουτένη 200gr,3.10
2025-11-07,335217,Φαίδων Mini Cup Cakes Με Πορτοκάλι 200gr,2.61
2025-11-07,322456,My Gusto Χαλβάς Βανίλια 400gr,2.28
2025-11-07,337171,Toblerone Σοκολάτα Γάλακτος 100gr,2.85
2025-11-07,274032,Fytro Ρυζογκοφρέτα Χωρίς Γλουτένη 100gr,1.26
2025-11-07,300900,Φωλιά Με Μπείκον Ψημένα Κατεψυγμένα 220gr,2.20
2025-11-07,300001,Φρατζόλα Χωριάτικη "Campaillette" Προψημένη 330gr,1.40
2025-11-07,342001,Ελμα Λουκούμι Με Μαστίχα Χίου 340gr,3.02
2025-11-07,333011,Παπαδοπούλου Super Rondo Σοκολάτας 500gr,2.49
2025-11-07,322103,Μακεδονικός Χαλβάς Κακάο 400gr,5.90
2025-11-07,333661,Παπαδοπούλου Μπισκότα Digestive Με 35% Λιγότερα Λιπαρά 250gr,1.61
2025-11-07,333617,Mcvitie's Μπισκότα Digestive 30% Λιγότερα Λιπαρά 250gr,1.98
2025-11-07,338314,Νestle Σοκολάτα Damak Ezme 60gr.,2.98
2025-11-07,304094,Gecchele Κέϊκ Με Σοκολάτα & Κρέμα 400gr,3.47
2025-11-07,306067,"7" Days Mini Κρουασάν Κακάο Βανίλια 103gr,1.35
2025-11-07,331581,Cheetos Πέτρα Ψαλίδι Πατούσα 104gr,1.49
2025-11-07,340545,Haribo Χρυσά Αρκουδάκια 200gr,1.66
2025-11-07,331761,El Sabor Nacho Chips Bbq 225gr,1.98
2025-11-07,350016,Παπαδοπούλου Μπισκότα Βρώμης Με Κράνμπερι 155gr,1.81
2025-11-07,300138,Πιροσκί Ζαμπόν Τυρί 130gr,1.95
2025-11-07,332128,Mini Pick Cracker Κλασσικά 4x70gr,2.85
2025-11-07,333405,McVitie's Crackers Sour Cream 110gr,0.75
2025-11-07,340169,Mentos Τσίχλες Vitamins Berry Mix 45τεμ,3.46
2025-11-07,337537,Ferrero Kinder Bueno 107-5gr,2.02
2025-11-07,304572,7 Days Swiss Rolls Kέικ Φράουλα 200gr,1.44
2025-11-07,337226,Lacta Σοκολάτα Oreo White 100gr,2.72
2025-11-07,336992,ΙΟΝ Σοκολατάκια Αμυγδάλου Μϊνι Σακούλα 350gr,7.28
2025-11-07,340400,Trident Splash Τσίχλα Green Mint 22gr,1.17
2025-11-07,338302,Maltesers Truffles 200gr,5.49
2025-11-07,273469,Crisp Corn Δημητριακά Μέλι & Μουστάρδα 123gr,2.53
2025-11-07,337796,Ritter Sport Σοκολάτα Dark Chocolate Marzipan 100gr,2.64
2025-11-07,340151,Haribo Ζελίνια Starmix 200gr,1.66
2025-11-07,380724,Φαίδων Σιροπιαστά Τουλουμπάκια 450gr,4.52
2025-11-07,304686,Οικοπάλ Μπισκότα Φυστικοβούτυρο Cranberries Χωρίς Ζάχαρη 150gr,2.77
2025-11-07,332140,Doritos Cool Original 90gr,1.48
2025-11-07,332238,Rap Snacks Snoop Dogg Bbq Cheddar 71gr,2.95
2025-11-07,338306,Maltesers Medium Pouch 93gr,2.61
2025-11-07,333438,Αλλατίνη Μπισκότα Φράουλα Γεμάτα Max 6x35gr,2.85
2025-11-07,304093,Gecchele Treccia Σοκολάτα & Κρέμα 300gr,3.47
2025-11-07,340191,Orbit Τσίχλες Sweet Mint 14gr,0.77
2025-11-07,342455,Κουλού Λουκούμια Μπουκιές Σακούλα 450gr,3.26
2025-11-07,340060,Trident Senses Φράουλα27gr,1.17
2025-11-07,337208,Oreo Μπισκότα Crunchy Bites Επικάλυψη Σοκολάτας 110gr,2.05
2025-11-07,339200,Skittles Tropical Candy 38gr,0.79
2025-11-07,274031,Fytro Καλαμπογκοφρέτα Χωρίς Γλουτένη 110gr,1.25
2025-11-07,337894,Serenata Triplo Σoκολάτα Γάλακτος Με Γέμιση Φυστοκοβούτυρο 50gr,0.96
2025-11-07,340182,Orbit Τσίχλα OTC Bubblemint 14gr,0.77
2025-11-07,331796,Tsakiris Κυματιστά Ρίγανη 120gr,1.82
2025-11-07,303066,Φαίδων Κριτσίνι Πρέτζελ 200gr,2.46
2025-11-07,340200,Trident Max Frost Τσίχλα Καρπούζι 20gr,1.19
2025-11-07,273062,3Friends Γκοφρέτα Ρυζιού Με Κρέμα Φουντούκι Κακάο 25gr,0.88
2025-11-07,333474,Kings Soft Cookie Πρωτεΐνης 160gr,2.00
2025-11-07,300074,Σόβολος Χωριανό Αργής Ωρίμανσης 400gr,1.99
2025-11-07,332857,Croco Κρακεράκια & Brezel Ανάμικτα 500gr,2.60
2025-11-07,305444,Tsanos Kουλούρια Σοκολάτας 300gr,3.34
2025-11-07,302447,Elite Φρυγανιές Σίτου 250gr,1.35
2025-11-07,334044,Nesquik Μπισκότα 300gr,3.49
2025-11-07,273369,Naturals Τραγανή Μαύρη Σοκολάτα Πρωτείνη 40gr,1.75
2025-11-07,332555,Βιολάντα Proteino Μπισκότα Σοκολάτα 150gr,2.17
2025-11-07,333461,OREO Κακάο Με Γέμιση Διπλή Κρέμα Βανίλιας 185gr,1.44
2025-11-07,332192,Doritos Sweet Chili 90gr,1.48
2025-11-07,306078,Folie Κρουασάν Salted Caramel 80gr,1.15
2025-11-07,340160,Orbit Refreshers Τσίχλα Μέντα Χωρ. Ζάχαρη Μπουκάλι 67gr,2.99
2025-11-07,333973,McVities Μπισκότα Digestive Dark Choco 200gr,2.28
2025-11-07,274507,My Gusto Καλαμπογκοφρέτα Bio 120 gr,1.75
2025-11-07,340051,Έλμα Τσίχλα Κουφέτο 13gr,0.98
2025-11-07,333414,Wasa Μπισκότα Multigrain 230gr,2.24
2025-11-07,333407,McVitie's Crackers Thai Sweet Chilli 110gr,0.75
2025-11-07,340142,Mentos Vitamins Τσίχλες Σε Μπουκάλι 90gr,3.47
2025-11-07,300090,Bene Si Ψωμί Σε Φέτες Χωρίς Γλουτένη 300gr,3.95
2025-11-07,303229,Tsanos Κριτσίνι Με Κινόα & Δενδρολίβανο 120gr,1.58
2025-11-07,337667,Ferrero Raffaello Πραλίνες 150gr,4.25
2025-11-07,337197,Παυλίδης Σοκολάτα Υγείας 70% Κακάο Φράουλα Φουντούκι 100gr,3.45
2025-11-07,332147,Παπαδοπούλου Mini Pick Crackers BBQ 250gr,1.93
2025-11-07,305447,Tsanos Kουλούρια Πορτοκαλιού 300gr,3.34
2025-11-07,337613,Ferrero Kinder Happy Hippo 5τεμ,3.80
2025-11-07,333039,Παπαδοπούλου Μπισκότα Πορτοκάλι Χωρίς Γλουτένη 195gr,2.84
2025-11-07,339221,Λάβδας Καραμέλες Piccolo Ούζο 130gr,1.21
2025-11-07,304140,Diablo Muffin Με Σοκολάτα Χωρίς Ζάχαρη 45gr,1.51
2025-11-07,304090,Φαίδων Ταχινοπιτάκι 50gr,0.71
2025-11-07,302409,Elite Melba Φρυγανιές Σταρένιες 100gr,2.08
2025-11-07,300901,Φωλιά Με Κοτόπουλο Ψημένη Κατεψυγμένη 220gr,2.50
2025-11-07,340033,Trident Max Τσίχλα Ροδάκινο & Καρπούζι 27gr,1.17
2025-11-07,316001,Εκλεκτές Γεύσεις Γλυκό Κουταλιού Περγαμόντο 450gr,4.26
2025-11-07,337428,Παυλίδης Σοκολάτα Υγείας Φουντούκι 100gr,2.15
2025-11-07,302497,Krambals Bruschetta Με Κρέμα Τυριού 70gr,1.00
2025-11-07,304088,Φαίδων Τσουρεκάκι Γεμιστό Με Κρέμα & Κακάο 95gr,1.14
2025-11-07,302393,Crisp Bread Ντομάτα & Βασιλικό 130gr,2.10
2025-11-07,308000,Skittles Crazy Sours Καραμέλες 38gr,0.90
2025-11-07,302158,My Gusto Φρυγανιές Με Σίκαλη 180gr,0.93
2025-11-07,339375,Λάβδας Marshmallow Mix 120gr,1.77
2025-11-07,337838,Lacta Σοκολάτα Big Times Φράουλα Cheescake 300gr,5.45
2025-11-07,333459,Oreo Μπισκότα Choco Brownie 154gr,1.00
2025-11-07,302051,Ρεμούνδος Κριτσίνια Μπουκιές Ελαιόλαδο 150gr,1.48
2025-11-07,301042,Mestemacher Ψωμί Volkornbrot 500gr,3.35
2025-11-07,343713,Jannis Μαντολάτο Μύρτιλα & Αμύγδαλα 60gr,0.95
2025-11-07,305033,Παπαδοπούλου Γλυκοκεράσματα Μπισκότα & Γκοφρετίνια 400gr,3.33
2025-11-07,305172,Τσικνάκης Παξιμάδι Χαρούπι Βιολογικά 400gr,4.14
2025-11-07,333450,Oreo Μπισκότα Cheesecake Φράουλα 154gr,1.00
2025-11-07,340215,Λάβδας La Bonbon Jellies 250gr,1.86
2025-11-07,333439,Αλλατίνη Μπισκότα Βανίλια Γεμάτα Max 6x35gr,2.85
2025-11-07,333406,McVitie's Crackers BBQ 110gr,0.75
2025-11-07,300204,Καλτσόνε Ψημένο Κατεψυγμένο 280gr,1.99
2025-11-07,333016,Παπαδοπούλου Μπισκότα Rondo Σοκολάτα 250gr,1.68
2025-11-07,303365,Πατητή Τυρόπιτα Ψημένη Κατεψυγμένη,1.20
2025-11-07,303421,Σπανακοτυρόπιτα Χειροποίητη Ψημένη Κατεψυγμένη 250gr,1.85
2025-11-07,302572,Ντουρουντούς Μπουκιά Βρώμης Χωρίς Αλάτι Bio 330gr,3.55
2025-11-07,302223,Παπαδοπούλου Ψωμί Φέτες Λευκό Χωρίς Γλουτένη 300gr,3.32
2025-11-07,334024,Gullon Μπισκότα Mini Chips Gluten Free 200gr,1.99
2025-11-07,340247,Mentos Clean Breath 2hrs Peppermint Τσίχλες 12gr,1.39
2025-11-07,305429,Βιολάντα Family Κουλουράκια Γεμιστά Μήλο Κανέλλα 300gr,2.21
2025-11-07,302053,Elite Φρυγανιές Σίτου 0-4% Aλάτι 250gr,1.50
2025-11-07,337621,Ferrero Rocher Σοκολατάκια 16τεμ 200gr,6.50
2025-11-07,338184,Lindt Lindor Σοκολάτα Με Αλατισμένη Καραμέλα 100gr,3.61
2025-11-07,337919,Lacta Σοκολάτα Γάλακτος 3x60gr,5.47
2025-11-07,303466,Donut Milka Ψημένο Κατεψυγμένο 65gr,1.50
2025-11-07,340520,Harbo Primavera 100gr,0.92
2025-11-07,303072,Ντουρουντούς Παξιμάδι Βρώμης Χωρίς Αλάτι Bio 600gr,5.60
2025-11-07,300140,Schar Μάφιν Βερίκοκο Ατομικό Χωρίς Γλουτένη 50gr,1.32
2025-11-07,303366,Πατητή Κασερόπιτα Ψημένη Κατεψυγμένη,1.45
2025-11-07,271173,Organix Σνακ Δακτυλίδια Καλαμποκιού Bio 20gr,1.86
2025-11-07,303408,Donuts Σοκολάτα Με Γέμιση Κρέμα Ψημένο Κατεψυγμένο 70gr,0.99
2025-11-07,340069,Mentos Storming Bubble Fresh Τσίχλες 12τεμ,1.19
2025-11-07,332450,Gullon Mini Mix Coctail Κρακεράκια 500gr,2.35
2025-11-07,271191,Biofresco Σνακ Καλαμποκιού Bio 50gr,0.94
2025-11-07,338059,Geneva Σοκολατάκια Με Στέβια 200gr,4.86
2025-11-07,337103,Lacta Σοκολάτα Γάλακτος 60gr,1.94
2025-11-07,303629,Το Μάννα Δαγκωτό Με Ρίγανη 110gr,1.90
2025-11-07,306183,Nutri Valley Kρουασάν Με Γέμιση Scooby Doo Κρέμα Κακάο 3x70gr,2.02
2025-11-07,303578,Alfa Καλόζυμα Παξιμάδια Με Κριθάρι 300gr,2.69
2025-11-07,273503,3S We Bio Καλαμπογκοφρέτα Μαύρη Σοκολάτα Χωρίς Γλουτένη 32gr,1.02
2025-11-07,340207,Orbit Τσίχλα Φράουλα Μπουκάλι 64gr,2.88
2025-11-07,340034,Mentos 45 Minutes Peppermint Τσίχλες 18gr,1.10
2025-11-07,337620,Ferrero Kinder Σοκολάτα 4τεμ 50gr,1.11
2025-11-07,301860,Μπλε Μύλος Αρχοντικό Αρτοσκεύασμα 480gr,1.87
2025-11-07,301863,Μπλε Μύλος Τσουρέκι Πολίτικο 450gr,4.50
2025-11-07,337741,ΙΟΝ Σοκολάτα Αμυγδάλου 270gr,5.50
2025-11-07,333415,Wasa Μπισκότα Crunchy Oat Flakes 250gr,2.24
2025-11-07,337690,ΙΟΝ Σοκολάτα Γάλακτος Με Φουντούκια 270gr,5.40
2025-11-07,336193,Bene Si Γκοφρέτες Κρέμα Φουντουκιού Χωρίς Γλουτένη 4x50gr,3.93
2025-11-07,303336,Balehellas Φρατζόλα Ολικής 350gr,1.30
2025-11-07,340101,Mentos Pure Fresh Bubblefresh Τσίχλες Μπουκάλι 60gr,2.47
2025-11-07,339620,Gelo Ζελίνια Με Χυμό Φρούτων 300gr,3.29
2025-11-07,338064,Geneva Σοκολατένια Μπατόν Πραλίνα 200gr,3.82
2025-11-07,340036,Mentos 45 Minutes Spearmint Τσίχλες 18gr,1.10
2025-11-07,338447,ΙΟΝ Break Με Γέμιση Κρέμα Μπισκότο Speculoos 100gr,2.50
2025-11-07,300142,Oven Baked Crackers Cheddar & Seeds 100gr,1.99
2025-11-07,333447,Baiocchi Μπισκότα Pistacchio MB 240gr,3.49
2025-11-07,338145,Ferrero Kinder Bueno White 5τεμ 97gr,2.03
2025-11-07,274515,Crispy King Καλαμπογκοφρέτες Χωρίς Γλουτένη 110gr,1.42
2025-11-07,303043,Bene Si Κριτσινάκια Χωρίς Γλουτένη 150gr,2.34
2025-11-07,322458,My Gusto Χαλβάς Αμύγδαλο 400gr,2.55
2025-11-07,337800,Snickers Σοκολάτα 2Pack Single Baby Case 80gr,1.60
2025-11-07,305108,Τρία Λάμδα Κουλούρια Καρύδας 300gr,2.69
2025-11-07,333040,Παπαδοπούλου Μπισκότα Κακάο Χωρίς Γλουτένη 200gr,2.84
2025-11-07,305068,Filipinos Μπισκότα Salted Caramel Με Λευκή Σοκολάτα 118gr,2.50
2025-11-07,305067,Filipinos Μπισκότα Speculoos Με Σοκολάτα Γάλακτος 118gr,2.50
2025-11-07,300034,Ντόνατ Εκλέρ Ψημένο Κατεψυγμένο 85gr,1.55
2025-11-07,333464,Lacta Cookies Μπισκότα Merenda 156gr,2.69
2025-11-07,343003,Συνεργασία Παστέλι Σουσάμι Τραγανό 80gr,1.46
2025-11-07,332207,Doritos BBQ 90gr,1.48
2025-11-07,303592,Wasa Φρυγανιές Xωρίς Γλουτένη 240gr,5.84
2025-11-07,302406,Elite Melba Φρυγανιές Ολικής 100gr,2.18
2025-11-07,331775,Gum on Sour Zελίνια Φέτες Καρπούζι Σάκουλα 80 gr,0.78
2025-11-07,343730,Joice Keto Cracker Chia Bio 60gr,2.70
2025-11-07,332867,Croco Κρακεράκια Αλμυρά 400gr,2.20
2025-11-07,158242,Χαλβάς Φαρσάλων 300gr,2.09
2025-11-07,300181,Elite Vita Crispbread Με Σουσάμι 240gr,2.50
2025-11-07,332237,Rap Snacks Nicky Minaj Bbq Honey Truffle 71gr,2.95
2025-11-07,302438,Finn Crisp Φρυγανιές Στρογγυλές 250gr,3.04
2025-11-07,302439,Mr Nutz Pretzel Salted Caramel 120gr,1.70
2025-11-07,331479,Ketle Chips Μέλι & Barbeque 130 gr,2.39
2025-11-07,302135,Schar Φρυγανιά Τριμμένη Χωρίς Γλουτένη "Pan Grati" 300gr,2.86
2025-11-07,340119,Trident Max Μέντα 27γρ,1.17
2025-11-07,301485,Schar Βάση Πίτσας Χωρίς Γλουτένη 2x150gr,4.99
2025-11-07,304062,Friandises Κουλουράκια Πορτοκαλιού 200gr,2.42
2025-11-07,331944,Pringles Cheese & Onion 165gr,2.20
2025-11-07,274034,Nutri Valley Ρεβυθογκοφρέτες Σοκολάτα 34gr,1.59
2025-11-07,334048,Gullon Μπισότα Digestive Gluten Free 150gr,1.81
2025-11-07,300002,Χωριάτικη Πολύσπορη Ψημένη Κατεψυγμένη 320gr,1.50
2025-11-07,342457,Κούλου Λουκούμια Χωρίς Ζάχαρη 150gr,5.09
2025-11-07,340547,Βιάπ Mentel Παστίλιες Φρούτων 60gr,1.49
2025-11-07,301268,Schar Λευκές Μπαγκέτες Χωρίς Γλουτένη 2τεμ 150gr,3.07
2025-11-07,340477,Dentyne Deep Arctic Blackcurrant 16-8gr,1.16
2025-11-07,339036,Zero Καραμέλες Κεράσι 32gr,0.79
2025-11-07,305435,Tsanos Kουλούρια Ολικής Αλέσεως 200gr,2.47
2025-11-07,303625,Κρήτων Άρτος Κουλουράκια Λαδιού Με Προζύμι 500gr,2.45
2025-11-07,332236,Pringles Flame Grilled Steak 165gr,2.12
2025-11-07,340210,Werthers Original Καραμέλες Creamy Filling 135gr,2.09
2025-11-07,302440,Mr Nutz Pretzel Hazelnut Chocolate 120gr,1.70
2025-11-07,303495,Άρτος Ciabatta XL Ψημένη Κατεψυγμένη 120gr,1.29
2025-11-07,300904,Πεινιρλί Ατομικό Γίγας Ψημένο Κατεψυγμένο 250gr,2.50
2025-11-07,340110,Trident Senses Τροπικά Φρούτα 27gr ΠΛΤ €1-00,1.17
2025-11-07,331962,Pringles Pizza 165gr,2.20
2025-11-07,301659,Tsanos Σταφιδοκέικ 200gr,1.84
2025-11-07,330366,Mogyi Micro Pop Corn Με Αλάτι 100gr,0.81
2025-11-07,338071,Lindt Lindor Σοκολατάκια Γάλακτος 200gr,7.28
2025-11-07,332241,Candy Pop Snickers Pop Corn 149gr,7.90
2025-11-07,337973,Lacta Σοκολάτα Big Time Oreo 300g,5.37
2025-11-07,340185,Chupa Chups Γλειφιτζούρια Party Mix 36τεμ 400gr,4.99
2025-11-07,340155,Trident Oral B White Δυόσμος 17gr,1.20
2025-11-07,323124,SN Chips Φακής Με Γεύση Τυρί & Μυρωδικά 85gr,2.34
2025-11-07,339561,Λάβδας Καραμέλες Διάφορες,2.12
2025-11-07,305365,Κουλτουράκι Βανίλια 180gr,2.23
2025-11-07,331964,Pringles Γευστικά Σνακ Barbeque 165gr,2.20
2025-11-07,305465,Sofis Cookies Βρώμης με Μέλι 380gr,3.63
2025-11-07,333667,Paw Patro Μπισκότα Κακάο Bio 100gr,1.93
2025-11-07,332082,Pringles Cheesy Cheese 165g,2.20
2025-11-07,305052,Greek Baklava Με Αμύγδαλο & Μέλι 180gr,6.61
2025-11-07,331480,Kettle Chips Με Θαλασσινό Αλάτι 130 gr,2.39
2025-11-07,303415,Βελεγράκη Ντακάκια Με Χαρουπόμελο Χωρίς Γλουτένη 300gr,5.42
2025-11-07,305018,Schar Κέικ Ανάμεικτο Με Κακάο Χωρίς Γλουτένη 250gr,4.84
2025-11-07,323128,SN Chips Popped Τομάτα Τυρί Ρίγανη 75gr,2.20
2025-11-07,302138,Crisp Bread Wheat Flat Με Τύρι 130gr,2.10
2025-11-07,330291,Biovita Καρύδα Τσιπς Ωμή Bio 130gr,2.79
2025-11-07,333445,Βιολάντα Cookies Γεμιστά Κρέμα Dubai Με Επικάλυψη 180gr,3.79
2025-11-07,334043,Gullon Tostada Μπισκότα Original 200gr 4τεμ,2.34
2025-11-07,302139,Bene Si Φρυγανιά Τριμμένη Χωρίς Γλουτένη Τριμμένη Με Ελαιόλαδο 250gr,2.66
2025-11-07,234520,Vivi Verde Μπισκότα Γάλα & Μέλι Biologico 330gr,3.30
2025-11-07,336245,7days Κρουασάν Πραλίνα Φουντουκιού 110gr,0.98
2025-11-07,300143,Oven Baked Crackers Gouda & Chilli 10gr,1.99
2025-11-07,303468,Donut oreo Ψημένη Κατεψυγμένο 65gr,1.50
2025-11-07,343731,Joice Keto Cracker Χρυσός Λιναρόσπορος Bio 60gr,2.70
2025-11-07,301901,Bakehellas Προζύμι Φρατζόλα Σίκαλης Ψημένο Κατεψυγμένο 500gr,2.30
2025-11-07,380725,Φαίδων Ποικιλία Σιροπιαστών 600gr,7.81
2025-11-07,316003,Εκλεκτές Γεύσεις Γλυκό Κουταλιού Κεράσι 450gr,6.59
2025-11-07,304602,Friandises Κουλούρι Λαδιού 250gr,3.66
2025-11-07,337636,Ferrero Kinder Happy Hippo Cacao 5τεμ,3.80
2025-11-07,316007,Εκλεκτές Γεύσεις Γλυκό Κουταλιού Σύκο 450gr,3.72
2025-11-07,331860,Takis Snack Fuego 100gr,2.99
2025-11-07,302195,Sottolestelle Ψωμί Ντίνκελ Ολικής Bio 400gr,4.20
2025-11-07,303384,Μπουγάτσα Κρέμα Ψημένη Κατεψυγμένη 220gr,1.50
2025-11-07,301648,Σόβολος Μουστοκούλουρο 300gr,4.76
2025-11-07,343128,My Bar Παστέλειον Αμυγδάλου Με Σοκολάτα Χωρίς Γλουτένη 45gr,1.88
2025-11-07,316004,Εκλεκτές Γεύσεις Γλυκό Κουταλιού Καρύδι 450gr,4.26
2025-11-07,338347,Lacta Γκοφρέτα Σοκολάτα Γάλακτος Φουντούκι 31gr,0.59
2025-11-07,303633,Το Μάννα Παξιμάδι Με Βρώμη Μινί 280gr,2.50
2025-11-07,332239,Candy Pop Oreo Pop Corn 149gr,7.90
2025-11-07,338327,Elit Angel Milk Σοκολάτα Pistachio &Cotton Candy 85gr,6.98
2025-11-07,333409,Aλλατίνη Μπισκότα Γεμιστά Κακάο Βανίλια Οικ. 2x200gr,2.50
2025-11-07,300906,Άρτος Φόρμας Ζυμωτό Ψημένο Κατεψυγμένο 500gr,1.90
2025-11-07,340129,Trident Oral B Μέντα 17gr,1.17
2025-11-07,322112,Μακεδονικός Χαλβάς Κακάο Τιμή Κιλού,2.65
2025-11-07,305065,Filipinos Μπισκότα Mε Σοκολάτα Γάλακτος 118gr,2.50
2025-11-07,339127,Haribo Happy Cola Fizz Ζελεδάκια 100gr,0.92
2025-11-07,333303,Schar Gris & Ciocc Κριτσίνι Πραλίνα Χωρίς Γλουτένη 52gr,2.31
2025-11-07,340149,Orbit Refreshers Tropical Τσίχλα Μπουκάλι 67gr,2.99
2025-11-07,343064,Άττικα Λουκούμια Με Τριαντάφυλλο 280gr,3.41
2025-11-07,331702,El Sabor Nacho Chips Chilli 100gr,1.11
2025-11-07,303631,To Μάννα Παξιμάδι Με Καλαμπόκι Μίni 280gr,2.50
2025-11-07,306186,Nutri Valley Kρουασάν Με Γέμιση Κρέμα Κακάο 3x70gr,2.02
2025-11-07,305066,Filipinos Μπισκότα Salted Caramel Με Λευκή Σοκολάτα 118gr,2.50
2025-11-07,332222,Pringles Cream Cheese & Herbs 165gr,2.14
2025-11-07,339176,Skittles Fruit Candy 136gr,1.62
2025-11-07,340167,Έλμα Τσίκλα Sticks 31gr,1.72
2025-11-07,343024,Attika Καρυδολούκουμο 220gr,2.90
2025-11-07,303074,Ντουρουντούς Αμυγδαλομπουκίτσες Bio 200gr,4.20
2025-11-07,304599,Schar Μπισκότα Βουτύρου Χωρίς Γλουτένη 165gr,3.26
2025-11-07,306189,Molto Kρουασάν Πραλίνα Φουντουκιού 50gr,0.69
2025-11-07,300151,Τσατσάκης Ξακουστά Κριτσίνια Ολικής Άλεσης 300gr,1.75
2025-11-07,338148,Lindt Lindor Σοκολατάκια Pistachio 200gr,7.28
2025-11-07,300073,Σόβολος Ψωμί Σουσαμένιο 450gr,2.49
2025-11-07,331483,Kettle Chips Mε Θαλασσινό Αλάτι & Πιπέρι 130 gr,2.39
2025-11-07,340140,Haribo Mallow Mania 175gr,2.00
2025-11-07,303089,Τσατσάκης Vegan Κριτσίνια Ηλιόσπορου 400gr,2.79
2025-11-07,303207,Ντουρουντούς Κριτσίνια Γραβιέρα Κρήτης 120gr,4.39
2025-11-07,340546,ΒΙΑΠ Mentel Παστίλιες Ευκαλύπτου 60gr,1.49
2025-11-07,340225,Haribo S'ghetti Fizz 85gr,0.92
2025-11-07,333665,Peppa Pig Μπισκότα Kακάο Bio 100gr,1.93
2025-11-07,303632,Το Μάννα Παξιμάδι Με Λιναρόσπορο Μίνι 230gr,2.83
2025-11-07,305070,Φαίδων Κουλουράκια Κακάο & Βανίλια 300gr,2.87
2025-11-07,338315,Σοκολάτα Μr Beast Feastables Milk 60gr,3.58
2025-11-07,303595,Κτήμα Βελεγράκη Κριτσινάκια Ελιά Χωρίς Γλουτένη 80gr,2.95
2025-11-07,338189,Ritter Sport Milk Chocolate Hazelnuts 100gr,2.64
2025-11-07,339175,Skittles Sours Candy 136gr,1.62
2025-11-07,333386,Ritter Sport Μπισκότα Milk Biscuit 100gr,2.64
2025-11-07,305055,Μπαμιεδάκης Παστέλι 160gr,3.60
2025-11-07,331781,Gum on Burger & Πατάτες Σακούλα 80gr,0.78
2025-11-07,343063,Χαίτογλου Βανίλια Πλαστικό Βάζο 500gr,2.83
2025-11-07,302137,Crisp Bread Vegetable Flat Με Παντζάρι 130gr,2.10
2025-11-07,305004,Sapori Cantuccini Αμυγδαλωτό 175gr,3.99
2025-11-07,303357,Muffin Τουλίπα Σοκολάτα Γέμιση Πραλίνα Ψημένο Κατεψυγμένο 130gr,1.20
2025-11-07,331952,Pringles Bacon 165gr,2.20
2025-11-07,338072,LIndt Lindor Σοκολατάκια Assorted 200gr,7.28
2025-11-07,338446,ΙΟΝ Σοκολάτα Γάλακτος Με Γέμιση Φράουλας 100gr,2.50
2025-11-07,300182,Elite Vita Crispbread Ολικής Άλεσης 265gr,2.45
2025-11-07,338316,Σοκολάτα Mr Beast Fea Milk Crunch 60gr,3.58
2025-11-07,304141,Diablo Muffin Με Σοκολάτα Χωρίς Ζάχαρη 45gr,1.51
2025-11-07,339162,Yum Κουφετάκια Φρούτων Bio 50gr,1.63
2025-11-07,340168,Trident Τσίχλα Long Μέντα 22gr,1.17
2025-11-07,331432,Schar Curvies Πατατάκια Χωρίς Γλουτένη Με Πάπρικα 170gr,3.45
2025-11-07,303232,Joice Breadly Crispy Κριτσίνια Με Σπανάκι Bio 120gr,2.70
2025-11-07,340107,Mentos Pure Fresh Wintergreen Τσίχλες Μπουκάλι 60gr,2.47
2025-11-07,337802,Mars Σοκολάτα 2Pack 70gr,1.60
2025-11-07,302863,Finn Crisp Traditional Φρυγανιές 200gr,2.45
2025-11-07,339889,Trolli Squiggles Ζελεδάκια Χωρίς Γλουτένη 100gr,1.23
2025-11-07,303634,Το Μαννα Λαδοπαξίμαδα Σταρένια 270gr,2.35
2025-11-07,314013,Σάμουρη Mini Μarshmallows 40gr,1.20
2025-11-07,332108,Pufuletti Γαριδάκια Καλαμποκιού Bio Χωρίς Γλουτένη 85gr,2.05
2025-11-07,302441,Mr Nutz Pretzel Peanut Butter 120gr,1.70
2025-11-07,336096,HealthyCo Βάφλα Λεμόνι 24gr,1.64
2025-11-07,339145,Λάβδας Γλειφιτζούρι Gum On Crazy Mix 220gr,1.98
2025-11-07,339361,Ρεζ Καραμέλες Με Παιχνίδι 3τεμ,2.77
2025-11-07,158243,Χαλβάς Φαρσάλων 500gr,3.37
2025-11-07,301914,Ρέμα Άρτος Vollkornbrot Σικάλεως Ολικής Άλεσης 500gr,3.10
2025-11-07,333468,Rene Μπισκότα Love Να χαμογελάς 24kg,2.48
2025-11-07,340204,Mentos Τσίχλες Storming Tropical 30τεμ,1.19
2025-11-07,332084,Pringles Hot Cheesy Cheese 160gr,2.20
2025-11-07,334049,Gullon Μπισκότα Chip Choco Guten Free 130gr,2.28
2025-11-07,331777,Gum Sour Ζελίνια Φιδάκια Σακούλα 80gr,0.78
2025-11-07,336177,Ολα Bio Μπουκίτσες Σοκολάτα Vegan Bio 150gr,2.41
2025-11-07,303094,Σόβολος Κριτσίνι Γραβιέρας 140gr,3.59
2025-11-07,340727,Bubbaloo Strawberry Stick 5τεμ,0.65
2025-11-07,305135,Φαίδων Κουλούρια Γεμιστά 'Velvet' 350gr,4.61
2025-11-07,331335,My Popcorn Τυρί 200gr,3.20
2025-11-07,333666,Stich Μπισκότα Ντίνκελ Bio 100gr,2.62
2025-11-07,338318,Σοκολάτα Mr Beast Feastables Peanut Butter 60gr,3.58
2025-11-07,338317,Σοκολάτα Mr Beast Feastables Almond,3.58
2025-11-07,300902,Φωλιά Με Γύρο Χοιρινό Ψημένη Κατεψυγμένη 240gr,2.50
2025-11-07,301736,Σόβολος Τσουρεκάκι 75gr,1.59
2025-11-07,337058,Milka Σοκολάτα Γάλακτος Strawberry-Yoghurt 100gr,1.36
2025-11-07,340471,Dentyne Arctic Τσίχλες Spearmint 16-8gr,1.17
2025-11-07,303638,Κατσέλης Ψωμί Τοστ Πολύσπορο Μινι 350gr,1.05
2025-11-07,339220,Werthers Original Crunchy Caramel Bites 140gr,3.99
2025-11-07,303580,Κρητών Άρτος Κριτσίνι Σουσάμι Χωρίς Ζάχαρη 180gr,2.19
2025-11-07,323088,Snatt's Chips Μπιζελιού Μεσογειακή Γεύση 85gr,2.34
2025-11-07,337893,Rapunzel Γκοφρέτα Φουντουκιού Samba Bio 22gr,1.45
2025-11-07,300907,Άρτος Φόρμας Ζυμωτό Ολικής Ψημένο Κατεψυγμένο 500gr,1.90
2025-11-07,271157,Organix Καλοκαιρινά Φρούτα Ρυζογκοφρέτα Bio 40gr,3.69
2025-11-07,339009,Gelo Αρκουδάκια Multivitamin 175gr,2.14
2025-11-07,340136,Chupa Chups Τσίχλες Big Babol Magic Cubes 86gr,2.99
2025-11-07,304003,Στριφτή Σπανάκι Νηστίσιμη Ψημένη Κατεψυγμένη,1.45
2025-11-07,302905,Ferro Κριτσίνια Σουσάμι 110gr,1.28
2025-11-07,302528,Ηλιάνα Παξιμάδι Ριγανάτο 400gr,3.17
2025-11-07,339888,Trolli Tropicos Ζελεδάκια Χωρίς Γλουτένη 100gr,1.23
2025-11-07,322101,Χαίτογλου Μακεδονικός Χαλβάς Βανίλια 400gr,5.90
2025-11-07,338370,Lacta Γκοφρέτα Max Σοκολάτα 31gr,0.59
2025-11-07,333467,Rene Μπισκότα Love Cookies Σ'αγαπώ 24gr,2.48
2025-11-07,332083,Pringles Hot Kicking Sour Cream 160gr,2.20
2025-11-07,303555,Κρητών Άρτος Παξιμαδοκλέφτρα Παξιμάδι Λαδιού Των Κυθήρων 300gr,2.95
2025-11-07,303553,Κρητών Άρτος Παξιμαδοκλέφτρα Ντακάκι Καλαμποκιού 300gr,2.95
2025-11-07,305049,Bezgluten Κέικ Brownie Σοκολάτας Χωρίς Γλουτένη 50gr,1.78
2025-11-07,343021,Attika Παστέλι Σουσάμι 90gr,1.19
2025-11-07,303097,Σόβολος Κριτσίνι Κάροτου 140gr,3.59
2025-11-07,303356,Muffin Τουλίπα Πορτοκάλι Κατεψυγμένο 105gr,1.15
2025-11-07,302050,Ferro Μακεδονικά Κριτσίνια Ολικής 180gr,1.68
2025-11-07,304061,Friandises Κουλουράκια Σμυρναίικα 300gr,3.96
2025-11-07,333466,Rene Μπισκότα Love Για Σένα Μπαμπά 24gr,2.48
2025-11-07,339211,Diablo Ζελεδάκια Αρκουδάκια Χωρίς Ζάχαρη 75gr,2.64
2025-11-07,339212,Diablo Σοκολατένια Κουφετάκια Χωρίς Ζάχαρη 22gr,1.66
2025-11-07,303581,Κρητών Άρτος Μακεδονικό Κριτσίνι 180gr,2.19
2025-11-07,323083,Eat Real Chips Quinoa Chips Sour Cream & Chive Flavour 110gr,3.44
2025-11-07,339163,Yum Γλειφιτζούρια Vitamin C Bio 87gr,4.79
2025-11-07,303549,Bakehellas Artisanal Μπακέτα Ψημένη Κατεψυγμένη 270gr,1.49
2025-11-07,303231,Joice Breadly Crispy Κριτσίνια Με Γραβιέρα Bio 120gr,2.99
2025-11-07,343127,My Bar Παστέλι Αμυγδάλου Με Μέλι Χωρις Γλουτένη 45gr,1.88
2025-11-07,340048,Dentyne White Τσίχλα Spearmint 16-8gr,1.17
2025-11-07,305466,Sofis Cookies Βρώμης με Βitter 400gr,3.74
2025-11-07,339199,Skittles Tropical Candy 136gr,1.62
2025-11-07,331773,Gum on Ζελινια Sour Belts 70gr,0.78
2025-11-07,273380,CK Γκοφρέτα Με Μαύρη Σοκολάτα 70gr,2.14
2025-11-07,303543,Bakehellas Μπαγκέτα Ολικής Ψημένη Κατεψυγμένη 250gr,0.98
2025-11-07,303387,Λουκανικόπιτα Μυκονιάτικη Ψημένη Κατεψυγμένη,1.40
2025-11-07,303317,Σόβολος Σμυρνέϊκα Κουλουράκια 380gr,6.56
2025-11-07,339018,Oscar Σοκολατάκια Γάλακτος Μινι Σακούλα 300gr,6.69
2025-11-07,304643,Friandises Μπισκότο Αμυγδάλου 200gr,3.65
2025-11-07,340501,Maoam Maomix Τσιχλοκαραμέλες Φρούτων 135γρ,2.49
2025-11-07,303637,Καραμολέγκος Και Ολικής Άλεσης 720gr,1.95
2025-11-07,304150,Schar Digestive Μπισκότα Με Σοκολάτα Χωρίς Γλουτένη 150gr,3.47
2025-11-07,303597,Βελεγράκης Afratakia Κριτσινάκια Κεφαλοτύρι 80gr,3.15
2025-11-07,339213,Diablo Σοκολατένια Κουφετάκια Με Φιστίκι Χωρίς Ζάχαρη 40gr,2.07
2025-11-07,303582,Κρητών Άρτος Κριτσίνι Καλαμποκιού 180gr,2.19
2025-11-07,339161,Yum Γλειφιτζούρια Φρούτων Bio 87gr,4.79
2025-11-07,333301,Schar Μπισκότα Digestive Χωρίς Γλουτένη 150gr,2.50
2025-11-07,331433,Schar Curvies Πατατάκια Χωρίς Γλουτένη Original 170gr,3.45
2025-11-07,340543,Gum On Ζελίνια Burger 90gr,0.78
2025-11-07,338319,Realmix Σοκολάτα Dubai Pistachio Kadayif 60gr,7.57
2025-11-07,338233,Smarties Xmas Mix Figures 3x18-7gr,2.20
2025-11-07,333351,Traffix Μπισκότα Aυτοκινητάκια Ντίνκελ Χωρίς Ζάχαρη Bio 125gr,2.73
2025-11-07,323058,SN Natuchips Γεύση Sour Cream 75gr,2.20
2025-11-07,272629,Brothers Μπάρα Με Μπανάνα & Κακάο Raw 60gr,2.10
2025-11-07,323018,Go Pure Chips Λαχανικών Bio 90gr,3.63
2025-11-07,304641,Friandises Μπισκότο Βρώμης Σοκολάτα 200gr,3.95
2025-11-07,332243,Takis Intense Nacho 100gr,2.99
2025-11-07,340211,Chupa Chups Big Babol Tennis 90gr,2.50
2025-11-07,337990,Witor's Σοκολατάκια Golden Caramello 200gr,4.33
2025-11-07,334054,Mc Vitie's Flipz Μπισκότα Αλατισμένα Καραμέλα 90gr,2.41
2025-11-07,332054,Le Pain Des Fleurs Κράκερ Φαγόπυρου Χωρίς Αλάτι Χωρίς Γλουτένη 150gr,3.60
2025-11-07,322058,Μεζάρ Χαλβάς Με Σοκολάτα & Φουντούκι 250gr,2.66
2025-11-07,339008,Yum Earth Ζελεδάκια Ροδιού Βιολογικά 50gr,1.76
2025-11-07,303300,Μπαγκέτα Με Χαρούπι Ψημένη Κατεψυγμένη 250gr,0.80
2025-11-07,342802,Citrus Πίτα Δαμάσκηνο Με Αμύγδαλο & Μαστιχέλαιο 70gr,2.44
2025-11-07,332307,Χρυσανθίδης Κουραμπιές 430gr,6.57
2025-11-07,322113,Μακεδονικός Χαλβάς Αμύγδαλο Τιμή Κιλού,3.04
2025-11-07,322102,Χαίτογλου Μακεδονικός Χαλβάς Αμύγδαλο 400gr,6.30
2025-11-07,303636,Καραμολέγκος Και Πολύσπορο Με Chia 500gr,1.95
2025-11-07,338349,Lindt Lindor Σοκολάτα Pistachio 100gr,3.29
2025-11-07,333473,Rene Μπισκότα Love Για Σένα Μαμά 24gr,2.48
2025-11-07,343096,Pasteli Michel Μαντολάτο Αμυγδάλου Με Φιστίκι 65gr,1.53
2025-11-07,332053,Le Pain Des Fleurs Βio Κράκερ Βρώμης Χωρίς Γλουτένη 150gr,3.99
2025-11-07,333352,Tierlix Μπισκότα Ζωάκια Ντίνκελ Χωρίς Ζάχαρη Bio 125gr,2.73
2025-11-07,323057,SN Natuchips Γεύση Barbeque 75gr,2.20
2025-11-07,342801,Citrus πίτα Χιώτικου Μανταρινιου 70gr,2.44
2025-11-07,332310,Χρυσανθίδης Μελομακάρονα 430gr,6.05
2025-11-07,338363,Lindt Extra Creamy Γάλακτος 80gr,3.29
2025-11-07,338350,Lint Extra Creamy Salted Caramel 80gr,3.29
2025-11-07,338346,Ferrero Nutella Μπισκότο Tube 166gr,2.20
2025-11-07,300150,Τσατσάκης Ξακουστά Vegan Μακεδονικά Κριτσίνια Σίτου 300gr,1.75
2025-11-07,337869,Kinder Καρδιά Έκπληξη 53gr,2.99
2025-11-07,304059,Schnitzer Κεικ Με Μύρτυλο Bio Χωρίς Γλουτένη 140gr,3.85
2025-11-07,336178,Ολα Bio Μπουκίτσες Φυστικοβούτυρο Vegan Bio 150gr,2.41
2025-11-07,338340,Ferrero Rocher Σοκολάτα Macadamia 90gr,2.99
2025-11-07,333470,Rene Μπισκοτα Love Eίσαι Υπέροχος 24kg,2.48
2025-11-07,303596,Schar Pannini Rolls Φρατζολάκια Χωρίς Γλουτένη 150gr,4.04
2025-11-07,337991,Witor's Σοκολατάκια Golden Pistaccio 200gr,4.33
2025-11-07,350192,Oreo Μπισκότα Γεμιστά Με Επικάλυψη Λευκής Σοκολάτας 246gr,3.43
2025-11-07,331497,Smilitos Σνακ Καλαμποκιού Χωρίς Γλουτένη Bio 38gr,2.15
2025-11-07,650805,Haribo Ζελινι Happy Cola 200gr,1.82
2025-11-07,303224,Le Veneziane Mini Κριτσίνια Καλαμπόκι Ελαιόλαδο Χωρίς Γλουτένη 250gr,3.16
2025-11-07,333302,Schar Μπισκότα Γεμιστά Κρέμα Mini Sorrisi Χωρίς Γλουτένη 100gr,2.99
2025-11-07,302049,Ferro Μακεδονικά Κριτσίνια Σταρένια 180gr,1.68
2025-11-07,350193,Oreo Μπισκότα Γεμιστά Επικάλυψη Σοκολάτα Γάλακτος 246gr,3.43
2025-11-07,322135,Μακεδονικός Χαλβάς Κακάο 2-5kg,26.50
2025-11-07,304606,Friandises Πον Πον Σοκολάτας 300gr,4.05
2025-11-07,338356,Lindt Extra Creamy Γαλά Φουντούκι 80gr,3.29
2025-11-07,338357,Lindt Extra Creamy Dark 80gr,3.29
2025-11-07,333669,Schiaccia Cookies Ginger Cecchele 185gr,2.95
2025-11-07,338341,Ferrero Rocher Σοκολάτα Dark 70% Cacao 90gr,2.99
2025-11-07,338274,Cachet Σοκολάτα Γάλακτος Καραμέλα & Θαλασσινό Αλάτι 90gr,3.47
2025-11-07,337889,Rapunzel Σοκολάτα Γάλακτος Νουγκατ Bio 100gr,3.91
2025-11-07,322059,Μεζάρ Χαλβάς Με Φιστίκι Κελυφωτό 250gr,2.66
2025-11-07,303095,Σόβολος Κριτσίνι Ηλιόσπορου 140gr,3.59
2025-11-07,338065,Geneva Σοκολατένιες Πυραμίδες 200gr,4.47
2025-11-07,322140,Μακεδονικός Χαλβάς Αμύγδαλο 2-5Kg,30.35
2025-11-07,304645,Friandises Μπισκότο Βρώμης Cranberries 250gr,4.35
2025-11-07,316651,Μακεδονική Γλυκό Κεράσι Βάζο 500gr,6.33
2025-11-07,304982,Τρία Λάμδα Κουραμπιέδες Αμυγδάλου 400gr,5.19
2025-11-07,338492,Rene Σοκολατάκι Lovetreat Καρδιά 13gr,1.93
2025-11-07,338495,Rene Σοκολάτα Lovetreat Είσαι Υπέροχη 13gr,1.93
2025-11-07,338496,Rene Σοκολάτα Lovetreat Χρόνια Πόλλα 13gr,1.93
2025-11-07,338497,Rene Σοκολατάκι Lovetreat Καλημέρα 13-2gr,1.93
2025-11-07,338498,Rene Σοκολατάκι Lovetreat Είσαι Υπέροχος 13-2gr,1.93
2025-11-07,338499,Rene Σοκολατάκι Lovetrea Σ'αγαπάω 13-2gr,1.93
2025-11-07,338502,Rene Σοκολατάκι Lovetreat Να χαμογελάς,1.93
2025-11-07,338506,Rene Σοκολατάκια Lovetreat Μου αρέσεις 13-2gr,1.93
2025-11-07,334061,Mcvities Tartlets Raspberry 100gr,1.19
2025-11-07,333671,Μουσικό Κουτί Carousel Maria Conf Με Μπισκότα Κανέλας 300gr,10.40
2025-11-07,332249,Oho Nacho Cheese Balls 200gr,3.09
2025-11-07,304186,Vergani Class Panettone Veneziana 720gr,15.37
2025-11-07,304187,Vergani Classic Panettone 100gr,5.72
2025-11-07,304188,Vergani Three Chocolate Panettone 750gr,18.22
2025-11-07,304189,Vergani Pistacchio Panettone 100gr,2.54
2025-11-07,306098,Praleda Κρουασάν Φουντούκι 120gr,1.02
2025-11-07,338307,Witor's Boero Σοκολατάκια Υγείας Με Κεράσι 200gr,4.33
2025-11-07,343097,Pasteli Mich Παστέλι Φυστικάτο 65gr,1.15
2025-11-07,339210,Diablo Ζελεδάκια Drops Χωρίς Ζάχαρη 75gr,2.64
2025-11-07,338232,Smarties Icon Santa Figure 50gr,1.50
2025-11-07,332091,Brets Πατατάκια Με Τυρί Camembert 125gr,3.65
2025-11-07,337892,Rapunzel Σοκολάτα Γάλακτος Stick Tiger Bio 22gr,1.70
2025-11-07,337890,Rapunzel Σοκολάτα Νιρβάνα Vegan Bio Stick 22gr,2.03
2025-11-07,337891,Rapunzel Σοκολάτα Stick Πραλίνα Samba Bio 22gr,2.03
2025-11-07,305007,Coolmore Κεικ Σοκολάτα & Αλατισμένη Καραμέλα 400gr,4.95
2025-11-07,337530,Kit Kat Γκοφρέτα Άγιος Βασίλης 85gr,2.49
2025-11-07,304012,Minos Τσουρέκι Με Γέμιση Κάστανο & Επικάλυψη Λευκής Σοκολάτας 500gr,10.17
2025-11-07,303480,Burger Μπιφτέκι Cheddar Ψημένο Κατεψυγμένο 125gr,2.35
2025-11-07,303481,Burger Μπιφτέκι Barbeque Ψημένο Κατεψυγμένο 125gr,2.35
2025-11-07,303096,Σόβολος Κριτσίνι Καλαμποκιού 140gr,3.59
2025-11-07,304530,Schnitzer Κέικ Με Μαύρη Σοκολάτα Bio Χωρίς Γλουτένη 140gr,4.32
2025-11-07,332309,Χρυσανθίδης Κουραμπιεδάκι Αμυγδάλου 270gr,5.63
2025-11-07,337662,Ferrero Kinder Σοκολάτα Χριστουγεννιατική 200gr,4.50
2025-11-07,304985,Τρία Λάμδα Μελομακάρονα Με Επικάλυψη Σοκολάτας 500gr,6.32
2025-11-07,304644,Friandises Μπισκότο Βουτύρου Βρώμης 250gr,4.58
2025-11-07,337740,ΙΟΝ Σοκολάτα Γάλακτος 270gr,5.50
2025-11-07,304981,Τρία Λάμδα Μελομακάρονα Χειροποίητα 500gr,6.32
2025-11-07,304983,Τρία Λάμδα Μελομακάρονα Γεμιστά 500gr,6.32
2025-11-07,222069,Kallimanis Τόνος Σε Νερό 2x140gr,4.12
2025-11-07,222070,Kallimanis Tόνος Ελαιόλαδο 2x140gr,4.49
2025-11-07,222072,Kallimanis Tόνος Καπνιστός 2x140gr,3.85
2025-11-07,226003,My Kouzina Χυμός Τομάτας 500gr,0.57
2025-11-07,257033,Cristal Ζάχαρη Λευκή Κρυσταλλική 1kg,0.75
2025-11-07,226002,My Kouzina Τομάτα Ψιλοκομμένη 400gr (Στραγγ .Βάρος 240gr),0.57
2025-11-07,226001,My Kouzina Τομάτες Στον Τρίφτη 500gr,0.78
2025-11-07,233004,Melissa Σπαγγέτι Νο 6 500gr,0.71
2025-11-07,257009,Αθηναϊκή Ζαχαροποιία Ζάχαρη Λευκή 1kg,0.75
2025-11-07,226015,Kyknos Χυμός Τομάτας Χάρτινο 500gr,0.75
2025-11-07,226038,Kyknos Τριμμένες Τομάτες Χάρτινο 500gr,1.04
2025-11-07,236816,My Kouzina Αλεύρι Για Όλες Τις Χρήσεις 1kg,0.69
2025-11-07,233435,My Kouzina Σπαγγέτι No6 500gr,0.62
2025-11-07,226179,My Kouzina Τοματοπολτός 28%-30% 410gr,1.16
2025-11-07,234705,Misko Σπαγγέτι Νο 6 500gr,0.80
2025-11-07,230310,My Kouzina Ρύζι Μπονέτ Ελληνικό 500gr,0.94
2025-11-07,226100,Pummaro Χυμός Τομάτας 2x500gr,1.51
2025-11-07,226511,Pummaro Χυμό Τομάτας Κλασσικός Συμπυκνωμένος 500gr,0.76
2025-11-07,226044,Kyknos Τοματοπολτός 28-30% 70gr,0.65
2025-11-07,236817,My Kouzina Φαρίνα 500gr,0.46
2025-11-07,202111,My Kouzina Ξίδι Κόκκινο Σε Πλαστική Φιάλη 400ml,0.45
2025-11-07,233438,My Kouzina Λαζανάκι 500gr,0.65
2025-11-07,232332,My Kouzina Φακές Ψιλές 500gr,0.94
2025-11-07,233006,Melissa Σπαγγετίνη Νο 10 500gr,0.71
2025-11-07,233447,My Kouzina Πέννες Ριγέ 500gr,0.65
2025-11-07,226525,Pummaro Χυμό Τομάτας Κλασικός Συμπυκνωμένος 3Χ250gr,1.47
2025-11-07,230315,My Kouzina Ρύζι Basmati 500gr,1.66
2025-11-07,234055,Barilla Ζυμαρικά Linguine La Collezione 500gr,1.67
2025-11-07,233431,My Kouzina Κριθαράκι Μέτριο 500gr,0.62
2025-11-07,230312,My Kouzina Ρύζι Καρολίνα Ελληνικό 500gr,1.15
2025-11-07,257038,Cristal Ζάχαρη Καστανή Εισαγωγής 1kg,1.45
2025-11-07,233436,My Kouzina Σπαγγετίνι Νο10 500gr,0.65
2025-11-07,317457,My Kouzina Βανίλια Σε Φάκελο 1-5gr,0.31
2025-11-07,202517,Τριποδάκης Ξίδι Λευκό 2lt,1.42
2025-11-07,233433,My Kouzina Βίδες 500gr,0.62
2025-11-07,202109,My Kouzina Ξίδι Λευκό Σε Πλαστική Φιάλη 400ml,0.45
2025-11-07,203012,My Kouzina Άρτυμα Λεμονιού 400ml,0.57
2025-11-07,226062,My Kouzina Χυμός Τομάτας 3x250gr,1.20
2025-11-07,226008,Kyknos Τοματοπολτός 410gr,2.21
2025-11-07,230311,My Kouzina Ρύζι Μπονέτ Ελληνικό 1kg,1.79
2025-11-07,236094,Γιώτης Φαρίνα Κόκκινη 500gr 3τεμ,2.50
2025-11-07,232334,My Kouzina Φασόλια Μέτρια 500gr,1.00
2025-11-07,236201,Γιώτης Φαρίνα Κόκκινη 500gr,1.25
2025-11-07,233434,My Kouzina Κοφτό 500gr,0.62
2025-11-07,226047,Kyknos Τοματοπολτός Χάρτινο 70gr,0.70
2025-11-07,226013,Kyknos Χυμός Τομάτας 3x250ml,1.66
2025-11-07,233057,Melissa Στριφτό 500gr,0.95
2025-11-07,232001,3αλφα Φακές Ψιλές 500gr,2.30
2025-11-07,217112,My Kouzina Πιπέρι Μαύρο Τριμμένο Φάκελος 50gr,1.39
2025-11-07,234707,Misko Σπαγγετίνι No 10- 500gr,0.80
2025-11-07,233036,Melissa Κριθαράκι Μέτριο 500gr,0.86
2025-11-07,226521,Pummaro Κλασική Ψιλοκομμένη Ντομάτα 400gr,0.91
2025-11-07,233449,My Kouzina Σπαγγέτι Ολικής Άλεσης 500gr,0.75
2025-11-07,226076,Kyknos Τομάτες Τριμμένες 3x250gr,1.73
2025-11-07,230314,My Kouzina Ρύζι Γλασσέ Ελληνικό 500gr,0.98
2025-11-07,317405,Γιώτης Μαγιά Στιγμής 3τεμ 24gr,0.74
2025-11-07,233460,Melissa Σπαγγέτι Ολικής Αλέσεως 500gr,0.95
2025-11-07,112054,Medolio Ελιές Καλαμών Με Λιγότερο Αλάτι Τιμή Κιλού,1.96
2025-11-07,233058,Melissa Πέννες Ριγέ 500gr,0.95
2025-11-07,257096,Sugartia Ζάχαρη Λευκή Κρυσταλλική Εισαγωγής 1Kg,0.75
2025-11-07,234001,Barilla Ζυμαρικά Spaghetti No5 500gr,1.46
2025-11-07,234002,Barilla Ζυμαρικά Spaghettoni No7 500gr,1.46
2025-11-07,234614,ΜΑΚΒΕΛ Σπαγγέτι Νο6 500gr,0.69
2025-11-07,226018,Kyknos Τομάτα Ψιλοκομμένη 400gr,1.07
2025-11-07,226060,Kyknos Τοματοπολτός 28-30% Φάκελος 70gr,0.68
2025-11-07,226099,Pummaro Πελτές Τοματοπολτός 70gr,0.48
2025-11-07,207468,My Gusto Μουστάρδα Απαλή 500gr,1.09
2025-11-07,234732,Misko Κριθαράκι Μέτριο 500gr,0.86
2025-11-07,230405,Agrino Ρύζι Parboiled Bella Για Σπυρωτό Πιλάφι Ελλάδος 500gr,2.70
2025-11-07,226034,Χωριό Τοματες Τριμμένες Χάρτινο 500gr,1.02
2025-11-07,226094,Γκρέκα Τομάτα Passata 500gr,1.02
2025-11-07,233204,Stella Σπαγγέτι Νο6 500gr,0.65
2025-11-07,317012,Γιώτης Μπέικιν Πάουντερ 3x20gr,0.46
2025-11-07,226507,Pummaro Σπιτική Ντομάτα Στον Τρίφτη 500gr,0.93
2025-11-07,275211,Ζωγράφος Ζάχαρη Καστανή 500gr,1.53
2025-11-07,222049,Rio Mare Τόνος Σε Νερό Φάκελο 80gr,1.87
2025-11-07,201001,ΚΑΛΑΣ Αλάτι Μαγειρικό Πλαστικη Φιάλη 400gr,1.92
2025-11-07,317305,Mac Magic Ξηρή Μαγιά 27gr,0.93
2025-11-07,233309,Melissa Tortellini με 5 Τυριά 250gr,1.97
2025-11-07,232336,My Kouzina Ρεβύθια Χονδρά 500gr,1.87
2025-11-07,337431,Γιώτης Κουβερτούρα Σε Σταγόνες 100gr,2.25
2025-11-07,330609,Εύπορη Γη Σταφίδα Ξανθή Ελληνική Φάκελος 250gr,1.18
2025-11-07,206212,My Kouzina Καλαμπόκι 3x 170gr,2.07
2025-11-07,280154,El Sabor Wraps Τορτίγια Ολικής Άλεσης 20cm 8τεμ 320gr,2.28
2025-11-07,232337,My Kouzina Φασόλια Γίγαντες 500gr,2.55
2025-11-07,234749,Misko Ριγκατόνι 500gr,1.10
2025-11-07,110126,Hellmann's Real Μαγιονέζα 450ml,2.25
2025-11-07,234700,Misko Μακαρόνια Νο6 Οικογενειακή Συσκευασία 4x500gr,2.70
2025-11-07,226180,My Kouzina Τοματοπολτός Γυάλινο Βάζο 200gr,0.96
2025-11-07,338322,Γιώτης Classic Pastry Σε Σταγόνες 100gr,1.33
2025-11-07,201414,My Kouzina Αλάτι Σακούλα 1kg,0.39
2025-11-07,217925,My Kouzina Σκόρδο Τριμμένο 50gr,1.31
2025-11-07,235507,Barilla Σάλτσα Pesto Genovese 190gr,3.28
2025-11-07,211013,Knorr Ζωμός Λαχανικών 12 κύβοι 6lt,2.73
2025-11-07,232335,My Kouzina Φακές Χονδρές 500gr,1.13
2025-11-07,235164,Barilla Pesto Σάλτσα Genovese 190gr 2τεμ,5.56
2025-11-07,233439,My Kouzina Μακαρόνια No2 500gr,0.64
2025-11-07,330594,Snack Break Δαμάσκηνα Απύρηνα Αποξηραμένα Ε.Ε. 180gr,1.97
2025-11-07,222009,Rio Mare Τόνος Σε Ελαιόλαδο 2x160gr,5.93
2025-11-07,236461,Ορεινοί Μύλοι Αλεύρι Για Όλες Τις Χρήσεις 1kg,0.78
2025-11-07,226007,Kyknos Τοματοπολτός Διπλής Συμπύκνωσης 28% -30% 200gr,1.48
2025-11-07,271423,Γιώτης Άνθος Αραβοσίτου Βανίλια 43gr,0.47
2025-11-07,202007,ΤΟΠ Ξίδι Φιάλη Pet 6% 350ml,0.96
2025-11-07,230316,My Kouzina Ρύζι Νυχάκι Ελληνικό 500gr,0.93
2025-11-07,234702,Misko Παστίτσιο Νο 2 500gr,1.10
2025-11-07,233448,My Kouzina Πέννες Ριγέ Ολικής Άλεσης 500gr,0.75
2025-11-07,226004,My Kouzina Χυμός Τομάτας 250gr,0.40
2025-11-07,234553,Misko Σπαγγέτι Νο 6 Ολικής Άλεσης 500gr,1.09
2025-11-07,217115,My Kouzina Πάπρικα Γλυκιά Φάκελος 50gr,0.84
2025-11-07,226542,Pummaro Σπιτική Ντομάτα Στον Τρίφτη 680gr,1.65
2025-11-07,232051,ΑΓΡΟΤΥΠ Φακές Ψιλές 500gr,1.28
2025-11-07,234745,Misko Ζυμαρικά Αχιβάδα 500gr,1.10
2025-11-07,222286,Trata Tuna Pocket Τόνο Σε Νερό 80gr (Στραγγ. Βάρος 72gr),1.70
2025-11-07,226025,Kyknos Τομάτα Τριμμένη 680gr,1.95
2025-11-07,222990,Trata Τόνος Νερού 2x160gr,4.71
2025-11-07,211006,Knorr Ζωμός Κότας 12 κύβοι 6lt,2.73
2025-11-07,234713,Misko Λιγκουίνι Λαζάνια 500gr,1.10
2025-11-07,234080,ΜΑΚΒΕΛ Σπαγγέτι Νο6 Χαμηλού Γλυκαιμικού Δείκτη 400gr,1.06
2025-11-07,234559,Misko Λιγκουίνι Ολικής Άλεσης 500gr,1.29
2025-11-07,206210,My Kouzina Καλαμπόκι 170gr,0.69
2025-11-07,234550,Melissa Σπαγγετίνη Νο10 Ολικής Άλεσης 500gr,0.91
2025-11-07,233052,Melissa Λαζανάκι 500gr,1.04
2025-11-07,236093,Μύλοι Αγίου Γεωργίου Φαρινάπ Αλεύρι Οικογενειακή Συσκευασία 3x500gr,2.55
2025-11-07,233432,My Kouzina Κριθαράκι Χοντρό 500gr,0.62
2025-11-07,217111,My Kouzina Κανέλα Τριμμένη Φάκελος 50gr,0.59
2025-11-07,240046,My Kouzina Εξαιρετικό Παρθένο Ελαιόλαδο 1 lt,6.80
2025-11-07,226016,Kyknos Τομάτες Αποφλοιωμένες Ολόκληρες 400gr,1.10
2025-11-07,275430,Slim Fix Γλυκαντικό Υγρό με Stevia 60ml,3.80
2025-11-07,212012,Γιώτης Σάλτσα Μπεσαμέλ Στιγμής 162gr,1.20
2025-11-07,233038,Melissa Κοφτό 500gr,0.94
2025-11-07,202106,My Kouzina Ξίδι Λευκό Σε Πλαστική Φιάλη 1lt,0.86
2025-11-07,233047,Melissa Αχιβάδα 500gr,1.06
2025-11-07,213011,Γιώτης Πουρές Πατάτας Διπλή Συσκευασία 2x125gr,2.59
2025-11-07,317459,My Kouzina Σόδα Σε Φάκελο 20gr,0.18
2025-11-07,234309,Misko Πλεξούδες Χρυσή Σειρά 500gr,1.29
2025-11-07,230044,Ρύζι Μπονέτ Εγχώριο Ποιότητα Α 5kg Τιμή Κιλού,0.47
2025-11-07,227219,Heinz Κέτσαπ Squeezy 342gr,1.84
2025-11-07,227485,Best Price Κέτσαπ 540gr,1.61
2025-11-07,232020,Άροσις Φακές Ψιλές Γρεβενών 500gr,2.54
2025-11-07,233457,My Kouzina Κριθαράκι Ολικής Άλεσης 500gr,0.71
2025-11-07,226089,ΓΚΡΕΚΑ Polpa Ψίχα Τομάτας Τριμμένη 400gr,1.38
2025-11-07,211017,Cook Up Ζωμός Λαχανικών 12 Κύβοι,1.41
2025-11-07,280140,Knorr Noodles Κοτόπουλο 70gr,0.89
2025-11-07,233456,My Kouzina Βίδες Ολικής Άλεσης 500gr,0.75
2025-11-07,222050,Rio Mare Τόνος Σε Ελαιόλαδο Φάκελο 80gr,1.98
2025-11-07,233101,Μέλισσα Χρυσή Επιλογή Λιγκουίνι 500gr,1.04
2025-11-07,271438,Γιώτης Κορν Φλάουρ 200gr,1.13
2025-11-07,233105,Melissa Πέννες Ριγέ 1kg,1.45
2025-11-07,226163,Γκρέκα Ψιλοκομμένες Τομάτες 400gr (Στραγγιστό Βάρος 280gr),1.31
2025-11-07,110034,Hellmann's Real Μαγιονέζα 750ml,4.17
2025-11-07,222285,Trata Tuna Pocket Τόνο Σε Ελαιόλαδο 80gr (Στραγγ. Βάρος 72gr),1.70
2025-11-07,230723,Uncle Ben's Original Ρύζι Parboiled Σε Σακκουλάκι 10λεπτο Ισπανίας 500gr,2.72
2025-11-07,280673,Maggi Noodles Με Γεύση Κοτόπουλο 59-2gr,0.75
2025-11-07,244701,My Kouzina Ηλιέλαιο 1lt,1.97
2025-11-07,227019,Kyknos Κέτσαπ 560gr,2.04
2025-11-07,110012,Kraft Μαγιονέζα 490ml,2.91
2025-11-07,317602,ΑΝΑΤΟΛΗ Βανιλίνη Σε Φάκελο 0-3gr 5τεμ,0.56
2025-11-07,230672,Αγροτυπ Ρύζι Μπονέτ 500gr,0.90
2025-11-07,233050,Melissa Πέννες 500gr,0.98
2025-11-07,217114,My Kouzina Κανέλα Ξύλο Φάκελος 50gr,1.34
2025-11-07,330645,My Gusto Φιστίκι Αράπικο Ψημένο Αλάτι Δοχείο 200gr,1.65
2025-11-07,236104,Αλλατίνη Αλεύρι Για Όλες Τις Χρήσεις Οικογενειακή Συσκευασία 3τεμ,2.95
2025-11-07,201416,My Kouzina Αλάτι Πλαστική Φιάλη 750gr,0.71
2025-11-07,226046,Kyknos Σάλτσα Πίτσας 400gr,1.65
2025-11-07,236101,Αλλατίνη Αλεύρι Για Όλες Τις Χρήσεις 1kg,1.72
2025-11-07,233001,Melissa Παστίτσιο Νο 2 500gr,1.04
2025-11-07,241001,Μινέρβα Ελαιόλαδο Κλασσικό 1lt,7.58
2025-11-07,217113,My Kouzina Πιπέρι Ολόκληρο Φάκελος 50gr,0.92
2025-11-07,234729,Misko Μακαρόνια Νο10 4x500gr,2.70
2025-11-07,202015,ΤΟΠ Μηλόξυδο Φιάλη Pet 6% 350ml,1.12
2025-11-07,207483,Best Price Μουστάρδα Απαλή 500gr,0.99
2025-11-07,233696,Misko Φιδές Ψιλός 250gr,0.83
2025-11-07,235115,Kyknos Κέτσαπ Χωρίς Ζάχαρη Πλαστική Φιάλη 360gr,2.20
2025-11-07,232004,3αλφα Φασόλια Μέτρια 500gr,2.30
2025-11-07,233446,My Kouzina Πέννες Ριγέ 1kg,1.22
2025-11-07,268005,Nestle Dessert Κουβερτούρα 170 gr,2.97
2025-11-07,226208,Kyknos Τομάτα Περαστή Στο Μύλο Σε Χάρτινο 500gr,0.86
2025-11-07,233437,My Kouzina Σπαγγέτι Νο6 1kg,1.19
2025-11-07,234754,Misko Ζυμαρικά Τριβελάκι 500gr,1.57
2025-11-07,234017,Barilla Ζυμαρικά Spaghettini No3 500gr,1.43
2025-11-07,222045,Rio Mare Τόνος Σε Ελαιόλαδο 3x80gr,4.80
2025-11-07,236001,Φαρινάπ Αλεύρι 500gr,1.10
2025-11-07,330658,Εύπορη Γη Καρυδόψιχα Εκτός Ε.Ε. Φάκελος 200gr,3.05
2025-11-07,242090,Best Price Πυρηνέλαιο 1lt,4.20
2025-11-07,330729,Snack Break Χουρμάδες Απύρηνοι Αποξηραμένοι Εκτός Ε.Ε. 180gr,1.39
2025-11-07,241460,Χρυσελιά Κλασικό Ελαιόλαδο 1lt,6.55
2025-11-07,257116,Royal Sugar Ζάχαρη Καστανή 1kg,1.70
2025-11-07,230418,Agrino Ρύζι Exotic Basmati Ινδίας 500gr,3.46
2025-11-07,203003,Mari Χύμος Λεμονιού Γυάλινο Φιάλη 250ml,1.12
2025-11-07,230004,3αλφα Ρύζι Καρολίνα 500gr,2.23
2025-11-07,222258,Trata Τόνος Καπνιστός 2x160gr,4.71
2025-11-07,233005,Melissa Σπαγγετίνη Νο 7 500gr,0.71
2025-11-07,234013,Barilla Ζυμαρικά Tortellini Με Τυριά 500gr,5.95
2025-11-07,317609,ΑΝΑΤΟΛΗ Σόδα σε Γυάλινη Συσκευασία 380gr,2.40
2025-11-07,257039,My Kouzina Ζάχαρη Άχνη 400gr,0.81
2025-11-07,230313,My Kouzina Ρύζι Καρολίνα Ελληνικό 1kg,2.11
2025-11-07,233034,Melissa Κανελόνια 250gr,1.25
2025-11-07,112053,My Gusto Ελιές Καλαμών 121-160 Τιμή Κιλού,2.05
2025-11-07,337460,Γιώτης Κουβερτούρα Με Stevia 125gr,2.71
2025-11-07,217117,My Kouzina Ρίγανη Φάκελος 50gr,0.84
2025-11-07,232435,Agrino Φακές Ψιλές Φαρσάλων 500gr,2.23
2025-11-07,226516,Pummaro Χυμός Τομάτας Extra Συμπυκνωμένος 520gr,0.87
2025-11-07,222034,Rio Mare Τόνος Σε Νερό 2x160gr,5.61
2025-11-07,213010,Mousline Πουρές Πατάτας 250gr,1.91
2025-11-07,207404,Hellmann's Μουστάρδα Απαλή 265gr,2.02
2025-11-07,234731,Misko Κριθαράκι Χονδρό 500gr,0.86
2025-11-07,271572,My Kouzina Κορν Φλαουρ 200gr,0.81
2025-11-07,108723,Xenia Κάπαρη Άνθος 105gr,1.70
2025-11-07,226514,Pummaro Χυμό Τομάτας Με Κρεμμύδι 520gr,0.83
2025-11-07,243701,My Kouzina Αραβοσιτέλαιο 1lt,2.25
2025-11-07,230670,Αγροτυπ Ρύζι Καρολίνα 500gr,1.13
2025-11-07,227034,My Gusto Κέτσαπ Πλαστική Φιάλη 560gr,1.90
2025-11-07,201027,Special Foods Αλάτι Μεσολογγίου Ψιλό Economy Pack 650gr,0.94
2025-11-07,234734,Misko Ζυμαρικά Κοφτό 500gr,1.10
2025-11-07,234007,Barilla Ζυμαρικά Penne Rigate 500gr,1.73
2025-11-07,330599,Εύπορη Γη Φιστίκι Κελυφωτό Ψημένο Αλατισμένο Φάκελος 250gr,3.06
2025-11-07,233461,Melissa Πέννες Ριγέ Ολικής Αλέσεως 500gr,1.18
2025-11-07,206211,My Kouzina Καλαμπόκι 340gr,0.99
2025-11-07,337779,Γιώτης Κουβερτούρα Γάλακτος Σε Σταγόνες 100gr,2.18
2025-11-07,233035,Melissa Kριθαράκι Χονδρό 500gr,0.86
2025-11-07,203931,Realemon Χυμός Λεμονιού 250ml,1.40
2025-11-07,234023,Barilla Ζυμαρικά Fusilli 500gr,1.73
2025-11-07,233114,My Kouzina Λαζάνια Ολικής 550gr,0.71
2025-11-07,659546,ΠΑΝ Ξίδι Λευκό 4lt,2.99
2025-11-07,230041,Ρύζι Καρολίνα Εγχώριο 5kg Τιμή Κιλού,0.44
2025-11-07,233211,Stella Λαζάνια 500gr,0.74
2025-11-07,280195,Mr Noodles Instant Noodles Κοτόπουλο 70gr,0.72
2025-11-07,233325,Melissa Σπαγγέτι Με Καρότο 400gr,1.27
2025-11-07,234757,Misko Ζυμαρικά Φιογκάκι 500gr,1.30
2025-11-07,226426,My Kouzina Τοματοπολτός 28%-30% 200gr,0.76
2025-11-07,211015,Cook Up Ζωμός Κότας 12 Κύβοι,1.41
2025-11-07,236092,Μύλοι Αγίου Γεωργίου Αλεύρι Για Όλες Τις Χρήσεις 3x1kg,3.14
2025-11-07,233206,Stella Σπαγγετίνι Νο10 500gr,0.65
2025-11-07,207031,Kalamata Papadimitriou Μουστάρδα Απαλή 300gr,2.47
2025-11-07,232049,ΑΓΡΟΤΥΠ Φασόλια Μαυρομάτικα 500gr,1.41
2025-11-07,280138,Alfa Τορτίγια Grilled 6τεμ 370gr,1.79
2025-11-07,315012,Γιώτης Φρουί Ζελέ Φράουλα Χωρίς Ζάχαρη 14-5gr,1.41
2025-11-07,234554,Misko Σπαγγετίνη Νο 10 Ολικής Άλεσης 500gr,1.09
2025-11-07,330678,My Gusto Ηλιόσπορος Ψημένος Αλατισμένος (Τιμή Κιλού),0.96
2025-11-07,330675,My Gusto Ποπ Κορν Άψητο Εισαγωγής 300gr,1.16
2025-11-07,225452,Kyknos Φασόλια Κόκκινα 400gr,1.27
2025-11-07,234706,Misko Σπαγγέτι Νο 7 500gr,0.80
2025-11-07,660952,Biovita Ηλιόσπορος Ψύχα 250gr,1.56
2025-11-07,280666,Oriental Express Νούντλς Λαχανικών 87gr,0.99
2025-11-07,222046,Rio Mare Τόνος Σε Νερό 3x80gr,4.54
2025-11-07,234086,Barilla Collezione Farfalle 500gr,1.77
2025-11-07,230415,Agrino Ρύζι Parboiled Bella Για Σπυρωτό Πιλάφι Ελλάδος 1kg,4.55
2025-11-07,330595,Snack Break Κράνμπερι Αποξηραμένο Εκτός Ε.Ε. 170gr,1.74
2025-11-07,230042,Ρύζι Γλασσέ Εγχώριο 5kg Τιμή Κιλού,0.41
2025-11-07,235165,Barilla Σάλτσα Basilico 2x400gr,5.42
2025-11-07,110017,Heinz Μαγιονέζα 480ml,2.54
2025-11-07,236030,Μύλοι Αγίου Γεωργίου Αλεύρι Ολικής 1kg,2.30
2025-11-07,211305,Maggi Ζωμός Κότας 12 κύβοι,2.46
2025-11-07,232008,3αλφα Ρεβύθια Αποφλοιωμένα 500gr,3.70
2025-11-07,233040,Melissa Κοράλλι 500gr,1.06
2025-11-07,222287,Trata Tuna Pocket Τόνος Καπνιστός 80gr (Στραγ. Βάρος 72gr),1.70
2025-11-07,212011,My Kouzina Σάλτσα Μπεσαμέλ 174gr,1.49
2025-11-07,235501,Barilla Σάλτσα Basilico 400gr,3.05
2025-11-07,236935,My Kouzina Σιμιγδάλι Ψιλό 500gr,0.71
2025-11-07,222039,Flokos Τόνος Σε Νερό 160gr,2.04
2025-11-07,233705,Misko Ταλιατέλες 500gr,1.77
2025-11-07,280656,Oriental Express Noodles 3' Κοτόπουλο & Τσίλι 87gr,0.99
2025-11-07,233772,Misko Ζυμαρικά Πέννε Ριγκάτε 500gr,1.16
2025-11-07,217109,My Kouzina Μοσχοκάρυδο Τριμμένο Φάκελος 15gr,0.68
2025-11-07,226357,Μπάρμπα Στάθης Ντομάτα Στον Τρίφτη 500gr,1.14
2025-11-07,330666,My Gusto Καρύδα Τριμμένη Εισαγωγής 130gr,0.99
2025-11-07,236520,Μύλοι Αγ. Γεωργίου Αλεύρι Ζυμωτό 1kg,1.61
2025-11-07,233455,My Kouzina Σπαγγετίνι Νο10 1kg,1.19
2025-11-07,243702,My Kouzina Αραβοσιτέλαιο 2lt,4.46
2025-11-07,233260,Stella Πέννες Ριγέ 500gr,0.78
2025-11-07,226023,Kyknos Τομάτα Ψιλοκομμένη Χάρτινη Συσκευασία 370gr,1.09
2025-11-07,230673,Αγροτύπ Ρύζι Basmati 500gr,1.50
2025-11-07,211141,Maggi Νοστιμιά Λαχανικά Μπαχαρικά 130gr,2.48
2025-11-07,233097,Μέλισσα Φιόγκακι 500gr,1.20
2025-11-07,225479,My Gusto Ντολμαδάκια Γιαλαντζί 280gr,2.21
2025-11-07,330501,My Gusto Καρυδόψιχα Άψητη Εισαγωγής Τιμή Κιλού,4.83
2025-11-07,233128,Melissa Φιογκάκι Ολικής Άλεσης 500gr,1.26
2025-11-07,202850,Πάρος Ξίδι Σπέσιαλ Οικογενειακή Συσκευασία 3x390ml,1.60
2025-11-07,241260,My Kouzina Κλασικό Ελαιόλαδο 1lt,5.85
2025-11-07,659074,Ήλιος Σόδα Βάζο 350gr,2.36
2025-11-07,234042,Barilla Ζυμαρικά Rigatoni 500gr,1.73
2025-11-07,230402,Agrino Ρύζι Φάνσυ Για Γεμιστά Ελλάδος 500gr,2.35
2025-11-07,233031,Melissa Φιδές Ψιλός 250gr,0.88
2025-11-07,280096,Mexilla Τορτίγια Ολικής Άλεσης 25cm 6τεμ 360gr,1.99
2025-11-07,330598,Εύπορη Γη Φιστίκι Αράπικο Ψημένο Αλατισμένο Εκτός Ε.Ε. Φάκελο 250gr,0.99
2025-11-07,207469,My Gusto Μουστάρδα Πικάντικη 500gr,1.11
2025-11-07,217912,My Kouzina Πιπέρι Μαύρο Τριμμένο 40gr,1.95
2025-11-07,211308,Maggi Ζωμός Λαχανικών 12 κύβοι,2.46
2025-11-07,236601,Μάννα Αλεύρι για Όλες τις Χρήσεις 1kg,1.68
2025-11-07,206052,Holco Μανιτάρια Τεμαχισμένα 200gr,1.86
2025-11-07,317836,My Kouzina Σησάμι Σε Φάκελο 50gr,0.53
2025-11-07,236820,Κούλα Μύλοι Καρανίκα Αλεύρι Για Όλες Τις Χρήσεις 3kg,3.37
2025-11-07,202518,Τριποδάκης Ξίδι Ερυθρό 2lt,1.42
2025-11-07,226009,Kyknos Τοματοπολτός 28% 860gr,4.23
2025-11-07,275310,Evergreen Organics Ζάχαρη Καρύδας 250gr,2.18
2025-11-07,317408,Γιώτης Μπέικιν Πάουντερ 200gr,1.63
2025-11-07,244001,Μινέρβα Ηλιέλαιο 1lt,2.70
2025-11-07,338323,Γιώτης Classic Pastry Γάλακτος 125gr,1.47
2025-11-07,202736,Kalamata Papadimitriou Κρέμα Βαλσάμικο 250ml,2.75
2025-11-07,110271,Hellmann's Light Μαγιονέζα 225ml,1.88
2025-11-07,233450,Melissa Κριθαράκι Μέτριο Ολικής Αλέσεως 500gr,1.21
2025-11-07,271421,Γιώτης Άνθος Αραβοσίτου Στιγμής Βανίλια 62gr,0.93
2025-11-07,233039,Melissa Κοφτάκι 500gr,1.06
2025-11-07,202152,Τοπ Ξίδι Κόκκινο Πλαστικό Φιάλη 2x350ml,1.54
2025-11-07,280129,El Sabor Mini Tortillas Happy Time 12cm 8τεμ 144gr,1.56
2025-11-07,315023,Γιώτης Φρουί Ζελέ Φράουλα 200gr,1.69
2025-11-07,210025,Knorr Noodles Πικάντικο Κοτόπουλο 73gr,0.89
2025-11-07,233121,Melissa Λαζάνια 500gr,1.99
2025-11-07,232002,3αλφα Φακές Χονδρές 500gr,2.30
2025-11-07,235146,Kyknos Σάλτσα Βασιλικού 350gr,2.00
2025-11-07,232409,Agrino Ρεβύθια Χονδρά 500gr,2.94
2025-11-07,232910,Φακές Ψιλές Φαρσάλων Ποιότητα A 15kg Τιμή Κιλού,0.33
2025-11-07,226351,Pummaro Τοματοπολτός Διπλής Συμπύκνωσης 28% -30% 410gr,1.55
2025-11-07,226572,Pummaro Χυμό Τομάτας Βιολογικός Χυμός Τομάτας Κτήμα 500gr,1.34
2025-11-07,330679,My Gusto Ηλιόσπορος Ψημένος Ανάλατος (Τιμή Κιλού),1.00
2025-11-07,330657,My Gusto Mix Ξηροί Καρποί Κράνμπερυ Σταφύδες Εισαγωγής 200gr,3.05
2025-11-07,315013,Γιώτης Φρουί Ζελέ Κεράσι Χωρίς Ζάχαρη 14-5gr,1.41
2025-11-07,207407,Hellmann's Μουστάρδα Απαλή 500gr,4.45
2025-11-07,201413,My Kouzina Αλάτι Σακούλα 500gr,0.25
2025-11-07,330064,My Gusto Αμύγδαλο Ψημένο Ανάλατο Φυράνια Καβαλας Τιμή Κιλού,4.87
2025-11-07,330588,Εύπορη Γη Σταφίδα Μαύρη Ελληνική Φάκελος 250gr,1.33
2025-11-07,112059,Xenia Ελιές Καλαμών Φέτες Βάζο 350gr,2.57
2025-11-07,211005,Knorr Ζωμός Βοδινού 12 κύβοι 6lt,2.73
2025-11-07,659446,Ήλιος Πιπέρι Τριμμένο Φάκελλο 50gr,2.14
2025-11-07,226522,Pummaro Ντομάτα Ψιλοκομμένη Με Κρεμμύδι 400gr,1.04
2025-11-07,257115,Royal Sugar Ζάχαρη Άχνη 400gr,0.71
2025-11-07,330272,Χαϊτογλου Σπόροι Chia 200gr,2.87
2025-11-07,271424,Γιώτης Άνθος Αραβοσίτου Σοκολάτα 48gr,0.53
2025-11-07,222999,Trata Τονος Σε Ελαιόλαδο 140gr 2τεμ,4.71
2025-11-07,235145,KYKNOS Σάλτσα Ναπολιτάνα 350gr,2.17
2025-11-07,206208,My Kouzina Μανιτάρια Κομμένα 800gr,2.51
2025-11-07,234180,Barilla Ζυμαρικά Spaghetti No5 Integrale 500gr,1.65
2025-11-07,233498,Melissa Pasta Kids Bluey 400γρ,1.09
2025-11-07,280202,Mr. Noodles Instant Λαχανικών 70gt,0.72
2025-11-07,230404,Agrino Ρύζι Λαίς Καρολίνα Για Ριζότο Ελλάδος 500gr,2.50
2025-11-07,212000,Μύλοι Αγίου Γεωργίου Μπεσαμέλ 162gr,1.58
2025-11-07,110032,Heinz Mayoketchup 415ml,2.95
2025-11-07,206050,Holco Μανιτάρια Τεμαχισμένα 400gr,2.56
2025-11-07,232050,ΑΓΡΟΤΥΠ Φασόλια Μέτρια 500gr,1.58
2025-11-07,222088,Rio Mare Insalatissime Μεξικάνα 2x160gr,6.25
2025-11-07,234737,Misko Ζυμαρικά Πεπονάκι 500gr,1.10
2025-11-07,330630,My Gusto Ηλιόσπορος Αλάτι Δοχείο 110gr,0.97
2025-11-07,226101,Χωριό Χυμός Τομάτας 2x500gr,1.64
2025-11-07,234095,Mάκβελ Πένες Χαμηλού Γλυκαιμικού Δείκτη 400gr,1.20
2025-11-07,330063,My Gusto Αμύγδαλο Ωμό Καβάλας Τιμή Κιλού,6.03
2025-11-07,110269,Hellmann's Μαγιονέζα Light Top Down 430ml,3.78
2025-11-07,228011,Delmonte Κομπόστα Ροδάκινο 825gr,2.66
2025-11-07,202014,ΤΟΠ Ξίδι Βαλσάμικο 250ml,1.98
2025-11-07,225122,Zanae Γίγαντες Γιαχνί 280gr,2.58
2025-11-07,233109,Melissa Σπαγγέτι Νο 6 1kg,1.45
2025-11-07,236220,Γιώτης Φαρίνα Ολικής Άλεσης 500gr,1.61
2025-11-07,226035,Χωριό Ελαφρά Συμπυκνωμένος Χυμός Τομάτας 500gr,0.83
2025-11-07,110836,My Gusto Μαγιονέζα Top Down 410gr,2.41
2025-11-07,233923,Βλάχα Χυλοπιτάκι Με Αυγά & Γάλα 500gr,2.03
2025-11-07,231001,Ben's Original Ρύζι Basmati 2' 220gr,1.84
2025-11-07,110125,Hellmann's Real Μαγιονέζα 225ml,1.42
2025-11-07,230401,Agrino Ρύζι Σουπέ Γλασσέ Για Σούπες και Γλυκά Ελλάδος 500gr,2.18
2025-11-07,235167,Barilla Σάλτσα Ναπολιτάνα 2x400gr,5.42
2025-11-07,232404,Agrino Φασόλια Μέτρια Του Κόσμου 500gr,2.05
2025-11-07,112331,Alta Gusto Ελιές Καλαμών Ροδέλες Τιμή Κιλού,1.36
2025-11-07,201415,My Kouzina Αλάτι Πλαστική Φιάλη 400gr,0.47
2025-11-07,236091,Γιώτης Αλεύρι Για Όλες Τις Χρήσεις 3x1kg,3.40
2025-11-07,222465,My Gusto Τονοσάλατα Καλαμπόκι & Αρακάς 2x170gr,4.32
2025-11-07,206923,Bonduelle Καλαμπόκι Οικογενειακή Συσκευασία 3x170gr,2.72
2025-11-07,235504,Barilla Σάλτσα Napoletana 400gr,3.05
2025-11-07,217926,My kouzina Πάπρικα Γλυκιά 40g,1.21
2025-11-07,110837,My Gusto Μαγιονέζα 470gr,2.58
2025-11-07,230012,3αλφα Ρύζι Τύπου Αμερικής 500gr,2.40
2025-11-07,234004,Barilla Κριθαράκι Μέτριο Risoni 500gr,1.74
2025-11-07,235804,Fytro Πλιγούρι 500gr,1.88
2025-11-07,230011,3αλφα Ρύζι Basmati 500gr,3.31
2025-11-07,233239,Stella Κοφτό 500gr,0.71
2025-11-07,337948,ION Κουβερτούρα Υγείας 2x125gr,5.14
2025-11-07,234747,Misko Ζυμαρικά Σέλινο 500gr,1.10
2025-11-07,217739,Δελφί Δάφνη Φύλλο Ελληνική 20gr,1.42
2025-11-07,201016,Κάλας Αλάτι Πλαστική Φιάλη 750gr,2.60
2025-11-07,206958,Bonduelle Καλαμπόκι Extra Τραγανό 170gr,1.36
2025-11-07,330067,My Gusto Ποπ Κορν Αμερικής Τιμή Κιλού,0.88
2025-11-07,201011,ΗΡΑ Αλάτι Σακούλα 500gr,0.93
2025-11-07,221101,Zwan Luncheon Meat 200gr,3.48
2025-11-07,280665,Oriental Express Noodles Γαρίδες 87gr,0.99
2025-11-07,232006,3αλφα Φασόλια Γίγαντες 500gr,4.34
2025-11-07,226037,Χωριό Ελαφρά Συμπυκνωμένος Χυμός Τομάτας 3x250gr,1.62
2025-11-07,221148,My Gusto Λάντσιον Μητ Κοτόπουλο 200gr,1.66
2025-11-07,227204,Heinz Κέτσαπ Πλαστική Φιάλη 700gr,3.66
2025-11-07,322079,Χαίτογλου Σησάμι Αποφλοιωμένο 250gr,2.49
2025-11-07,227037,Heinz Κέτσαπ Zero 425gr,2.76
2025-11-07,330809,Εύπορη Γη Κουκουνάρι Φάκελος Εκτός ΕΕ 30gr,1.24
2025-11-07,664819,Melissa Linguini Ολικής Άλεσης 500gr,1.20
2025-11-07,236483,Κυλινδρόμυλοι Λήμνου Αγνό Κίτρινο Αλεύρι Για Ζύμωμα 1kg,2.03
2025-11-07,110270,Hellmann's Light Μαγιονέζα 450ml,3.40
2025-11-07,233775,Misko Τορτελίνι Με Τυρί 500gr,4.11
2025-11-07,233041,Melissa Τρουμπετίνα 500gr,1.06
2025-11-07,651432,Ανδρίτσαινα Τραχανάς Γλυκός 500gr,2.55
2025-11-07,330555,Snack Break Φουντούκι Ψημένο Ανάλατο 55gr,1.47
2025-11-07,204029,Meteora Τομάτα Φρεσκοτριμμένη 300gr,1.55
2025-11-07,222437,My Gusto Τόνος Φιλέτο Σε Νερό 2x195gr Στρ.Βαρ.0.280gr,5.64
2025-11-07,236936,My Kouzina Σιμιγδάλι Χονδρό 500gr,0.71
2025-11-07,110011,Kraft Μαγιονέζα 870ml,4.55
2025-11-07,225478,My Gusto Γίγαντες Γιαχνί 280gr,1.86
2025-11-07,651228,Uncle Ben's Original Ρύζι Αρωματικό Basmati Σακουλάκι 10' 500gr,4.21
2025-11-07,202057,ΤΟΠ Ξίδι Λευκό Πλαστική Φιάλη 350ml,0.92
2025-11-07,234750,Misko Ζυμαρικά Κοραλάκι 500gr,1.10
2025-11-07,317309,Μύλοι Αγίου Γεωργίου Ξηρή Μαγιά 3x24gr,0.98
2025-11-07,112081,Xenia Ελιές Καλαμών (201/230) Γλυκ/ές ΛιγότεροΑλάτι 595gr (Σ.Β.330gr),2.30
2025-11-07,660944,Biovita Κολοκυθόσπορος Ψίχα Εισαγωγής 200gr,3.13
2025-11-07,651430,Ανδρίτσαινα Παπαρδέλες 500gr,2.55
2025-11-07,234861,Barilla Ζυμαρικά Linguine Ολικής Άλεσης 500gr,1.93
2025-11-07,211016,Cook Up Ζωμός Βοδινού 12 Κύβοι,1.41
2025-11-07,233921,Βλάχα Τραχανάς Ξινός Με Γάλα 500gr,2.45
2025-11-07,243001,Μινέρβα Αραβοσιτέλαιο 1lt,2.85
2025-11-07,211057,Maggi Ζωμός Βοδινού 12 κύβοι 120gr,2.20
2025-11-07,651367,Άροσις Ρεβίθια Μικρόσπερμα Γρεβενών 500gr,2.71
2025-11-07,651431,Ανδρίτσαινα Χυλοπίτες 500gr,2.55
2025-11-07,337062,ΙΟΝ Κουβερτούρα Υγείας 125gr,2.92
2025-11-07,232021,My Kouzina Φάβα 500gr,1.70
2025-11-07,110107,Hellmann's Real Μαγιονέζα Real 650ml,3.44
2025-11-07,233707,Misko Μακαρόνια Extrafino No 12 500gr,1.23
2025-11-07,233129,Μέλισσα Κοφτό Μακαρόνι Ολικής Άλεσης 500gr,1.19
2025-11-07,330652,My Gusto Αμύγδαλο Ψημένο Χωρίς Αλάτι Ελληνικό 200gr,4.50
2025-11-07,330650,My Gusto Πασατέμπος Ψημένος Ανάλατος Εισαγωγής 150gr,1.05
2025-11-07,257005,Fytro Ζάχαρη Καστανή Ακατέργαστη 1Kg,2.08
2025-11-07,280097,Mexilla Τορτίγια Σίτου 25cm 6 τεμ 360gr,1.89
2025-11-07,330475,Εύπορη Γη Πινατς Ψημένο Αλατισμένο Εκτός Ε.Ε. Φάκελο 250gr,0.96
2025-11-07,275484,Ζωγράφος Slim Line Γλυκαντικό Με Stevia Σε Υγρό 125ml,3.25
2025-11-07,234860,Misko Ριγκατόνι Ολικής Άλεσης 500gr,1.29
2025-11-07,233107,Melissa Τορτελίνι Με 5 Τυριά 500gr,3.82
2025-11-07,236911,Melissa Σιμιγδάλι Ψιλό 500gr,0.98
2025-11-07,222982,Trata Σαρδέλλες Σε Φυτικό Λάδι 100gr,2.66
2025-11-07,211122,Knorr Extra Γεύση Λαχανικών Vegan 130gr,1.76
2025-11-07,315037,Σαμούρη Υγρό Άρωμα Βανίλιας Ζαχαροπλαστικής 28ml,2.19
2025-11-07,213052,Knorr Πουρές Με Γάλα 291gr,2.92
2025-11-07,271422,Γιώτης Άνθος Αραβοσίτου Κακάο Στιγμής 78gr,1.10
2025-11-07,201003,ΚΑΛΑΣ Αλάτι Κλασσικό 250gr,1.16
2025-11-07,201028,ΚΑΛΑΣ Αλάτι Light 375gr,1.98
2025-11-07,235220,Knorr Σάλτσα Καρμπονάρα 44gr,1.88
2025-11-07,112332,My Gusto Ελιές Καλαμών Εκπυρηνωμένες Brill (291-320) Eλλάδος Τιμή Κιλού,1.28
2025-11-07,202851,Πάρος Μηλόξιδο Γυάλινη Φιάλη 500ml,1.39
2025-11-07,217116,My Kouzina Μπαχάρι Ολόκληρο Φάκελος 30gr,1.03
2025-11-07,330671,My Gusto Κοκτέιλ Εισαγωγής 180gr,1.52
2025-11-07,330752,Premioum Ξηροί Κάρποι Energy Mix Ωμοί & Ανάλατοι 200gr,3.82
2025-11-07,227020,Kyknos Κέτσαπ Πλαστική Φιάλη Top Down 560gr,2.22
2025-11-07,232420,Agrino Φασόλια Γίγαντες 500gr,4.27
2025-11-07,233046,Melissa Κουσκουσέ 500gr,1.04
2025-11-07,233108,Melissa Κριθαράκι Μέτριο 1kg,1.45
2025-11-07,233003,Melissa Μακαρόνια Νο 5 500gr,1.06
2025-11-07,202138,Kalamata Papadimitriou Κρέμα Βαλσάμικο Με Στέβια 250ml,3.47
2025-11-07,236495,Evergreen Organics Κινόα Bio 250gr,2.94
2025-11-07,234551,Misko Κριθαράκι Ολικής Άλεσης 500gr,1.29
2025-11-07,330647,My Gusto Φουντούκι Ψημένο Ανάλατο 200gr,5.71
2025-11-07,241020,Μινέρβα Ελαιόλαδο Κλασσικό 4lt,29.30
2025-11-07,213406,My Kouzina Πουρές Πατάτας 250gr,2.24
2025-11-07,330637,Συνεργασία Σουλτανίνα Σταφίδα 200gr,1.83
2025-11-07,233110,My Kouzina Πέννες Tricolore 500gr,0.88
2025-11-07,225906,Paliria Ντολμαδάκια Γιαλαντζί 280gr,3.14
2025-11-07,222083,Rio Mare Insalatissime Καλαμπόκι 2x160gr,6.25
2025-11-07,225102,Zanae Ντολμαδάκια 280gr,3.10
2025-11-07,236077,Φαρινάπ Αλεύρι Με 5 Δημητριακά 500gr,1.78
2025-11-07,670180,Μπραούζη Ελιές Πράσινες Γεμιστές Πιπέρια 121-140,2.22
2025-11-07,315057,Γιώτης Φρούι Ζελέ Ροδάκινο Χωρίς Ζάχαρη 14-5gr,1.41
2025-11-07,222042,Trata Τόνος Σε Νερό 3x80gr,3.82
2025-11-07,236040,Μύλοι Αγίου Γεωργίου Αλεύρι Για Πίτσα 1kg,1.62
2025-11-07,651428,Ανδρίτσαινα Τραχανάς Ξυνός 500gr,2.55
2025-11-07,230370,Bio Farma Ρύζι Basmati Βιολογικό 500gr,3.31
2025-11-07,241464,Χρυσελιά Ελαιόλαδο Κλασικό 4lt,24.50
2025-11-07,315050,Mac Magic Ζελέ Άρωμα Κεράσι Χωρίς Ζάχαρη 14-5gr,1.24
2025-11-07,280085,El Sabor Tortilla Happy Time 20cm 6τεμ,1.85
2025-11-07,207036,Kyknos Μουστάρδα Απαλή Πλαστική Φιάλη 500gr,2.59
2025-11-07,330511,My Gusto Πινατς Ψημένο Αλατισμένο Αργεντινής Τιμή Κιλού,1.50
2025-11-07,235219,Knorr Σάλτσα 4 Τυριά 44gr,1.94
2025-11-07,233237,Stella Κριθαράκι Μέτριο 500gr,0.74
2025-11-07,320256,Υάδες Ποπ Κορν Άψητο Ελληνικό Βιολογικό 250gr,1.72
2025-11-07,233201,Stella Μακαρόνια Νο 2 500gr,0.78
2025-11-07,235031,Cook At Home Σάλτσα Μοσχαράκι Κοκκινιστό Κατσαρόλας 520gr,2.74
2025-11-07,207848,Heinz Μουστάρδα Απαλή Top Down 445gr,2.52
2025-11-07,232333,My Kouzina Σίτος 500gr,0.83
2025-11-07,230003,3αλφα Ρύζι Καστανό 10' 500gr,2.59
2025-11-07,232853,Άροσις Φακές Ψιλές Γρεβενών Βιολογικές 500gr,3.70
2025-11-07,233462,Melissa Στριφτό Ολικής Αλέσεως 500gr,1.21
2025-11-07,234704,Misko Μακαρόνια Τρυπητά Νο5 500gr,1.10
2025-11-07,280669,Oriental Express Noodles Μανιτάρι 87gr,0.99
2025-11-07,201215,Χιών Αλατι Χονδρό 1kg,1.73
2025-11-07,315026,Γιώτης Φρουί Ζελέ Κεράσι 200gr,1.69
2025-11-07,235043,Primo Gusto Σάλτσα Pesto Genovese 190gr,2.69
2025-11-07,161274,Massapora Νιόκι Πατάτας Φρέσκα 500gr,2.47
2025-11-07,234555,Misko Κοφτό Ολικής Άλεσης 500gr,1.29
2025-11-07,236045,Μύλοι Αγίου Γεωργίου Αλεύρι Για Όλες Τις Χρήσεις 1kg,1.80
2025-11-07,234764,Misko Χυλοπίτες 500gr,1.74
2025-11-07,234096,Μακβελ Κριθαράκι Χαμηλού Γλυκαιμικού Δείκτη 400gr,1.12
2025-11-07,234090,Μelissa Στριφτόνι Με Τομάτα 400gr,1.27
2025-11-07,280725,Cardinal Udon Noodles 200gr,1.36
2025-11-07,280668,Oriental Express Νούντλς Πάπια Πεκίνου 87gr,0.99
2025-11-07,207050,Condito Μουσταρδομαγιονέζα 435ml,3.83
2025-11-07,232551,Άροσις Φασόλια Μέτρια Λάρισας 500gr,3.33
2025-11-07,233681,My Kouzina Tortellini Με Προσούτο 250gr,1.73
2025-11-07,330962,Βοστίτσα Μαύρη Σταφίδα Π.Ο.Π 200gr,1.82
2025-11-07,233042,Melissa Ριγκατόνι 500gr,1.06
2025-11-07,225473,My Gusto Ντολμαδάκια Γιαλαντζί 190gr,1.75
2025-11-07,275306,Fytro Ζάχαρη Ακατέργαστη 500gr,1.50
2025-11-07,315051,Mac Magic Ζελέ Με Άρωμα Φράουλας Χωρίς Ζάχαρη 14-5gr,1.24
2025-11-07,650103,Μύλοι Αγίου Γεωργίου Αλέυρι Καλάμποκιού 500gr,0.83
2025-11-07,201029,Special Foods Αλάτι Μεσολογγίου Χονδρό Economy Pack 650gr,0.95
2025-11-07,207040,Brava Μουστάρδα Απαλή 430gr,2.50
2025-11-07,280672,Maggi Noodles Με Βοδινό 59-2gr,0.75
2025-11-07,244301,Sanola Ηλιέλαιο 1lt,2.20
2025-11-07,240078,Terra Creta Εξαιρετικό Παρθένο Ελαιόλαδο Χανίων 1lt,8.90
2025-11-07,317001,Alsa Βανίλια Σε Φάκελο 7.5gr,0.70
2025-11-07,330656,My Gusto Ηλιόσπορος Ανάλατος Από Όλον Τον Κόσμο 110gr,0.71
2025-11-07,236003,Μύλοι Αγίου Γεωργίου Αλεύρι Νο1 1kg,2.34
2025-11-07,315014,Γιώτης Φρουί Ζελέ Ανανάς Χωρίς Ζάχαρη 14-5gr,1.41
2025-11-07,232402,Agrino Φακές Χονδρές 500gr,2.23
2025-11-07,211069,Knorr Noodle Με Γεύση Λαχανικών 70gr,0.89
2025-11-07,241101,Άλτις Κλασικό Ελαιόλαδο 1lt,8.95
2025-11-07,234474,Barilla Ζυμαρικά Penne Rigate Piccolini 500gr,1.98
2025-11-07,280667,Oriental Express Νούντλς Χοιρινό BBQ 87gr,0.99
2025-11-07,233000,Μέλισσα Τορτελλίνι Με Φέτα 250gr,2.20
2025-11-07,314001,Σαμούρη Τρούφα Υγείας 90gr,1.80
2025-11-07,315029,Γιώτης Φρουί Ζελέ Ανανάς 200gr,1.69
2025-11-07,233106,Mέλισσα Χρυσή Επιλογή Πλεξούδες 500gr,1.19
2025-11-07,110016,Heinz Μαγιονέζα Top Down 400ml,2.67
2025-11-07,280695,Maggi Noodles Cup Κοτόπουλο 63gr,1.59
2025-11-07,235812,3αλφα Πλιγούρι Μέτριο 500gr,1.96
2025-11-07,233402,Melissa Πέννες Ριγέ Τρικολόρε 500gr,1.75
2025-11-07,222981,Trata Σαρδέλλες Πικάντικες 100gr,2.66
2025-11-07,330649,My Gusto Πασατέμπος Ψημένος Αλατισμένος Εισαγωγής 130gr,0.98
2025-11-07,233313,Melissa Tortellini Ολικής Άλεσης Με Τυρί 250gr,2.21
2025-11-07,234736,Misko Ζυμαρικά Κοφτό Μισό 500gr,1.10
2025-11-07,211020,Knorr Ζωμός Λαχανικών 24 κύβοι,3.46
2025-11-07,217882,Ήλιος Κρεμμύδι Γυάλινο Βάζο 30gr,2.11
2025-11-07,244702,My Kouzina Ηλιέλαιο 2lt,3.90
2025-11-07,201252,Special Foods Αλάτι Μεσολογγίου Αλατιέρα 400gr,1.48
2025-11-07,226810,Bio Farma Τοματάκι Ψιλοκομμένο Βιολογικό 500gr,1.84
2025-11-07,234146,Barilla Ζυμαρικά Mafaldine 500gr,2.25
2025-11-07,217110,My Kouzina Κύμινο Τριμμένο Φάκελος 50gr,1.29
2025-11-07,217108,My Kouzina Γαρίφαλο Τριμένο Φάκελος 15gr,0.82
2025-11-07,234862,Misko Παστίτσιο Νο 2 Ολικής Άλεσης 500gr,1.29
2025-11-07,337505,My Gusto Κουβερτούρα 125gr,1.97
2025-11-07,330089,My Gusto Κρόκερ Εισαγωγής Τιμή Κιλού,1.88
2025-11-07,234738,Misko Αστράκι 500gr,1.10
2025-11-07,235163,Kyknos Σάλτσα Βασιλικού Για Πίτσα 195gr,1.32
2025-11-07,280179,Reeva Instant Noodles Cheese & Bacon 60gr,0.48
2025-11-07,226207,Kyknos Τομάτα Περαστή Στο Μύλο Γυάλινη Φιάλη 700gr,1.76
2025-11-07,330499,My Gusto Κουκουνάρι Ωμό 50gr,2.53
2025-11-07,330525,My Gusto Κάσιους Ψημένο Αλατισμένο Τιμή Κιλού,5.48
2025-11-07,271631,Ωμέγα Νισεστές 425gr,1.60
2025-11-07,280674,Maggi Noodles Με Μανιτάρια 59-2gr,0.75
2025-11-07,226314,Pummaro Τομάτες Ψιλοκομμένες 370gr,0.92
2025-11-07,244079,Εφύρα Ηλιέλαιο 5 lt,8.65
2025-11-07,235032,Cook At Home Σάλτσα Κοτόπουλο Λεμονάτο Κατσαρόλας 520gr,2.74
2025-11-07,107134,Μπραούζη Ελιές Λιαστές Τιμή Κιλού,1.70
2025-11-07,243003,Μινέρβα Αραβοσιτέλαιο 2lt,5.60
2025-11-07,230520,Agrino Ρύζι Exotic Άγριο Ρύζι Αμερικής 500gr,3.78
2025-11-07,217210,ΑΝΑΤΟΛΗ Σκόρδο Γυάλινο Βάζο 75gr,2.46
2025-11-07,236602,Μάννα Αλεύρι Χρυσό για Τσουρέκι 1kg,1.83
2025-11-07,330861,Ola Bio Σπόροι Chia Βιο 350gr,3.70
2025-11-07,275305,Fytro Ζάχαρη Μαύρη 500gr,2.42
2025-11-07,670175,Agrino Ρύζι Exotic Basmati Ινδίας 1kg,6.51
2025-11-07,330634,My Gusto Κάσιους Ψημένο Ανάλατο 220gr,6.54
2025-11-07,230001,3αλφα Ρύζι Γλασσέ 500gr,1.92
2025-11-07,233920,Βλάχα Χυλοπίτες Με Αυγά & Γάλα 500gr,2.03
2025-11-07,222436,My Gusto Τόνος Φιλέτο Σε Ηλιέλαιο 2x195gr (ΣΤΡ.ΒΑΡΟΣ 280gr),5.18
2025-11-07,112041,Xenia Ελιές Καλαμών Σε Φέτες 40% Λιγότερο Αλάτι 300gr,3.14
2025-11-07,211008,Knorr Ζωμός Κότας 24 κύβοι,3.46
2025-11-07,227043,Heinz Κέτσαπ Top Down 250gr,1.55
2025-11-07,110358,Brava Μαγιονέζα Light Χωρίς Γλουτένη 500ml,2.54
2025-11-07,202651,My Gusto Κρέμα Βαλσάμικο 250ml,2.54
2025-11-07,109909,Knorr Σπιτικός Ζωμός Βοδινού Χωρίς Γλουτένη 28gr 4τεμ,2.16
2025-11-07,330612,Εύπορη Γη Χουρμάδες Απύρηνοι Αποξηραμένοι Εκτός Ε.Ε. Φάκελος 250gr,1.46
2025-11-07,330653,My Gusto Αμύγδαλο Ωμό Ελληνικό 200gr,4.52
2025-11-07,651321,Ωμέγα Special Φακές Ψιλές Εισαγωγής 500gr,1.81
2025-11-07,268004,Nestle Dessert 65% Κακάο 170 gr,3.46
2025-11-07,235120,Barilla Σάλτσα Pesto Rosso 200gr,3.48
2025-11-07,233604,Ήλιος Σπαγγέτι Νο 6 500gr,0.70
2025-11-07,271431,Γιώτης Άνθος Αραβοσίτου Βανίλα 160gr,1.34
2025-11-07,280178,Reeva Instant Noodles Koτόπουλο 60gr,0.48
2025-11-07,227035,Hellmann's Κέτσαπ Classic 540gr,3.98
2025-11-07,211052,Knorr Noodles Κάρυ 70gr,0.89
2025-11-07,232018,3αλφα Φακές Κόκκινες 500gr,2.27
2025-11-07,222729,Geisha Σαρδέλες Πικάντικες 125gr,1.69
2025-11-07,234041,Barilla Ζυμαρικά Maccheroncini No 10 500gr,1.73
2025-11-07,204706,Royal Πιπεριές Κόκκινες Ψητές 465gr,3.24
2025-11-07,240101,Χρυσελιά Εξαιρετικό Παρθένο Ελαιόλαδο 3lt,23.90
2025-11-07,235009,Ben's Original Σάλτσα Γλυκόξινη Ανανάς 450gr,3.01
2025-11-07,226809,Pummaro Σπιτική Τομάτα 3x250gr,1.81
2025-11-07,234050,ΜΑΚΒΕΛ Σπαγγετίνη Νo 10 500gr,0.74
2025-11-07,222467,My Gusto Τονοσαλάτα Mexicana 2x170gr,4.32
2025-11-07,305816,Delicate Σαβαγιάρ 200gr,1.75
2025-11-07,208074,Kyknos Σάλτσα Barbeque 560gr,2.85
2025-11-07,112333,Alta Gusto Ελιές Μαύρες S.Colossal (111-120) Ελλάδος Τιμή Κιλού,1.66
2025-11-07,233096,Μέλισσα Αχιβάδα Ψιλή 500gr,1.08
2025-11-07,234621,ΜΑΚΒΕΛ 5 Δημητριακά Σπαγγέτι No6 500gr,0.85
2025-11-07,240072,Ελαιώνιον Εξαιρετικό Παρθένο Ελαιόλαδο Κορωνέικο 3L,33.60
2025-11-07,235070,Condito Σάλτσα Χωρίς Γλουτένη Napoliten 350gr,1.39
2025-11-07,217155,Υάδες Κανέλα Κεϋλάνης Bio Σε Βάζο 40gr,2.13
2025-11-07,235153,Kyknos Σάλτσα Τομάτας Με Φέτα & Ρίγανη Χωρίς Γλουτένη 350gr,2.21
2025-11-07,210059,Knorr Pasta Snack Pot Καρμπονάρα 55gr,1.89
2025-11-07,232433,Agrino Φάβα Φαρσάλων 500gr,2.33
2025-11-07,211098,Knorr Βιολογικός Ζωμός Λαχανικών 6 κύβοι,1.77
2025-11-07,110273,Hellmann's Μαγιονέζα Top Down 430ml,3.36
2025-11-07,232036,3αλφα Ρεβύθια Χονδρά Ελληνικά 500gr,3.36
2025-11-07,659553,ΠΑΝ Κρέμα Βαλσάμικο 250ml,2.78
2025-11-07,275202,Ζωγράφος Φρουκτόζη 400gr,2.45
2025-11-07,236203,Γιώτης Φαρίνα Πορτοκάλι 500gr,1.49
2025-11-07,233236,Stella Κριθαράκι Χονδρό 500gr,0.74
2025-11-07,234652,Melissa Σπαγγέτι Πρωτεΐνης 400gr,1.77
2025-11-07,240003,Χωριό Κορωνέικο Εξαιρετικά Παρθένο Ελαιόλαδο 2lt,17.90
2025-11-07,226545,Kyknos Τομάτα Περαστή Στο Μύλο Σε Χάρτινο 3x250gr,1.73
2025-11-07,202557,My Gusto Ξίδι Βαλσάμικο 500ml,2.30
2025-11-07,226252,Bio Farma Ψιλοκομμένο Τοματάκι 400gr,1.50
2025-11-07,236550,Evergreen Organics Λιναρόσπορος 350gr,2.34
2025-11-07,201205,Χιων Αλάτι Χονδρό Φυσικό 500gr,1.16
2025-11-07,280167,El Sabor Τορτίγιες Πολύσπορες 20cm 320gr 8τεμ,2.32
2025-11-07,234051,ΜΑΚΒΕΛ Πένες Ριγέ 500gr,0.84
2025-11-07,230721,Uncle Ben's Ρύζι Parboiled 10λεπτο 500gr,2.59
2025-11-07,210105,Knorr Pasta Snack Pot Καρμπονάρα XXL 92gr,2.38
2025-11-07,317306,Αλλατίνη Ξηρή Μαγιά 3x27gr,0.98
2025-11-07,233103,Μέλισσα Χρυσή Επιλογή Σπαγγετόνι Ν.6 500gr,1.04
2025-11-07,330829,Karagiannis Πεκαν Καρύδια Εκτός ΕΕ 100gr,3.50
2025-11-07,330842,Pellito Mix Ξηροί Καρποί & Αποξηραμένα Φρούτα 150gr,2.60
2025-11-07,230026,Agrino Quick Deli Basmati 250g,2.20
2025-11-07,275896,Evergreen Organics Σιρόπι Αγαύης Bio 480ml,5.69
2025-11-07,337398,Nestle Dessert Κουβερτούρα Γάλακτος Χωρίς Γλουτένη 170gr,3.45
2025-11-07,241264,My Kouzina Κλασικό Ελαιόλαδο 4 lt,21.60
2025-11-07,257010,Royal Ζάχαρη Καστανη Sticks 50τεμ,1.19
2025-11-07,232122,Family Farm Φακές Ψιλές Θεσσαλίας 500gr,1.95
2025-11-07,240008,Χωριό Εξαιρετικό Παρθένο Ελαιόλαδο Κορωνέικο 4lt,35.60
2025-11-07,225124,Zanae Κεφτεδάκια 280gr,4.36
2025-11-07,233752,Misko Τορτελίνι Με Τυρί 250gr,2.25
2025-11-07,230024,My Kouzina Ρύζι Καστανό 500gr,1.51
2025-11-07,330651,My Gusto Αμύγδαλο Ψημένο Αλατισμένο Ελληνικό 200gr,3.79
2025-11-07,235042,Primo Gusto Σάλτσα Pesto Mediterraneo 190gr,2.69
2025-11-07,222964,Trata Τόνος Καπνιστός Πικάντικος 2x160gr,4.71
2025-11-07,217107,My Kouzina Γαρίφαλο Ολόκληρο Φάκελος 15gr,0.82
2025-11-07,232854,Άροσις Βιολογικά Ρεβύθια Γρεβενών 500gr,3.32
2025-11-07,330713,My Gusto Picanto Εισαγωγής 180gr,1.83
2025-11-07,315015,Γιώτης Φρουι Ζελέ Λεμόνι Χωρίς Ζάχαρη 14-5gr,1.41
2025-11-07,234215,Χυλοπίτες Της Κυρά Γεωργίας 500gr,1.84
2025-11-07,233492,Melissa Pasta Kids Paw Patrol Chase 400gr,1.09
2025-11-07,110053,Condito Κετσαπομαγιονέζα Χωρίς Γλουτένη 435ml,3.83
2025-11-07,316020,Γιώτης Μαγιά Με Προζύμι 18gr,0.89
2025-11-07,234552,Misko Ολικής Αλέσεως Πέννες Ριγέ 500gr,1.29
2025-11-07,217774,ΑΝΑΤΟΛΗ Μπούκοβο Καυτερό Φάκελος 35gr,1.36
2025-11-07,234301,Misko Mακαρούνια Χρυσή Σειρά 500gr,1.18
2025-11-07,233485,Melissa Σπαγγέτι Βιολογικό 500gr,1.73
2025-11-07,202852,Πάρος Ξίδι Πλαστική Φιάλη 390ml,0.78
2025-11-07,230713,Uncle Ben's Original Ρύζι Καστανό 10' Σακουλάκι 500gr,2.53
2025-11-07,233253,Stella Χιλοπίτες Χωριάτικες 500gr,1.20
2025-11-07,234093,Misko Κοχύλι 500gr,1.16
2025-11-07,280755,Oriental Express Noodles Μοσχαράκι Με Πιπέρι 87gr,0.99
2025-11-07,234556,Misko Τριβελάκι Ολικής Άλεσης 500gr,1.29
2025-11-07,236912,Melissa Σιμιγδάλι Χονδρό 500gr,0.98
2025-11-07,247002,Νέα Φυτίνη Παραδοσιακή 400gr,3.30
2025-11-07,312473,1-2 Bake Μίγμα Pancakes & Βάφλες 300gr,1.46
2025-11-07,240685,Λατζιμάς Εξαιρετικό Παρθένο Ελαιόλαδο 4lt,26.80
2025-11-07,233924,Βλάχα Τραχανάς Γλυκός Σταρένιος 500gr,2.47
2025-11-07,231005,Ben's Original Ρύζι Με Λαχανικά Σε 2' Λεπτά 220gr,1.84
2025-11-07,217118,My Kouzina Ρίγανη 80gr,2.56
2025-11-07,202760,ΠΑΝ Βαλσάμικο Ξύδι 500ml,2.93
2025-11-07,112312,Ήλιδα Ελιές Καλαμών Φάκελος 250gr,2.98
2025-11-07,110013,Kraft Μαγιονέζα 185ml,1.62
2025-11-07,225903,Paliria Γίγαντες Γιαχνί 280gr,2.65
2025-11-07,202045,Ponti Κρέμα Βαλσάμικο Ξίδι Χωρίς Γλουτένη 250ml,2.99
2025-11-07,234756,Misko Ζυμαρικά Πενάκι 500gr,1.10
2025-11-07,202000,Το Μετόχι Μηλόξιδο 340ml,1.04
2025-11-07,235116,Kyknos Κέτσαπ Πλαστική Φιάλη Χωρίς Ζάχαρη 550gr,3.05
2025-11-07,315048,My Kouzina Ζελέ Φράουλα 200gr,1.27
2025-11-07,234014,Barilla Ζυμαρικά Tortellini Με Κρέας & Τυρί 250gr,3.44
2025-11-07,242003,Μινέρβα Νίκη Πυρηνέλαιο 2lt,8.50
2025-11-07,202105,My Kouzina Ξίδι Κόκκινο Σε Πλαστική Φιάλη 1lt,0.86
2025-11-07,233750,Misko Τορτελίνι Ολικής Άλεσης Με Τυριά 250gr,2.28
2025-11-07,230671,Αγροτυπ Ρύζι Γλασσέ 500gr,1.08
2025-11-07,207434,Hellmann's Dijonnaise 240gr,2.23
2025-11-07,232035,3αλφα Φακές Ψιλές Λάρισας 500gr,2.57
2025-11-07,232123,Family Farm Ρεβίθια Θεσσαλίας 500gr,2.00
2025-11-07,234653,Melissa Πέννες Ριγέ Πρωτεΐνης 400gr,1.77
2025-11-07,337949,Παυλίδης Κουβερτούρα Οικογενειακή Συσκευασία 3x125gr,8.86
2025-11-07,226072,Vivi Verde Τομάτα Τριμμένη Biologico Jar 690gr,2.73
2025-11-07,233499,Melissa Pasta Kids Peppa Pig 400gr,1.09
2025-11-07,201026,Special Foods Αλάτι Ροζ Ιμαλαϊων Ψιλό Economy Pack 650gr,1.27
2025-11-07,230605,Bali Ρύζι Barboiled 500gr,2.18
2025-11-07,217158,Vevi Ρίγανη Ελληνική 40gr,0.96
2025-11-07,202147,ΤΟΠ Ξίδι Αφιλτράριστο Μηλόξυδο 350ml,1.11
2025-11-07,202003,ΤΟΠ Μηλόξιδο Γυάλινη Φιάλη 500ml,1.55
2025-11-07,275110,Γιώτης Sweet & Balance Γλυκαντικό Stevia 100 Δίσκια,3.99
2025-11-07,268014,Γιώτης Κουβερτούρα Πλάκα 125gr 2τεμ,3.90
2025-11-07,230028,Agrino Quick Deli Λευκή & Κόκκινη Κινόα 250gr,2.40
2025-11-07,207008,Kalamata Papadimitriou Μουστάρδα Μέλι Squeeze 300gr,2.93
2025-11-07,651944,Άλτις Πάστα Ελιάς Παραδοσιακή 135gr,2.13
2025-11-07,280120,Santa Maria Πίτες Tortilla 320gr,2.83
2025-11-07,235502,Barilla Σάλτσα Basilico 200gr,2.07
2025-11-07,233493,Ήλιος Φιδές Ψιλός 250gr,0.69
2025-11-07,222983,Trata Σαρδέλλες Τομάτας 100gr,2.66
2025-11-07,211108,Knorr Κύβοι Λαχανικών Με Λιγότερο Αλάτι 6lt,2.69
2025-11-07,225936,Paliria Γίγαντες Γιαχνί Σε Σάλτσα Κρεμμυδιού & Ντομάτας 200gr,2.90
2025-11-07,225934,Paliria Ντολμαδάκια Με Ρύζι & Μυρωδικά Πιάτο 200gr,3.23
2025-11-07,280193,Knorr Noodles Γεύσεις Teriyaki Κοτόπουλο 75gr,0.89
2025-11-07,231003,Ben's Original Ρύζι Μεξικάνικο 2' 220gr,1.76
2025-11-07,330815,Karagiannis Μίγμα Ξηρών Καρπών Για Γιαούρτι Εκτός ΕΕ 100gr,2.16
2025-11-07,217724,Υάδες Κανέλα Κευλάνης Τριμμένη ΒΙΟ 30gr,1.50
2025-11-07,222044,Trana Τόνος Σε Ελαιόλαδο 3x70gr,3.82
2025-11-07,240065,Medolio Εξαιρετικό Παρθένο Ελαιόλαδο Καλαμάτας Π.Ο.Π 1lt,7.41
2025-11-07,330776,Biovita Χουρμάδες Απύρηνοι Bio 150gr,2.20
2025-11-07,314003,Σαμούρη Τρούφα Χρωματιστή 90gr,1.72
2025-11-07,213405,My Kouzina Πουρές Πατάτας 125gr,1.16
2025-11-07,217729,Health Trade Κουρκουμάς Σκόνη Bio 100gr,1.99
2025-11-07,207254,Maille Μουστάρδα Dijon 215gr,3.07
2025-11-07,314351,Γιώτης Τρούφα Σοκολάτα Ζαχαροπλαστικής 100gr,2.26
2025-11-07,107011,Xenia Πάστα Ελιάς Βάζο 185gr,2.64
2025-11-07,217919,My Kouzina Κάρυ 40gr,1.61
2025-11-07,202120,Kalamata Papadimitriou Βαλσάμικο 250ml,2.17
2025-11-07,217207,ΑΝΑΤΟΛΗ Θυμάρι Γυάλινο 65gr,2.17
2025-11-07,232406,Agrino Φασόλια Γίγαντες Καστοριάς 500gr,5.87
2025-11-07,669560,Κάλας Αλάτι Χρυσό 500gr,1.94
2025-11-07,310600,Γιώτης Κρέμα Ζαχαροπλαστικής Μιλφέιγ 170gr,1.56
2025-11-07,201010,Ήρα Αλάτι Ψιλό Οικογενειακή Συσκευασία 3x500gr,2.33
2025-11-07,110026,Kyknos Μαγιονέζα Premium Γυάλινο Βάζο 420ml,2.69
2025-11-07,234142,Barilla Ταλιατέλες Με Αυγά Ν129 450gr,3.25
2025-11-07,235047,Ben's Original Σάλτσα Γλυκόξινη Χωρίς Ζάχαρη 440gr,3.27
2025-11-07,227221,Heinz Κέτσαπ Squeezy 570gr,2.70
2025-11-07,330644,My Gusto Πίνατς Ψημένο Αλατισμένο Δοχείο 230gr,1.67
2025-11-07,231038,Ήλιος Κριθαράκι Λαχανικών 500gr,1.40
2025-11-07,315045,My Kouzina Κρέμα Καραμελέ 112gr,0.93
2025-11-07,230403,Agrino Ρύζι Φίνο Nυχάκι Ελλάδος 500gr,2.15
2025-11-07,217096,Ηλιος Ξυνό 50gr,1.05
2025-11-07,234016,Barilla Ζυμαρικά Penne Tricolore Νο 78 500gr,2.52
2025-11-07,330623,Εύπορη Γη Mix Ξηρών Καρπών & Αποξηραμένων Φρούτων Φάκελος 250gr,2.75
2025-11-07,217209,ΑΝΑΤΟΛΗ Πιπέρι Τριμμένο Γυάλινο 60gr,2.35
2025-11-07,217884,Ήλιος Δάφνη Φάκελος 20gr,1.97
2025-11-07,280694,Maggi Noodles Cup Με Κάρυ 63gr,1.59
2025-11-07,234613,ΜΑΚΒΕΛ Παστίτσιο Νο2 500gr,1.13
2025-11-07,240055,Ιωνις Εξαιρετικό Παρθένο Ελαιόλαδο 1 lt,9.35
2025-11-07,226070,Vivi Verde Τομάτες Αποφλοιωμένες Biologico 400gr,1.99
2025-11-07,330593,Snack Break Βερίκοκα Αποξηραμένα Εκτός Ε.Ε. 180gr,2.58
2025-11-07,241262,My Kouzina Κλασικό Ελαιόλαδο 2lt,11.60
2025-11-07,213002,Knorr Πουρές 250gr,2.69
2025-11-07,233706,Misko Κανελλόνια Σε Κουτί 250gr,1.35
2025-11-07,280652,Oriental Express Νούντλς Αυγών 300gr,2.00
2025-11-07,271176,Οlia Bio Σνακ Kαλαμποκιού Βιολογικά 50gr,1.26
2025-11-07,233327,Melissa Σπαγγέτι Με Σπανάκι 400gr,1.27
2025-11-07,234423,De Cecco Linguine 500gr,2.65
2025-11-07,230741,Uncle Ben's Original Ρύζι Basmati Ινδίας-Πακιστάν 500gr,3.91
2025-11-07,257011,Royal Ζάχαρη Λευκή Sticks 50τεμ,1.08
2025-11-07,217156,Υάδες Κουρκουμάς Bio Σε Βάζο 55gr,1.97
2025-11-07,275016,Deligios Γλυκαντικό Stevia Σε Σκόνη 300gr,6.90
2025-11-07,110175,Condito Mayo Vegan Sauce Με Απαλή Μουστάρδα Χωρίς Γλουτένη 280gr,3.25
2025-11-07,337452,Γιώτης Κουβερτούρα Σε Πλάκα 125gr,2.10
2025-11-07,230106,Ωμέγα Special Ρύζι Καρολίνα Εγχώριο 500gr,1.93
2025-11-07,651438,Biovita Πλιγούρι Bio 500gr,2.22
2025-11-07,222961,Trata Τονοσαλάτα Mexicana 2x160gr,4.49
2025-11-07,280623,Oriental Express Noodles Ρυζιού Χωρίς Γλουτένη 225gr,2.18
2025-11-07,330781,Βοστίτσα Μαύρη Σταφίδα ΠΟΠ Βιολογική 200gr,2.33
2025-11-07,206075,Bonduelle Μανιτάρια Τεμαχισμένα 200gr,1.99
2025-11-07,280125,El Sabor Wraps Πίτες Για Tortillas Ολικής Αλέσεως 4τεμ,1.82
2025-11-07,317010,Γιώτης Μαγιά Στιγμής Άνθος 21gr (3x7gr),0.81
2025-11-07,222432,My Gusto Τόνος Τεμαχισμένος Σε Νερό 3x95gr (Στρ.Βαρ.204gr),4.71
2025-11-07,222966,Trata Τονοσαλάτα Με Κινόα & Καπνιστό Τόνο 2x160gr,4.49
2025-11-07,330556,Snack Break Κάσιους Ψημένο Ανάλατο 55gr,1.64
2025-11-07,233311,Melissa Τορτελίνι Τρικολόρε 250gr,1.97
2025-11-07,240531,Xenia Εξαιρετικό Παρθένο Ελαιόλαδο 1lt,9.95
2025-11-07,204715,Royal Αγγουράκι Ψιλό Εισαγωγής 350gr,3.27
2025-11-07,230109,Ωμέγα Special Ρύζι Νυχάκι Εγχώριο 500gr,1.58
2025-11-07,227015,Kyknos Κέτσαπ Hot Πλαστική Φιάλη Top Down 560gr,2.22
2025-11-07,330749,Αμύγδαλα Premium Λευκά Περλέ Ψημένα Ανάλατα ΕΕ 200gr,4.47
2025-11-07,217928,My kouzina Κανέλα Τριμμένη 35g,1.26
2025-11-07,204047,Εδέμ Κάπαρη 105gr,2.45
2025-11-07,208112,Heinz Soja Sauce 150ml,2.55
2025-11-07,222082,Rio Mare Insalatissime Με Κους Κους 2x160gr,6.25
2025-11-07,659428,Ήλιος Κανέλλα Ξύλο Φάκελλο 50gr,2.30
2025-11-07,110192,Hellmann's Μαγιονέζα Extra Light Top Down 430ml,3.82
2025-11-07,211307,Maggi Ζωμός Ζυμαρικών 12 κύβοι,2.42
2025-11-07,330627,My Gusto Αμύγδαλο Ψημένο Ανάλατο Δοχείο 200gr,5.59
2025-11-07,330583,My Gusto Φιστίκι Κέλυφος Ψημένο Αλατισμένο Τιμή Κιλού,5.15
2025-11-07,225919,Paliria Φάβα Με Κρεμμύδια & Χυμό Λεμόνι 280gr,2.73
2025-11-07,280608,Blue Dragon Σως Σόγιας 150ml,1.48
2025-11-07,232047,"3" Άλφα Φακές Ψιλές Έτοιμα Φυσικά 180gr,2.56
2025-11-07,314004,Σαμούρη Σταγόνες Λευκής Σοκολάτας 90gr,1.96
2025-11-07,240141,Άλτις Παραδοσιακό Εξαιρετικό Παρθένο Ελαιόλαδο 1lt,8.50
2025-11-07,211007,Knorr Ζωμός Βοδινού 24 κύβοι,3.46
2025-11-07,241002,Μινέρβα Ελαιόλαδο Κλασικό 2lt,15.00
2025-11-07,206926,Kyknos Αρακάς Ψιλός 400gr,1.79
2025-11-07,227039,Hellmann's Κέτσαπ Top Down 550gr,3.04
2025-11-07,232857,Άροσις Βιολογικά Φασόλια Μέτρια Καστοριάς 500gr,4.29
2025-11-07,243101,Φλώρα Καλαμποκέλαιο 1lt,4.20
2025-11-07,221147,My Gusto Λάντσιον Μητ 200gr,2.16
2025-11-07,207406,Hellmann's Μουστάρδα Απαλή 250gr,2.75
2025-11-07,233708,Misko Φιδές Χονδρός 500gr,1.74
2025-11-07,242001,Μινέρβα Νίκη Πυρηνέλαιο 1lt,4.50
2025-11-07,315052,Mac Magic Ζελέ Άρωμα Ανανά Χωρίς Ζάχαρη 14-5gr,1.24
2025-11-07,337706,ΙΟΝ Κουβερτούρα Γάλακτος 125gr,2.80
2025-11-07,233064,Melissa Κοράλι Ριγέ Με Κόκκινη Φακή 400gr,2.15
2025-11-07,202821,Φίνο Ξίδι Βαλσαμικό Από Σύκο 250ml,1.67
2025-11-07,330728,Snack Break Παπάγια Αποξηραμένη Εκτός Ε.Ε. 180gr,2.34
2025-11-07,651362,Χρυσελιά Κλασικό Ελαιόλαδο 2lt,13.00
2025-11-07,651455,Biofarma Καλαμπόκι Γλυκό Βιολογικό 340gr,2.99
2025-11-07,112001,Xenia Ελιές Καλαμών Βάζο 360gr,3.82
2025-11-07,234181,Barilla Ζυμαρικά Pennette Rigate Integrale 500gr,1.93
2025-11-07,234015,Barilla Ζυμαρικά Tortellini Με Τυριά 250gr,3.44
2025-11-07,240076,Terra Creta Εξαιρετικό Παρθένο Ελαιόλαδο 1lt,8.90
2025-11-07,337707,ΙΟΝ Κουβερτούρα Λευκή 125gr,2.80
2025-11-07,222692,Altura Σαρδέλες Σε Ηλιέλαιο 125g (Στραγγισμένο βάρος 90g),1.49
2025-11-07,211018,Knorr Ζωμός Μανιταριών 10τεμ 5lt,1.74
2025-11-07,233172,Πέλλα Γη Χυλοπιτάκι 500gr,1.73
2025-11-07,651427,Ανδρίτσαινα Χυλοπίτες Μακριές 500gr,2.55
2025-11-07,280736,Maggi Noodles Saucy Cup Sweet Chili 75gr,1.80
2025-11-07,337433,Γιώτης Σοκολάτα Φράουλα Σε Σταγόνες 100gr,2.05
2025-11-07,222257,Trata Τόνος Καπνιστός Με Ρίγανη & Λεμόνι 160gr,2.52
2025-11-07,112311,Ήλιδα Ελιές Θρούμπες Θάσου Φάκελος 200gr,2.82
2025-11-07,232054,Olo Bio Φακές Ψιλές Ελληνικές Bio 500gr,2.95
2025-11-07,305044,Asolo Dolce Σφολιατίνες 200gr,1.74
2025-11-07,222980,Trata Τόνος Με Φακές Beluga & Κολοκύθα 140gr,1.98
2025-11-07,207049,Condito Μουστάρδα Χωρίς Ζάχαρη & 65% Λιγότερο Αλάτι 500gr,2.96
2025-11-07,234048,Misko Σπαγγέτι Χωρίς Γλουτένη 400gr,2.33
2025-11-07,207470,My Gusto Μουστάρδα Απαλή 250gr,0.71
2025-11-07,217906,My Kouzina Μπαχάρι Τριμμένο 35gr,2.31
2025-11-07,232042,3αλφα Φάβα Κομμένη Ελληνική 500gr,2.53
2025-11-07,204039,Εδέμ Αγγουράκι Μέτριο 355gr,2.99
2025-11-07,227914,"17" Κέτσαπ 250gr,1.08
2025-11-07,233037,Melissa Ρυζάκι 500gr,1.06
2025-11-07,222859,Trata Σαρδέλες Σε Λάδι Ελίας 100gr,2.78
2025-11-07,275122,Natreen Γλυκαντικό Βάζο 70gr,4.56
2025-11-07,233102,Mέλισσα Χρυσή Επιλογή Σπαγγετίνι Νο 10 500gr,1.04
2025-11-07,317988,My Kouzina Αμμωνία Σε Φάκελο 30gr,0.23
2025-11-07,213006,Knorr Πουρές 95gr,1.45
2025-11-07,228003,Delmonte Κομπόστα Ανανάς Σε Φυσικό Χυμό 565gr,3.79
2025-11-07,228205,Kyknos Κομπόστα Βύσσινο 425gr,2.70
2025-11-07,236314,Μύλοι Αγ. Γεωργίου Αλεύρι Ολικής Βιολογικό 1kg,2.94
2025-11-07,217895,Ήλιος Πάπρικα Καπνιστή Γυάλινο 35gr,2.50
2025-11-07,233053,Melissa Αστράκι 500gr,1.04
2025-11-07,112006,Xenia Πιπεριά Κόκκινη Ψητή 450gr (στρ.βάρος 350gr),3.24
2025-11-07,234031,Barilla Ζυμαρικά Bucatini No9 500gr,1.74
2025-11-07,331762,El Sabor Nacho Chips Natural 225gr,1.98
2025-11-07,230427,Agrino Ρύζι Basmati 10' Σακουλάκι 500gr,3.56
2025-11-07,236529,Μύλοι Αγ. ΓεωργίουΑλεύρι Βιολογικό Γ.Ο.Χ. 1kg,2.67
2025-11-07,234012,Barilla Ζυμαρικά Lasagne All'Uovo Με Αυγά 500gr,3.40
2025-11-07,230460,Agrino Ρύζι Λαίς Καρολίνα Για Ριζότο Ελλάδος 1kg,4.70
2025-11-07,230002,3αλφα Ρύζι Νυχάκι 500gr,2.01
2025-11-07,330843,Almanda Κάσιους Ωμό Σε Πλαστικό Δοχείο 250gr,5.31
2025-11-07,222888,Flokos Καλαμάρι Σε Άλμη 370gr (ΣΤΡ.ΒΑΡΟΣ 225gr),4.67
2025-11-07,280617,Oriental Express Noodls Multi Pack 375gr,2.54
2025-11-07,222040,Trata Ρέγγα Καπνιστή Φιλέτο 150g,3.38
2025-11-07,235039,Barilla Σάλτσα Pesto Genovese 90g,2.69
2025-11-07,233836,Ανδρίτσαινα Χυλοπίτες Χωριάτικες 500gr,2.55
2025-11-07,208191,Hellmann's Σάλτσα Κοτόπουλου 250ml,2.99
2025-11-07,222991,Trata Τόνος Με Φασόλια & Σπανάκι 140gr,1.98
2025-11-07,230040,Ben's Original Ρύζι Jasmine 500gr,2.29
2025-11-07,210007,Knorr Μανιταρόσουπα 85gr,2.44
2025-11-07,275450,Canderel Γλυκαντικό σε δισκία 120τεμ,3.39
2025-11-07,227424,Hellmann's Κέτσαπ Με Στέβια Top Down 465gr,2.86
2025-11-07,315011,Γιώτης Φρουι Ζελέ Ρόδι Χωρίς Ζάχαρη 14-5gr,1.41
2025-11-07,244305,Sanola Ηλιέλαιο 5lt,10.85
2025-11-07,211076,Knorr Κύβοι Κοτόπουλο Με Λιγότερο Αλάτι 6lt,2.69
2025-11-07,280169,Oriental Express Φύλλα Nori Για Sushi 5 Φύλλα 14gr,2.64
2025-11-07,236022,Αλλατίνη Αλεύρι Αγιορείτικο 1kg,1.83
2025-11-07,330663,My Gusto Αμύγδαλο Φιλέ Ωμό Εισαγωγής 110gr,2.80
2025-11-07,310655,Γιώτης Κρέμα Ζαχαροπλαστικής Βανίλια 117gr,1.42
2025-11-07,275897,Evergreen Bio Σιρόπι Σφενδάμου 250ml,7.10
2025-11-07,315016,Γιώτης Φρουι Ζελέ Ροδάκινο Οικογενειακή Συσκευασία 200gr,1.69
2025-11-07,236076,Caputo Αλεύρι Pizzeria 1kg,2.47
2025-11-07,280748,Nissin Soba Noodles Κοτόπουλο Yakitori 110gr,1.16
2025-11-07,226073,Vivi Verde Χυμό Τομάτας Biologico Jar Γυάλινο Βάζο 700gr,2.73
2025-11-07,337506,My Gusto Κουβερτούρα Γάλακτος 125gr,1.99
2025-11-07,310312,Garni Σαντιγύ Bανίλια Οικογενειακή Συσκευασία 200gr,2.74
2025-11-07,217901,Ήλιος Μπαχαρικό Carino Για Κοτόπουλο Γυάλινο 40gr,2.65
2025-11-07,235038,Cook At Home Σάλτσα Κοτόπουλο Λεμονάτο Φούρνου 265gr,2.34
2025-11-07,217892,Ήλιος Κάρυ Γυάλινο 30gr,1.82
2025-11-07,280705,Cardinal Γάλα Καρύδας 400ml,2.05
2025-11-07,221102,Zwan Luncheon Meat 340gr,4.99
2025-11-07,330632,My Gusto Καρυδόψιχα Ωμή Δοχείο 150gr,4.09
2025-11-07,314000,Γιώτης Τρούφα Σοκολάτα Γάλακτος Ζαχαροπλαστικής 100gr,2.26
2025-11-07,275026,Slim Fix Γλυκαντικό Υγρό Με Stevia 500ml,10.57
2025-11-07,234067,Barilla Ζυμαρικά Orecchiette 500gr,2.48
2025-11-07,207023,Kalamata Papadimitriou Μουστάρδα Πικάντικη Squeeze 300gr,2.47
2025-11-07,204751,Gaea Ελιές Καλαμών Χωρίς Κουκούτσι Σακουλάκι 150gr,3.78
2025-11-07,230110,Ωμέγα Special Ρύζι Bonnet Εγχώριο 500gr,2.11
2025-11-07,280750,Nissin Soba Noodles Chili 111gr,1.16
2025-11-07,202006,Kalamata Papadimitriou Κρέμα Balsamico Σύκο 250ml,3.29
2025-11-07,232331,My Kouzina Φασόλια Χονδρά 500gr,1.70
2025-11-07,233176,Πέλλα Γη Κους Κους 500g,1.89
2025-11-07,659440,Ήλιος Κανέλλα Τριμμένη Φάκελο 50gr,1.40
2025-11-07,232566,Σιτώ Φακές Ελικώνα 500gr,2.18
2025-11-07,236751,Akis Trofino Καλαμποκάλευρο 500gr,1.10
2025-11-07,232407,Agrino Φασόλια Μαυρομάτικα 500gr,2.69
2025-11-07,202737,Papadimitriou Kalamata Κρέμα Balsamico 500ml,4.45
2025-11-07,210006,Knorr Κοτόσουπα Με Φιδέ 69gr,2.34
2025-11-07,240047,My Kouzina Εξαιρετικό Παρθένο Ελαιόλαδο 2 lt,13.50
2025-11-07,317310,Μύλοι Αγίου Γεωργίου Μείγμα Προζυμιού & Μαγιάς 20gr,0.82
2025-11-07,222121,Alelma Τόνος Λευκός Αλονήσσου Σε Νερό 212gr,7.09
2025-11-07,337432,Γιώτης Κουβερτούρα Σε Νιφάδες 100gr,2.25
2025-11-07,230463,Melissa Σπαγγέτι Ολικής Άλεσης Δίκοκκο 400gr,2.09
2025-11-07,244002,Μινέρβα Ηλιέλαιο 2lt,5.35
2025-11-07,202151,Φίνο Κόκκινο Ξύδι 3x350ml Οικογενειακή Συσκευσία,1.69
2025-11-07,280749,Nissin Soba Noodles Teriyaki 110gr,1.16
2025-11-07,110028,Kyknos Μαγιονέζα Light Γυάλινο Βάζο 420ml,3.23
2025-11-07,210000,Knorr Σούπα Λαχανικών Με Ζυμαρικά ABC 82gr,2.34
2025-11-07,110838,My Gusto Μαγιονέζα 940gr,5.14
2025-11-07,217946,Συνεργασία Ρίγανη Σε Σακουλάκι 100gr,2.36
2025-11-07,208457,Hellmann's Σάλτσα Barbeque Μέλι 250ml,2.98
2025-11-07,226254,Biofarma Βιολογικός Τοματοπολτός 360gr,3.01
2025-11-07,232401,Agrino Φακές Ψιλές Του Κόσμου 500gr,1.65
2025-11-07,234461,Agrino Ρύζι Μακρύκοκο Σακουλάκι 10'' Ελλάδος 500gr,2.94
2025-11-07,235159,Barilla Σάλτσα Πίτσας 400gr,3.02
2025-11-07,213008,Mousline Πουρές Πατάτας Με Γάλα 125gr,1.07
2025-11-07,110047,Heinz Mayomust 400ml,3.54
2025-11-07,234717,Misko Τριβελάκι Τρικολόρε 500gr,1.95
2025-11-07,230801,Άροσις Ρύζι Κίτρινο Βιολογικής Γεωργίας 500gr,3.27
2025-11-07,222011,Flokos Σκουμπρι Φιλέτο Καπνιστό 150gr,4.04
2025-11-07,232120,Family Farm Φασόλια Μέτρια Λαμίας 500gr,3.33
2025-11-07,217634,Kollectiva Πάπρικα Καπνιστή 45gr,2.66
2025-11-07,208019,Li-O-Chang Σάλτσα Σόγιας 250ml,2.81
2025-11-07,236036,Μύλοι Αγ. Γεωργίου Φαρίνα Χωρίς Γλουτένη 500gr,2.92
2025-11-07,230751,Uncle Ben's Original Ρύζι Parboiled 10 Λεπτά Ισπανίας 1kg,5.45
2025-11-07,275213,Ζωγράφος Γλυκαντική Σκόνη Slim Line 90gr,3.61
2025-11-07,217161,Ήλιος Πάπρικα Γλυκιά Βάζο 40gr,1.83
2025-11-07,208170,Hellmann's Caesar Dressing 6/250ml,2.54
2025-11-07,211053,Knorr Κύβοι Για Όσπρια 12τεμ 6lt,2.73
2025-11-07,234617,ΜΑΚΒΕΛ Λαζανάκι 500gr,1.13
2025-11-07,234216,Τραχανάς Ξυνός Της Κυρά Γεωργίας 500gr,1.84
2025-11-07,217157,Υάδες Τζίντζερ Bio Σε Βάζο 40gr,1.94
2025-11-07,234084,Misko Σπαγγέτι Πρωτεΐνης 400gr,1.93
2025-11-07,227009,Hellmann's Κέτσαπ Top Down 273gr,1.80
2025-11-07,330775,Biovita Ανάμικτοι Ξηροί Καρποί Ψημένοι & Κράνμπερι Bio 150gr,4.17
2025-11-07,275005,Natreen Γλυκαντικό Ταμπλέτες 120τεμ 7-6gr,4.00
2025-11-07,234623,Μάκβελ Κριθαράκι Μέτριο 500gr,0.87
2025-11-07,330676,My Gusto Στραγάλι Αφράτο Ψητό Ανάλατο Εισαγωγής 200gr,1.65
2025-11-07,315046,My Kouzina Ζελέ Ανανά 200gr,1.27
2025-11-07,230111,Ωμέγα Special Ρύζι Basmati 500gr,2.98
2025-11-07,275220,Γιώτης Sweet & Balance Γλυκαντικό Stevia Σκόνη 80gr,4.61
2025-11-07,230411,Agrino Ρύζι Σουπέ Γλασσέ Για Σούπες Και Γλυκά Ελλάδος 1kg,4.06
2025-11-07,222969,Trata Γαύρος Ριγανάτος 100gr,2.63
2025-11-07,233002,Melissa Μακαρόνια Νο 3 500gr,1.06
2025-11-07,338205,Nestle Dessert Κουβερτούρα Λευκή 170gr,3.38
2025-11-07,235147,Από Το Περιβόλι Του Παππού Σάλτσα Τομάτας Με Βασιλικό 300gr,2.62
2025-11-07,110035,Hellmann's Real Mayonnaise 250ml,2.22
2025-11-07,221005,Nutri Valley Σολομός Σε Νερό 160gr,5.93
2025-11-07,234304,Misko Ματσάτα Χρυσή Σειρά 500gr,1.29
2025-11-07,207409,Hellmann's Μουστάρδα Πικάντικη 500gr,4.45
2025-11-07,280624,Oriental Express Noodles Ρυζιού Πλατιά Χωρίς Γλουτένη 225gr,2.31
2025-11-07,236211,Γιώτης Αλεύρι Για Όλες Τις Χρήσεις 1kg,1.63
2025-11-07,235006,Ben's Original Σάλτσα Γλυκόξινη 450gr,3.27
2025-11-07,234350,Misko Σπαγγέτι Νο 6 1kg,1.56
2025-11-07,232055,Άροσις Φασόλια Γίγαντες - Δυτικής Μακεδονίας 500gr,6.99
2025-11-07,232000,"3" Άλφα Ρεβύθια Έτοιμα Φυσικά Χοντρά 180gr,2.99
2025-11-07,225853,Paliria On Your Side Φακές 200gr,3.20
2025-11-07,217737,Εκλεκτές Γεύσεις Άνθος Ρίγανη Μάνη 40gr,2.53
2025-11-07,275419,Sweet'n Low Γλυκαντικό Σε Stick 40gr 100τεμ,2.55
2025-11-07,244101,Sol Ηλιέλαιο 1lt,3.90
2025-11-07,204739,Gaea Λιαστές Τομάτες Σε Ηλιέλαιο Τιμή Κιλού,2.54
2025-11-07,234741,Misko Σουσαμάκι 500gr,1.10
2025-11-07,236005,Μύλοι Αγίου Γεωργίου Αλεύρι Νο2 1kg,2.34
2025-11-07,230604,Bali Ρύζι Μακρύκοκο Parboiled 1kg,4.75
2025-11-07,235166,Barilla Σάλτσα Αραμπιάτα 2x400gr,5.62
2025-11-07,204061,Almito Λιαστές Τομάτες Με Γέμιση Κρέμα Τυρί 150gr,3.24
2025-11-07,210103,Knorr Asia Noodles Cup Κοτόπουλο 65gr,1.89
2025-11-07,202520,Τριποδάκης Ξίδι Άρωμα Λεμόνι 2 lt,1.77
2025-11-07,312484,1-2 Bake Μίγμα Για Brownies & Σοκολάτα 500gr,2.49
2025-11-07,217208,ΑΝΑΤΟΛΗ Mix 4 Πιπεριών Φάκελος 40gr,2.31
2025-11-07,211309,Maggi Ζωμός Λαχανικών 6 κύβοι 3lt,1.17
2025-11-07,337457,Γιώτης Κουβερτούρα 65% Κακάο 125γρ,2.57
2025-11-07,235514,Barilla Σάλτσα Napoletana 200gr,2.07
2025-11-07,659619,Φίνο Ξίδι Κόκκινο 7° 350ml,0.63
2025-11-07,313101,Γιώτης Ζελατίνη Σε Φύλλα 10gr,1.33
2025-11-07,234147,Barilla Ζυμαρικά Casarecce 500gr,2.25
2025-11-07,221061,Tulip Luncheon Meat 200gr,2.90
2025-11-07,236501,Evergreen Organics Σουσάμι Μαύρο 115gr,2.10
2025-11-07,208186,Condito Caesar's Dressing Χωρίς Γλουτένη 330gr,2.88
2025-11-07,217927,My kouzina Μοσχοκάρυδο Τριμμένο 40g,2.31
2025-11-07,207954,Brava Μουστάρδα Απαλή Βαρελάκι 500gr,2.63
2025-11-07,330714,My Gusto Mix Ξηρών Καρπών Καλαμπόκι Εισαγωγής 200gr,1.92
2025-11-07,112009,Xenia Ελιές Πράσινες Σε Φέτες 355gr,2.26
2025-11-07,107120,Liama Δαμασκηνοελιές (70-90) Τιμή Κιλού,1.43
2025-11-07,234703,Misko Μακαρόνι Τρυπητό Νο 3 500gr,1.10
2025-11-07,316555,Γιώτης Σιρόπι Σοκολάτα 350gr,2.41
2025-11-07,330629,My Gusto Αμύγδαλο Ωμό 230gr,5.18
2025-11-07,235516,Barilla Σάλτσα Arrabbiata 400gr,3.16
2025-11-07,330562,Sunsweet Δαμάσκηνα Αποξηραμένα Απύρηνα 500gr,9.10
2025-11-07,206068,Bonduelle Ρεβύθια 80gr 2τεμ,2.28
2025-11-07,222104,Rio Mare Intalatissime Φακές Με Καρότα Ντοματίνια 160gr,3.32
2025-11-07,315047,My Kouzina Ζελέ Κεράσι 200gr,1.27
2025-11-07,234452,Agrino Ρύζι Καστανό 10λεπτο Ελλάδος 500gr,2.58
2025-11-07,211004,Knorr Ζωμός Κότας 6 κύβοι 3lt,1.41
2025-11-07,201211,Χιών Αλάτι Σακούλα 500gr,0.94
2025-11-07,110056,Heinz Μαγιονέζα Top Down 220ml,1.62
2025-11-07,234091,Melissa Στριφτό Με Παντζάρι 400gr,1.27
2025-11-07,233112,Barilla Intergrale Tortiglioni Ολικής Άλεσης 500gr,2.04
2025-11-07,207035,Kyknos Μουστάρδα Με Μέλι Πλαστική Φυάλη 250gr,2.01
2025-11-07,208326,Hellmann's Σάλτσα Avocado 250ml,2.99
2025-11-07,330474,Hungry Not Ξηροί Καρποί Μix Protein 180gr,3.16
2025-11-07,280629,Old El Paso Tortillas Σίτου 8τεμ 326gr,2.77
2025-11-07,210087,Knorr Pasta Snack Pot Mac & Cheese 62gr,1.89
2025-11-07,241102,Άλτις Κλασικό Ελαιόλαδο 2lt,17.50
2025-11-07,244303,Sanola Ηλιέλαιο 2lt,4.40
2025-11-07,208116,Heinz Worcester Sauce 150ml,2.16
2025-11-07,227001,Kyknos Κέτσαπ 330gr,1.63
2025-11-07,235169,Misko Σάλτσα Πιπεριές & Ελιές 500gr,3.22
2025-11-07,202149,Tο Μετοχι Ξίδι 7 Βαθμοί Πλαστική Φιάλη 3x340gr,1.88
2025-11-07,227038,Hellmann's Κέτσαπ Top Down 850gr,3.99
2025-11-07,232700,Ελληνικής Γης Βοίου Γίγαντες Ποιότητα Α 5kg Τιμή Κιλού,2.18
2025-11-07,330502,My Gusto Αμύγδαλο Ψημένο Αλατισμένο Καβάλας Τιμή Κιλού,5.05
2025-11-07,651284,Fytro Σόγια Κιμας 400gr,3.35
2025-11-07,107113,Λέλια Ελιές Καλαμών Φακέλων 275gr,2.83
2025-11-07,234092,Barilla Collezione Fusilli Bucati Corti 500gr,2.62
2025-11-07,234085,Misko Πέννες Ριγέ Πρωτεΐνης 400gr,1.93
2025-11-07,330790,My Gusto Κρόκερ Εισαγωγής 250gr,1.92
2025-11-07,208174,Heinz American Burger Sauce 220ml,2.46
2025-11-07,222255,Τrata Τονοσαλάτα Καλαμπόκι 160gr 2τεμ,4.49
2025-11-07,234049,De Cecco Nioki Από Πατάτα 500gr,2.26
2025-11-07,275024,Ζωγράφος Σιρόπι Αγαύης Βιολογικό 350gr,4.58
2025-11-07,217699,My Kouzina Μαχλέπι Σε Φάκελο 8gr,0.79
2025-11-07,330964,Σταφίδα Ξανθιά Σουλτανίνα Σαιγιίου 200gr,2.64
2025-11-07,659082,Ήλιος Βανίλια Κασετίνα 0.3gr 30τεμ,4.84
2025-11-07,217775,ΑΝΑΤΟΛΗ Γλυκάνισο Ολόκληρο Φάκελος 30gr,1.12
2025-11-07,271427,Γιώτης Άνθος Αραβοσίτου Στιγμής Μπισκότο 70gr,0.94
2025-11-07,221941,Dakor Corned Beef 198gr,5.22
2025-11-07,280205,Maggi Πανάρισμα AirFryer Crispy Chicken Texmex 66gr,1.23
2025-11-07,202158,ΠΑΝ Μηλόξιδο Πλαστική Φιάλη 350ml,0.94
2025-11-07,330648,Εύπορη Γη Αμυγδαλόψιχα Ωμή Εκτός Ε.Ε. Φάκελος 250gr,3.58
2025-11-07,312482,1-2 Bake Μείγμα Για Ζύμη Πίτσας 500gr,1.20
2025-11-07,275309,Biofarma Ζάχαρη Demerara Βιολογική 450gr,1.94
2025-11-07,314455,Easy Bake Μείγμα Muffin Βανίλια 500gr,3.80
2025-11-07,211097,Knorr Βιολογικός Ζωμός Κότας 6 κύβοι,1.77
2025-11-07,330204,Super Berries Cranberries Χωρίς Ζάχαρη 180gr,2.94
2025-11-07,271698,My Kouzina Κρέμα Αραβοσίτου Βανίλια 150gr,0.91
2025-11-07,112050,Xenia Αγγουράκια Άνθος Βάζο 355gr,3.11
2025-11-07,202027,ΠΑΝ Βαλσαμικό Ξίδι με Ρόδι 250ml,3.29
2025-11-07,330099,Hai Λιναρόσπορος 250gr,2.22
2025-11-07,230056,3αλφα Ρύζι Άγριο Parboiled 500gr,3.27
2025-11-07,217726,Υάδες Κανέλα Κεϋλάνης Ξύλο Bio Σακουλάκι 20gr,1.51
2025-11-07,213012,Γιώτης Πουρές Πατάτας Με Γλυκοπατάτα & Καρότο 125gr,2.69
2025-11-07,211121,Knorr Extra Γεύση Κότας 80gr,1.76
2025-11-07,240070,Xenia Εξαιρετικό Παρθένο Ελαιόλαδο 3lt,34.50
2025-11-07,226710,Ομοσπονδία Τοματοπολτός 28-30% 70gr,0.59
2025-11-07,280040,Oriental Express Panko Φρυγανιά Παναρίσματος 200gr,2.64
2025-11-07,227248,Heinz Κέτσαπ Top Down 460gr,2.76
2025-11-07,236028,Schar Μείγμα Αλεύρων Για Ψωμί Χωρίς Γλουτένη 1kg,5.33
2025-11-07,235071,Condito Σάλτσα Γλυκόξινη 370gr,1.48
2025-11-07,236311,Evergreen Αλεύρι Αμυγδάλου Bio 250gr,5.30
2025-11-07,280602,Oriental Express Κρέμα Καρύδας 400ml,2.09
2025-11-07,257017,Ωμέγα Ζάχαρη Άχνη Εισαγωγής 400gr,0.90
2025-11-07,230722,Uncle Ben's Original Ρύζι Parboiled 10 Λεπτά Ισπανίας 1kg,5.37
2025-11-07,235168,Misko Σάλτσα Βασιλικός & Κρασί 500gr,3.22
2025-11-07,280033,Nissin Soba Noodles Cup Classic 90gr,1.75
2025-11-07,232702,Φασόλια Μέτρια Ελληνικής Γης Βοίου 5kg Τιμή Κιλού,1.85
2025-11-07,222187,Rio Mare Φιλέτο Σκουμπρί Με Ελαιόλαδο 120gr,3.58
2025-11-07,280643,Oriental Express Νούντλς Ποτ Κοτόπουλο & Πράσινο Κρεμμύδι 85gr,1.88
2025-11-07,317152,Vahine Φυσικό Εκχύλισμα Βανίλιας 20ml,4.65
2025-11-07,230540,Agrino Bistro Risotto Σαφράν από Κρόκο Κοζάνης Ελλάδας 200gr,3.01
2025-11-07,206502,Lutece Μανιτάρια Τεμαχισμένα 400gr,2.30
2025-11-07,201048,Αλάτι Θαλασσινό Βράχων Κυθήρων 250gr,4.50
2025-11-07,233385,Melissa Σπαγγέτι Χωρίς Γλουτένη 400gr,2.45
2025-11-07,235503,Barilla Σάλτσα Bolognese 400gr,3.63
2025-11-07,222035,Flokos Τόνος Σε Ηλιέλαιο 160gr,2.04
2025-11-07,235152,Kyknos Σάλτσα Τομάτας Πικάντικη 350gr,2.16
2025-11-07,235129,Cook At Home Σάλτσα Για Κοτόπουλο Αλα Κρεμ 260gr,2.59
2025-11-07,330281,Natura Vita Αμύγδαλο Ωμό χωρίς Αλάτι 200gr,4.36
2025-11-07,330283,Natura Vita Καρύδι Ωμό (Πεταλούδα) 150gr,4.49
2025-11-07,201510,Special Foods Αλάτι Ιμαλαϊων 400gr,1.79
2025-11-07,230022,3αλφα Ρύζι Jasmine 500gr,2.67
2025-11-07,234021,Barilla Ζυμαρικά Cannelloni 250gr,2.04
2025-11-07,233694,Misko Μισκοτίνη Νο10 500gr,1.15
2025-11-07,230027,Agrino Quick Deli Μεξικάνικο Ρύζι 250gr,2.20
2025-11-07,312487,Easy Bake Μείγμα Για Κέικ Βανίλιας 500ml,3.80
2025-11-07,312483,1-2 Bake Μίγμα Για Lava Cake 500gr,2.43
2025-11-07,234302,Misko Σπαγγετίνη Χρυσή Σειρά Νο 10 500gr,1.18
2025-11-07,316557,Γιώτης Σιρόπι Βύσσινο 350gr,2.41
2025-11-07,206105,Xenia Καλαμπόκι Γλυκό Κονσέρβα 340gr,1.87
2025-11-07,234250,Barilla Ζυμαρικά Spaghetti No3 Integrale 500gr,1.65
2025-11-07,240001,Μινέρβα Χωριό Έξτρα Παρθένο Κορωνέικο 1lt,8.95
2025-11-07,202150,Χωριό Ξίδι Κόκκινο 2x350ml,1.47
2025-11-07,230029,Agrino Quick Deli Ταμπουλέ & Κινόα 250gr,2.40
2025-11-07,330717,Εύπορη Γη Κράνμπερι Αποξηραμένο Εκτός Ε.Ε. Φάκελος 250gr,1.95
2025-11-07,233170,Πέλλα Γη Χυλοπίτες 500gr,1.79
2025-11-07,651404,Geisha Τόνος Σε Ηλιέλαιο 2Χ160gr (Στρ.Βαρ 210gr),5.82
2025-11-07,230541,Agrino Bistro RisottoΤρούφα Ελλάδας 200gr,3.54
2025-11-07,330561,Sunsweet Δαμάσκηνα Απύρηνα 250gr,5.54
2025-11-07,213009,Mousline Πουρές Πατάτας 125gr,1.06
2025-11-07,275041,Canderel Γλυκαντικό Σε Σκόνη 80gr,3.15
2025-11-07,330796,Ola Bio Δαμάσκηνα Απύρηνα Βιολογικά 200gr,3.65
2025-11-07,330741,Snack Break Κρανμπερις Αποξηραμένα Εκτός Ε.Ε. 70gr,1.11
2025-11-07,330597,Snack Break Μπανάνα Τσιπς Αποξηραμένη Εκτός Ε.Ε. 120gr,1.23
2025-11-07,112039,Xenia Ελιές Πράσινες Σε Φέτες 40% Λιγότερο Αλάτι 300gr,2.62
2025-11-07,235051,Ben's Original Σάλτσα Γλυκόξινη 675gr,4.48
2025-11-07,232031,3αλφα Φασόλια Μέτρια Ελληνικά 500gr,3.40
2025-11-07,235215,Knorr Σάλτσα Καρμπονάρα Οικογενειακή Συσκευασία 88gr,3.35
2025-11-07,651454,Biofarma Μανιτάρι Τεμαχισμένο Βιολογικό 315ml,3.49
2025-11-07,234150,Barilla Ζυμαρικά Spaghetti Χωρίς Γλουτένη 400gr,3.54
2025-11-07,211304,Maggi Ζωμός Κότας 6 κύβοι 3lt,1.17
2025-11-07,230420,Agrino Ρύζι Καστανό 500gr,2.50
2025-11-07,110100,Hellmann's Μαγιονέζα Str. Food 340ml,2.07
2025-11-07,112078,Xenia Ελιές Καλαμών Χωρίς Κουκούτσι Χωρίς 'Αλμη Σακούλα 50gr,1.30
2025-11-07,330075,My Gusto Picanto Κίνας Τιμή Κιλού,2.36
2025-11-07,227032,My Gusto Κέτσαπ Πλαστική Φιάλη 490gr,2.10
2025-11-07,243705,My Kouzina Αραβοσιτέλαιο 5lt,10.99
2025-11-07,230542,Agrino Bistro Risotto 4 Τυριά Ελλάδας 200gr,3.01
2025-11-07,236035,Μύλοι Αγίου Γεωργίου Αλεύρι για Τσουρέκι 1kg,3.22
2025-11-07,204682,Βαγγέλης Δρίσκας Πολτός Σκόρδου 200gr,4.36
2025-11-07,232046,"3" Άλφα Έτοιμα Φυσικά Μαυρομάτικα 180gr,2.83
2025-11-07,225432,Heinz Baked Beans 415gr,1.83
2025-11-07,211009,Knorr Ζωμός Λαχανικών 6 κύβοι 3lt,1.41
2025-11-07,242092,Best Price Πυρηνέλαιο 2lt,8.20
2025-11-07,222123,Alelma Πάστα Τόνου Αλονήσσου 212gr,4.03
2025-11-07,232013,3αλφα Φασόλια Μπαρμπούνια 500gr,2.64
2025-11-07,227294,Heinz Bio Κέτσαπ Top Down 580gr,3.61
2025-11-07,275482,Γιώτης Sweet & Balance Γλυκαντικό Σε Κρυσταλλική Μορφή 500gr,8.03
2025-11-07,207037,Kyknos Μουστάρδα Hot Πλαστική Φιάλη 500gr,2.59
2025-11-07,208042,Brava Σάλτσα Μουστάρδας 450ml,2.58
2025-11-07,280726,Ita San Ramen Noodles 200gr,1.20
2025-11-07,211023,Knorr Asia Noodles Αυγού 250gr,3.45
2025-11-07,240501,Έπος Εξαιρετικό Παρθένο Ελαιόλαδο 1lt,7.70
2025-11-07,228002,Delmonte Κομπόστα Ανανάς Σε Σιρόπι 570gr,3.67
2025-11-07,660948,Biovita Κάσιους Εισαγωγής 150gr,3.96
2025-11-07,315024,Γιώτης Φρουί Ζελέ Μπανάνα 200gr,1.69
2025-11-07,225852,Paliria On Your Side Ρεβύθια 200gr,3.20
2025-11-07,207017,Brava Μουστάρδα Απαλή 250gr,1.47
2025-11-07,207032,Kalamata Μουστάρδα Απαλή Squeeze 520gr,3.73
2025-11-07,202135,Kalamata Papadimitriou Κρέμα Βαλσάμικο Πορτοκάλι Λεμόνι 250ml,3.32
2025-11-07,222728,Geisha Σαρδέλες Σε Ηλιέλαιο 125gr Στρ.Βάρος 88gr,1.69
2025-11-07,208014,"17" French Dressing 250gr,2.08
2025-11-07,330633,My Gusto Κάσιους Ψημένο Αλατισμένο Δοχείο 220gr,6.08
2025-11-07,207104,French's Μουστάρδα 397gr,3.97
2025-11-07,235160,Kyknos Σάλτσα Πίτσας BBQ 210gr,1.32
2025-11-07,202558,My Gusto Ξίδι Βαλσάμικο Λευκό 500ml,2.46
2025-11-07,208013,Tabasco Σάλτσα Κόκκινης Πιπεριάς 60ml,3.98
2025-11-07,217781,ΑΝΑΤΟΛΗ Γαρύφαλλο Ολόκληρο Φακελάκι 15gr,1.45
2025-11-07,222001,Rio Mare Τόνος Σε Ελαιόλαδο 160gr,2.97
2025-11-07,222145,Πυροφάνι Θράψαλο Τεμαχισμένο Σε Σάλτσα Τομάτας 115gr,1.85
2025-11-07,275059,Canderel Υγρό Γλυκαντικό Stevia 200ml,2.30
2025-11-07,330795,Όλα Bio Organic Καρύδι Βραζιλίας 100gr,3.49
2025-11-07,310000,Γιώτης Κρέμα Ζαχαροπλαστικής Τιραμισού 150gr,1.59
2025-11-07,233017,Biodynamic Τραχανάς Με Κατσικίσιο Γάλα Βιολογικός 250gr,3.49
2025-11-07,208165,Hellmann's Σάλτσα Tartar 250ml,2.99
2025-11-07,234040,Misko Πέννες Ριγέ Χωρίς Γλουτένη 400gr,2.33
2025-11-07,330592,Snack Break Ανανάς Αποξηραμένος Εκτός Ε.Ε. 180gr,2.68
2025-11-07,225434,Ο Μπαξές Φασόλια Γίγαντες Γιαχνί 280gr,1.86
2025-11-07,330677,My Gusto Σταφίδα - Στραγάλι Εισαγωγής 200gr,1.83
2025-11-07,280702,Yum Yum Instant Noodles Κοτόπουλο 60gr,1.08
2025-11-07,280713,Cardinal Sweet Chili Sauce Squeeze 555gr,3.06
2025-11-07,208012,"17" Mustard Dressing 250gr,1.88
2025-11-07,217625,ΑΝΑΤΟΛΗ Μύλος Μαύρο Πιπέρι 45gr,3.88
2025-11-07,312207,Γιώτης Ρυζόγαλο Στιγμής 105gr,1.25
2025-11-07,243301,Corola Αραβοσιτέλαιο 1lt,2.55
2025-11-07,201201,Χιών Αλάτι Πλαστική Φιάλη 400gr,1.54
2025-11-07,110054,Hellmann's Vegan Μαγιονέζα Top Down 430ml,3.20
2025-11-07,222067,Kallimanis Τονοσαλάτα Μεξικάνα 160gr,2.44
2025-11-07,210022,Knorr Snack Pot Noodles Λαχανικών 65gr,1.89
2025-11-07,211055,Knorr Asia Chips Γαρίδας Κλασικάς 73gr,2.56
2025-11-07,233104,Mέλισσα Χρυσή Επιλογή Πέννες Ριγέ 500gr,1.19
2025-11-07,331471,El Sabor Nacho Chips Barbeque 100gr,1.11
2025-11-07,330816,Karagiannis Brazil Nuts Εκτός ΕΕ 100gr,2.87
2025-11-07,207039,Brava Μουστάρδα Πικαντική 430gr,2.17
2025-11-07,242010,Κόρη Πυρηνέλαιο 1lt,4.55
2025-11-07,110839,My Gusto Μαγιονέζα 235gr,1.68
2025-11-07,236029,Μύλοι Αγίου Γεωργίου Αλεύρι Χωρίς Γλουτένη Όλες Τις Χρήσεις 1kg,4.54
2025-11-07,232563,Evergreen Bio Φακές Μαύρες Beluga 500gr,3.77
2025-11-07,222240,Rio Mare Φιλέτο Τόνου Με Λάδι Έλιας 180gr,5.54
2025-11-07,210040,Knorr Quick Soup Κοτόσουπα 45gr,2.24
2025-11-07,210038,Knorr Snack Pot 4 τυριά 66gr,1.89
2025-11-07,225025,Bonduelle Ρεβύθια Σε Άλμη 310gr Στραγγιστό Βάρος 265gr,2.30
2025-11-07,202039,Το Μετόχι Ξίδι 340ml,0.85
2025-11-07,208169,Hellamann's Thousand Island Dressing 250ml,2.69
2025-11-07,233008,Μέλισσα Κριθαράκι Χωρίς Γλουτένη 400gr,2.45
2025-11-07,234615,ΜΑΚΒΕΛ Ζυμαρικά Ολικής Άλεσης Νο6 500gr,0.72
2025-11-07,225433,Ο Μπαξές Φασόλια Κόκκινα 400gr,1.32
2025-11-07,110014,Heinz Μαγιονέζα Light Top Down 400ml,3.18
2025-11-07,330559,Snack Break Brazil Nuts 55gr,1.82
2025-11-07,112012,Xenia Ελιές Πράσινες Πιπεριά Βάζο 355gr,3.39
2025-11-07,310604,Γιώτης Κρέμα Ζαχαροπλαστικής Cheesecake 200gr,1.62
2025-11-07,232007,3αλφα Φασόλια Μαυρομάτικα 500gr,2.91
2025-11-07,112310,Ήλιδα Ελιές Άμφισσας Φάκελος 250gr,2.29
2025-11-07,280184,Nissin Ramen Noodles Πικάντικα 100gr,1.25
2025-11-07,268009,Γιώτης Κουβερτούρα Γάλακτος 2x125gr,5.20
2025-11-07,234025,Misko Τορτελίνι Με Τυρί & Ντομάτα 250gr,2.25
2025-11-07,241182,Ιωνίς Εξαιρετικό Παρθένο Ελαιόλαδο 4lt,26.80
2025-11-07,244705,My Kouzina Ηλιέλαιο 5lt,9.65
2025-11-07,235536,Barilla Pesto Με Βασιλικό Vegan 195gr,3.89
2025-11-07,232564,Biodynamic Φακές Κόκκινες Βιο 500gr,3.26
2025-11-07,310654,Γιώτης Super Mousse Κακάο Οικογενειακή Συσκευασία 2x117gr,2.33
2025-11-07,310564,Γιώτης Κρέμα Ζαχαροπλαστικής Σοκολάτα 200gr,1.63
2025-11-07,217766,ΑΝΑΤΟΛΗ Φάκελο Πάπρικα Καυτερή 50gr,1.52
2025-11-07,280106,El Sabor Mild Cheese Dip 300gr,2.76
2025-11-07,236024,Αλλατίνη Αλεύρι Ζυμώματα Χωριάτικο Ψωμί & Πίτες 1kg,1.83
2025-11-07,330710,Εύπορη Γη Βερίκοκο Αποξηραμένο Εκτός Ε.Ε. Φάκελος 250gr,2.13
2025-11-07,330716,Εύπορη Γη Δαμάσκηνο Αποξηραμένο Ε.Ε. Φάκελος 250gr,2.02
2025-11-07,241269,Έπος Παρθένο Ελαιόλαδο 1lt,7.10
2025-11-07,651946,Άλτις Ελιές Γεμιστές Με Πιπεριά 510gr,4.75
2025-11-07,233487,Melissa Κριθαράκι Μέτριο Βιολογικό 500gr,1.73
2025-11-07,234011,Barilla Ζυμαρικά Tagliatelle Πράσινες 500gr,3.14
2025-11-07,234144,Barilla Ζυμαρικά Papardelle 250gr,2.48
2025-11-07,236103,Αλλατίνη Φαρίνα 500gr Οικογενειακή Συσκευασίσ 3τεμ,2.68
2025-11-07,235162,Kyknos Σάλτσα Τομάτας Για Πίτσα Πικάντικη 195gr,1.32
2025-11-07,208184,Condito Burger Sauce Χωρίς Γλουτένη 345gr,2.85
2025-11-07,233098,Melissa Χρυσή Επιλογή Ριγκατόνι 500gr,1.21
2025-11-07,232015,Άροσις Ρύζι Καρολίνα Φθιώτιδας Βιολογικό 500gr,3.33
2025-11-07,330596,Snack Break Γκότζι Μπέρι Αποξηραμένο Εκτός Ε.Ε. 100gr,1.99
2025-11-07,230459,Agrino Ρύζι Φάνσυ Για Γεμιστά Ελλάδος 1kg,4.42
2025-11-07,208192,Sempio Kimchi Τουρσί Λαχανικών Κορεάτικο Κονσέρβα 160gr,3.31
2025-11-07,206919,Εδέμ Καλαμπόκι Γλυκό Οικογενειακή Συσκευασία 3x170gr,3.88
2025-11-07,210156,Maggi Μανιταρόσουπα 51gr,1.42
2025-11-07,201251,Fytro Υποκατάστατο Άλατος 250gr,2.55
2025-11-07,204019,Kuhne Ξινό Λάχανο Σε Βάζο 850ml,4.43
2025-11-07,222691,Altura Σκουμπρί σε Σάλτσα Τομάτας 425gr,3.69
2025-11-07,236095,Μύλοι Αγ. Γεωργίου Αλεύρι Ντίνκελ Ολικής Άλεσης 500gr,1.49
2025-11-07,222254,Trata Τόνος Καπνιστός 80gr 3τεμ,3.82
2025-11-07,243015,Nutria Αραβοσιτέλαιο 5lt,9.40
2025-11-07,232701,Ρεβύθια Χονδρά Ελληνικής Γης Βοίου Ποιότητας Α 5kg Τιμή Κιλού,2.58
2025-11-07,208073,Condito Καραμελωμένα Κρεμμύδια 400gr,2.70
2025-11-07,233387,Melissa Πέννες Ριγές Χωρίς Γλουτένη 400gr,2.45
2025-11-07,202021,ΠΑΝ Βαλσαμικό Ξίδι 250ml,2.05
2025-11-07,275899,Evergreen Μελάσα Bio 550gr,2.97
2025-11-07,227002,Kyknos Κέτσαπ Hot 330gr,1.63
2025-11-07,235161,Hellmann's Σάλτσα BBQ Original 430ml,3.74
2025-11-07,232048,Family Farm Φασόλια Γίγαντες 500gr,4.60
2025-11-07,243102,Φλώρα Καλαμποκέλαιο 2lt,8.15
2025-11-07,217879,Ήλιος Τζίντζερ Γυάλινο 30gr,2.19
2025-11-07,335101,Bonomi Σφολιατίνη Ζάχαρης 200gr,2.81
2025-11-07,230712,Uncle Ben's Original Ρύζι Καστανό Ισπανίας Parboiled 500gr,2.47
2025-11-07,234733,Misko Ρυζάκι 500gr,1.10
2025-11-07,337451,Παυλίδης Κουβερτούρα 125gr,3.05
2025-11-07,275047,Canderel Stevia Σε Ταμπλέτες 120τεμ 10.20gr,4.35
2025-11-07,235149,Kyknos Σάλτσα Τομάτας Με Κανέλα & Γαρύφαλλο 350gr,2.29
2025-11-07,235151,Kyknos Σάλτσα Τομάτας Με Μανιτάρια 350gr,2.21
2025-11-07,240068,Karpea Gold Εξαιρετικό Παρθένο Ελαιόλαδο 1lt,11.20
2025-11-07,202080,Παν Κρέμα Βαλσάμικο Με Μέλι 250ml,3.35
2025-11-07,210071,Knorr Pasta Snack Pot Μπολονέζ 60gr,1.89
2025-11-07,247004,Νέα Φυτίνη Παραδοσιακή 800gr,6.40
2025-11-07,275478,Isostevia Stevia Υγρή 60ml,2.05
2025-11-07,236309,Bio Farma Αλεύρι Ολικής Βιολογικό 1kg,3.51
2025-11-07,230758,Uncle Ben's Original Risotto 500gr,2.39
2025-11-07,280682,Coconut Oil Λάδι Καρύδας 500ml,6.95
2025-11-07,280681,Thai Jasmine Rice Ρύζι Γιασεμί 1Kg,3.74
2025-11-07,651316,Ωμέγα Special Ρύζι Καρολίνα Εγχώριο 1kg,3.82
2025-11-07,228015,Delmonte Κομπόστα Φρουτοσαλάτα 420gr,2.24
2025-11-07,330641,My Gusto Mix Ξηροί Καρποί Ψημένοι Ανάμικτοι Κράνμπερυ 220gr,5.49
2025-11-07,226011,Kyknos Χυμός Τομάτας 390ml,0.94
2025-11-07,222064,Rio Mare Φιλέτα Σολωμού Σε Ελαιόλαδο 150gr,7.11
2025-11-07,280183,Nissin Ramen Noodles Κοτόπουλο 100gr,1.25
2025-11-07,235119,Barilla Σάλτσα Pesto Basilico Pistacchio 190gr,3.68
2025-11-07,280737,Maggi Noodles Saucy Cup Teriyaki 75gr,1.80
2025-11-07,236027,Αλλατίνη Αλεύρι Ιταλικό 1kg,1.75
2025-11-07,275210,Ζωγράφος Slim Line Stevia Δισκία 100τεμ 5-5gr,3.07
2025-11-07,217893,Ήλιος Κύμινο Τριμμένο Γυάλινο 35gr,2.22
2025-11-07,204007,Εδέμ Αγγουράκι Άνθος 105gr,1.63
2025-11-07,217214,ΑΝΑΤΟΛΗ Μιξ Για Κοτόπουλα Μεταλλικό 55gr,2.19
2025-11-07,247145,Μινερβίνη Με Βούτυρο Γάλακτος 400gr,3.50
2025-11-07,222002,Rio Mare Τόνος Σε Νερό 160gr,2.81
2025-11-07,275057,Isostevia Γλυκαντικό Στέβια 150gr,2.95
2025-11-07,280186,Nissin Ramen Noodles Σησάμι 100gr,1.25
2025-11-07,330851,Palse Spicy Remix Τραγανές Μπουκιές Από Αρακά- Κουκιά & Καλαμπόκι 85gr,1.96
2025-11-07,227036,Hellmann's Κετσαπ Στέβια 520gr,4.70
2025-11-07,231002,Ben's Original Ρύζι Κινέζικο Σε 2' Λεπτά 220gr,1.84
2025-11-07,330850,Biovita Τζίντζερ Σε Κύβους BIO 100gr,2.10
2025-11-07,207472,My Gusto Μουστάρδα Top Down 480gr,1.41
2025-11-07,330661,My Gusto Κoκτέιλ Nuts Εισαγωγής 200gr,2.46
2025-11-07,247041,Νέα Φυτίνη Μαγειρικό Λίπος Με Άρωμα Βουτύρου 400gr,3.80
2025-11-07,241107,Άλτις Ελαιόλαδο Κλασσικό Δοχείο 3lt,26.50
2025-11-07,233918,Βλάχα Τραχανάς Λαχανικών 500gr,2.55
2025-11-07,161275,Massapora Ζυμαρικά Calabrese Φρέσκα 500gr,1.82
2025-11-07,280638,Oriental Express Noodles Pot Μοσχάρι & Μαύρο Πιπέρι 85gr,1.88
2025-11-07,312453,Easy Bake Μείγμα Για Pizza 500gr,1.88
2025-11-07,217777,ΑΝΑΤΟΛΗ Φάκελο Μοσχοκάρυδο Ολόκληρο 30gr,3.11
2025-11-07,202019,ΤΟΠ Ξίδι Κρέμα Βαλσαμικού ΡΕΤ 200ml,1.87
2025-11-07,236097,Μύλοι Αγ. Γεωργίου Αλεύρι Βρώμης Ολικής Άλεσης 400gr,1.13
2025-11-07,280204,Maggi Πανάρισμα Airfryer Wrap Fajita 27gr,1.23
2025-11-07,235170,Kyknos Σάλτσα BBQ Top Down Χωρίς Γλουτένη Μέλι 370gr,2.61
2025-11-07,211061,Maggi Ζωμός Λαχανικών Λιγότερο Αλάτι 4lt,1.75
2025-11-07,233115,De Cecco Tortiglioni 500gr,2.60
2025-11-07,231004,Ben's Original Ρύζι Ταϊλανδέζικο Ρύζι 2' Λεπτά 220gr,1.76
2025-11-07,330839,Pellito Αμύγδαλα Καπνιστά 140gr,2.97
2025-11-07,330753,Premium Fitness Mix Ξηροί Καρποί Ωμοί & Ανάλατοι,3.29
2025-11-07,110202,Οι Γουμένισσες Μαγιονέζα Χειροποίητη 320ml,2.66
2025-11-07,312488,1-2 Bake Μίγμα Για Κρέπες 300gr,1.39
2025-11-07,227000,Heinz Κέτσαπ Λιγότερη Ζάχαρη & Αλάτι 435gr,2.85
2025-11-07,211310,Maggi Ζωμός Μανιταριού 6lt 12 Κύβοι,2.42
2025-11-07,202043,Ponti Βαλσάμικο Ξίδι 250ml,2.64
2025-11-07,208111,Heinz Barbeque Sauce 220ml,2.65
2025-11-07,280662,Oriental Express Γάλα Καρύδας 400ml,1.82
2025-11-07,227429,Hellmann's Hot Κέτσαπ Top Down 477gr,2.54
2025-11-07,235205,Knorr Σάλτσα Μπολονέζ 60gr,1.88
2025-11-07,217213,ΑΝΑΤΟΛΗ Κόλιανδρο Τριμμένο Μεταλλικό 40gr,2.26
2025-11-07,230701,Uncle Ben's Original Ρύζι Parboiled 20 Λεπτά Ισπανίας 500gr,2.36
2025-11-07,234087,Barilla Collezione Tortiglioni 500gr,2.00
2025-11-07,202101,Vivi Verde Μηλόξιδο Αφιλτράριστο Bio 500ml,2.62
2025-11-07,222089,Rio Mare Insalatissime Sicily 160gr,3.32
2025-11-07,240057,Χωριό Καλαμάτα Εξαιρετικό Παρθένο Ελαιόλαδο 1 lt,9.05
2025-11-07,280734,Evergreen Organics Λάδι Καρύδας Bio 200gr,4.96
2025-11-07,210060,Knorr Πουρές Snack Pot Μπέικον Κρεμμύδι 51gr,1.89
2025-11-07,217881,Ήλιος Κουρκουμάς Γυάλινο 40gr,2.06
2025-11-07,222115,Geisha Σκουμπρί Σε Σάλτσα Τομάτας 155gr,1.74
2025-11-07,211123,Knorr Extra Γεύση Κρέας 124gr,1.76
2025-11-07,235150,Kyknos Σάλτσα Τομάτας Με Ελιές 350gr,2.42
2025-11-07,211058,Maggi Ζωμός Βοδινό 6 κύβοι 60gr,1.05
2025-11-07,240067,Γαία ΠΟΠ Καλαμάτα Εξαιρετικό Παρθένο Ελαιόλαδο 1lt,12.24
2025-11-07,225851,Paliria Γεύματα Μαυρομάτικα 200gr,3.20
2025-11-07,236078,Μύλοι Αγίου Γεωργίου Αλεύρι Πολύκαρπο 1Kg,2.24
2025-11-07,222693,Altura Σαρδέλες Πικάντικες 125g (Στραγγισμένο βάρος 90g),1.49
2025-11-07,202136,Kalamata Papadimitriou Κρέμα Βαλσάμικου Ρόδι 250ml,3.41
2025-11-07,330672,My Gusto Κοκτέιλ Σνακ Εισαγωγής 200gr,2.04
2025-11-07,240142,Άλτις Παραδοσιακό Εξαιρετικό Παρθένο Ελαιόλαδο 2lt,19.05
2025-11-07,330557,Snack Break Αμυγδαλόψιχα Ωμή 60gr,1.49
2025-11-07,316577,Γιώτης Σιρόπι Καραμέλα 350gr,2.61
2025-11-07,202130,ΠΑΝ Βαλσαμικό Ξίδι Με Μέλι 250ml,3.29
2025-11-07,315001,Γιώτης Κρέμα Καραμελέ 112gr,1.37
2025-11-07,230419,Agrino Ρύζι Exotic Jasmine Ταυλάνδης 500gr,2.88
2025-11-07,217773,ΑΝΑΤΟΛΗ Φάκελο Μπαχάρι Ολόκληρο 30gr,1.67
2025-11-07,660949,Biovita Μπανάνα Chips Με Μέλι 200gr,2.18
2025-11-07,222061,Rio Mare Τόνος Με Λίγο Ελαιόλαδο 2x65gr,3.49
2025-11-07,233123,Μελίσσα Χρυσή Επιλογή Λαζάνια 500gr,2.43
2025-11-07,234421,De Cecco Spaghetti No 12 500gr,2.65
2025-11-07,233177,Πέλλα Γη Κους Κους Λαχανικών 500gr,2.28
2025-11-07,275111,Γιώτης Sweet & Balance Mousse Σοκολάτα 165gr,3.30
2025-11-07,233486,Melissa Πέννες Ριγέ Βιολογικές 500gr,1.73
2025-11-07,232012,3αλφα Σίτος Αποφλοιωμένος 500gr,1.70
2025-11-07,317400,Αλλατίνη Μπέικιν Πάουντερ 3x20gr,0.55
2025-11-07,236079,Μύλοι Αγίου Γεωργίου Εκχύλισμα Βανίλιας Μαδαγασκάρης 75ml,8.19
2025-11-07,202140,Vivi Verde Μηλόξιδο Biologico 500ml,2.54
2025-11-07,225435,Ο Μπαξές Ντολμαδάκια Γιαλαντζί 280gr,2.03
2025-11-07,271428,Γιώτης Άνθος Αραβοσίτου Λεμόνι 43gr,0.48
2025-11-07,112308,Ήλιδα Ελιές Πράσινες Με Ρίγανη Vacum 250gr,2.47
2025-11-07,280712,Cardinal Sriracha Chili Sauce Squeeze 505gr,3.58
2025-11-07,230009,3αλφα Ρύζι Καρολίνα 1kg,4.28
2025-11-07,211078,Knorr Αρωματικό Μίγμα Λαχανικών & Μυρωδικών 90gr,2.35
2025-11-07,243303,Corola Αραβοσιτέλαιο 2lt,4.95
2025-11-07,235131,Cook At Home Σάλτσα Γαριδομακαρονάδα 250gr,2.59
2025-11-07,330813,Karagiannis Μακαντέμια Ψημένο Αλλατισμένο Εκτός ΕΕ 100gr,3.91
2025-11-07,330847,Almanda Φιστίκι Αράπικο Ψημένο Αλατισμένο Σε Πλαστικό Δοχείο 250gr,1.99
2025-11-07,230019,Biofarma Ρύζι Καστανό Βιολογικό 500gr,2.15
2025-11-07,659091,Γιώτης Pannacotta Βύσσινο 200gr,2.68
2025-11-07,275311,Health Trade Demerara Ζάχαρη Καστανή 500gr,2.22
2025-11-07,280610,Oriental Express Σως Γλυκού Τσίλι Για Ντιπ 200gr,2.62
2025-11-07,335103,Bonomi Σαβαγιάρ 200gr,2.52
2025-11-07,230008,3αλφα Ρύζι Τύπου Αμερικής 1kg,4.68
2025-11-07,330868,Biovita Super Seeds Μείγμα Σπόρων Bio 200gr,2.28
2025-11-07,217162,Ήλιος Δυόσμος Βάζο 60gr,3.90
2025-11-07,225854,Paliria Γεύματα Kinoa 200gr,3.20
2025-11-07,210002,Knorr Quick Soup Τοματόσουπα 60gr,2.24
2025-11-07,226071,Vivi Verde Τομάτα Τριμμένη Bio 400gr στ. βάρος 240gr,1.99
2025-11-07,201068,Kollectiva Μύλος 5 Πιπέρια 35gr,3.44
2025-11-07,201058,Saltic Αλατιέρα Με Αλάτι Ιμαλαίων 400gr,1.73
2025-11-07,201094,Κάλας Μix Για Κοτόπουλο 150gr,2.74
2025-11-07,228101,Ο Μπαξές Κομπόστα Ανανάς Σε Φέτες 565gr (Στραγ. Βάρος 340gr),2.86
2025-11-07,330552,Tasty Snacks Φιστίκι Επικαλυμμένο Με Γεύση Chili 200gr,2.30
2025-11-07,227954,Hellmann's Max Κετσαπίτο 460gr,2.81
2025-11-07,337244,Γιώτης Κουβερτούρα Λευκή Σε Σταγόνες 100gr,2.26
2025-11-07,235007,Ben's Original Σάλτσα Κινέζικη 450gr,3.27
2025-11-07,665791,Agrino Ρύζι Exotic Arborio Ιταλίας 500gr,2.84
2025-11-07,230702,Uncle Ben's Original Ρύζι Parboiled 20 Λεπτά 1kg,5.47
2025-11-07,228151,Αγρόκηπος Ροδάκινο Ποτήρι 400gr,3.99
2025-11-07,221971,Dakor Χοιρινό Κρέας 200gr,4.02
2025-11-07,280017,El Sabor Μείγμα Για Taco 35gr,1.24
2025-11-07,217167,Κρόκος Κοζάνης Ποπ Νηματίδια 0-5gr,3.19
2025-11-07,330866,Hungry Not Επικαλυμμένο Φιστίκι Με Γεύση Τυρί-Μπέικον 80gr,1.09
2025-11-07,232053,Άροσις Ρεβίθια Αποφλοιωμένα Γρεβενών 500gr,4.12
2025-11-07,235148,Το Περιβόλι Του Παππού Φυικός Χυμός Τομάτας Με Ελαιόλαδο 300gr,2.48
2025-11-07,210008,Knorr Τοματόσουπα Με Μοτσαρέλα 96gr,2.35
2025-11-07,330582,Εύπορη Γη Παπάγια Αποξηραμένη Εκτός Ε.Ε. Φάκελος 250gr,2.39
2025-11-07,222434,My Gusto Τόνος Τεμαχισμένος Σε Ηλιέλαιο 3x95gr Στρ.Βαρ.0-204gr,4.74
2025-11-07,247051,Νέα Φυτίνη Με Ελαιόλαδο 400gr,3.80
2025-11-07,280708,Mendake Noodles Σίτου 200gr,1.96
2025-11-07,198997,Αγρόκηπος Φρουτοσαλάτα Ανανάς Ποτήρι 400gr,3.99
2025-11-07,280658,Τιριάκ Κους Κους 500gr,3.46
2025-11-07,236922,Μύλοι Αγίου Γεωργίου Σιμιγδάλι Νο4 Χονδρό 500gr,1.20
2025-11-07,247140,Μινερβίνη Με Αραβοσιτέλαιο 400gr,3.10
2025-11-07,201012,Ήρα Αλάτι Ψιλό Σακούλα 1Kg,2.21
2025-11-07,208118,Heinz Barbeque Classic Sauce Top Down 400ml,3.35
2025-11-07,337456,Παυλίδης Κουβερτούρα Γάλακτος 125gr,3.05
2025-11-07,230744,Uncle Ben's Original Ρύζι Basmati Ινδίας-Πακιστάν 1kg,6.90
2025-11-07,280203,Nissin Soba Noodles Cup Κοτόπόυλο Yakitori 89gr,1.75
2025-11-07,236088,Caputo Αλεύρι Manitoba Τύπου 0 1kg,3.48
2025-11-07,231000,Ben's Favourites Paella 250gr,2.21
2025-11-07,235142,Barilla Σάλτσα Aglio Με Σκόρδο 400gr,3.12
2025-11-07,235074,Barilla Σάλτσα Pesto Basilico Peperoncino 195g,3.85
2025-11-07,204750,D'Amico Λιαστές Ντομάτες 290gr,2.85
2025-11-07,235044,Primo Gusto Σάλτσα Verdure Grigliate 350gr,2.63
2025-11-07,109278,Τρυφωνίδης Αντζούγιες Φιλέτο FAO37 Easy Open 50gr,1.95
2025-11-07,112115,Άλτις Ελιές Καλαμών 510gr,5.88
2025-11-07,275207,Ζωγράφος Γλυκαντική Σκόνη Sucra Line 90gr,4.07
2025-11-07,315041,Γιώτης Sweet & Balance Ζελέ Φράουλα 20gr,1.97
2025-11-07,232570,Υάδες Φαγόπυρο Βιολογικό 500gr,2.28
2025-11-07,280124,Santa Maria Fajita Spice Mix 28gr,1.28
2025-11-07,230107,Ωμέγα Special Ρύζι Γλασσέ Εγχώριο 500gr,1.76
2025-11-07,235509,Barilla Σάλτσα Pesto Calabreze 190gr,3.48
2025-11-07,312006,Γιώτης Λουκουμάδες 255gr,1.84
2025-11-07,208185,Condito Cheddar Sauce Χωρίς Γλουτένη 330gr,2.85
2025-11-07,222000,Πυροφάνι Φιλέτα Σκουμπρί Με Σάλτσα Τομάτας 170gr,2.16
2025-11-07,235143,Barilla Pesto Σάλτσα Basilico Limone 190gr,3.70
2025-11-07,222694,Altura Σαρδέλες Φιλέτο Ηλιέλαιο 125g,2.05
2025-11-07,210015,Knorr Pasta Snack Pot Creamy Pesto 68gr,1.89
2025-11-07,208041,Brava Σάλτσα Coctail Πλαστική Φιάλη 450ml,2.95
2025-11-07,204753,Gaea Πράσινες Ελιές Χωρίς Κουκούτσι Σακούλα 150gr,3.14
2025-11-07,204703,Royal Παντζάρια 700gr,2.69
2025-11-07,206069,Εδέμ Μανιτάρια Τεμαχισμένα Οικογενειακή Συσκευασία 3τεμ,4.72
2025-11-07,222038,Flokos Τονοσαλάτα Με Όσπρια 150gr,2.35
2025-11-07,232043,3 Άλφα Οσπριάδα 500gr,2.96
2025-11-07,110030,Kyknos Μαγιονέζα Vegan Γυάλινο Βάζο 250ml,2.73
2025-11-07,230202,Family Farm Ρύζι Καρολίνα Μακεδονίας 500gr,2.46
2025-11-07,110173,Condito The Green Line Mayo Veagan Sauce 280gr,3.24
2025-11-07,280630,Old El Paso Tortillas Ολικής 6τεμ 350gr,3.64
2025-11-07,217911,My Kouzina Μίγμα Για Κοτόπουλο 35gr,1.99
2025-11-07,330551,Tasty Snacks Tiger Nuts 150gr,1.96
2025-11-07,280721,Top Taste Fried Onions 100gr,2.52
2025-11-07,207255,Maille Μουστάρδα Honey 230gr,4.24
2025-11-07,207030,Kalamata Papadimitriou Μουστάρδα Θυμάρι Ρίγανη 200gr,2.70
2025-11-07,207101,French's Μουστάρδα 226g,2.75
2025-11-07,217129,McCormick Πάπρικα Γλυκιά 34gr,3.86
2025-11-07,233516,Efcharisto Τραχανάς Με Κατσικίσιο Γάλα 500 gr,3.06
2025-11-07,330640,My Gusto Κάσιους Ωμό Δοχείο 220gr,6.08
2025-11-07,232568,Σιτώ Φάβα Από Λαθούρι Ελικώνα 500gr,2.39
2025-11-07,202018,ΤΟΠ Βαλσάμικο Ξίδι Με Θυμαρίσιο Μέλι Γυάλινη Φιάλη 250ml,2.90
2025-11-07,313252,Gelita Ζελατίνη Φύλλο,1.87
2025-11-07,233120,Melissa Χρυσή Επιλογή Κριθαράκι Μέτριο 500gr,1.21
2025-11-07,243000,Nutria Αραβοσιτέλαιο 1lt,2.80
2025-11-07,330497,My Gusto Φιστίκι Κελυφωτό Ωμό 200gr,4.99
2025-11-07,280697,Oriental Express Ασιάτικα Ανάμικτα Λαχανικά Με Ανανά 330ml,1.87
2025-11-07,313106,Γιώτης Ζελατίνη Σκόνη Κουτί 30gr,1.99
2025-11-07,280687,Vifon Noodles Γαρίδας 70gr,0.80
2025-11-07,217783,ΑΝΑΤΟΛΗ Κανέλλα Τριμμένη Κεϋλάνης 25gr,1.66
2025-11-07,315109,Γιώτης Sweet & Balance Κρέμα Καραμελέ 114gr,2.00
2025-11-07,217128,McCormick Πιπέρι Καγιέν 33gr,3.86
2025-11-07,211120,Knorr Κύβοι Βοδινό Με Λιγότερο Αλάτι 6lt,2.69
2025-11-07,312021,Γιώτης Bake 1-2 Μίγμα για Carrot Cake 520gr,3.16
2025-11-07,240079,Terra Creta Εξαιρετικό Παρθένο Ελαιόλαδο 2lt,17.50
2025-11-07,312019,Σκόνη Μαστίχα Χίου 3τεμ 2gr,1.79
2025-11-07,234073,Κρητική Γή Σκιουφιχτά 500gr,2.75
2025-11-07,233093,Barilla Collezione Papiri 450gr,2.49
2025-11-07,234066,De Cecco Paccheri No 125 500gr,3.60
2025-11-07,280038,Oriental Express Ρύζι Για Sushi 500gr,3.56
2025-11-07,280034,Nissin Soba Noodles Cup Teriyaki 90gr,1.75
2025-11-07,236507,Evergreen Organics Kinoa Τρίχρωμη Βιολογική 300gr,3.65
2025-11-07,659413,ΑΝΑΤΟΛΗ Βασιλικός Γυάλινο Βάζο 55gr,2.91
2025-11-07,273330,Evergreen Bran Sticks Bio Χωρίς Ζάχαρη 250gr,2.14
2025-11-07,217917,My Kouzina Πάπρικα Καυτερή 30gr,1.95
2025-11-07,244505,Σησαμέλαιο Παρθένο 500ml,5.03
2025-11-07,202606,Gaea Βαλσάμικο Ξίδι Με Θυμαρίσιο Μέλι 250ml,3.73
2025-11-07,317153,Vahine Φυσικό Άρωμα Πορτοκαλιού 20ml,3.43
2025-11-07,317502,Μάστιχα Χίου Μεσαία 10gr,2.86
2025-11-07,280012,El Sabor Salsa Dip 315gr,2.57
2025-11-07,225026,Bonduelle Φασόλια Κανελίνι 310gr Στραγγιστό Βάρος 250gr,2.30
2025-11-07,204063,Κτήμα Διαμάντη Αμπελόφυλλα 400gr,7.98
2025-11-07,110052,Condito Μαγιονέζα Light Χωρίς Γλουτένη 435ml,2.68
2025-11-07,280095,Maggi Magic Asia Noodles Duck Cup 63gr,1.59
2025-11-07,222289,Trata Salmon Pocket Καπνιστός 70gr,2.40
2025-11-07,110201,Οι Γουμένισσες Μουσταρδομαγιονέζα 320ml,2.64
2025-11-07,217908,My Kouzina Γαρίφαλο Τριμμένο 35gr,1.79
2025-11-07,201224,Χιών Αλάτι Φιάλη Χονδρό 850gr,2.58
2025-11-07,235112,Hellmann's Σάλτσα Μπέργκερ 250ml,2.93
2025-11-07,337458,Γιώτης Κουβερτούρα Λευκή 125gr,2.83
2025-11-07,161273,Massapora Τορτελίνια Σπανάκι και Τυριά Φρέσκα 250gr,4.24
2025-11-07,204734,Gaea Λιαστές Ντομάτες Σε Λάδι 240gr,4.56
2025-11-07,211003,Knorr Ζωμός Βοδινού 6 κύβοι 3lt,1.41
2025-11-07,118990,Γιώτης Άνθος Αραβoσίτου Κρέμα Σοκολάτα 100gr 4τεμ,3.28
2025-11-07,217623,ΑΝΑΤΟΛΗ Μύλος Μείγμα 4 Πιπέρια 36gr,3.93
2025-11-07,247202,Άριστον Μαγειρικό Λίπος 400gr,3.53
2025-11-07,280199,Nissin Ramen Noodles Cup Κοτόπουλο 63gr,1.88
2025-11-07,222048,Rio Mare Τόνος Πικάντικος 2x120gr,6.29
2025-11-07,202103,Andrea Milano Μηλόξιδο Bio 500ml,2.98
2025-11-07,316023,Πάρος Πετιμέζι 450gr,5.89
2025-11-07,206954,Bonduelle Gold Mexico Mix 150gr (Στρ.Βάρος 130gr),1.57
2025-11-07,228115,My Gusto Κομπόστα Ροδάκινο 820gr,2.57
2025-11-07,280622,Old El Paso Sns Mini Soft Tortillas 145gr,4.47
2025-11-07,330553,Tasty Snacks Φιστίκι Επικαλυμμένο Με Γεύση Bbq 200gr,2.30
2025-11-07,240536,Xenia Εξαιρετικά Παρθένο Ελαιόλαδο 500ml,6.20
2025-11-07,242093,Best Price Πυρηνέλαιο 5lt,19.15
2025-11-07,217215,ΑΝΑΤΟΛΗ Μιξ Για Ψησταριά Μεταλλικό 40gr,2.42
2025-11-07,211021,Knorr Asia Τσιπς Γαρίδας Με Μπαχαρικά 75gr,2.60
2025-11-07,651319,Ωμέγα Special Φασόλια Μέτρια Εισαγωγής 500gr,2.05
2025-11-07,716016,Geflor Ροδόνερο 270ml,2.72
2025-11-07,271433,Γιώτης Άνθος Αραβοσίτου Ζαχαροπλαστικής Διάφορες Γεύσεις 260gr,2.63
2025-11-07,230653,Scotti Ρύζι Arborio Κουτί 500gr,3.95
2025-11-07,222811,Trata Salad Pocket Ρεβύθια & Βασιλικό 150gr,2.56
2025-11-07,236096,Μύλοι Αγ. Γεωργίου Ζην Ολικής Δίκοκκο Σιτάρι 500gr,1.46
2025-11-07,211054,Knorr Κύβοι Για Ζυμαρικά (12 Τεμ.) 12/6lt,2.73
2025-11-07,275014,Canderel Stevia Βάζο 75gr,4.38
2025-11-07,280035,Nissin Soba Noodles Cup Chili 92gr,1.75
2025-11-07,204320,Κωστόπουλος Πίκλες Χωρίς Συντηρητικά 500gr,2.54
2025-11-07,236312,Evergreen Αλεύρι Καρύδας Bio 250gr,1.69
2025-11-07,235216,Knorr Σάλτσα Ναπολιταίν 49gr,1.80
2025-11-07,107112,Λέλια Ελιές Μαυροελιές Σε Φάκελο 275gr,1.94
2025-11-07,236921,Μύλοι Αγίου Γεωργίου Σιμιγδάλι Νο3 Ψιλό 500gr,1.20
2025-11-07,236500,Evergreen Organics Παπαρουνόσπορος 120gr,2.37
2025-11-07,330626,My Gusto Αμύγδαλο Ψημένο Αλατισμένο Δοχείο 200gr,4.96
2025-11-07,330628,My Gusto Αμυγδαλόψιχα Λευκή Ωμή Δοχείο 250gr,7.26
2025-11-07,312022,Γιώτης Bake 1-2 Μίγμα για Red Velvet 520gr,3.16
2025-11-07,108004,Κωστόπουλος Πιπεριές Με 40% Λιγότερο Αλάτι 200gr,2.29
2025-11-07,221945,Nutri Valley Κοτόπουλο Σε Λάδι Χωρίς Γλουτένη 2x160gr,5.49
2025-11-07,280628,Old El Paso Fajitas Kit 500gr,5.11
2025-11-07,226573,Ο Μπαξές Τοματοπολτός Διπλής Συμπύκνωσης 140gr,0.72
2025-11-07,312472,1-2 Bake Μίγμα Muffins Σοκολάτας 500gr,2.91
2025-11-07,280700,Yum Yum Instant Noodles Γαρίδα 60gr,1.08
2025-11-07,310565,Γιώτης Κρέμα Ζαχαροπλαστικής Πραλίνα 130gr,1.51
2025-11-07,257050,Hai Ζάχαρη Άχνη 400gr,0.95
2025-11-07,660957,Biovita Κουκουνάρι Εισαγωγής 50gr,3.02
2025-11-07,230413,Agrino Ρύζι Φίνο Nυχάκι Ελλάδος 1kg,4.10
2025-11-07,110057,Heinz Μayospicy 400ml,3.60
2025-11-07,280200,Nissin Ramen Noodles Cup Γαρίδες Με Σως Σόγιας 63gr,1.88
2025-11-07,204059,Δίρφυς Λάδι Μαύρης Τρούφας Condiment 100ml,5.96
2025-11-07,235138,Δρίσκας Σάλτσα Ντομάτας Για Μακαρόνια Με Κιμά 280gr,3.65
2025-11-07,235086,Knorr Έτοιμη Σάλτσα Τομάτα Πιπεριά 400gr,2.47
2025-11-07,233084,Felicia Σπαγγέτι Καστανού Ρυζιού Χωρίς Γλουτένη Bio 250gr,2.58
2025-11-07,222031,Rio Mare Τόνος Super Naturale 2x112gr,8.98
2025-11-07,241079,Χρυσελιά Εξαιρετικό Παρθένο Ελαιόλαδο 1 lt,8.05
2025-11-07,217140,Turci Λευκή Τρούφα Σε Spray 40ml,2.88
2025-11-07,202067,Χωριό Ξίδι Πλαστική Φιάλη 350ml,0.74
2025-11-07,235114,Hellmann's Σάλτσα Barbecue Original 250ml,2.98
2025-11-07,211028,Knorr Asia Σάλτσα Σόγιας 175ml,3.80
2025-11-07,275004,Vermont Σιρόπι Σφενδάμου Organic 250gr,6.54
2025-11-07,312454,Easy Bake Μείγμα Muffin Choco 500gr,4.68
2025-11-07,271425,Γιώτης Άνθος Αραβοσίτου Φράουλα Στιγμής 62gr,1.00
2025-11-07,207881,Biofarma Μουστάρδα Βιολογική 200gr,2.99
2025-11-07,222122,Alelma Τόνος Αλονήσσου Σε Ελαιόλαδο 212gr,7.30
2025-11-07,280168,Blue Dreagon Noodles Ολικής Άλεσης 250gr,2.44
2025-11-07,110033,Brava Μαγιονέζα Γυάλινο Βάζο 12/475ml,2.58
2025-11-07,208168,Hellmann's Honey & Mustard Dressing 250ml,2.51
2025-11-07,235088,Knorr Έτοιμη Σάλτσα Μανιτάρι 400gr,2.47
2025-11-07,330624,Εύπορη Γη Αμύγδαλο Ψημένο Αλατισμένο Εκτός Ε.Ε. Φάκελο 250gr,3.94
2025-11-07,201066,Kollectiva Μύλος 4Πιπέρια 70gr,4.87
2025-11-07,217920,My Kouzina Κύμινο Τριμμένο 30gr,1.92
2025-11-07,236497,Biodynamic Κεχρί Αποφλοιωμένο 250gr,1.61
2025-11-07,230543,Agrino Bistro Πιλάφι Με Λαχανικά Ελλάδας 200gr,2.93
2025-11-07,202022,ΤΟΠ Ξίδι Κρέμα Βαλσαμικού Μέλι & Λέμόνι ΡΕΤ 200ml,2.24
2025-11-07,236496,Evergreen Organics Chia Bio 140gr,3.15
2025-11-07,330852,Palse Sweet Remix Καραμελωμένα Ρεβύθια Με Κανέλα-Κράνμπερι & Μαύρη Σοκολάτα 85gr,2.24
2025-11-07,110037,Μaille Dijonnaise Μουστάρδα 185gr,3.37
2025-11-07,330765,Hungry Not Ξηροί Καρποί Μix Power Scoop 180gr,3.39
2025-11-07,275312,Evergreen Ζάχαρη Χουρμά Βιολογική 200gr,3.93
2025-11-07,330711,My Gusto Στραγάλι Λευκό Ψημένο Αλατισμένο Εισαγωγής 200gr,1.29
2025-11-07,217890,Ήλιος Δάφνη Γυάλινο Βάζο 25gr,4.13
2025-11-07,280701,Yum Yum Instant Noodles Λαχανικά 60gr,1.08
2025-11-07,274895,Naturel Health Products Χαρουπόμελο 250ml,4.08
2025-11-07,651363,Επος Εξαιρετικό Παρθένο Ελαιόλαδο 2lt,15.10
2025-11-07,208056,Kikkoman Σάλτσα Σόγιας 250ml,5.16
2025-11-07,217154,Kollectiva Μύλος Θαλασσινό Αλάτι 200gr,2.42
2025-11-07,211059,Maggi Νoστιμιά Μεσογειακή Σε Κόκκους 110gr,2.55
2025-11-07,234074,Κρητική Γη Σκιουφιχτά Ολικής 500gr,2.84
2025-11-07,280037,Blue Dragon Τεριγιάκι Σως 400gr,3.47
2025-11-07,330756,Premium Gourmet Mix Ξηροί Καρποί Ψημένοι & Ανάλατοι 200gr,5.48
2025-11-07,235033,Cook At Home Σάλτσα Κοτόπουλο Μπάρμπεκιου Φούρνου 265gr,2.34
2025-11-07,217633,Kollectiva Μύλος Ροζ & Μαύρο Πιπέρι 30gr,3.17
2025-11-07,659410,Ανατολή Ρίγανη Φάκελος 50gr,1.55
2025-11-07,110845,Kraft Μαγιονέζα Squeez Χωρίς Γλουτένη 350ml,3.00
2025-11-07,207408,Hellmann's Μουστάρδα Πικάντικη 250gr,2.75
2025-11-07,330638,Συνεργασία Κορινθιακή Μαύρη Σταφίδα 200gr,2.52
2025-11-07,217987,ΑΝΑΤΟΛΗ Κανέλλα Τριμμένη σε Μεταλλικό 45gr,2.24
2025-11-07,233013,Melissa Ταλιατέλλες Απλές 500gr,2.07
2025-11-07,322192,Hai Γλυκόζη Γυάλινο Βάζο 400gr,1.85
2025-11-07,112005,Xenia Ελιές Καλαμών 40% Λιγότερο Αλάτι 300gr,2.79
2025-11-07,222822,Αμβροσία Σαρδέλες Σε Λάδι 100gr (ΣΤΡΑΓΓ.ΒΑΡΟΣ 75gr),2.21
2025-11-07,201013,Ήρα Αλάτι Ριζάτο Σακούλα 1kg,2.27
2025-11-07,650023,Misko Σιμιγδάλι Ψιλό 400gr,1.22
2025-11-07,108006,Κωστόπουλος Πίκλες Με 40% Λιγότερο Αλάτι 300gr,2.29
2025-11-07,233490,Evergreen Fitness Pasta Σπαγγέτι Βio Konjac 250gr,1.77
2025-11-07,211115,Cook At Home Ζωμός Λαχανικών Healthy 80gr,2.85
2025-11-07,280686,Vifon Noodles Κοτόπουλο 70gr,0.80
2025-11-07,161276,Massapora Ζυμαρικά Troccolli Φρέσκα 500gr,1.69
2025-11-07,330642,My Gusto Μιξ Ξηρών Καρπών Ωμών Κράνμπερυ&Σταφίδα 220gr,5.52
2025-11-07,305813,Minos Foods Σαβαγιάρ Τ.Ιταλίας 200gr,1.96
2025-11-07,330646,My Gusto Φιστίκι Κελυφωτό Ψημένο Αλατισμένο Δοχείο 200gr,4.61
2025-11-07,312458,Γιώτης Creme 250gr,2.17
2025-11-07,204065,Εδέμ Κόκκινες Κίτρινες Ψημένες Πιπεριές 450gr,4.89
2025-11-07,225922,Paliria Πολτός Ψητής Μελιτζάνας 480gr,3.42
2025-11-07,241000,ΙΩΝΙΣ Έξτρα Παρθένο Ελαιόλαδο 500ml,5.30
2025-11-07,208137,Jack Daniel's BBQ Sauce Honey 553gr,9.75
2025-11-07,314002,Σαμούρη Κουφετάκια Με Σοκολάτα Γάλακτος 90gr,2.16
2025-11-07,217601,Evergreen Organics Διατροφική Μαγιά Σε Νιφάδες +Β12 100gr,3.55
2025-11-07,330659,Εύπορη Γη Ανανάς Αποξηαραμένος Εκτός Ε.Ε. Φάκελο 250gr,2.61
2025-11-07,227033,My Gusto Κέτσαπ Φιάλη 330gr,1.40
2025-11-07,201513,Special Foods Αλάτι Μεσολογγίου Κλασσικός Μύλος 180gr,3.52
2025-11-07,109204,Το Φανάρι Λακέρδα Σκουμπρί 150gr,2.66
2025-11-07,317151,Vahine Ζάχαρη Με Φυσικό Εκχύλισμα Βανίλιας 5x7.5gr,2.37
2025-11-07,235614,Εκλεκτή Κουζίνα Πελτές Τομάτας Bio 200gr,2.99
2025-11-07,240691,Λατζιμάς Εξαιρετικό Παρθένο Ελαιόλαδο Πλαστική Φιάλη 1lt,9.98
2025-11-07,330631,My Gusto Ηλιόσπορος Ψημένος Ανάλατος Δοχείο 110gr,1.02
2025-11-07,233185,Δίρφυς Κριθαράτο Με Βασιλομανίταρα 280gr,4.67
2025-11-07,202161,Παν Κρέμα Βαλσάμικο Με Σύκο 250ml,2.95
2025-11-07,222073,Trata Salad Pocket Με Σολομό Φασόλια & Λαχανικά 150gr,2.56
2025-11-07,201015,ΧΙΩΝ Αλάτι Πλαστική Φιάλη 3x400gr Family Pack,3.89
2025-11-07,330864,Ola Bio Σταφίδα Σουλτανίνα Bio 200gr,3.18
2025-11-07,275042,Canderel Γλυκαντικό Tαμπ. Blue 650τεμ,3.55
2025-11-07,110043,Kyknos Μαγιονέζα Light Top Down 450ml,3.62
2025-11-07,222938,Flokos Σκουμπρί Φιλέτο Σε Σάλτσα Τομάτας 150gr,4.04
2025-11-07,233116,Misko Tortellini Τρικολόρε Με Τυρί 250gr,2.30
2025-11-07,222100,Rio Mare Insalatissime Σαλάτα Με Τόνο Κριθάρι & Ντινκελ 160gr,3.32
2025-11-07,228000,Μακεδονική Κομπόστα Κοκτέιλ Φρούτων 822gr,3.68
2025-11-07,280073,Oriental Express Γάλα Καρύδας Light 400ml,1.76
2025-11-07,235128,Zanae Σάλτσα Τομάτας Napoletana 400gr,2.72
2025-11-07,222105,Rio Mare Isalatissime Kinoa Με Ρεβύθια Φασολια Καρότα 160gr,3.32
2025-11-07,240049,My Kouzina Εξαιρετικό Παρθένο Ελαιόλαδο 4lt,26.90
2025-11-07,330755,Premium Gourmet Mix Ξηροί Καρποί Ωμοί & Ανάλατοι 200gr,5.48
2025-11-07,221944,Nutri Valley Γαλοπούλα Σε Νερό Χωρίς Γλουτένη 160gr 2τεμ,5.76
2025-11-07,280699,Oriental Express Καλαμποκάκια "Μικρά" 330gr,2.24
2025-11-07,280604,Patak's Σως Καρυ Tikka Masala 450gr,4.19
2025-11-07,280632,Old El Paso Salsa Chynky Mild 226gr,2.66
2025-11-07,330903,Mogyi Ηλιόσπορος Αποφλοιωμένος 50gr,0.94
2025-11-07,217913,My Kouzina Πιπέρι Λευκό 40gr,2.35
2025-11-07,280606,Blue Dragon Σουσαμέλαιο 150ml,3.44
2025-11-07,280709,Cardinal Ρυζομακάρονα Φαρδιά 400gr,3.03
2025-11-07,208060,Kikkoman Σάλτσα Σόγιας 150ml,4.36
2025-11-07,317600,ΑΝΑΤΟΛΗ Αμμωνία σε Φάκελλο 30gr,0.50
2025-11-07,230425,Agrino Brown Family Ρύζι Καστανό 10λεπτο Σακουλάκι 500gr,3.01
2025-11-07,217779,ΑΝΑΤΟΛΗ Κακουλέ Φάκελος 5gr,1.12
2025-11-07,204705,Royal Πιπεριά Καυτερή 340gr,2.03
2025-11-07,273058,3Friends Granola Μέλι Λιναρόσπορο Βιολογική 350gr,4.51
2025-11-07,112079,Xenia Ελιές Πράσινες Γεμιστές Με Πιπεριά Σακούλα 50gr,1.50
2025-11-07,232052,Άροσις Φακές Χονδρές Λάρισας 500gr,3.05
2025-11-07,275048,Canderel Γλυκαντικό Ταμπλέτες 300τεμ,6.98
2025-11-07,202146,Τοπ Ξίδι Κρέμα Βαλσάμικο Μήλο 200ml,2.28
2025-11-07,231008,Ben's Favourites Risotto 250gr,2.39
2025-11-07,211060,Maggi Ζωμός Κότας Λιγότερο Αλάτι 4lt,1.75
2025-11-07,110031,Οι Γουμένισσες Μουσταρδομαγιονέζα Vegan 270gr,2.42
2025-11-07,280059,Poco Loco Ντιπ Sour Cream 300gr,3.45
2025-11-07,275017,Deligios Γλυκαντικό Στέβια 20 Sticks 28gr,2.01
2025-11-07,208129,Hellmann's Σάλτσα Με Τσένταρ 250ml,2.96
2025-11-07,206963,Bonduelle Φασόλια Κόκκινα 200gr,1.87
2025-11-07,330452,Καραγιάννης Αραχίδες Ψημένες Ανάλατες Εισαγωγής 500gr,2.65
2025-11-07,312605,Γιώτης Βάση Για Τούρτα 3πλη Σοκολάτα 400gr,4.64
2025-11-07,222063,Rio Mare Φιλέτα Σολωμού Σε Νερό 150gr,7.11
2025-11-07,330865,Hungry Not Επικαλυμμένο Φιστίκι Με Γεύση Τυρί 80gr,1.09
2025-11-07,230047,3 Άλφα Ρύζι Basmati 1kg,6.41
2025-11-07,204054,My Greek Pickles Αγγουράκι Γλυκόξινο Σε Φέτες 185gr,4.31
2025-11-07,235130,Cook At Home Σάλτσα Για Τηγανιά Κρασάτο Κοτόπουλο 265gr,2.58
2025-11-07,280752,Oriental Express Noodles Ποτ Ψητές Γαρίδες 85gr,1.88
2025-11-07,161280,Massapora Τορτελίνια Με Προσούτο 250gr,4.26
2025-11-07,230804,Evergreen Fitness Βίο Χωρίς Γλουτένη Pasta Ρύζι Bio Konjac 250gr,1.77
2025-11-07,211116,Cook At Home Ζωμός Κότας Healthy 80gr,2.85
2025-11-07,161272,Massapora Τορτελίνια Με Τυριά Φρέσκα 250gr,4.96
2025-11-07,232014,3αλφα Φασόλια Γίγαντες Πρεσπών 500gr,7.12
2025-11-07,233515,Efcharisto Χυλοπιτάκι με Κατσικίσιο Γάλα 500gr,3.06
2025-11-07,208017,"17" Thousand Islands Dressing 250gr,2.15
2025-11-07,240700,Λατζιμάς Εξαιρετικό Παρθένο Ελαιόλαδο 2lt,18.99
2025-11-07,207252,Colman's Μουστάρδα Σκόνη 57gr,4.14
2025-11-07,234459,Agrino Ρύζι Μακρύκοκο 10' Ελλάδος 500gr,2.84
2025-11-07,240021,Μινέρβα Χωριό Ορεινές Περιοχές Ελαιόλαδο 1lt,8.95
2025-11-07,227042,Heinz Κέτσαπ Fiery Hot Top Down 460gr,2.76
2025-11-07,235000,Παπαδημητρίου Kalamata Μαγιονάτα 275gr,2.97
2025-11-07,330750,Hungry Not Ξηροί Καρποί Μix Energy Scoop 180gr,4.07
2025-11-07,202124,Kalamata Papadimitriou Άρτυμα Balsamico Βιολογικό 250ml,2.59
2025-11-07,222438,My Gusto Καλαμάρι Σε Φυσικό Χυμό 370gr,4.39
2025-11-07,235061,Primo Gusto Σάλτσα Basilico 350gr,2.63
2025-11-07,280689,Blue Dragon Ξίδι Ρυζιού Ιαπωνικό 150ml,3.37
2025-11-07,312552,Γιώτης Μίγμα Παγωτού Καιμάκι 508gr,3.69
2025-11-07,337698,Γιώτης Κουβερτούρα Γάλακτος Σε Πλάκα 125gr,2.80
2025-11-07,236453,Βιοαγρός Κιμάς Σόγιας Bio 200gr,2.59
2025-11-07,112313,Ήλιδα Ελιές Ξανθές Αγρινίου Φάκελλος 250gr,2.17
2025-11-07,217885,Ήλιος Δενδρολίβανο Γυάλινο 70gr,4.09
2025-11-07,280018,El Sabor Μείγμα Για Φαχίτα 35gr,1.24
2025-11-07,312001,Γιώτης Μίγμα Για Κρέπες 300gr,1.91
2025-11-07,226098,Agromonte Passata Με Τοματίνια Σικελίας 520gr,3.60
2025-11-07,235141,Δρίσκας Σάλτσα Λεμονάτη Με Μουστάρδα & Μυρωδικά 280gr,3.65
2025-11-07,280075,Go Tan Sauce Spiracha Payo 215ml,4.19
2025-11-07,330814,Karagiannis Μίγμα Ξηρών Καρπών Για Σαλάτα Εκτός ΕΕ 100gr,2.23
2025-11-07,230014,3 Άλφα Ρύζι Μπλου Ρόζ 500 gr,2.02
2025-11-07,330845,Almanda Καραμελωμένο Αράπικο Φιστίκι 200gr,2.77
2025-11-07,240054,Ιωνις Κλασικό Ελαιόλαδο 1 lt,7.80
2025-11-07,235082,Σάλτσα Alla Napoletana De Cecco 400gr,3.07
2025-11-07,236406,Βιοαγρός Αλεύρι Βρώμης Bio 500gr,2.06
2025-11-07,330600,Εύπορη Γη Mix Ξηρών Καρπών Κράνμπερι Σταφίδα Φάκελος 250gr,3.30
2025-11-07,232858,Βιοαγρός Ροβίτσα Φασόλια Bio 500gr,3.28
2025-11-07,669750,De Cecco Spaggetini No 11 500gr,2.65
2025-11-07,204801,Αγρόκηπος Πιπεράκι Σακούλα 400gr (Στρ. Βάρος 200gr),2.57
2025-11-07,204735,Gaea Πάστα Ελιάς Καλαμών 100gr,2.53
2025-11-07,222003,Flokos Θράψαλο Σε Πικάντικη Σάλτσα 160gr,3.67
2025-11-07,230428,Agrino Brown Family Ρύζι Καστανό Γεμιστά-Ριζότο 10λεπτο Ελλάδος 500gr,2.96
2025-11-07,280177,Oriental Express Chopsticks Μπαμπού 16τεμ,1.34
2025-11-07,210023,Knorr Noodles Spicy Κοτόπουλο Cup 64gr,1.89
2025-11-07,204062,Almito Λιαστές Τομάτες Με Βότανα 150gr,4.05
2025-11-07,330853,Palse Γλυκιές Μπουκιές Ρεβυθιού Σουσάμι & Γεύση Μελιού 85gr,1.96
2025-11-07,211056,Maggi Νοστιμιά Βιολογικός Ζωμός σε Σκόνη 110gr,3.18
2025-11-07,206071,Bonduelle Μαύρα Φασόλια 100gr 2τεμ,2.26
2025-11-07,235081,Σάλτσα Pesto Alla Genovese De Cecco 190gr,4.02
2025-11-07,230201,Family Farm Ρύζι Νυχάκι Μακεδονίας 500gr,2.26
2025-11-07,314355,Σαμούρη Χρώμα Ζαχαροπλαστικής Κόκκινο 28ml,2.24
2025-11-07,275473,Canderel Σκόνη 500gr,8.89
2025-11-07,207660,Condito Μουστάρδα Απαλή 500gr,2.99
2025-11-07,201092,Κάλας Mix Για BBQ 150gr,2.74
2025-11-07,222183,Rio Mare Τόνος Αλιευμένος Με Καλάμι 2x160gr,6.53
2025-11-07,310311,Garni Σαντιγύ Σοκολάτας Οικογενειακή Συσκευασία 200gr,3.06
2025-11-07,651320,Ωμέγα Special Ρύζι Bonnet Εγχώριο 1kg,4.20
2025-11-07,208058,Kikkoman Soy Sause Με Λιγότερο Αλάτι 150ml,4.89
2025-11-07,660942,Biovita Cranberry Αποξηραμένο Εισαγωγής Βιο 150gr,4.45
2025-11-07,280198,Nissin Ramen Noodles Cup Πικάντικα Με Σουσάμι 66gr,1.88
2025-11-07,330904,Antonio Foods Κολοκυθόσπορος Ψίχα Ψημένος Αλατισμένος 85gr,1.90
2025-11-07,202144,Papadimitriou Kalamata Κρέμα Βαλσαμικού Φρούτα Του Δάσους 310gr,3.30
2025-11-07,206000,Xenia Καλαμπόκι Γλυκό 170gr,1.37
2025-11-07,272277,ΟlA Βio Ποπ Ντικελ Με μέλι Bio 150gr,2.58
2025-11-07,275032,La Mia Stevia Κρυσταλλική Επιτραπέζιο Γλυκαντικό Απο το Φυτό Στέβια 250gr,6.15
2025-11-07,234076,Κρητική Γη Μακαρούνες 500gr,2.75
2025-11-07,232023,3 Άλφα Φαγόπυρο Bio 450 gr,2.16
2025-11-07,234718,Misko Πέννε Ριγκάτε Τρικολόρε 500gr,1.95
2025-11-07,210107,Knorr Pasta Snack Pot Μανιτάρι 59gr,1.89
2025-11-07,280631,Old El Paso Salsa Chunky Hot 226gr,2.66
2025-11-07,275480,Γιωτης Sweet & Balance Γλυκαντικό Με Stevia 40 Sticks 80gr,3.84
2025-11-07,330296,Get Φιστίκι Κελυφωτό Ωμό Ανάλατο 160gr,4.33
2025-11-07,275054,Isostevia Γλυκαντικό Με Στέβια 40 stick 80gr,2.11
2025-11-07,207200,"17" Μουστάρδα Απαλή Top Down 480gr,2.26
2025-11-07,280663,Blue Dragon Σως Γλυκόξινη 390gr,3.40
2025-11-07,221136,Zwan Luncheon Meat Αρωματικά Χορταρικά 200gr,3.66
2025-11-07,312560,Γιώτης Τούρτα Cookies & Cream 720gr,6.99
2025-11-07,312531,Γιώτης Μίγμα Για Μιλφέιγ 532gr,7.18
2025-11-07,222951,Safcol Καλαμαράκια Πικάντικα 170gr,4.70
2025-11-07,317501,Μαστίχα Χίου 20gr,5.60
2025-11-07,280185,Oriental Express Ramen Noodles 300gr,2.26
2025-11-07,110044,Kyknos Μαγιονέζα Premium Top Down 450ml,3.38
2025-11-07,330797,Ola Bio Cranberry Super Ολόκληροι Καρποί 100gr,3.36
2025-11-07,225436,Ο Μπαξές Φασόλια Μέτρια Γιαχνί 280gr,1.45
2025-11-07,217907,My Kouzina Μπαχάρι Ολόκληρο 23gr,1.85
2025-11-07,240529,Xenia Εξαιρετικό Παρθένο Ελαιόλαδο 2lt,23.50
2025-11-07,217755,Ήλιος Γλυκάνισος Αστεροειδής 30gr,3.84
2025-11-07,233875,Εκλεκτές Γεύσεις Κουσκουσάκι 500gr,2.26
2025-11-07,204752,Gaea Ελιές Ανάμεικτες Χωρίς Κουκούτσι Σακουλάκι 150gr,3.56
2025-11-07,312545,Γιώτης Μϊγμα Για Παγωτό Βανίλια 428gr,3.69
2025-11-07,207250,Beaufor Μουστάρδα Dijon Γαλλίας 200gr,2.68
2025-11-07,337764,ΙΟΝ Κουβερτούρα Υγείας Μίνι Σταγόνες 100gr,2.83
2025-11-07,221104,Zwan Luncheon Meat Κοτόπουλο 200gr,3.59
2025-11-07,204040,Almito Πιπεριές Πικάντικες Καρδούλες Κόκκινες Με Κρέμα Τυριών 270gr,3.36
2025-11-07,337412,Nestle Dessert Κουβερτούρα Καραμέλας Χωρίς Γλουτένη 170gr,3.53
2025-11-07,217125,McCormick Πιπέρι Μαύρο Τριμμένο 33gr,3.86
2025-11-07,226255,Biofarma Σπιτική Τομάτα Bio 680gr,3.28
2025-11-07,217168,Κρόκος Κοζάνης Ποπ Σε Σκόνη 0-5gr,3.19
2025-11-07,240099,The Chef's Way Εξαιρετικό Παρθένο Ελαιόλαδο Κορωνέϊκη Ποικιλία 500ml,6.95
2025-11-07,110050,Condito Μαγιονέζα Χωρίς Γλουτένη 435ml,2.68
2025-11-07,225120,ZANAE Ραδίκια Σε Άλμη 280gr,3.17
2025-11-07,110199,Οι Γουμένισσες Μαγιονέζα Με Άρωμα Τρούφας 210ml,2.36
2025-11-07,330761,Evergreen Δαμάσκηνα Απύρηνα Βιολογικά 200gr,4.28
2025-11-07,207471,My Gusto Μουστάρδα Πικάντικη 250gr,0.71
2025-11-07,204056,Almito Πάστα Πικάντικης Πιπεριάς Φέτα 190gr,3.79
2025-11-07,208081,Kuhne Σάλτσα Horseradish 140gr,3.56
2025-11-07,204736,Gaea Πάστα Λιαστής Ντομάτας 100gr,2.51
2025-11-07,222904,Portola Καλαμαράκια Σε Άλμη 370gr (ΣΤΡΑΓΓ.ΒΑΡΟΣ 222gr),5.40
2025-11-07,227028,Knorr Asia Σάλτσα Γλυκόξινη 175gr,3.99
2025-11-07,317150,Vahine Αρωμα Αμύγδαλο 20ml,3.32
2025-11-07,204044,Almito Γλυκοπικάντικες Πιπεριές Κεράσι Με Κρέμα Τυριών 280gr,4.51
2025-11-07,312400,1-2 Bake Μίγμα Protein Brownies & Σοκολατόπιτα 500gr,2.97
2025-11-07,192988,Βιολογικό Κρίταμο Σε Άλμη 230gr,4.85
2025-11-07,330905,Antonio Foods Ηλιόσπορος Ψίχα Ψημένος Αλατισμένος 85gr,1.90
2025-11-07,222043,Flokos Φιλέτο Σκουμπρί Σε Πικάντικη Σάλτσα Μουστάρδας 150gr,4.04
2025-11-07,235140,Δρίσκας Σάλτσα Bbq Με Μέλι & Μουστάρδα 260gr,4.55
2025-11-07,210021,Knorr Special Noodles Korea BBQ 135gr,2.99
2025-11-07,235118,Tabasco Σάλτσα Sweet & Spicy 315gr,4.96
2025-11-07,110197,Brava Vegan Μαγιονέζα Χωρίς Γλουτένη 235ml,1.97
2025-11-07,192217,Αγρόκηπος Φρουτοσαλάτα Αχλάδι 400gr,3.99
2025-11-07,280616,Patak's Σως Καρυ Butter Chicken 450gr,4.19
2025-11-07,217636,Kollectiva Μύλος 4Πιπέρια & Κόλιανδρο 30gr,3.20
2025-11-07,280710,Lee Kum Kee Panda Σάλτσα Στρειδιών 255gr,2.75
2025-11-07,208010,Tabasco Σάλτσα Κόκκινη Πιπεριά 150ml,9.18
2025-11-07,314252,Vahine Χρώματα Ζαχαροπλαστικής Σε Διάλυμα 3x6ml,4.09
2025-11-07,280121,El Sabor Tacos Dinner Kit 335gr,7.39
2025-11-07,330271,Χαίτογλου Κινόα 500gr,6.93
2025-11-07,233511,Efcharisto Χυλοπίτα Με Κατσικίσιο Γάλα 500gr,3.14
2025-11-07,233187,Δίρφυς Ριζότο Με Μανιτάρια 280gr,4.29
2025-11-07,210026,Knorr Snack Pot Noodles Κοτόπουλο Teriyaki 65gr,1.89
2025-11-07,234083,Αγρόκηπος Γεύματα Κόκκινα Φασόλια Καλαμπόκι 220gr,3.56
2025-11-07,207081,Μάνι Άνθος Αλατιού Καπνιστό 120gr,4.55
2025-11-07,207080,Μάνι Αλάτι Βράχων 130gr,4.31
2025-11-07,280050,Oriental Express Ginger Για Sushi 190gr,3.88
2025-11-07,217896,Ήλιος Πιπέρι Ανάμεικτο Γυάλινο Βάζο 30gr,1.97
2025-11-07,206017,Εδέμ Μανιτάρια Τεμαχισμένα 400gr,2.99
2025-11-07,651945,Άλτις Ελιές Γεμιστές Αμυγδάλου 510gr,5.30
2025-11-07,217628,ΑΝΑΤΟΛΗ Μύλος Αλάτι 90gr,2.88
2025-11-07,217212,ΑΝΑΤΟΛΗ Σκόρδο 60gr,3.03
2025-11-07,716015,Geflor Ανθόνερο 270ml,2.72
2025-11-07,313801,Art & Deco Κερασάκι Ζαχαροπλαστικής 150gr,3.92
2025-11-07,112077,Xenia Ελιές Πράσινες Εκπυρηνωμένες Σακούλα 50gr,1.30
2025-11-07,240097,The Chef's Way Εξαιρετικό Παρθένο Ελαιόλαδο Καλαμάτα ΠΟΠ 500ml,7.45
2025-11-07,280187,Μaggi Asia Σάλτσα Τικκα Massala 340gr,3.48
2025-11-07,236086,3 Άλφα Κινόα Bio 450gr,4.74
2025-11-07,275043,Freevia Υγρό Γλυκαντικό Στέβια 60ml,3.49
2025-11-07,240082,Terra Creta Εξαιρετικό Παρθένο Ελαιόλαδο Με Σκόρδο 25ml,4.20
2025-11-07,240081,Terra Creta Εξαιρετικό Παρθένο Ελαιόλαδο Με Βασιλικό 250ml,4.20
2025-11-07,108010,Σολωμός Πίκλες Σε Άλμη Τιμή Κιλού,0.60
2025-11-07,280077,Nissi Soba Noodles Cup Ιαπωνικό Καρύ 90gr,1.75
2025-11-07,235126,Zanae Σάλτσα Τομάτας Με Βασιλικό 400gr,2.72
2025-11-07,201257,Special Foods 4 Πιπέρια & Κόλιανδρο Μύλος 80gr,4.88
2025-11-07,207076,Οι Γουμένισσες Μουστάρδα Classic 190gr,2.65
2025-11-07,208135,Jack Daniel's BBQ Sauce Original 553gr,9.75
2025-11-07,240576,Xenia ΠΟΠ Καλαμάτα Εξαιρετικό Παρθένο Ελαιόλαδο 1lt,10.05
2025-11-07,280718,Cardinal Panko Bread Crumbs 200gr,1.63
2025-11-07,253814,Fytro Λευκό Κινόα Χωρίς Γλουτένη 450gr,4.71
2025-11-07,201515,Special Foods Αλάτι Ροζ Ιμαλαϊων Μύλος 200gr,3.52
2025-11-07,208008,Tabasco Chipotle Σάλτσα 60ml,3.98
2025-11-07,236902,Αλλατίνη Σιμιγδάλι Χονδρό 500gr,1.15
2025-11-07,236901,Αλλατίνη Σιμιγδάλι Ψιλό 500gr,1.15
2025-11-07,233078,Πετεινάρια Χρωματιστά Της Κυρά Γεωργίας 500gr,2.13
2025-11-07,330643,My Gusto Mix Ξηρών Καρπών Ωμών Δοχείο 200gr,5.27
2025-11-07,217778,ΑΝΑΤΟΛΗ Μαχλέπι Ολόκληρο Φάκελος 10gr,0.91
2025-11-07,280197,Maggi Saucy Noodles Γλυκόξινο Κοτόπουλο 128gr,2.27
2025-11-07,226096,Agromonte Τομάτα Τριμμένη Polpa 360gr,3.88
2025-11-07,236087,3 Άλφα Chia Bio 350gr,3.95
2025-11-07,244022,Vivi Verde Ηλιέλαιο Ψυχρής Έκθλιψης Bio 750ml,6.57
2025-11-07,280164,Oriental Express Πολτός Wasabi 43gr,2.49
2025-11-07,280142,Blue Dragon Mirin Ιαπωνικό 150ml,3.25
2025-11-07,244000,Xenia Ηλιέλαιο 1L,2.84
2025-11-07,204815,Σολωμός Πίκλες 9 Ειδών Σακουλάκι 500gr (Στραγγ. Βάρος 300gr),2.18
2025-11-07,280754,Oriental Express Sushi Bamboo Mat 50gr (24x24 cm),1.78
2025-11-07,235100,Kyknos Κέτσαπ Χωρίς Ζάχαρη Φιάλη 320gr,2.03
2025-11-07,236407,Βιοαγρός Αλεύρι Ολικής Σίκαλης Bio 1Kg,2.39
2025-11-07,275891,Evergreen Organics Σιρόπι Χουρμά Bio 360ml,5.35
2025-11-07,330611,Dioterra Ξηρά Σύκα Καλαμάτας 250gr,4.50
2025-11-07,330451,Καραγιάννης Αραχίδες Ψημένες Αλατισμένες Εισαγωγής 500gr,2.65
2025-11-07,236313,Evergreen Organics Αλεύρι Ρεβυθιού Bio 500gr,2.33
2025-11-07,225456,Εδέμ Φασόλια Κόκκινα 400gr,1.79
2025-11-07,192059,Εκλεκτές Γεύσεις Αποξηραμένα Μανιτάρια 30gr,4.52
2025-11-07,201426,Bene Salt Χωρίς Ιώδιο 250gr,1.99
2025-11-07,245861,Best Price Σογιέλαιο 1lt,2.20
2025-11-07,222812,Trata Salad Pocket Mexicana 150g,2.56
2025-11-07,230065,Bali Ρύζι Βasmati 500gr,3.63
2025-11-07,312401,1-2 Bake Μίγμα Protein Pancakes & Βάφλες 300gr,1.90
2025-11-07,106274,Πιτένης Τονοσαλάτα 200gr,4.49
2025-11-07,240090,Terra Creta Ελαιόλαδο Bio ΠΓΕ Χανίων 750ml,9.71
2025-11-07,217153,Kollectiva Μύλος 3 Πιπέρια 30gr,4.79
2025-11-07,280076,Νissi Soba Noodles Cup Πάπια Πεκίνου 87gr,1.75
2025-11-07,235117,Tabasco Sriracha Σάλτσα 300gr,4.96
2025-11-07,330748,Αμύγδαλα Premium Λευκά Περλέ Ψημένα Αλατισμένα ΕΕ 200gr,4.47
2025-11-07,236405,Evergreen Αλεύρι Dinkel Για Όλες Τις Χρήσεις Βio 500g,1.95
2025-11-07,206953,Bonduelle Gold Texas Mix 340gr,2.05
2025-11-07,312506,Γιώτης Τούρτα Σοκολατίνα 580gr,7.78
2025-11-07,201093,Κάλας Mix Για Κρέας 150gr,2.74
2025-11-07,206914,Εδέμ Καλαμπόκι Γλυκό 340gr (Στρ.Βάρος 0-285gr),2.25
2025-11-07,280707,Cardinal Κρέμα Καρύδας 400ml,3.68
2025-11-07,207202,"17" Μουστάρδα Πικάντικη 250gr,1.04
2025-11-07,208057,Kikkoman Σάλτσα Τεριγιάκι 250ml,5.89
2025-11-07,108711,Κωστόπουλος Λιαστή Ντομάτα Βάζο 550gr,5.14
2025-11-07,230066,Balli Ρύζι Καρολίνα 500gr,2.52
2025-11-07,280196,Maggi Saucy Noodles Pad Thai Taste 128gr,2.27
2025-11-07,275058,Canderel Υγρό Υποκατάστατο Καστανής Ζάχαρης 55ml,3.49
2025-11-07,275045,Γιώτης Sweet & Balance Υγρό Γλυκαντικό 100ml,3.66
2025-11-07,235154,De Cecco Σάλτσα All' Arrabbiata 400gr,3.07
2025-11-07,108016,Σολωμός Πιπεριές Σε Άλμη Τιμή Κιλού,0.72
2025-11-07,280139,Go Tan Γλυκιά Σως Σόγιας 270ml,3.46
2025-11-07,222024,Nutri Valley Σολομός Σε Ελαιόλαδο 160gr,6.63
2025-11-07,236056,Μύλοι Αγ. Γεωργίου Αλεύρι Ζυμωτό 5kg,9.58
2025-11-07,280000,Maggi Cup Pasta Spaghetti Napoli 57gr,1.74
2025-11-07,222288,Trata Salmon Pocket Σε Νερό 70gr,2.40
2025-11-07,275483,Ζωγράφος Slim Line Γλυκαντικό Με Stevia Σε Σκόνη 90gr,4.53
2025-11-07,330757,Premium Gourmet Mix Ξηροί Καρποί Ψημένοι & Αλατισμένοι 200gr,5.48
2025-11-07,314356,Σαμούρη Χρώμα Ζαχαροπλαστικής Μπλε 28ml,2.24
2025-11-07,280603,Patak's Σως Καρυ Korma Με Κρέμα Καρύδας 450gr,4.19
2025-11-07,211117,Cook At Home Ζωμός Βοδινού Healthy 80gr,2.85
2025-11-07,650022,Misko Σιμιγδάλι Χονδρό 400gr,1.22
2025-11-07,109218,Το Φανάρι Μύδια Ψίχα Καπνιστά 150gr,2.55
2025-11-07,222116,Geisha Σκουμπρί Σε Σάλτσα Τομάτας Με Τσίλι 155gr,1.76
2025-11-07,314204,Astir Τρούφα Γάλακτος 150gr,3.79
2025-11-07,337435,Γιώτης Έτοιμο Γλάσο 100gr,2.19
2025-11-07,230020,Θρέψις Ρύζι Ανάμεικτο Bio 500gr,3.22
2025-11-07,202160,Παν Κρέμα Βαλσάμικο Λευκή 250ml,2.65
2025-11-07,235157,Gaea Σάλτσα Για Κοτόπουλο Λεμονάτο 280gr,3.08
2025-11-07,330791,Nikolopoulos Αποξηραμένα Σύκα Καλαμάτας Bio 250gr,4.21
2025-11-07,210019,Knorr Special Noodles Τεριγιάκι 133gr,2.99
2025-11-07,208176,Ben's Original Σάλτσα Για Κοτόπουλο Λεμονάτο 450gr,3.27
2025-11-07,234533,Bene Si Σπαγγέτι Χωρίς Γλουτένη 400gr,3.27
2025-11-07,330844,Almanda Φουντούκι Καραμελωμένο Doupack 200gr,4.18
2025-11-07,242008,Xenia Εξαιρετικό Παρθένο Ελαιόλαδο Ποικιλία Αθηνόλια & Κορωνέικη 1 lt,9.65
2025-11-07,208324,Kikkoman Teriyaki Marinade Less Salt 250ml,6.31
2025-11-07,244073,Fytel Canolio Λάδι Ελαιοκράμβης 1 lt,3.19
2025-11-07,330496,Get Φιστίκι Κελυφωτό Με Άνθη Αλατιού 160gr,3.96
2025-11-07,330564,Snack Break Salad Mix 55gr,1.82
2025-11-07,280671,Oriental Express Σως Τσίλι 200ml,3.05
2025-11-07,207258,Beaufor Μουστάρδα Με Κόκκους 200gr,2.64
2025-11-07,118979,Γιώτης Άνθος Αραβοσίτου Βανίλια 100gr 4τεμ,3.28
2025-11-07,201225,Χιών Αφρός Θάλασσας 125gr,5.57
2025-11-07,660941,Biovita Αμυγδαλόψυχα Εισαγωγής 150gr,3.97
2025-11-07,240088,Terra Creta Ελαιόλαδο Grand Cru Γυάλινο 500ml,10.70
2025-11-07,240083,Terra Creta Εξαιρετικό Παρθένο Ελαιόλαδο Με Λεμόνι 250ml,4.20
2025-11-07,217152,Kollectiva Μύλος Για Κοτόπουλο 130gr,4.29
2025-11-07,330855,Almanda Κάσιους Ψημένοι Αλατισμένοι Πλαστικό Δοχείο 250gr,6.69
2025-11-07,247000,Ariston Reon Ρευστά Φυτικά Έλαια Με Άρωμα Βουτύρου 500ml,3.76
2025-11-07,280079,Αlfez Λιβανέζικα Φαλάφελ 150 gr,3.75
2025-11-07,235085,Knorr Έτοιμη Σάλτσα Μιλανέζε 400gr,2.47
2025-11-07,235087,Knorr Έτοιμη Σάλτσα Μέλι Μουστάρδα 400gr,2.47
2025-11-07,201258,Special Foods Μαύρο Πιπέρι Μύλος 80gr,4.88
2025-11-07,330754,Premium Καρποί Ωμοί Mediterraneo Mix Ωμοί Ανάλατοι 200gr,5.14
2025-11-07,207308,Οι Γουμένισσες Μουστάρδα Dijon 190gr,3.19
2025-11-07,211029,Knorr Asia Σάλτσα Τεριγιάκι 175gr,3.99
2025-11-07,232005,3αλφα Φασόλια Χονδρά 500gr,4.08
2025-11-07,659430,Ήλιος Πιπέρι Ανάμεικτο Μύλος Γυάλινος 25gr,4.13
2025-11-07,217127,McCormick Τζίντζερ Τριμμένο 26gr,4.17
2025-11-07,280021,El Sabor Jalapenos 220gr,2.71
2025-11-07,240110,Terra Creta Εξαιρετικό Παρθένο Ελαιόλαδο Χανίων 4lt,33.90
2025-11-07,204067,Αlmito Πάστα Λιαστής Ντομάτας Με Φέτα & Έλια 190gr,3.84
2025-11-07,204064,Kuhne Jalapeno Peppers 330gr Στραγγιστό Βάρος 165gr,2.79
2025-11-07,202148,ΤΟΠ ξίδι Βαλσάμικο Μήλο Γυάλινη Φιάλη 250ml,3.03
2025-11-07,235139,Δρίσκας Μαγειρεμένη Σάλτσα Ντομάτας 340gr,4.98
2025-11-07,330810,Φιστίκια Κελυφωτά Ψημένα Αλατισμένα Ελληνικά Σακουλάκι 500gr,9.28
2025-11-07,315042,Γιώτης Sweet & Balance Ζελέ Κεράσι 20gr,1.97
2025-11-07,274898,Gaea Κρέμα Οξύμελου 200ml,4.50
2025-11-07,312648,Γιώτης Cheesecake Κεράσι 525gr,7.25
2025-11-07,314211,Astir Σοκολατένιες Παγιέτες Γάλακτος Κουτί 150gr,4.23
2025-11-07,228152,Αγρόκηπος Τροπικά Φρούτα Ποτήρι 400gr,3.99
2025-11-07,203006,Andrea Milano Άρτυμα Λευκό Ιταλίας 500ml,2.78
2025-11-07,280176,Maggi Noodles Cup Peanut Sate 75gr,1.80
2025-11-07,235156,Gaea Σάλτσα Για Γαρίδες Σαγανάκι Με Τομάτα & Μαραθόσπορο 280gr,3.08
2025-11-07,240089,Terra Creta Ελαιόλαδο 0-3 Platinum Γυάλινο 500ml,11.30
2025-11-07,330848,Health Trade Φράουλα Αποξηραμένο Φρούτο Οσμωτικό 80gr,2.94
2025-11-07,275037,Canderel Ερεθυτόλη 250gr,5.67
2025-11-07,235127,Zanae Σάλτσα Τομάτας Με Φέτα 400gr,3.10
2025-11-07,236054,Μύλοι Αγ. Γεωργίου Αλεύρι Για Όλες Τις Χρήσεις 5kg,8.00
2025-11-07,202092,Dadalina's Μηλόξιδο Γυάλινη Φιάλη 500ml,3.59
2025-11-07,217142,Turci Σκόρδο Σε Spray 40ml,2.68
2025-11-07,112075,Εδέμ Ελιές Πιπεριά Αμύγδαλο 340gr,4.31
2025-11-07,230550,Riso Gallo Risotto Με Μανιτάρια 175gr,3.31
2025-11-07,233505,Οι Μύλοι Χυλοπίτες Ζαράκος 500gr,2.68
2025-11-07,192057,Εκλεκτές Γεύσεις Αποξηραμένα Βασιλομανίταρα 30gr,5.06
2025-11-07,243305,Corola Αραβοσιτέλαιο Πλαστικό Δοχείο 5lt,13.50
2025-11-07,202153,Alfa Leone Μηλόξιδο Γυάλινη Φιάλη 250ml,1.97
2025-11-07,280074,Go Tan Sauce Καπνιστή Spiracha 215ml,3.68
2025-11-07,280039,Oriental Express Tempura Μείγμα Παναρίσματος 150gr,2.50
2025-11-07,339072,Όλα Bio Μύρτιλλο Αποξηραμένο Σνακ 100gr,6.33
2025-11-07,110200,Οι Γουμένισσες Μαγιονέζα Καπνιστή 210ml,2.36
2025-11-07,217909,My Kouzina Γαρίφαλο Ολόκληρο 25gr,1.70
2025-11-07,330298,Get Φιστίκι Κελυφωτό Αλατισμένο Με Λεμόνι 160gr,3.93
2025-11-07,236752,Akis Πολέντα 500gr,1.92
2025-11-07,210039,Knorr Quick Soup Σούπα Λαχανικών 48gr,2.24
2025-11-07,202159,Ponti Dolce Agro Αρωματικό Λευκό Ξίδι 250ml,2.64
2025-11-07,217166,Schar Μείγμα Για Pancakes Χωρίς Γλουτένη 350gr,5.29
2025-11-07,226097,Agromonte Passata Με Κίτρινα Τοματίνια 520gr,3.60
2025-11-07,240000,Fytel Εξαιρετικό Παρθένο Ελαιόλαδο 1 lt,7.62
2025-11-07,217147,Cook At Home Μίγμα Μαρινάτα Για Κοτόπουλο 50gr,1.41
2025-11-07,112040,Xenia Ελιές Πράσινες Ολόκληρες 40% λιγότερο Αλάτι 300 gr (Στραγ.Βάρος 160gr),2.32
2025-11-07,280753,Oriental Express Sushi Dipping Sauce 200ml,3.57
2025-11-07,236038,Schar Μείγμα Άλευρων Για Ολες Τις Χρήσεις Xωρίς Γλουτένη 500gr,2.55
2025-11-07,201091,Κάλας Mix Για Ψάρι 150gr,2.74
2025-11-07,305889,Minos Σαβαγιάρ Ελληνικό 200gr,2.84
2025-11-07,233171,Πέλλα Γη Λαζάνι 500g,1.89
2025-11-07,337914,Santa Maria Tortilla Chips BBQ 185g,2.10
2025-11-07,217983,ΑΝΑΤΟΛΗ Πιπέρι Μαύρο Τριμμένο σε Μεταλλικό 45gr,3.32
2025-11-07,313803,Art & Deco Κύβοι Ζαχαροπλαστικής Κοκτέιλ 150gr,2.89
2025-11-07,314201,Astir Τρούφα Στιλπνή 150gr,4.11
2025-11-07,280201,Cardinal Wok Sause 255gr,3.17
2025-11-07,280188,Maggi Asia Γλυκόξυνη Σάλτσα 355gr,3.48
2025-11-07,234082,Αγρόκηπος Γεύματα Μαυρομάτικα Σιτάρι,3.56
2025-11-07,234534,Bene Si Πέννες Χωρίς Γλουτένη 400gr,3.27
2025-11-07,280751,Oriental Express Sushi Meal Kit 85gr,7.64
2025-11-07,280060,Poco Loco Ντιπ Γουακαμόλε 300gr,3.45
2025-11-07,217656,Sonnentor Τσίλι Αλεσμένο Βio 40g,3.47
2025-11-07,208113,Lee Kum Kee Σησαμέλαιο Από Καβουρδισμένο Σησάμι 207ml,6.58
2025-11-07,112037,Εδέμ Ελιές Πράσινες Φέτες 340gr,3.23
2025-11-07,112307,Ήλιδα Ελιές Ανάμικτες Με Ρίγανη Vacum 250gr,2.51
2025-11-07,280005,Tabasco Σάλτσα Habanero 60ml,5.19
2025-11-07,232016,3αλφα Κουκιά 500gr,2.49
2025-11-07,335004,3 Toques Mini Vol-Au-Vent Zakouski 66gr,2.74
2025-11-07,201212,Χιών Αλάτι Ψιλό Σακούλα 1kg,1.90
2025-11-07,236452,Βιοαγρός Κεμπάπ Σόγιας Bio 200gr,2.59
2025-11-07,275060,Freevia Υγρό Γλυκαντικό Στέβια 50 sticks,2.98
2025-11-07,330799,Health Trade Μάνγκο Αποξηραμένο Οσμωτικό 80gr,2.94
2025-11-07,330834,Health Trade Ανανάς Αποξηραμένος Οσμωτικός 80gr,2.94
2025-11-07,230046,Scotti Ρύζι Arborio 1kg,7.56
2025-11-07,217008,Όλα Bio Μάκα Σκόνη Βιολογική 100gr,2.89
2025-11-07,280165,Go Tan Sauce Spiracha 215ml,3.68
2025-11-07,217653,Sonnentor Τζίντζερ Αλεσμένο Bio 30gr,2.99
2025-11-07,108119,Κωστόπουλος Κάπαρη Σε Πετ 3-9Kg (Στραγγισμένο Βάρος 2-5Kg),27.05
2025-11-07,217657,Sonnentor Σκόρδο Θρυμματισμένο Βio 40g,3.15
2025-11-07,217654,Sonnentor Πιπέρι Μαύρο Αλεσμένο Βio 50g,4.02
2025-11-07,337380,Γιώτης Sweet & Balance Σοκολάτα Γάλακτος Αμύγδαλο Stevia 70gr,1.98
2025-11-07,240086,Ιωνίς Ελαιόλαδο Κλασικό 4 lt,28.90
2025-11-07,275474,Canderel Stevia Sticks 40x2gr,3.40
2025-11-07,112038,Εδέμ Πάστα Ελιάς Καλαμών 135gr,3.36
2025-11-07,204742,Δίρφυς Μαύρη Τρούφα Σε Φέτες 45gr,9.13
2025-11-07,335006,3 Toques Pastry Tartlet-Small Quiches 161gr,3.30
2025-11-07,245862,Best Price Σογιέλαιο 2lt,4.62
2025-11-07,204068,Ponti Αγγινάρες Με Μυρωδικά Φέτες 280gr,5.98
2025-11-07,234536,La Molisana Trofie 500gr,2.10
2025-11-07,217160,Myrovolos Κρίταμος Bio 200gr,4.38
2025-11-07,217151,Kollectiva Μύλος Για BBQ 130gr,4.29
2025-11-07,330849,Health Trade Ροδάκινο Αποξηραμένο Οσμωτικός 100gr,2.94
2025-11-07,659434,Σκόρδο Τριμμένο 50gr Γυάλινο Βάζο Ήλιος,2.24
2025-11-07,330812,Karagiannis Κάσσιους Testa Ψημένο Αλατισμένο Εκτός ΕΕ 100gr,2.64
2025-11-07,240205,Βιοαγρός Λινέλαιο Ψυχρής Έκθλιψης Bio 250ml,3.96
2025-11-07,330805,Κάσιους Ωμό Εκτός Ε.Ε. Τιμή Κιλού,5.04
2025-11-07,217658,Sonnentor Κύμινο Άγριο Αλεσμένο Βio 60gr,3.15
2025-11-07,217659,Sonnentor Κόλιανδρος Αλεσμένος Βio 40g,3.15
2025-11-07,275451,Canderel Γλυκαντικό Σκόνη 40gr,3.18
2025-11-07,208043,Citrus Μουστάρδα Μανταρινιού 290gr,5.81
2025-11-07,106099,Byodo Μαγιονέζα Βιολογική 300gr,5.17
2025-11-07,335005,3 Toques Mini Cup-Telline Neutral 72gr,2.82
2025-11-07,202162,Messino Κρέμα Βαλσάμικου Με Τρούφα 250ml,3.79
2025-11-07,231013,Ben's Original Ρύζι Μακρύκοκο 2' 220gr,1.75
2025-11-07,240923,Γαία Εξαιρετικό Παρθένο Ελαιόλαδο 750ml,9.40
2025-11-07,240924,Γαία Εξαιρετικό Παρθένο Ελαιόλαδο Επιλογή 3lt,35.20
2025-11-07,240925,Γαία Εξαιρετικό Παρθένο Ελαιόλαδο Επιλογή 1-5lt,18.33
2025-11-07,234537,La Molisana Σπαγγέτι Ολ. Άλεσης 500gr,2.30
2025-11-07,234538,La Molisana Farfalle Ολικής Άλεσης 500gr,2.30
2025-11-07,234535,La Molisana Conchiglioni 500gr,3.50
2025-11-07,330858,Health Trade Βερίκοκο Αποξηραμένο Οσμωτικό 80gr,3.18
2025-11-07,330859,Health Trade Δαμάσκηνο Αποξηραμένο Οσμωτικό 100gr,2.94
2025-11-07,275034,Canderel Ξυλιτόλη 250gr,7.73
2025-11-07,217145,My Kouzina Μίγμα Για Bbq 40gr,1.98
2025-11-07,236164,Αλλατίνη Αλεύρι Για Τσουρέκι 1kg,2.96
2025-11-07,280067,Maggi Cup Pasta Carbonara 50gr,1.74
2025-11-07,233010,Ήλιος Δεινοσαυράκια Πάστα Bio 454gr,4.90
2025-11-07,330804,Αμύγδαλο Λευκό Ψημένο Ανάλατο Ε.Ε Τιμή Κιλού,4.62
2025-11-07,217660,Sonnentor Πάπρικα Γλυκιά Bio 50g,3.79
2025-11-07,233510,Οι Μύλοι Ταλιατέλες 500gr,2.75
2025-11-07,228313,Ζωγράφος Κομπόστα Ροδάκινο 800gr,3.24
2025-11-07,231011,Ben's Favourites Risotto Κοτοπουλο 250gr,2.39
2025-11-07,231012,Ben's Favourites Chilli Con Carne 250gr,2.39
2025-11-07,110102,Kewpie Μαγιονέζα 500ml,5.86
2025-11-07,233652,Rummo Rigatoni No 50 500gr,2.00
2025-11-07,233654,Rummo Linguine No13 500gr,1.85
2025-11-07,330870,Rifai 4 Nrgy Mix Ξηρών Καρπών 160gr,5.76
2025-11-07,330871,Rifai Booster Mix Ξηρών Καρπών 160gr,5.76
2025-11-07,330872,Rifai Mix Fit Ξηρών Καρπών 160gr,5.76
2025-11-07,198912,Κράνμπερι Nωπό Εισαγωγής 340gr,4.99
2025-11-07,234473,Barilla Piccolini Mini Farfalle 500gr,2.17
2025-11-07,233014,Ήλίος Ζωάκια Πάστα Bio 454gr,4.90
2025-11-07,330771,Φιστίκι Αράπικο Ψημένο Αλατισμένο Τιμή Κιλού,1.62
2025-11-07,303071,Ντουρουντούς Καύκαλο Κριθάρι Bio 600gr,5.02
2025-11-07,317620,Biovegan Μαγιά Ξερή Χωρίς Γλουτένη Masterclass 7gr,1.40
2025-11-07,317621,Biovegan Μπέικιν Πάουντερ Masterclass Tapioka Bio 3x17gr,1.23
2025-11-07,108172,Κωστόπουλος Πιπεριές Κόκκινες Ψητές 2-6kg,16.91
2025-11-07,611803,Babycare Sensitive Plus Μωρομάντηλα Triple Pack 3x54τεμ,2.18
2025-11-07,611798,Babycare Χαμομήλι Μωρομάντηλα Triple Pack 3x72τεμ,3.06
2025-11-07,611094,Septona Μωρομάντηλα Χαμομήλι Multi 3x80τεμ,2.99
2025-11-07,611100,Septona Μωρομάντηλα Calm N' Care Αλόη Multi Pack 3x60τεμ,2.29
2025-11-07,611090,Septona Μωρομάντηλα Dermasoft Family 3x100τεμ,3.74
2025-11-07,611261,Septona Μωρομάντηλα Dermasoft Family 4x12τεμ,1.33
2025-11-07,611260,Septona Μωρομάντηλα Calm & Care Χαμομήλι Multi Pack 2x20τεμ,1.02
2025-11-07,715000,Palmolive Παιδικό Αφρόλουτρο Αντλία 750ml,4.38
2025-11-07,271014,Hipp Μπισκοτομπάρα Μήλο Βανίλια Bio 20gr,1.40
2025-11-07,611038,Septona Μωρομάντηλα Dermasoft Family 100τεμ,1.53
2025-11-07,611484,Pampers Harmonie Aqua Μωρομάντηλα 48τεμ 2+1 Δώρο,3.96
2025-11-07,108026,Advance Επιδόρπιο Μήλο Μπανάνα 2x140gr,1.97
2025-11-07,502663,Αρκάδι Baby Υγρό Απορρυπαντικό 1-575lt 26μεζ,8.33
2025-11-07,611465,Pampers Sensitive Μωρομάντηλα 624τεμ 12x52τεμ,11.69
2025-11-07,611095,Βabycare Calming Μωρομάντηλα Triple Pack 3x72τεμ,3.92
2025-11-07,611040,Septona Μωρομάντηλα Dermasoft Max 60τεμ,1.81
2025-11-07,611874,Babycare Sensitive Plus Μωρομάντηλα Double Pack 2x20τεμ,1.52
2025-11-07,270051,Almiron Growing Up 1+ Γάλα 1lt,2.13
2025-11-07,507110,Planet Baby Απορρυπαντικό Πλυντηρίου Ρούχων Υγρό 38μεζ 2-204 lt,7.94
2025-11-07,605121,Babylino Sensitive Πάνες 44τεμ Nο5 Συσκευασία (11-16Kg),10.55
2025-11-07,271059,Hipp Μπάρα Παιδική Γιαούρτι Κεράσι Μπανάνα Bio 23gr,1.40
2025-11-07,715253,Septona Baby Σαμπουάν & Αφρόλουτρο Αλόη 500ml,2.70
2025-11-07,272238,Organix Melty Sticks Λαχανικών Bio Xωρίς Γλουτένη 15g,1.86
2025-11-07,605120,Babylino Sensitive Πάνες 50τεμ Νο4 (8-13Kg),10.55
2025-11-07,270052,Almiron Growing Up 2+ Γάλα 1lt,2.13
2025-11-07,605226,Babylino Sensitive Extra Large Plus Πάνες N.7 15kg+ 36τεμ,9.99
2025-11-07,716276,Johnson's Baby Πούδρα Aloe & Vitamin E 100gr,1.98
2025-11-07,611262,Septona Μωρομάντηλα Calm N' Care Sensitive 3x60τεμ,3.67
2025-11-07,272237,Hipp Παιδική Μπάρα Βρώμης Μήλο-Ροδάκινο Bio 20gr,1.40
2025-11-07,271401,Γιώτης Φαρίν Λακτέ 300gr,3.23
2025-11-07,605049,Pampers Pants Νο 8 32τεμ,11.99
2025-11-07,271394,ΝΟΥΝΟΥ Φαρίν Λακτέ 300gr,2.98
2025-11-07,501120,Εύρηκα New Born Υγρό Απορρυπαντικό Πλυντηρίου Ρούχων 1-8lt 36μεζ,7.87
2025-11-07,501121,Εύρηκα New Born Μαλακτικό 1lt,2.34
2025-11-07,611265,Septona Μωρομάντηλα Eco Life Multi Pack 3x60τεμ,3.40
2025-11-07,611856,Babycare Sensitive Plus Μωρομάντηλα 54τεμ,1.09
2025-11-07,270216,Nestle Γάλα Σκόνη Nan 2 Optipro 800gr,18.81
2025-11-07,605693,Pampers Πάνες Premium Care Jumbo Box (52τεμ) Νο4,13.99
2025-11-07,271021,Nutricia Biskotti 180gr,2.33
2025-11-07,605734,Pampers Πάνες Premium Care Pants Jumbo Pack (34τεμ) Νo5,12.08
2025-11-07,605916,Pampers Πάνες Pants Giant Pack (56 Τεμ.) Nο 5,14.19
2025-11-07,605146,Babylino Sensitive Πάνες 56τεμ Νο3 (4-9Kg),10.55
2025-11-07,611092,Babycare Natura Μωρομάντηλα Triple 3x54τεμ,3.79
2025-11-07,271408,Γιώτης Φρουτόκρεμα 5 Φρούτα 300gr,5.81
2025-11-07,716253,Septona Baby Κρέμα Συγκάματος 100ml,3.49
2025-11-07,253111,Nestle Επιδόρπια Γάλακτος Βανίλια 4x100gr,3.61
2025-11-07,611087,Pampers Harmonie Aqua Μωρομάντηλα 720τεμ,18.48
2025-11-07,605225,Babylino Sensitive Extra Large Πάνες N.6 13-18kg 38τεμ,9.99
2025-11-07,605692,Pampers Πάνες Premium Care Jumbo Box (44τεμ) Νο5,13.99
2025-11-07,271161,Gerber Organic Μπουκιές Δημητριακών Με Μπανάνα & Σμέουρο Bio 35gr,2.84
2025-11-07,270218,Nestle Γάλα Σκόνη Nan 3 Optipro 800gr,21.37
2025-11-07,270228,Nan Optipro Junior 1+ 1 lt,2.60
2025-11-07,605151,Babylino Sensitive Πάνες Junior 42τεμ Nο5+ (12-17Kg),10.55
2025-11-07,605739,Pampers Premium Care N.1 2-5kg 50τεμ,10.72
2025-11-07,611491,Pampers Soft & Clean Μωρομάντηλα 60τεμ,1.68
2025-11-07,715259,Septona Kids Σαμπουάν & Αφρόλουτρο Αγόρι Κορίτσι 750ml,3.09
2025-11-07,605691,Pampers Πάνες Premium Care Jumbo Box (60τεμ) Νο3,13.99
2025-11-07,271262,Nestle Μήλο Βερίκοκο Μπανάνα 2x125gr,2.35
2025-11-07,271035,Hipp Ρυζογκοφρετάκια Μήλου Bio 30gr,3.04
2025-11-07,271102,Nutricia Biskotti Βρεφικά Μπισκότα Ζωάκια 180gr,2.57
2025-11-07,605762,Pampers Premium Care Pants N.7 27τεμ,11.61
2025-11-07,611195,Babylino Sensitive Μωρομάντηλα 54τεμ,1.87
2025-11-07,701327,Johnson's Kids Conditioner Shiny Drops 500ml,3.00
2025-11-07,701442,Johnson's Baby Shampoo Αντλία 750ml,2.68
2025-11-07,271050,Nestle Φρουτοπουρές Μπανάνα Μήλο 90gr,1.69
2025-11-07,611096,Babycare For all Υγρομάντηλα Triple Pack 3x54τεμ,3.55
2025-11-07,606193,Βabylino Sensitive Βρεφικά Υποσέντονα 90x60 14τεμ,4.77
2025-11-07,271073,Nutricia Frutapura Κοκτέιλ Φρούτων 100gr (4τεμ),3.63
2025-11-07,605254,Babylino Πάνες Sensitive Cotton Soft Pants XL Plus No7 15-25kg 28τεμ,10.61
2025-11-07,605253,Babylino Πάνες Sensitive Cotton Soft Pants X-Large Νο6 13-18kg 31τεμ,10.61
2025-11-07,605124,Babylino Sensitive Πάνες 46τεμ Νο4+ (10-15Kg),10.55
2025-11-07,270064,Frisomel Easy No 2 Γάλα Σε Σκόνη 800gr,18.17
2025-11-07,271159,Gerber Organic Μπουκιές Δημητριακών Με Τομάτα & Καρότο Bio 35gr,2.84
2025-11-07,270217,Nestle Γάλα Σκόνη Nan 3 Optipro 400gr,11.22
2025-11-07,653212,Pampers Harmonie New Baby Μωρομάντηλα 46τεμ,2.49
2025-11-07,271518,Γιώτης Φαρίν Λακτέ Με Μπισκότα 300gr,4.40
2025-11-07,605327,Babylino Sensitive Mini No2 3-6kg S 64τεμ,7.74
2025-11-07,271404,Γιώτης Άνθος Ορύζης Μεταλλικό Κουτί Χωρίς Γλουτένη 150gr,3.66
2025-11-07,715252,Septona Baby Σαμπουάν & Αφρόλουτρο Λεβάντα 500ml,3.26
2025-11-07,605308,Septona Πάνες Calm N'Care Pants N.5 10-16kg 42τεμ,9.89
2025-11-07,271177,Hipp Παιδικά Αστεράκια Φρούτων Bio 30gr,2.96
2025-11-07,605735,Pampers Πάνες Premium Care Pants Jumbo Pack (31τεμ) Νo6,11.61
2025-11-07,605725,Pampers Πάνες Premium Care Jumbo Box 68τεμ Νo2,13.99
2025-11-07,712340,Colgate Παιδική 6-9 Ετών Οδοντόκρεμα 50ml,1.69
2025-11-07,270207,Nestle Γάλα Σκόνη 1ης Bρεφικής Hλικίας Nan 1 400gr,12.76
2025-11-07,271482,Γιώτης Φαρίν Λακτέ Με Βρώμη & Σιτάρι Ολικής Βιο 200gr,2.67
2025-11-07,611024,Septona Μωρομάντηλα Calm N' Care Χαμομήλι 80τεμ,1.49
2025-11-07,605917,Pampers Πάνες Pants Giant Pack (48 Τεμ.) Nο 6,14.19
2025-11-07,271407,Γιώτης Μπισκοτόκρεμα 300gr,5.38
2025-11-07,605318,Babylino Sensitive Newborn No 1 2-5kg 68τεμ,7.71
2025-11-07,271396,ΝΟΥΝΟΥ Μπισκοτόκρεμα 300gr,4.77
2025-11-07,270215,Nestle Γάλα Σκόνη Nan 2 Optipro 400gr,10.24
2025-11-07,605252,Babylino Πάνες Sensitive Cotton Soft Pants Junior No5 10-16kg 34τεμ,10.61
2025-11-07,605299,Septona Πάνες Calm N' Care Pants XL N.6 14-20kg 36τεμ,9.89
2025-11-07,605306,Septona Πάνες Calm N' Care Maxi N.4 8-13kg 52τεμ,8.89
2025-11-07,605303,Septona Πάνες Calm N' Care Junior Ν.5 11-16kg 44τεμ,8.89
2025-11-07,611475,Pampers Sensitive XXL Μωρομάντηλα 1200τεμ,21.99
2025-11-07,271051,Nestle Φρουτοπουρές 4 Φρούτα 90gr,1.64
2025-11-07,713351,Proderm Βρεφικό Σαπούνι 0-12 Μήνων 90gr,1.30
2025-11-07,270014,Almiron Profutura No3 Γάλα Βρεφικό 800gr,25.60
2025-11-07,715319,Johnson's Baby Bath 750ml,3.02
2025-11-07,271312,ΝΟΥΝΟΥ Κρέμα Βανίλια 350gr,4.76
2025-11-07,507208,Planet baby Απορρυπαντικό Πλυντηρίου Ρούχων Ύγρο 20μεζ. 1-160lt,4.95
2025-11-07,605733,Pampers Πάνες Premium Care Pants Jumbo Pack (38τεμ) Νo4,12.08
2025-11-07,701441,Johnson's Baby Shampoo Χαμομήλι Αντλία 750ml,2.68
2025-11-07,605297,Pampers Premium Care No 1 156τεμ,37.99
2025-11-07,605726,Pampers Πάνες Premium Care Jumbo Box (38τεμ) Νo6,13.99
2025-11-07,271103,Γιώτης Κρέμα Ρυζάλευρου Βανίλια 300gr,5.22
2025-11-07,271485,ΝΟΥΝΟΥ Κρέμα 7 Δημητριακά Με Μπανάνα και Γάλα 300gr,4.89
2025-11-07,611093,Babylino Sensitive Χωρίς Άρωμα Μωρομάντηλα Triple 3x54τεμ,4.13
2025-11-07,605915,Pampers Πάνες Pants Giant Pack (66 Τεμ.) Nο 4,15.71
2025-11-07,271286,Nutricia Farine Lactee 250gr,2.71
2025-11-07,715345,Johnson's Bedtime Bath 500ml,2.54
2025-11-07,271099,Παπαδοπούλου Μιράντα Μπισκότα Baby 180gr,2.47
2025-11-07,271101,Nutricia Biskotti Βρεφικά Μπισκότα Κακάο 180gr,2.57
2025-11-07,669455,Proderm Kids Αφρόλουτρο 3+ Ετών Χαμομήλι 700ml,4.68
2025-11-07,271397,ΝΟΥΝΟΥ Φρουτόκρεμα 5 Φρούτα 300gr,4.89
2025-11-07,605344,Babylino Premium Pants Xl Plus No 7 15-25kg 28τεμ,10.18
2025-11-07,605317,Pampers Premium Care No 5 58τεμ,17.35
2025-11-07,271126,Hipp Μπισκότα Παιδικά Βανίλια Bio 180gr,3.61
2025-11-07,775133,Proderm Αφρόλουτρο Με Άρωμα Πόύδρας 3+ 500ml,4.74
2025-11-07,270256,Sanilac 3 Γάλα Παιδικό 800gr,20.08
2025-11-07,605717,Pampers Πάνες Premium Care Value Pack (46τεμ) Νo2,10.72
2025-11-07,605750,Pampers Premium Care N.2 224τεμ,55.99
2025-11-07,270007,Almiron Profutura No1 Γάλα Βρεφικό 800gr,29.79
2025-11-07,605913,Pampers Πάνες Pants Jumbo Pack (38 Τεμ.) Nο 7,13.19
2025-11-07,701848,Johnson's Kids Shampoo Shiny Drops 500ml,2.51
2025-11-07,605923,Pampers Night Pants (22τεμ) Νο5,7.72
2025-11-07,605313,Pampers Premium Care No 7 32τεμ,13.99
2025-11-07,271163,Gerber Organic Φρουτοπουρές Μήλο Μπανάνα Μύρτιλο Βατόμουρο Bio 90gr,2.38
2025-11-07,701443,Johnson's Baby Shampoo 500ml,2.21
2025-11-07,271287,Nutricia Κρέμα Βανίλια Ρυζάλευρο 250gr,4.28
2025-11-07,605648,Pampers Πάνες Pants Monthly Pack (152τεμ) Νο 5,52.99
2025-11-07,270062,Frisolac Easy Γάλα Σε Σκόνη 800gr,22.80
2025-11-07,192464,Ευ Bio Organic Food Πουρές Φρούτων Αχλάδι 90gr,1.70
2025-11-07,270008,Almiron Profutura No2 Γάλα Βρεφικό 800gr,26.37
2025-11-07,192465,Ευ Bio Organic Food Πουρές Φρούτων Βερίκοκο-Αχλάδι-Μπανάνι 90gr,1.70
2025-11-07,771788,Johnson's Kids Bubble Bath 750ml,3.08
2025-11-07,701361,Johnson's Baby Shampoo 300ml,1.79
2025-11-07,270253,Sanilac 2 Γάλα Παιδικό 400gr,10.08
2025-11-07,270255,Sanilac 1 Γάλα Παιδικό 800gr,23.15
2025-11-07,605309,Septona Πάνες Calm N'Care Pants N.4 7-13kg 48τεμ,9.89
2025-11-07,270226,Nestle Βρεφικό Γάλα Σκόνη Nan Optipro 4 800gr,20.77
2025-11-07,271263,Nestle Βρεφικό Γευματάκι Μοσχάρι & Λαχανικά 190gr,2.52
2025-11-07,715266,Septona Kids Σαμπουάν & Αφρόλουτρο Για Αγόρια 750ml,3.61
2025-11-07,605343,Babylino Premium Pants Xl No 6 13-18kg 31τεμ,10.18
2025-11-07,605311,Septona Πάνες Calm N' Care XLarge N.6 13-20kg 38τεμ,8.89
2025-11-07,192463,Ευ Bio Organic Food Πουρές Φρούτων Μήλο 90gr,1.70
2025-11-07,271071,Hipp Φρουτοπολτός Φρούτα Δάσους Μήλο Ροδάκινο Bio 100gr,1.71
2025-11-07,270048,Almiron 3 Γάλα Σε Σκόνη 800gr,21.20
2025-11-07,751547,Proderm Σαμπουάν & Αφρόλουτρο 1-3 Ετών 400ml,4.24
2025-11-07,716122,Septona Baby Ενυδατική Κρέμα 150ml,3.49
2025-11-07,701847,Johnson's Kids Conditioner Spray Shiny Drops 200ml,2.69
2025-11-07,271168,Gerber Organic Φρουτοπουρές Αχλάδι Μπανάνα Μήλο Bio 90gr,2.38
2025-11-07,605924,Pampers Night Pants (19τεμ) Νο6,7.72
2025-11-07,271070,Hipp Βρεφική Κρέμα 5 Δημητριακά Χωρίς Γάλα Από Τον 6o Μήνα Bio 200gr,4.68
2025-11-07,716333,Johnson's Bedtime Lotion 300ml,2.58
2025-11-07,605867,Pampers Πάνες Active Baby Monthly Pack (208τεμ) No3,37.95
2025-11-07,501925,Proderm Υγρό Απορρυπαντικό 1-25 Lt- 17 Μεζόυρες,10.00
2025-11-07,715269,Septona Baby Αφρόλουτρο Πανθενόλη 500ml,2.83
2025-11-07,605315,Pampers Premium Care No 4 68τεμ,17.35
2025-11-07,605323,Pampers Pants No 4 52τεμ,13.19
2025-11-07,270257,Sanilac 2 Γάλα Παιδικό 800gr,19.05
2025-11-07,715268,Septona Baby Σαμπουάν & Αφρόλουτρο Χαμομήλι 500ml,3.26
2025-11-07,715092,Septona Kids Αφρόλουτρο Αγόρι - Κορίτσι 750ml,2.57
2025-11-07,719294,Otrisalin Αμπούλες Φυσιολογικού Διαλύματος 18τμχ,4.46
2025-11-07,751549,Proderm Σαμπουάν & Αφρόλουτρο 0-12 Μηνων 400ml,4.25
2025-11-07,270214,Nestle Γάλα Σκόνη Nan 1 Optipro 800gr,23.93
2025-11-07,751546,Proderm Σαμπουάν & Αφρόλουτρο 0-12 Μηνών 200ml,1.89
2025-11-07,271037,Hipp Φρουτοπολτός Μήλο Μπανάνα Φράουλα 100gr,1.71
2025-11-07,271310,ΝΟΥΝΟΥ Φαρίν Λακτέ Με Μπισκότο 300gr,3.64
2025-11-07,605732,Pampers Πάνες Premium Care Pants Jumbo Pack (48τεμ) Νo3,12.08
2025-11-07,605649,Pampers Πάνες Pants Monthly Pack (132τεμ) Νο 6,52.99
2025-11-07,751075,Proderm Σαμπουάν 3+ 500ml,5.09
2025-11-07,270065,Frisogrow Easy Γάλα Σε Σκόνη 400gr,11.00
2025-11-07,270045,Almiron 1 Γάλα Σε Σκόνη 800gr,24.90
2025-11-07,611275,Septona Μωρομάντηλα Calm Πανθενόλη 2x60τεμ,2.16
2025-11-07,270254,Sanilac 3 Γάλα Παιδικό 400gr,10.56
2025-11-07,270044,Almiron 2 Γάλα Σε Σκόνη 800gr,19.97
2025-11-07,605326,Pampers Pants No 6 44τεμ,13.19
2025-11-07,605342,Babylino Premium Pants Junior No5 10-16kg 34τεμ,10.18
2025-11-07,605249,Babylino Πάνες Sensitive Swimpants No 5-6 14+kg 14τεμ,5.50
2025-11-07,605751,Pampers Premium Care N.2 136τεμ,33.99
2025-11-07,605076,Pampers Premium Pants 114τεμ Nο4,42.99
2025-11-07,270075,Almiron Βρεφικό Γάλα Σε Σκόνη No3 1200gr,28.52
2025-11-07,716709,Septona Βρεφικό Λάδι Βάλσαμο & Ελαιόλαδο 200ml,2.29
2025-11-07,270201,Nan Optipro 4 Βρεφικό Γάλα Σε Σκόνη 400gr,10.56
2025-11-07,551093,Ecos Baby Υπερσυμπυκνωμένο Υγρό Πλυντηρίου Λεβάντα & Χαμομήλι 50Μ 1-5 lt,7.17
2025-11-07,270001,Milupa Aptamil 3 Παιδικό Γάλα 400gr,9.31
2025-11-07,715263,Septona Kids Αφρόλουτρο Για Κορίτσια 750ml,3.00
2025-11-07,716344,Johnson's Bedtime Shampoo 500ml,2.38
2025-11-07,716337,Johnson's Bedtime Oil 300ml,2.82
2025-11-07,605083,Pampers Premium Pants Νο5 102τεμ,42.99
2025-11-07,715264,Septona Kids Conditioner Για Κορίτσια 200ml,2.88
2025-11-07,605273,Babylino Πάνες Sensitive Cotton Soft Pants X-Large No6 13-18kg 18τεμ,6.65
2025-11-07,271166,Gerber Organic Κοτόπουλο Γλυκοπατάτα Λαχανικά Bio 190gr,4.44
2025-11-07,271164,Gerber Organic Βρεφικά Δημητριακά Σιτάρι Βρώμη Μπισκότο Bio 200gr,5.28
2025-11-07,270309,Frisogrow Plus+ 4 Παιδικό Γάλα 400gr,11.08
2025-11-07,271192,Gerber Organic Κράκερ Καρότου 100gr,3.10
2025-11-07,605740,Pampers Premium Care N.5 148τεμ,55.99
2025-11-07,271267,Nestle Βρεφικό Γευματάκι Γαλοπούλα Με Τομάτα & Λαχανικά 190gr,2.51
2025-11-07,605325,Pampers Pants No 5 48τεμ,13.19
2025-11-07,605255,Babylino Sensitive Cotton Soft Pants XXL N8 20+ kg 26τεμ,10.61
2025-11-07,715331,Johnson's Top To Toe Wash 500ml,2.72
2025-11-07,702359,Johnson's Kids Conditioner No More Tangles 200ml,2.69
2025-11-07,271169,Nestle Μπισκοτάκια 180gr,2.44
2025-11-07,270227,Nestle Βρεφικό Γάλα Σκόνη Nan Optipro 5 400gr,9.94
2025-11-07,605858,Pampers Πάνες Active Baby Giant Pack (64τεμ) Νο5,16.16
2025-11-07,702643,Johnson's Baby Conditioner 500ml,2.78
2025-11-07,271288,Nutricia Κρέμα Πολυδημητριακά 250gr,4.32
2025-11-07,271411,Γιώτης Φρουτόκρεμα 3 Φρούτα 300gr,5.25
2025-11-07,751545,Proderm Σαμπουάν & Αφρόλουτρο 1-3 Eτών 200ml,1.89
2025-11-07,605290,Safe Nights Παιδικό Εσώρουχο Κορίτσι 4-10 Ετών 20-35kg 14τεμ,6.34
2025-11-07,605291,Safe Nights Παιδικό Εσώρουχο Αγόρι 8-16 Ετών 30-50kg 14τεμ,6.79
2025-11-07,605900,Pampers Active Baby Monthly Pack (128τεμ) Νο 6,37.95
2025-11-07,605870,Pampers Πάνες Active Baby Monthly Pack (150τεμ) Νο5,37.95
2025-11-07,271034,Hipp Παιδικά Τραγανά Μούσλι 200gr,4.23
2025-11-07,271406,Γιώτης Κρέμα Δημητριακών 300gr,5.77
2025-11-07,605345,Βabylino Premium Pants XXL N8 20+ kg 28τεμ,10.18
2025-11-07,653217,Pampers Harmony New Baby Μωρομάντηλα 4x46τεμ,8.49
2025-11-07,605128,Pampers Premium Pants No 6 93τεμ,42.99
2025-11-07,271285,Nutricia Φρουτόκρεμα 250gr,4.32
2025-11-07,605849,Pampers Πάνες Active Baby Maxi Pack (40τεμ) Νο7,12.79
2025-11-07,270061,Frisolac Easy Γάλα Σε Σκόνη 400gr,12.38
2025-11-07,551360,Proderm Υγρό Απορρυπαντικό 2-8 Lt- 40 Μεζούρες,19.00
2025-11-07,605316,Pampers Premium Care No6 128τεμ,55.99
2025-11-07,271266,Nestle Βρεφικό Γευματάκι Κοτόπουλο Με Λαχανικά 190gr,2.51
2025-11-07,605851,Pampers Πάνες Active Baby Giant Pack (76τεμ) Νο4,16.16
2025-11-07,271284,Nutricia Μπισκοτόκρεμα 250gr,4.32
2025-11-07,611872,Babycare Χαμομήλι Μωρομάντηλα Double Pack 2x20τεμ,1.45
2025-11-07,551667,Εύρηκα Newborn Απορρυπαντικό Πλυντηρίου 20μεζ. Κάψουλες 360gr,6.89
2025-11-07,605294,Pampers Premium Care Pants No 7 80τεμ,42.99
2025-11-07,605930,Pampers Active Baby No 5 38τεμ,11.08
2025-11-07,605248,Babylino Πάνες Sensitive Swim Pants No4-5 9-15kg 14τεμ,5.09
2025-11-07,605706,Pampers Πάνες Premium Care Carry Pack (26τεμ) Νo1,6.35
2025-11-07,605647,Pampers Πάνες Pants Monthly Pack (176τεμ) Νο 4,52.99
2025-11-07,605931,Pampers Active Baby No 6 32τεμ,11.08
2025-11-07,333695,Organix Μπισκότα Animal Bio 100gr,3.49
2025-11-07,271261,Nestle Φρουτογευματάκι Μήλο & Αχλάδι 2x125gr,2.45
2025-11-07,701386,Johnson's Baby Shampoo Χαμομήλι 300ml,1.79
2025-11-07,270063,Frisomel Easy No 2 Γάλα Σε Σκόνη 400gr,10.15
2025-11-07,271193,Gerber Organic Κράκερ Τομάτας 100gr,3.10
2025-11-07,605287,Safe Nights Παιδικό Εσώρουχο Αγόρι 4-10 Ετών 20-35kg 14τεμ,6.34
2025-11-07,715091,Septona Βρεφικό Λάδι Βάλσαμο & Λεβάνυα 200ml,2.29
2025-11-07,271165,Gerber Organic Βρεφικά Δημητριακά Σιτάρι Βρώμης Βανίλια Bio 200gr,5.28
2025-11-07,270023,Milupa Aptamil 2 Παιδικό Γάλα 400gr,8.99
2025-11-07,271204,Nestle Φαρίν Λακτέ 300gr,3.92
2025-11-07,605922,Pampers Πάνες Night Pants (25τεμ) Νο 4,7.72
2025-11-07,270069,Milupa Aptamil 1 Γάλα Για Βρέφη 400gr,10.87
2025-11-07,605296,Pampers Pants No 7 114τεμ,52.99
2025-11-07,605259,Babylino Πάνες Sensitive Cotton Soft Pants Junior No5 10-16kg 20τεμ,6.65
2025-11-07,719293,Otrisalin Ανταλλακτικά 10τεμ,5.13
2025-11-07,771805,Frozen Σαμπουάν & Conditioner 250ml,4.30
2025-11-07,605328,Babylino Premium Newborn No 1 2-5kg 68τεμ,16.63
2025-11-07,605341,Babylino Premium Pants Maxi No 4 7-13kg 30τεμ,10.18
2025-11-07,605257,Babylino Πάνες Sensitive Cotton Soft Pants Maxi N.4 7-13kg 38τεμ,10.61
2025-11-07,271167,Gerber Organic Μοσχαράκι Με Λαχανικά Bio 190gr,4.44
2025-11-07,605074,Pampers Premium Pants 144τεμ Nο3,42.99
2025-11-07,605902,Pampers Active Baby Monthly Pack (180τεμ) Νο 4,37.95
2025-11-07,605859,Pampers Πάνες Active Baby Giant Pack (56τεμ) Νο6,16.16
2025-11-07,605409,Pampers Πάνες Splashers Carry Pack 3-4 (12τεμ),5.99
2025-11-07,605307,Septona Πάνες Calm N' Care Midi N.3 4-9kg 60τεμ,8.89
2025-11-07,605281,Babylino Πάνες Sensitive Cotton Soft Pants X-Large Plus No 7 15-25kg 16τεμ,6.65
2025-11-07,605752,Pampers Premium Care N.3 200τεμ,55.99
2025-11-07,605601,Pampers Πάνες Premium Care Mega Box (120τεμ) Νο3,33.99
2025-11-07,270038,Sanilac 1 Γάλα Για Βρέφη 400gr,12.61
2025-11-07,605929,Pampers Active Baby No 4 46τεμ,11.08
2025-11-07,270314,Frisogrow Plus+ 4 Παιδικό Γάλα 800gr,21.07
2025-11-07,270074,Almiron Βρεφικό Γάλα Σε Σκόνη Νο5 800gr,21.12
2025-11-07,605410,Pampers Πάνες Splashers Carry Pack 4-5 (11τεμ),5.99
2025-11-07,605603,Pampers Πάνες Premium Care Mega Box (88τεμ) Νο5,33.99
2025-11-07,605298,Septona Πάνες Calm N'Care Newborn No1 2-5kg 26τεμ,3.98
2025-11-07,704198,Adelco Kids Spray Εύκολο Χτένισμα 200ml +Κρέμα Μαλλιών Δώρο,3.33
2025-11-07,605411,Pampers Πάνες Splashers Carry Pack 5-6 (10τεμ),5.99
2025-11-07,605749,Pampers Premium Care N.4 174τεμ,55.99
2025-11-07,605582,Libero Sleep Tight Πάνες Ν.9 10τεμ,8.80
2025-11-07,605602,Pampers Πάνες Premium Care Mega Box (104τεμ) Νο4,33.99
2025-11-07,957111,Revoc Βρεφικό Ψαλιδάκι Νυχιών,3.41
2025-11-07,605329,Babylino Premium Mini No 2 3-6kg 64τεμ,16.82
2025-11-07,605587,Libero Πάνες Up&Go N.6 13-20kg 34τεμ,9.32
2025-11-07,271057,Hipp Bio Φρουτοπολτός Μήλο-Μπανάνα-Βατόμουρο-Δημητριακά 100gr,1.71
2025-11-07,271091,Hipp Κρέμα Με Βρώμη Χωρίς Γάλα Από Τον 4ο Μήνα Bio 200gr,4.68
2025-11-07,957113,Revoc Παιδικός Νυχοκόπτης Με Θήκη,4.45
2025-11-07,611873,Babycare Calming Μωρομάντηλα Double Pack 2x20τεμ,1.45
2025-11-07,605293,Safe Nights Παιδικό Εσώρουχο Κορίτσι 8-16 Ετών 30-50kg 14τεμ,6.79
2025-11-07,271125,Hipp Βρεφική Κρέμα Ριζάλευρο Χωρίς Γάλα Bio 200gr,4.68
2025-11-07,701440,Johnson's Baby Shampoo Χαμομήλι 500ml,2.21
2025-11-07,957112,Revoc Παιδικό Ψαλιδάκι Νυχιών,3.41
2025-11-07,957116,Revoc Παιδική Λίμα Χάρτινη,3.04
2025-11-07,723022,Chicco Πιπίλα Physio Air Μπεζ Σιελ 0-6 Μηνών 2τεμ,4.98
2025-11-07,723026,Chicco Πιπίλα Physioforma Μπέζ Ροζ 0-6M 2τεμ,4.98
2025-11-07,605583,Libero Sleep Tight Πάνες Ν.10 9τεμ,8.80
2025-11-07,605314,Pampers Premium Care No7 108τεμ,55.99
2025-11-07,605302,Septona Πάνες Calm N' Care Midi N.3 4-9kg 28τεμ,5.98
2025-11-07,605301,Septona Πάνες Calm N' Care Mini N.2 3-6kg 30τεμ,4.98
2025-11-07,719292,Otrisalin Συσκευή Ρινικής Απόφραξης 6τμχ,10.54
2025-11-07,745853,Adelco Kids Κολώνια Αγόρι 100ml,9.98
2025-11-07,270026,Hipp Γάλα Σε Σκόνη Από Το 2+ Έτος 600gr,16.61
2025-11-07,270028,Hipp Γάλα Σε Σκόνη Από Το 1+ Έτος 600gr,16.61
2025-11-07,957114,Revoc Παιδικός Νυχοκόπτης,3.20
2025-11-07,605284,Babylino Πάνες Sensitive Cotton Soft Pants Monthly Pack N.5 10-16kg 120τεμ,43.20
2025-11-07,605476,Libero Swimpants Medium 10-16kg 12τεμ,7.10
2025-11-07,703000,Lussu Παιδικό Βουρτσάκι Κορώνα,4.29
2025-11-07,605866,Pampers Πάνες Active Baby Mega Box (96τεμ) Νο6,28.99
2025-11-07,745854,Adelco Kids Κολώνια Κορίτσι 100ml,9.98
2025-11-07,605339,Babylino Premium Midi No3 4-9kg 56τεμ,17.93
2025-11-07,771877,Adelco Kids Κρέμα Μαλλιών 200ml & Sun Spray,3.33
2025-11-07,605304,Septona Πάνες Calm N' Care Maxi N.4 8-13kg 26τεμ,5.98
2025-11-07,723002,Chicco Μπιμπερό Πλαστικό Well Being Θηλή Σιλικόνης 2μ +250ml,6.99
2025-11-07,605258,Babylino Πάνες Sensitive Cotton Soft Pants Maxi No4 7-13kg 22τεμ,6.65
2025-11-07,723172,Chicco Κουτάλι Σιλικόνης Soft Πράσινο 6Μ+,5.47
2025-11-07,704190,Adelco Kids Gel 200ml +Ντους 300ml,4.19
2025-11-07,601262,Everyday Hyperdry Σερβιέτες Ultra Plus Maxi Night 18τεμ,2.93
2025-11-07,606301,My Soft Υποσέντονο 60x90cm 15 τεμ,3.51
2025-11-07,661383,Wet Hankies Αντιβακτηριδιακά Μαντήλια Lemon Thick 72τεμ,1.58
2025-11-07,712401,Oral-B 123 Οδοντόκρεμα 75ml,1.09
2025-11-07,611792,Wet Hankies Υγρά Μαντήλια Αντιβακτηριδιακά Extra Safe 63τεμ,1.89
2025-11-07,611269,Wet Hankies Υγρά Μαντηλάκια Αντιβακτηριδιακά Lemon 4x15τεμ,1.12
2025-11-07,611270,Wet Hankies Υγρά Μαντηλάκια Αντιβακτηριδιακά 4x15τεμ,1.12
2025-11-07,714323,Dettol Κρεμοσάπουνο Ανταλλακτικό Χαλαρωτικό Λεβάντα 750ml,2.33
2025-11-07,602121,EveryDay All Cotton Normal Σερβιετάκια 20τεμ,1.32
2025-11-07,762100,Aim Οδοντόκρεμα White Now 75ml,1.84
2025-11-07,601250,Everyday Σερβιέτες Sensitive Ultra Plus Normal 18τεμ,3.04
2025-11-07,601092,Always Ultra Secure Night Extra Duo 10τεμ,3.07
2025-11-07,602165,Everyday All Cotton Σερβιετάκια Extra Long 24τεμ,2.58
2025-11-07,719930,Μέγα Ωτοκαθαριστές Tipers Νatura 300τεμ,1.58
2025-11-07,719030,My Soft Ωτοκαθαριστές Σακουλάκι Χάρτινα Sticks 100τεμ,0.77
2025-11-07,601251,Everyday Σερβιέτες Sensitive Ultra Plus Super 18τεμ,3.04
2025-11-07,775838,Noxzema Αφρόλουτρο Talc 600ml,1.99
2025-11-07,923686,Feel Good! Σφουγγάρι Σώματος Puff,0.99
2025-11-07,762290,Colgate Max White Οδοντόκρεμα 75ml,1.64
2025-11-07,714780,Best Price Κρεμοσάπουνο Αντ/κό Άρωμα Λουλουδιών 1lt,1.35
2025-11-07,611892,Septona Υγρά Αντιβακτηριδιακά Μαντήλια Πράσινο Μήλο 60τεμ,1.30
2025-11-07,606143,Sani Sensitive Fresh Υποσέντονα Ακράτειας Maxi Plus 15τεμ.,4.13
2025-11-07,712189,Aim Οδοντόκρεμα Herbal 75ml,1.33
2025-11-07,606147,Sani Lady Sensitive Σερβιέτες Ειδικών Χρήσεων Super N5 20τεμ,6.01
2025-11-07,717207,Noxzema Rollon Αποσμητικό Memories 50ml,2.42
2025-11-07,762051,Colgate Family Action Οδοντόκρεμα 100ml,1.60
2025-11-07,719058,Septona Δίσκοι Ντεμακιγιάζ Οβάλ Silk 65τεμ,1.94
2025-11-07,714057,Palmolive Κρεμοσάπουνο Μέλι & Γάλα Ανταλλακτικό 900ml,2.48
2025-11-07,714092,Septona Dermasoft Κρεμοσάπουνο Ανταλλακτικό Σακούλα Cotton Eco Refill 1lt,1.90
2025-11-07,719202,Johnson's Ωτοκαθαριστές Cotton Buds 100τεμ,1.10
2025-11-07,714322,Dettol Κρεμοσάπουνο Ανταλλακτικό Ευαίσθητες750ml,2.48
2025-11-07,611271,Septona Αντιβακτηριδιακά Μαντίλια Refresh Άνθος Πορτοκάλι 4x15τεμ,1.09
2025-11-07,719251,Septona Δίσκοι Ντεμακιγιάζ Στρογγυλά Με Ραμμένες Άκρες Best Value 100τεμ,1.22
2025-11-07,514122,Dettol Αντιβακτηριδιακά Πανάκια Λεμόνι 30τεμ,1.73
2025-11-07,712089,Colgate Οδοντόκρεμα Total Active Prevention Original Protection 75ml,1.95
2025-11-07,717206,Noxzema Rollon Αποσμητικό Pilot 50ml,2.42
2025-11-07,755722,Fa Αφρόλουτρο Yoghurt Vanilla Honey 750ml,3.01
2025-11-07,606032,Septona Υποσέντονα Dry Plus Regular 90x60 15τεμ,3.56
2025-11-07,602065,Always Extra Long Plus Σερβιετάκια 24τεμ,2.15
2025-11-07,719021,Septona Ωτοκαθαριστές Βιοδιασπώμενοι Σακουλάκι 200τεμ,1.31
2025-11-07,714781,Best Price Κρεμοσάπουνο Αντ/κό Φρεσκάδα Θάλασσας 1lt,1.35
2025-11-07,751339,Syoss Shampoo Keratin 750ml,3.92
2025-11-07,601636,Libresse Σερβιέτες Maxi Goodinight 10τεμ.,1.73
2025-11-07,606148,Sani Lady Sensitive Σερβιέτες Ειδικών Χρήσεων No 6 Extra Large 10τεμ,4.40
2025-11-07,611165,Wet Hankies Αντιβακτηριδιακά Μαντήλια Με Καπάκι 72τεμ,1.81
2025-11-07,717045,Dove Αποσμητικό Spray Talco Soft 150ml,2.81
2025-11-07,762360,Sensodyne Repair & Protect Οδοντόκρεμα 75ml,4.42
2025-11-07,775881,Dove Αφρόλουτρο Hydrate 720ml,3.29
2025-11-07,601256,Everyday Σερβιέτες Double Dry Extra Long 16τεμ,3.89
2025-11-07,775843,Feel Good! Κρεμοσάπουνο Ocean 900ml,1.59
2025-11-07,712256,Colgate White Teeth Οδοντόκρεμα 75ml,1.40
2025-11-07,767076,Noxzema Rollon Αποσμητικό Talc 50ml,2.42
2025-11-07,601261,Everyday Hyperdry Ultra Plus Super 18τεμ,2.93
2025-11-07,719059,Feel Good! Δίσκοι Ντεμακιγιάζ 120τεμ,1.18
2025-11-07,719057,Septona Dermasoft Δίσκοι XL 120τεμ,1.72
2025-11-07,767107,Noxzema Classic Αποσμ/κο Σώματος Roll-On 75ml,3.15
2025-11-07,713017,Dove Σαπούνι 90gr,1.00
2025-11-07,717099,Dove Αποσμητικό Spray 150ml,2.81
2025-11-07,606284,TENA Discreet Maxi Night Σερβιέτες Ακράτειας 12τεμ,4.62
2025-11-07,712098,Oral b Οδοντόκρεμα Complete Protect & Clean 75ml,1.06
2025-11-07,719560,Septona Ωτοκαθαριστές Βιοδιασπόμενοι Σε Σακουλάκι 100τεμ,0.99
2025-11-07,709011,Gillette Simply Venus 3 Ξυραφάκια 4τεμ,2.84
2025-11-07,717208,Noxzema Αποσμητικό Spray Pilot 150ml,2.47
2025-11-07,714292,Natura Vanilla-Caramel Κρεμοσάπουνο Ανταλλακτικό 750ml,2.41
2025-11-07,606302,My Soft Υποσέντονο 90x180cm 13τεμ,5.61
2025-11-07,711104,Aim Οδοντόβουρτσα Anti Plaque Μέτρια,0.71
2025-11-07,601252,Everyday Σερβιέτες Sensitive Ultra Plus Maxi Night 18τεμ,3.04
2025-11-07,601098,Always Ultra Normal 20τεμ,2.92
2025-11-07,714096,Septona Dermasoft Kρεμοσάπουνο Ανταλλακτικό Σακούλα Almond & Tea Rose 1lt,1.90
2025-11-07,775368,Johnson's Vita-Rich Yogurt & Coconut & Ροδάκινο Αφρόλουτρο 750ml,2.75
2025-11-07,606135,Sani Lady Sensitive Σερβιέτες Ειδικών Χρήσεων No 5 Super 10τεμ,3.13
2025-11-07,714044,Papoutsanis Καραβάκι Κρεμοσάπουνο Refill Classic 900ml,2.49
2025-11-07,774102,Syoss Keratin Επαγγελματικό Conditioner 440ml,3.14
2025-11-07,701049,Ultrex Ξηροδερμία Σαμπουάν 360ml,3.82
2025-11-07,755347,Fa Αντρικό Αφρόλουτρο Energizing 750ml,3.01
2025-11-07,711590,Colgate Zig Zag Medium Οδοντόβουρτσα 2τεμ Διπλή Συσκευασία Τιμή Σοκ,1.98
2025-11-07,717478,Noxzema Deo Roll On Fresh Blossom 50ml,2.42
2025-11-07,771437,Pantene Σαμπουάν Αναδόμησης 800ml,5.97
2025-11-07,775737,Palmolive Αφρόλουτρο Spa Butter 650ml,2.72
2025-11-07,714091,Septona Dermasoft Eco refill Σακούλα Ανταλλακτικό Μέλι & Ginger 1lt,1.90
2025-11-07,717046,Dove Αποσμητικό Rollon Talco Soft 50ml,2.59
2025-11-07,602021,Always Singles To Go Normal Σερβιετάκια 20τεμ,1.50
2025-11-07,711216,Colgate Zig Zag Medium Οδοντόβουρτσα 1τεμ,1.43
2025-11-07,601197,Always Platinum Ultra Super 14τεμ,2.98
2025-11-07,606152,Sani Lady Sensitive Σερβιέτες Ακράτειας Extra No4 16τεμ,4.57
2025-11-07,717209,Noxzema Αποσμητικό Spray Memories 150ml,2.47
2025-11-07,712956,Sensodyne Extra Fresh Οδοντόκρεμα 75ml,3.50
2025-11-07,602376,Carefree Aloe Σερβιετάκια 56τεμ,2.19
2025-11-07,601001,Always Ultra Secure Night 24τεμ,5.09
2025-11-07,611267,Septona Αντιβακτηριδιακά Μαντηλάκια Green Apple 4x15τεμ,1.09
2025-11-07,714088,Dettol Κρεμοσάπουνο Wild Berry Ανταλλακτικό 750ml,2.48
2025-11-07,606104,Septona Dry Plus Υποσέντονα 90Χ60cm 15τεμ,4.06
2025-11-07,712121,Aim Οδοντόκρεμα Crystal Gel 75ml,1.67
2025-11-07,717241,Neutro Roberts Αποσμητικό Roll On Powder Fresh 50ml,2.90
2025-11-07,719035,My Soft Baby Μπατονέτες Ασφαλείας Κασετ. Χάρτινα Στικς 50τεμ,1.18
2025-11-07,755189,Palmolive Wellness Massage Αφρόλουτρο 650ml,2.72
2025-11-07,706994,Pom pon Υγρά Μαντηλάκια Ντεμακιγιάζ Gold 2x20τεμ,3.51
2025-11-07,606361,TENA Lights Long Σερβιετάκια Ακράτειας 20τεμ,2.38
2025-11-07,653996,Tesori White Musk Αφρόλουτρο 500ml,6.98
2025-11-07,606315,My Soft Εσώρουχα Ακράτειας No4 Large-Extra Large 10 τεμ,4.70
2025-11-07,755524,Noxzema Αφρόλουτρο Talc 750ml,3.06
2025-11-07,711513,Oral-B Essential Floss Κηρωμένο Οδοντικό Νήμα 50m,2.06
2025-11-07,755636,Palmolive Memories of Nature Sunset Relax Αφρόλουτρο 650ml,2.72
2025-11-07,714902,Sanex Intimate Care Sensitive Υγρό Καθαρισμού για την ευαίσθητη περιοχή 250ml,1.59
2025-11-07,611206,Septona Υγρά Αντιβακτηριδιακά Μαντηλάκια 75% Ethanol 60τεμ,1.60
2025-11-07,719893,My Soft Βαμβάκι 200gr,1.67
2025-11-07,712093,Colgate Οδοντόκρεμα Sensitive White 2x75ml,2.99
2025-11-07,340158,Dentyne Fire Μπουκάλι Κανέλα 81-2gr,2.98
2025-11-07,712605,Aquafresh Fresh & Minty Οδοντόκρεμα 2x75ml,1.69
2025-11-07,711126,Aim Οδοντόβουρτσα Gentle Care Μαλακή,1.16
2025-11-07,602198,Everyday Σερβιετάκια All Cotton Extra Long 44τεμ,4.67
2025-11-07,717190,Noxzema Talc Αποσμητικό Σώματος Σπρέυ 150ml,2.47
2025-11-07,712090,Colgate Οδοντόκρεμα Total Active Prevention Fresh Mint 75ml,1.98
2025-11-07,757890,Nivea Men Black & White Power Invisible Roll On 50ml,2.71
2025-11-07,771416,Pantene Σαμπουάν Aναδόμησης 400ml,3.59
2025-11-07,755046,Noxzema Αφρόλουτρο Memories 600ml,1.99
2025-11-07,701100,Ultrex Σαμπουάν Legend Ronaldo 360ml,3.82
2025-11-07,602125,Everyday All Cotton Σερβιετάκια Large 30τεμ,2.58
2025-11-07,606249,Sani Pants Εσώρουχο Ακράτειας Νο2 Medium 24τεμ,13.94
2025-11-07,601253,EveryDay Sensitive Ultra Plus Extra Long 18τεμ,3.61
2025-11-07,606312,My Soft Ανοιχτές Πάνες Ακράτειας Νο3 Large 12 τεμ,6.49
2025-11-07,601260,Everyday Hyperdry Ultra Plus Normal 18τεμ,2.93
2025-11-07,611012,Septona Αντισηπτική Λοσιόν Χεριών Mild 70% 200ml,1.88
2025-11-07,711050,Aim Anti Plaque Οδοντόβουρτσα Μέτρια 4τεμ,2.30
2025-11-07,714302,Dove Κρεμοσάπουνο Ανταλλακτικό 750ml,2.62
2025-11-07,762066,Aim Οδοντόκρεμα Παιδική 6-13 75ml,1.65
2025-11-07,601099,Always Ultra Long Plus 18τεμ,2.92
2025-11-07,601089,Always Ultra Secure Night 12τεμ,3.07
2025-11-07,923004,Spongie Σφουγγάρι Μπάνιου Soft Μαλακό 1τεμ,1.32
2025-11-07,775867,Dove Αφρόλουτρο Gentle Pamper 720ml,3.29
2025-11-07,606012,Sani Sensitive Ανοιχτή Πάνα Ακράτειας No 4 Extra Large 10 τεμ,7.22
2025-11-07,775902,Tesori Αφρόλουτρο Royal Oud 500ml,6.98
2025-11-07,717476,Noxzema Deo Σπρέυ Fresh Blossom 150ml,2.47
2025-11-07,717915,Dove Αποσμητικό Spray Fresh Touch 150ml,2.81
2025-11-07,771120,Elvive Hydra Σαμπουάν Hyaluronic 400ml,3.90
2025-11-07,606144,Sani Sensitive Υποσέντονα Ακράτειας Maxi Plus 15τεμ,4.80
2025-11-07,774224,Syoss Men Power Επαγγελματικό Σαμπουάν 440ml,2.80
2025-11-07,719455,Hansaplast Universal Ανθεκτικά στο Νερό 40 τμχ.,4.46
2025-11-07,767071,Noxzema Rollon Αποσμητικό Classic 50ml,2.42
2025-11-07,714081,Natura Κρεμοσάπουνο Ανταλλακτικό Jasmine & Cream 500ml,1.53
2025-11-07,611902,Septona Υγρά Αντιβακτηριδιακά Μαντήλια Λεμόνι 60τεμ,1.42
2025-11-07,715075,Lux Αφρόλουτρο Magical Orchid 600ml,2.87
2025-11-07,767868,Noxzema Rollon Aποσμητικό Invisible For Him 50ml,2.42
2025-11-07,611177,Septona Kids On The Go Multipack 4x15τεμ,1.02
2025-11-07,712094,Aim Οδοντόκρεμα White System 2x75ml,2.45
2025-11-07,714058,Palmolive Κρεμοσάπουνο Αμύγδαλο Ανταλλακτικό 900ml,2.48
2025-11-07,713646,Feel Good! Λευκό Σαπούνι 125gr,0.53
2025-11-07,601390,Libresse Σερβιέτες Ultra Regular Duo 20τεμ,2.56
2025-11-07,714324,Dettol Κρεμοσάπουνο Συσκευής No-Touch Ανταλλακτικό Aloe Vera 250ml,2.31
2025-11-07,702569,Elvive Hydra Conditioner Hyaluronic 300ml,3.98
2025-11-07,714858,Dettol Κρεμοσάπουνο Ανταλλακτικό Χαμομήλι 750ml,2.48
2025-11-07,717350,Dove Advanced Talco Σπρέι Αποσμητικό Σώματος 150ml,3.11
2025-11-07,653383,Everyday Σερβιέτες Fresh Ultra Plus Maxi Night 18τεμ,3.04
2025-11-07,611256,Wet Hankies Υγρά Μαντηλάκια Green Apple 4x15,1.18
2025-11-07,606314,My Soft Εσώρουχα Ακράτειας No3 Medium-Large 10 τεμ,4.50
2025-11-07,775721,Dove Men Αφρόλουτρο Clean Comfort 400ml,2.30
2025-11-07,717430,Nivea Men Dry Impact Αποσμητικό Roll On 50ml,2.46
2025-11-07,717110,Axe Αποσμητικό Africa 150ml,3.10
2025-11-07,762067,Aim Οδοντόκρεμα Παιδική 0-6 Ετών 75ml,1.93
2025-11-07,755000,Dove Αντρικό Αποσμητικό Spray Cleancomfort 150ml,2.81
2025-11-07,602403,Carefree Large Plus Σερβιετάκια 48τεμ,2.57
2025-11-07,771595,Le Petit Marseillais Σαμπουάν Nutrition Karite 300ml,2.32
2025-11-07,514623,Dettol Αντιβακτηριδιακά Πανάκια Λεμόνι 60τεμ,2.62
2025-11-07,715081,Papoutsanis Karavaki Αφρόλουτρο Δροσιά Αιγαίου 750ml,4.35
2025-11-07,725007,Feel Good! Ασετόν Oil 250ml,1.46
2025-11-07,771064,Orzene Σαμπουάν Κανονικά Μαλλιά Αντλία 750ml,6.48
2025-11-07,762095,Colgate Max White Charcoal Οδοντόκρεμα 75ml,2.39
2025-11-07,606303,My Soft Χαρτοβάμβακας 50 Φύλλα,2.24
2025-11-07,771270,Gliss Shampoo Ultimate Repair 400ml,2.40
2025-11-07,606242,Sani Pants Sensitive Ελαστικό Εσώρουχο Ακράτειας No 3 Large 14τεμ,10.05
2025-11-07,661991,Zansot Σφουγγάρι Τούλι,1.91
2025-11-07,502901,Papoutsanis Σαπούνι Πράσινο Με Ελαιόλαδο 250gr,1.43
2025-11-07,606677,TENA Discreet Extra Σερβιέτες Ακράτειας 20τεμ,4.88
2025-11-07,775901,Tesori Αφρόλουτρο Karma 500ml,6.98
2025-11-07,715083,Papoutsanis Karavaki Αφρόλουτρο Γλυκό Μανταρίνι & Καλέντουλα 750ml,4.35
2025-11-07,606330,TENA Discreet Maxi Σερβιέτες Ακράτειας 12τεμ,4.52
2025-11-07,767041,Noxzema Pilot Αποσμητικό Roll-On 75ml,3.15
2025-11-07,923005,Spongie Σφουγγάρι Μπάνιου Soft 1τεμ,1.26
2025-11-07,719022,Septona Ωτοκαθαριστές Με Οργανικό Βαμβάκι Pop Up Βιοδιασπώμενοι 160τεμ,1.58
2025-11-07,771373,Elvive Σαμπουάν Hyaluron Pure 400ml,3.90
2025-11-07,611977,ΜΕΓΑ Αντισηπτική Λοσιόν Σπρέι 100ml,1.44
2025-11-07,606241,Sani Pants Sensitive Ελαστικό Εσώρουχο Ακράτειας No 2 Medium 14τεμ,8.44
2025-11-07,712910,Listerine CoolMint Στοματικό Διάλυμα 250ml,2.47
2025-11-07,712330,Listerine Total Care Στοματικό Διάλυμα 500ml,3.95
2025-11-07,706478,Septona Υγρά Μαντηλάκια Ντεμακιγιάζ Υαλουρονικό Οξύ 2x20τεμ,2.48
2025-11-07,514097,Dettol Αντιβακτηριδιακά Πανάκια Original 30τεμ,1.73
2025-11-07,601069,Always Maxi Night Plus 9τεμ,2.28
2025-11-07,762361,Sensodyne Repair & Protect White Οδοντόκρεμα 75ml,4.44
2025-11-07,764420,Palmolive Υγρό Κρεμ/νο Αντ/κό Μέλι & Γάλα 750ml,1.90
2025-11-07,711508,Oral-B 123 Indicator 35 Μέτρια Οδοντόβουρτσα,1.48
2025-11-07,715632,Axe Αφρόλουτρο Africa 400ml,2.39
2025-11-07,775934,Tesori Αφρόλουτρο Vanilla & Ginger 500ml,6.98
2025-11-07,771314,Head & Shoulders Σαμπουάν Ενυδάτωσης Για Ξηροδερμία 330ml,3.49
2025-11-07,601066,Always Ultra Day & Night 16τεμ,2.92
2025-11-07,602140,Everyday All Cotton Normal Σερβιετάκια 60τεμ,4.28
2025-11-07,775773,Le Petit Marseillais Αφρόλουτρο Άνθη Πορτοκαλιάς 650ml,2.47
2025-11-07,606238,Tena Pants Plus Night Large Πάνες Ακράτειας 12τεμ,11.44
2025-11-07,601270,Everyday Σερβιέτες Fresh Ultra Plus Normal 18τεμ,3.04
2025-11-07,713027,Dove Σαπούνι 4x90gr,3.59
2025-11-07,767078,Noxzema Rollon αποσμητικό Memories 75ml,3.15
2025-11-07,606100,Tena Υγρομάντηλα Ενηλίκων 48τεμ,3.24
2025-11-07,762341,Colgate Sensitive Instant Relief Οδοντόκρεμα Daily Protection 75ml,2.66
2025-11-07,702824,Pantene Κρέμα Μαλλιών Τέλειες Μπούκλες 230ml,3.59
2025-11-07,717204,Noxzema Αποσμητικό Spray Classic 150ml,2.47
2025-11-07,712007,Parodontax Complete Protection Οδοντόκρεμα 75ml,3.83
2025-11-07,771241,Botanic Therapy Σαμπουάν Maple Healer 400ml,3.47
2025-11-07,755057,Noxzema Αφρόλουτρο Fresh Blossom 750ml,3.06
2025-11-07,714086,Palmolive Κρεμοσάπουνο Τριαντάφυλλο & Παιωνια Σακούλα Ανταλλακτ. 900ml,2.48
2025-11-07,713909,Karavaki Σαπούνι 125gr,0.81
2025-11-07,757887,Nivea Clear Invisible Αποσμητικό Σώματος Roll-On 50ml,2.71
2025-11-07,707227,Gillette Classic Sensitive Αφρός Ξυρίσματος 200ml,2.34
2025-11-07,611257,Wet Hankies Υγρά Μαντηλάκια Αντιβακτηριδιακά XL Quatro Pack 4x15,1.51
2025-11-07,714045,Papoutsanis Karavaki Κρεμοσάπουνο Refill Chamomile 900ml,2.49
2025-11-07,719727,Μέγα Βαμβάκι 100gr,1.35
2025-11-07,717217,Nivea Men Black & White Power Invisible Spray 150ml,2.98
2025-11-07,755066,Dove Αντρικό Αποσμητικό Spray Extra Fresh 150ml,2.81
2025-11-07,712262,Colgate Sensation White Οδοντόκρεμα 75ml,1.70
2025-11-07,775239,Feel Good! Aroma Therapy Relax Αφρόλουτρο 750ml,1.71
2025-11-07,771448,Pantene Σαμπουάν Απαλά & Μεταξένια 800ml,5.97
2025-11-07,601232,Always Ultimate Night 8τεμ,3.07
2025-11-07,602380,Carefree Flexiform Fresh Σερβιετάκια 56τεμ,2.69
2025-11-07,775924,Septona Dermasoft Αφρόλουτρο Cotton 750ml,2.30
2025-11-07,611258,Wet Hankies Υγρά Μαντηλάκια Αντιβακτηριδιακά Lemon XL 4x15τεμ,1.51
2025-11-07,606168,Sani Lady Sensitive Σερβιέτες Είδικών Χρήσεων Normal No3 20τεμ,4.50
2025-11-07,715080,Lux Αφρόλουτρο Velvet Jasmine 600ml,2.87
2025-11-07,602092,Always Dailies Fresh & Protect Normal Σερβιετάκια 30τεμ,2.15
2025-11-07,712079,Colgate Οδοντόκρεμα Τotal Plaque Fresh 75ml,2.19
2025-11-07,775889,Old Spice Αφρόλουτρο Captain 1000ml,5.96
2025-11-07,713037,Papoutsanis Aromatics Σαπούνι Box Βανίλια Μαδαγασκάρης 4x100gr,2.59
2025-11-07,771622,Elvive Dream Long Σαμπουάν 400ml,3.90
2025-11-07,762213,Colgate Οδοντόκρεμα Max White One 75ml,1.91
2025-11-07,712223,Oral-B Pro Expert Professional Protection Οδοντόκρεμα 75ml,1.99
2025-11-07,340152,Dentyne Ice Μπουκάλι Δυόσμος 81-2gr,2.98
2025-11-07,701165,Periogard Οδοντόκρεμα Προστασίας Ούλων & Ευαίσθητων Δοντιών 75ml,3.57
2025-11-07,606108,Sani Sensitive Ανοιχτή Πάνα Ακράτειας No 3 Large 12τεμ,7.22
2025-11-07,712135,Aim Οδοντόκρεμα White System 75ml,1.71
2025-11-07,771068,Tresemme Keratin Smooth Σαμπουάν 400ml,2.70
2025-11-07,719891,My Soft Βαμβάκι 70gr,0.84
2025-11-07,611273,Septona Μαντίλια Αντιβακτηριδιακά Refresh Λεμόνι Multipuck 4x15τεμ,1.09
2025-11-07,611011,Natura Αντισηπτικό Χεριών Σπρέι 100ml,1.18
2025-11-07,923002,Spongie Σφουγγάρι Σώματος Massage Σκληρό & Μαλακό 2τεμ,1.71
2025-11-07,717081,Noxzema Invisible Her Spray 150ml,2.47
2025-11-07,606234,Tena Pants Plus Large Πάνες Ακράτειας 14τεμ,8.85
2025-11-07,701048,Ultrex Λιπαρά Σαμπουάν 360ml,3.82
2025-11-07,709056,BIC Twin Lady Ξυριστική Μηχανή 5τεμ,2.58
2025-11-07,762347,Colgate Triple Action Στοματικό Διάλυμα 500ml,3.50
2025-11-07,601276,Everyday Σερβιέτες Double Dry Maxi Night 16τεμ,3.24
2025-11-07,771175,Pantene Αφρός Τέλειες Μπούκλες 200ml,3.95
2025-11-07,606250,Sani Pants Εσώρουχο Ακράτειας Νο3 Large 24τεμ,16.62
2025-11-07,709613,BIC Miss Soleil Colour Collection Γυναικεία Ξυραφάκια 4τεμ,4.09
2025-11-07,712938,Listerine Teeth & Gum Defence Στοματικό Διάλυμα 500ml,3.80
2025-11-07,771350,Syoss Σαμπουάν Keratin 440ml,2.81
2025-11-07,775871,Dove Αφρόλουτρο Deep Nourishing 600ml,3.21
2025-11-07,775880,Dove Αφρόλουτρο Silky Velvet 720ml,3.29
2025-11-07,717330,Dove Men Αποσμητικό Σώματος Roll-On Advanced Clean Comfort 50ml,2.86
2025-11-07,771436,Pantene Σαμπουάν Τέλειες Μπούκλες 400ml,3.59
2025-11-07,701217,Le Petit Marshellais Σαμπουάν Κρέμα Βάτομουρο Βαμβάκι 300ml,2.30
2025-11-07,775637,Arlem Doypack Βασιλικός Πολτός Κρεμοσάπουνο 1000ml,1.84
2025-11-07,602007,Always Daily Protect Extra Long XL Σερβιετάκια 44τεμ,3.94
2025-11-07,713905,Papoutsanis Σαπούνι Γλυκερίνης Κίτρινο 125gr,0.83
2025-11-07,714033,Arlem Κρεμοσάπουνο Βασιλικός Πολτός Αντλία 1000ml,2.29
2025-11-07,771560,Elvive Σαμπουάν Colorvive 400ml,3.90
2025-11-07,601067,Always Ultra Long Plus Giga 36τεμ,5.09
2025-11-07,774104,Syoss Repair Επαγγελματικό Conditioner 440ml,3.14
2025-11-07,711136,Aim Οδοντόβουρτσα White System Μέτρια,2.22
2025-11-07,755062,Palmolive Αφρόλουτρο Αμύγδαλο 650ml,2.72
2025-11-07,712508,Theramed 2in1 Παιδική Οδοντόκρεμα 6+ Ετών 75ml,2.98
2025-11-07,602164,EveryDay Σερβιετάκια Extra Dry Extra Long 24τεμ,2.58
2025-11-07,709034,BIC Flex 3 Ανδρικές Ξυριστικές Μηχανές Μιας Χρήσης 3τεμ,3.60
2025-11-07,719043,My Soft Μπατονέτες Με Χάρτινο Μπαστουνάκι 200τεμ,1.35
2025-11-07,713014,Aromatics In Box Lavender Σαπούνι 100gr,0.82
2025-11-07,606648,Tena Pants Plus Extra Large Πάνες Ακράτειας 12τεμ,9.68
2025-11-07,775925,Septona Dermasoft Αφρόλουτρο Coconut & Mango 750ml,2.30
2025-11-07,771086,Orzene Σαμπουάν Αντλία Λιπαρά Μαλλιά Αντλία 750ml,6.48
2025-11-07,701050,Ultrex Σαμπουάν Για Όλους Τους Τύπους Μαλλιών 360ml,3.82
2025-11-07,712096,Colgate Triple Action Οδοντόκρεμα 100ml,2.09
2025-11-07,715086,Lux Αφρόλουτρο Enticing Musk 560ml,2.87
2025-11-07,606328,Always Discreet Σερβιέτες Ακράτειας Long Plus 8τεμ,4.54
2025-11-07,701038,Ultrex Γυναικείο Σαμπουάν Ξηροδερμία 360ml,3.82
2025-11-07,706502,Garnier Micellaire Νερό Ντεμακιγιάζ Ευαίσθητες 400ml,5.05
2025-11-07,712225,Colgate Protection Caries Οδοντόκρεμα 75ml,1.32
2025-11-07,771292,Head & Shoulders Σαμπουάν Classic Clean 330ml,3.49
2025-11-07,602144,Everyday Extra Dry Normal Σερβιετάκια 60τεμ,3.79
2025-11-07,771629,Elvive Conditioner Dream Long 300ml,3.98
2025-11-07,719709,Pom Pon Δίσκοι Ντεμακιγιάζ Μεγάλο 40Τεμάχια,1.72
2025-11-07,775891,Papoytsanis Aromatics Αφρόλουτρο Με Άρωμα Musk 2x650gr,5.86
2025-11-07,712061,Colgate Οδοντόβουρτσα Twist Συσκευασία 4τεμ,3.00
2025-11-07,709435,Gillette Blue 3 Plus Comfort Ξυραφάκια Μιας Χρήσης 6τεμ,5.39
2025-11-07,706065,Garnier Vitamin C Μάσκα Προσώπου 32g,1.75
2025-11-07,701079,Feel Good! Αφρός Ξυρίσματος Regular 250ml,1.39
2025-11-07,767038,Noxzema Rollon Αποσμητικό Active Sport 50ml,2.42
2025-11-07,711284,Colgate Extra Clean Μέτρια Οδοντόβουρτσα Διπλή Συσκευασία ΤΙΜΗ ΣΟΚ (2τεμ),1.87
2025-11-07,606233,Tena Pants Plus Medium Πάνες Ακράτειας 14τεμ,7.63
2025-11-07,717479,Noxzema Men Deo Rollon Fresh Intense 50ml,2.42
2025-11-07,713036,Karavaki Σαπούνι Classic 4x125gr,2.56
2025-11-07,775919,Sanex Zero% Family Αφρόλουτρο Αντλία 750ml,5.43
2025-11-07,714055,Αρκάδι Κρεμοσάπουνο Ανταλλακτικό 500ml,3.56
2025-11-07,601196,Always Platinum Ultra Day & Night 12τεμ,2.98
2025-11-07,711412,Colgate Slim Soft Charcoal Μαλακή Οδοντόβουρτσα (1τεμ),2.13
2025-11-07,717498,Nivea Deo Pearl & Beauty Roll-On Γυναικείο 50ml,2.71
2025-11-07,606006,Sani Premium Pants Εσώρουχα Ακράτειας Ν.2 Medium 12τεμ,7.07
2025-11-07,601149,Everyday Sensitive Ultra Plus Mini 18τεμ,2.57
2025-11-07,717082,Noxzema Invisible Him Spray 150ml,2.47
2025-11-07,775772,Le Petit Marseillais Vanilla Αφρόλουτρο 650ml,2.47
2025-11-07,767301,Axe Αποσμητικό Dark Temptation 150ml,3.10
2025-11-07,762183,Aim Οδοντόκρεμα White Now Ice Cool Mint 75ml,1.85
2025-11-07,602008,Always Fresh Normal Σερβιετάκια 60τεμ,3.94
2025-11-07,602401,Carefree Long Plus Σερβιετάκια 40τεμ,2.57
2025-11-07,602108,EveryDay Fresh Normal Σερβιετάκια 20τεμ,1.37
2025-11-07,771584,Le Petit Marseillais Σαμπουάν Καθαρός Άργυλος 300ml,2.32
2025-11-07,775530,Bioten Αφρόλουτρο White Musk 750ml,2.83
2025-11-07,714238,Dettol Κρεμοσάπουνο Ανταλλακτικό Aloe Vera 500ml,2.39
2025-11-07,762514,Oral-B Cross Action Κεφαλές Οδοντόβουρτσας x2,10.62
2025-11-07,702388,Gliss Ultimate Repair Conditioner 200ml,2.05
2025-11-07,601310,Everyday Σερβιέτες Fresh Ultra Plus Super 18τεμ,3.04
2025-11-07,711212,Colgate Extra Clean Medium Οδοντόβουρτσα,0.99
2025-11-07,711051,Oral B Οδοντικό Νήμα Pro Expert Deep Advanced Clean 25m,2.03
2025-11-07,714063,Natura Κρεμοσάπουνο Σανδαλόξυλο & Gojiberry 900ml,3.29
2025-11-07,714244,Natura Ανταλλακτικό Υγρό Κρεμοσάπουνο Ανταλλακτικό 750ml,2.41
2025-11-07,702707,Le Petit Marseilais Conditioner Βιολογικό Μέλι Προβηγκίας Και Καριτέ 200ml,2.29
2025-11-07,602142,Feel Good! Σερβιετάκια Normal 20 τεμ,0.85
2025-11-07,755093,Palmolive Αφροντούς Μέλι & Γάλα 650ml,2.72
2025-11-07,717354,Dove Αποσμητικό Σώματος Σπρέι Advanced Care Original 150ml,3.11
2025-11-07,774706,Syoss Λακ Max 400ml,5.30
2025-11-07,714102,Feel Good! Κρεμοσάπουνο Ανταλλακτικό Milk & Honey 900ml,1.59
2025-11-07,714094,Septona Dermasoft Κρεμοσάπουνο Άντλια Cotton & Milk 400ml,1.31
2025-11-07,601000,Always Σερβιέτες Platinum Ultra Secure Night 20τεμ,4.94
2025-11-07,717414,Karavaki Σαμπουάν Φροντίδα & Επανόρθωση 600ml,4.45
2025-11-07,606004,Sani Pants Εσώρουχα Ακράτειας Ν.4 Extra Large 14τεμ,12.86
2025-11-07,606678,Tena Lady Super Σερβιετες Ακράτειας 15τεμ,5.01
2025-11-07,717367,Dove Advanced Invisible Αποσμητικό Σώματος Σπρέι 150ml,3.11
2025-11-07,603216,O.B. Pro Comfort Super Plus Ταμπόν 16τεμ,4.62
2025-11-07,709017,BIC Miss Soleil Γυναικεία Ξυραφάκια 4τεμ,4.09
2025-11-07,755522,Noxzema Memories Αφρόλουτρο 750ml,3.06
2025-11-07,767059,Noxzema Sensipure 0% Roll-on 50ml,2.42
2025-11-07,606107,Sani Sensitive Ανοιχτή Πάνα Ακράτειας No 2 Medium 15τεμ,7.22
2025-11-07,712095,Colgate Protection Caries Οδοντόκρεμα 2 Pack 100ml,3.49
2025-11-07,601065,Always Ultra Day & Night Giga Pack 32τεμ,5.09
2025-11-07,602383,Carefree Normal Fresh Σερβιετάκια 56τεμ,2.39
2025-11-07,923000,Lifoplus Δίχρωμο Σφουγγάρι Μπάνιου,2.36
2025-11-07,754669,Wella Flex Αφρός Μαλλιών Μπούκλες-Σπαστά 200ml,4.48
2025-11-07,714067,ΜΕΓΑ Κρεμοσάπουνο Kids 250ml,1.59
2025-11-07,767022,Dove Advanced Care Original Αποσμητικό Roll On 50ml,2.86
2025-11-07,606167,Sani Men Απορροφητικό Προστατευτικό Ακράτειας L.3 Super 10τεμ,4.07
2025-11-07,611966,Natura Αντισηπτικό Gel Αντλία 400ml,3.98
2025-11-07,717060,Axe Leather & Cookies Αποσμητικό Σώματος 150ml,3.10
2025-11-07,762214,Colgate Herbal White Οδοντόκρεμα 75ml,1.78
2025-11-07,601079,Always Ultra Normal Plus Giga Pack 40τεμ,5.09
2025-11-07,762058,Colgate Οδοντόβουρτσα Παιδική 2-6 Ετών Διπλή Συσκευασία 27gr,3.00
2025-11-07,712501,Theramed 2in1 Οδοντόκρεμα Βότανα 75ml,3.35
2025-11-07,762902,Aim Family Protect White Οδοντόκρεμα 75ml,1.31
2025-11-07,706879,Garnier Moisture Bomb Μάσκα Προσώπου 32gr,1.75
2025-11-07,602003,Always Daily Protect Long Big Pack Σερβιετάκια 52τεμ,3.94
2025-11-07,715106,Axe Αφρόλουτρο Africa 700ml,3.77
2025-11-07,717097,Dove Αποσμητικό Rollon 50ml,2.90
2025-11-07,653223,Always Dailies Extra Protect Large Fresh Σερβιετάκια 24τεμ,2.15
2025-11-07,717615,STR8 Αποσμητικό Spray Original 150ml,5.18
2025-11-07,715122,Nivea Αφρόλουτρο Κρεμώδες Creme Care 650ml,2.62
2025-11-07,716783,Nivea Care Nourishing Κρέμα Σώματος 400ml,5.16
2025-11-07,662429,Libresse Dailyfresh Extra Long Σερβιετάκια 22τεμ,1.66
2025-11-07,762254,Colgate Plax Original Στοματικό Διάλυμα 500ml,3.81
2025-11-07,771468,Pantene Σαμπουάν Χρώμα & Προστασία 400ml,3.59
2025-11-07,702823,Pantene Κρέμα Μαλλιά Απαλά Μεταξένια 500ml,5.97
2025-11-07,775837,Noxzema Men Αφρόλουτρο Pilot 600ml,1.99
2025-11-07,602187,Everyday Σερβιετάκια All Cotton Large 50τεμ,4.36
2025-11-07,717143,Borotalco Original Αποσμητικό Σώματος Rollon 50ml,3.12
2025-11-07,710849,Old Spice Captain Αποσμητικό Σώματος Stick 50ml,2.99
2025-11-07,771910,Syoss Shampoo Repair 750ml,3.92
2025-11-07,714087,Palmolive Κρεμοσάπουνο Λεβάντα & Περγαμόντο Ανταλλακτικό 900ml,2.48
2025-11-07,601159,Always Sensitive Ultra Super 16τεμ,3.07
2025-11-07,714075,Noxzema Υγρό Κρεμοσάπουνο Talc Ανταλλακτικό 750ml,2.00
2025-11-07,719033,Septona Βιοδιασπώμενοι Ωτοκαθαριστές Baby 50τεμ,1.65
2025-11-07,771572,Le Petit Marseillais Σαμπουάν Καρύδα 300ml,2.32
2025-11-07,715514,Tesori Dragon Flower Αφρόλουτρο 500ml,6.98
2025-11-07,714622,Lactacyd Intimate Λοσιόν Ευαίσθητης Περιοχής 200ml,3.59
2025-11-07,762363,Sensodyne Complete Protection Οδοντόκρεμα 75ml,4.36
2025-11-07,704057,Wellaflex Λακ Αόρατο Κράτημα 75ml,2.06
2025-11-07,611990,Septona Αντισηπτική Lotion Χεριών 80ml,1.54
2025-11-07,606313,My Soft Ανοιχτές Πάνες Ακράτειας Νο4 Extra Large 10 τεμ,6.49
2025-11-07,717218,Nivea Clear Invisible Αποσμητικό Σώματος Spray 150ml,2.98
2025-11-07,601387,Libresse Σερβιέτες Ultra Long 8τεμ.,1.33
2025-11-07,711281,Colgate Παιδική 6+ Ετών Μαλακή Οδοντόβουρτσα (1τεμ),1.75
2025-11-07,762068,Aim Complete 8 Actions Οδοντόκρεμα Deep Clean 75ml,1.70
2025-11-07,775863,Dove Αφρόλουτρο Petal Soft 720ml,3.29
2025-11-07,706303,Nivea Λοσιόν Ντεμακιγιάζ Ματιών 2 Φάσεων 125ml,2.86
2025-11-07,702813,Pantene Conditioner Μοριακή Αναδόμηση 160ml,3.09
2025-11-07,771379,Garnier Botanic Therapy Σαμπουάν Rice Water 400ml,3.47
2025-11-07,702816,Pantene Κρέμα Μαλλιών Αναδόμησης 230ml,3.59
2025-11-07,709123,Bic 3 Sensitive Ξυριστικές Μηχάνες 6τεμ,3.67
2025-11-07,767611,Noxzema Φυσική Αίσθηση Φρεσκάδας Spray150ml,2.47
2025-11-07,767020,Dove Men Αποσμητικό Σώματος Σπρέυ Advanced Invisible Dry 150ml,3.11
2025-11-07,713647,Feel Good! Ροζ Σαπούνι 125gr,0.53
2025-11-07,603210,O.B. Pro Comfort Super 16τεμ,4.62
2025-11-07,717295,Axe Αποσμητικό Rollon Dark Temptation 50ml,2.69
2025-11-07,714000,Palmolive Hygiene Κρεμοσάπουνο Αντλ. Σακ. 900ml,2.48
2025-11-07,715082,Καραβάκι Γάλα Αμυγδάλου & Ηλιοτροπίου Αφρόλουτρο 750gr,4.35
2025-11-07,602093,Always Dailies Extra Protect Large Σερβιετάκια 26τεμ,2.15
2025-11-07,712652,Sensodyne Gentle Whitening Οδοντόκρεμα 75ml,3.38
2025-11-07,771434,Pantene Σαμπουάν Classic 400ml,3.59
2025-11-07,767031,Fa Αποσμητικό Σώματος Roll-On Passionfruit 50ml,2.35
2025-11-07,719454,Hansaplast Universal Ανθεκτικά στο Νερό 20 τμχ.,2.81
2025-11-07,606901,Tena Discreet Ultra Normal Σερβιέτες Ακράτειας 16τεμ,2.92
2025-11-07,714690,Natura Υγιεινή Προστασίας Κρεμοσάπουνο Ανταλλακτικό 750ml,2.41
2025-11-07,775657,Arlem Κρεμοσάπουνο Doypack Καρύδα 1000ml,1.84
2025-11-07,775366,Johnson's Vita-Rich Yogurt & Honey Αφρόλουτρο 750ml,2.75
2025-11-07,751472,Fructis Σαμπουάν Δύναμη & Λάμψη 400ml,3.78
2025-11-07,601385,Libresse Ultra Large Goodnight 16τεμ.,2.71
2025-11-07,702627,Elvive Conditioner Colorvive 300ml,3.98
2025-11-07,767019,Dove Men Advanced Roll On Αποσμητικό Σώματος 50ml,2.86
2025-11-07,715085,Lux Αφρόλουτρο Charming Peony 600ml,2.87
2025-11-07,603209,O.B. Pro Comfort Normal 16τεμ,4.62
2025-11-07,709137,BIC Pure 3 Lady Ξυριστική Μηχανή Μίας Χρήσης 4τμχ,3.65
2025-11-07,775395,Old Spice Whitewater Αφρόλουτρο Για Άντρες 400ml,3.10
2025-11-07,717461,Dove Αποσμητικο Σώματος Σπρέυ Fruity 150ml,2.81
2025-11-07,714692,Natura Almond Cream Kρεμοσάπουνο Ανταλλακτικό 750ml,2.41
2025-11-07,775739,Palmolive Αφρόλουτρο Aroma Delight 650ml,2.72
2025-11-07,601254,EveryDay Hyperdry Ultra Plus Extra Long 18τεμ,3.46
2025-11-07,717137,Axe Αποσμητικό Black 150ml,3.10
2025-11-07,712235,Colgate Plax Original Στοματικό Διάλυμα 250ml,2.31
2025-11-07,775839,Syoss Σαμπουάν Repair 440ml,2.81
2025-11-07,923003,Spongie Σφουγγάρι Μπάνιου Μάσάζ Σκληρό 1τεμ,1.04
2025-11-07,611985,Septona Αντισηπτικό Gel Χεριών Πράσινο Μήλο 80ml,1.54
2025-11-07,706038,Bioten Micellar Νερό Καθαρισμού Sensitive 400ml,3.47
2025-11-07,702815,Pantene Κρέμα Μαλλιων Απαλά & Μεταξένια 230ml,3.59
2025-11-07,751746,Gliss Shampoo Ultimate Color 400ml,2.40
2025-11-07,606636,Tena Slip Super Large Πάνες Ακράτειας 25τεμ,24.95
2025-11-07,762073,Parοdontax Οδοντόκρεμα Strengthen & Protect 120ml,3.66
2025-11-07,714136,Dove Κρεμοσάπουνο Ανταλλακτικό 500ml,1.87
2025-11-07,707407,Nivea Men Αφρός Ξυρίσματος Sensitive 200ml,4.54
2025-11-07,712368,Listerine Zero Στοματικό Διάλυμα 500ml,3.80
2025-11-07,714034,Arlem Κρεμοσάπουνο Καρύδα Αντλία 1000ml,2.29
2025-11-07,765195,Palette Κρέμα Βαφή Μαλλιών N8 Ξανθό Ανοιχτό,3.75
2025-11-07,714556,Palmolive Υγρό Κρεμοσάπουνο Αντλία Μέλι & Γάλα 300ml,1.69
2025-11-07,709010,BIC 2 Sensitive Ξυριστικές Μηχανές 5τεμ,1.83
2025-11-07,771420,Herbal Σαμπουάν Argan Oil 350ml,2.78
2025-11-07,706387,Bioten Eye Patches Glow Exprert 4D 50gr,1.72
2025-11-07,717357,Dove Αποσμητικό Σωμ. Spray Advanced Invisible Care 150ml,3.11
2025-11-07,706849,Garnier Hyaluronic Aloe Υφασμάτινη Μάσκα Προσώπου 28gr,1.75
2025-11-07,719279,Hansaplast Αποσμητικό Ποδιών Προστασία Μύκητες 150ml,6.46
2025-11-07,719728,Μέγα Βαμβάκι 200gr,2.55
2025-11-07,709409,Gillette Blue II Fixed Ξυραφάκια Μιας Χρήσης 5τεμ,2.96
2025-11-07,706259,Nivea Face Clear Up Strips 6τεμ,3.90
2025-11-07,707229,Gillette Venus Satin Gel Sensitive Skin 200ml,3.73
2025-11-07,713045,Dove Σαπούνι Replenishing 90gr,0.99
2025-11-07,711046,Aim Οδοντόβουρτσα 0-6 Ετών,2.08
2025-11-07,606169,Sani Lady Sensitive Σερβιέτες Είδικών Χρήσεων Normal No4+ 12τεμ,3.75
2025-11-07,717223,Borotalco Original Αποσμητικό Σώματος Σπρέυ 150ml,3.30
2025-11-07,715459,Best Price Coconut Αφρόλουτρο 2lt,3.02
2025-11-07,923613,Lifoplus Ακατέργαστη Λούφα,2.22
2025-11-07,751388,Pantene Aqua Light Σαμπουάν 400ml,3.60
2025-11-07,702261,Pantene Λάδι Μαλλιών Λεία & Απαλά 100ml,6.33
2025-11-07,709189,Gillette Venus Simply II Ξυραφάκια Μιας Χρήσης 4τεμ,2.79
2025-11-07,755024,Fa Αφρόλουτρο Magic Oil Pink Jasmine 750ml,3.01
2025-11-07,717229,Papoutsanis Karavaki Σαμπουάν Λάμψη & Ζωντάνια Αντλία 600ml,4.45
2025-11-07,757452,Nivea Men Black&White Ultimate Impact Αποσμητικό Σώματος Σπρέι 150ml,2.98
2025-11-07,771909,Syoss Shampoo Volume 750ml,3.92
2025-11-07,709040,BIC Ξυραφάκια Μιας Χρήσης 10 τεμ,4.20
2025-11-07,923607,Lifoplus Γάντι Μπάνιου Classic N.401217,2.81
2025-11-07,714257,Dettol Κρεμοσάπουνο Sensitive Ανταλλακτικό 500ml,2.39
2025-11-07,606239,Tena Pants Plus Large Εσώρουχα Ακράτειας 24τεμ,14.95
2025-11-07,702308,Orzene Hair Conditioner Κανονικά 250ml,4.03
2025-11-07,719561,Septona Ωτοκαθαριστές Βιοδιασπόμενοι Σε Σακουλάκι Eco Life 100τεμ,1.05
2025-11-07,719892,My Soft Βαμβάκι Περφορέ 100gr,0.94
2025-11-07,706522,Garnier Micellair Διφασικό Νερό Ντεμακιγιάζ 100ml,1.85
2025-11-07,602022,Always Singles To Go Normal Fresh Σερβιετάκια 20τεμ,1.50
2025-11-07,711113,Aim Οδοντόβουρτσα Ultra Reach Μέτρια,2.75
2025-11-07,765197,Palette Κρέμα Βαφή Μαλλιών Ν6 Ξανθό Σκούρο,3.75
2025-11-07,775001,Axe Αφρόλουτρο Dark Temptation 400ml,2.39
2025-11-07,767026,Dove Αποσμητικό Σωμ. Spray Advanced Care Coconut 150ml,3.11
2025-11-07,601673,Libresse Σερβιέτες Ultra Large Goodnight 8τεμ.,1.40
2025-11-07,771281,Gliss Supreme Length Σαμπουάν 400ml,2.40
2025-11-07,601198,Always Platinum Ultra Normal Plus No1 Με Φτερά 16τεμ,2.98
2025-11-07,606237,Tena Pants Plus Night Medium Πάνες Ακράτειας 12τεμ,10.12
2025-11-07,717128,Axe Αποσμητικό Rollon Africa 50ml,2.69
2025-11-07,711137,Aim Οδοντόβουρτσα White System Σκληρή,2.22
2025-11-07,755523,Noxzema Αφρόλουτρο Pilot 750ml,3.06
2025-11-07,717426,Nivea Men Spray Dry Impact 150ml,2.98
2025-11-07,775886,Dove Αφρόλουτρο Silk 600ml,3.21
2025-11-07,606000,Sani Pants Εσώρουχα Ακράτειας Νο5 XXL 14τεμ,14.66
2025-11-07,764000,Palmolive Κρεμοσάπουνο Hygiene Plus Blue Ανταλλακτικό 900ml,2.48
2025-11-07,706093,Bioten Eye Patches Hyaluronic Gold 5-5gr,1.72
2025-11-07,771061,Orzene Σαμπουάν Για Κανονικά Μαλλιά 400ml,4.43
2025-11-07,775294,Fa Αφρόλουτρο Energy Boost 750ml,3.01
2025-11-07,707552,Noxzema Men αφρός ξυρίσματος Sensitive 300ml,2.93
2025-11-07,717098,Dove Αποσμητικό Rollon 50ml,2.59
2025-11-07,716528,Nivea Body Nourishing Milk Με Αντλία 400ml,5.17
2025-11-07,755525,Noxzema Αφρόλουτρο Vanilla 750ml,3.06
2025-11-07,712071,Feel Good! Οδοντόβουρτσα Kids Μαλακή 2τεμ,0.86
2025-11-07,767023,Dove Advanced Care Coconut Αποσμητικό Roll On 50ml,2.86
2025-11-07,709115,BIC Miss Soleil Sensitive Γυναικεία Ξυραφάκια Διαφορα Χρώματα- 3Tεμάχια,3.82
2025-11-07,767869,Noxzema Rollon Aποσμητικό Invisible For Her 50ml,2.42
2025-11-07,755068,Palmolive Αφρόλουτρο Άγρια Ορχιδέα 650ml,2.72
2025-11-07,771908,Syoss Shampoo Color 750ml,3.92
2025-11-07,712228,Oral-B Pro Expert Ευαίσθητα Δόντια & Απαλή Λεύκανση Οδοντόκρεμα 75ml,1.82
2025-11-07,717477,Noxzema Men Deo Σπρέυ Fresh Intense 150ml,2.47
2025-11-07,775917,Vidal Shower Gel Wh Musk Family Pack 2x750ml,4.80
2025-11-07,771433,Pantene Σαμπουάν Πλούσιος Όγκος 400ml,3.59
2025-11-07,771439,Herbal Σαμπουάν Rose 350ml,2.78
2025-11-07,711044,Feel Good! Οδοντικό Νήμα Κερωμένο 50m,1.18
2025-11-07,701183,Botanic Therapy Σαμπουάν Charcoal 400ml,3.47
2025-11-07,762034,Sensodyne Οδοντόκρεμα Sensitivity & Gums 75ml,4.58
2025-11-07,611637,Feel Good! Μαντηλάκια Ντεμακιγιάζ Sensitive 30τεμ,1.42
2025-11-07,606327,Always Discreet Σερβιέτες Long 10τεμ,4.54
2025-11-07,717693,Borotalco Invisible Αποσμητικό Σώματος Spray 150ml,3.30
2025-11-07,762847,Feel Good! Στοματικό Διάλυμα Regular 500ml,2.60
2025-11-07,767670,Sanex Dermo-Extra Control Αποσμητικό Roll-On 50ml,5.50
2025-11-07,775260,Arlem Κρεμοντους Λεβάντα & Βανίλια Αντλία 1000ml,2.50
2025-11-07,755056,Dove Men Αφρόλουτρο Σανδαλόξυλο & Βανίλια 400ml,2.30
2025-11-07,702846,Gliss Conditioner Liquid Silk 200ml,2.05
2025-11-07,706394,Bioten Chin Mask Hyalur Gold,2.34
2025-11-07,611988,Septona Αντισηπτικό Gel Χεριών Πράσινο Μήλο 500 ml,4.56
2025-11-07,611016,ΜΕΓΑ Μάσκες Προστασίας Προσώπου Τύπου II Large 5τεμ,0.98
2025-11-07,717342,Axe Ice Chill Αποσμητικό Σώματος Σπρεύ 150ml,3.10
2025-11-07,702266,Pantene Pro-V Oil Repair & Protect 100ml,6.33
2025-11-07,702220,Syoss Treatment Beauty Elixir Oil 100ml,5.70
2025-11-07,602086,Always Dailies Fresh & Protect Normal Fresh Σερβιετάκια 30τεμ,2.15
2025-11-07,602155,Everyday All Cotton Σερβιετάκια Normal 30τεμ,2.21
2025-11-07,711047,Aim Οδοντόβουρτσα 6-13 Ετών,2.08
2025-11-07,714062,Natura Κρεμοσάπουνο Yuzu & Άνθη Πορτοκαλιάς 900ml,3.29
2025-11-07,706094,Bioten Cleans Gel Hyaluronic Gold All Skin 200ml,2.98
2025-11-07,709609,BIC Flex5 Ανδρικά Ξυραφάκια 3τεμ,7.56
2025-11-07,601388,Libresse Σερβιέτες Ultra Regular 10τεμ.,1.33
2025-11-07,923700,Flower Zoo Σφουγγάρι Σώματος,1.92
2025-11-07,702827,Pantene Κρέμα Μαλλιών Ενυδατική & Λάμψη 160ml,3.09
2025-11-07,712065,Colgate Kids Οδοντόκρεμα 0-5 Χρονών 50ml,1.22
2025-11-07,775371,Johnson's V-Rich Pomegranate Αφρόλουτρο 750ml,2.75
2025-11-07,526720,Shoe Cover Ποδονάρια Προστατευτικά Παπουτσιών 20τεμ,0.99
2025-11-07,757453,Nivea Men Black & White Ultimate Impact Αποσμητικό Σώματος Roll On 50ml,2.71
2025-11-07,756118,Bioten Hyaluronic Μάσκα Προσώπου 20ml,1.72
2025-11-07,602130,EveryDay Extra Dry Normal Σερβιετάκια 30τεμ,2.24
2025-11-07,714620,Lactacyd Fresh Gel Ευαίσθητης Περιοχής 200ml,3.59
2025-11-07,706229,Dettol Αντισηπτικό Τζελ Για Τα Χέρια 50ml,1.89
2025-11-07,775127,Nivea Men Gel Deep Ντους 500ml,2.73
2025-11-07,771363,Syoss Σαμπουάν Anti Grease 200ml,3.58
2025-11-07,717332,Dove Men Αποσμητικό Σώματος Σπρέι Advanced Cool Fresh 150ml,3.11
2025-11-07,701142,Ultrex Σαμπουάν Μενθόλη Deep Clean 610ml,5.50
2025-11-07,771648,Elvive Conditioner Extraordinary Oil 300ml,3.98
2025-11-07,755200,Fa Coconut Milk Αφρόλουτρο 750ml,3.09
2025-11-07,719922,Demak'Up Expert Oval Δίσκοι Ντεμακιγιάζ 50τεμ,2.41
2025-11-07,704772,Wellaflex Λακ Πολύ Δυνατό 250ml,4.35
2025-11-07,709042,BIC 1 Classic Ξυριστική Μηχανή Οικογενειακή Συσκευασία 10τεμ,2.71
2025-11-07,601212,Always Platinum Ultra Day & Night 22τεμ,4.94
2025-11-07,717235,Καραβάκι Θρέψη & Ενυδάτωση Σαμπουάν Αντλία 600ml,4.45
2025-11-07,714006,Lux Κρεμοσάπουνο Secret Poppy Ανταλλακτικό 750ml,2.55
2025-11-07,714552,Le Petit Marseillais Men Αφρόλουτρο Μεταλλικά Στοιχεία & Ξύλο Κέδρου 400ml,1.79
2025-11-07,712002,Listerine Berry Kids Στοματικό Διάλυμα 250ml,2.47
2025-11-07,701037,Ultrex Γυναικείο Σαμπουάν Βαμμένα 360ml,3.82
2025-11-07,717037,Nivea Deo Talc Sensation Roll-On Γυναικείο 50ml,2.71
2025-11-07,717224,Noxzema Sensipure 0% Αποσμητικό Spray 150ml,2.47
2025-11-07,713230,Palmolive Naturals Ελιά Σαπούνι 90gr,0.77
2025-11-07,267024,Mooveat On the Whey Ρόφημα Πρωτεΐνης Σε Σκόνη Βανίλια 30gr,1.04
2025-11-07,717231,Axe Wild Mojito-Cedarwood Αποσμητικό Σώματος Spray 150ml,3.10
2025-11-07,716554,Βαζελίνη Με Μελισσοκέρι Καρύδα 140ml,2.29
2025-11-07,716850,Aroma Αφρόλουτρο Bio Honey Yogurt 750ml,2.60
2025-11-07,774771,Syoss Λακ Keratin 400ml,5.30
2025-11-07,711062,ΑΙΜ Οδοντόρβουτσα Antiplaque Μέτρια 2τεμ,1.20
2025-11-07,701216,Le Petit Marshellais Σαμπουάν Κρέμα Ροδάκινο - Βερίκοκο 300ml,2.30
2025-11-07,702799,Elvive Hydra Hyaluronic Conditioner 300ml,3.98
2025-11-07,775372,Johnson's V-Rich Cocoa Butter Αφρόλουτρο 750ml,2.75
2025-11-07,707015,Gillette Series Aloe Vera Gel Ξυρίσματος Sensitive 75ml,1.69
2025-11-07,706763,Garnier Micellaire Διφασικό Νερό Ντεμακιγιάζ Όλα Σε 1 400ml,5.05
2025-11-07,923200,Σφουγγάρι Σώματος Με Θήκη "Bath Flower On The Go",1.79
2025-11-07,775627,Best Price Αφρόλουτρο Ocean 1 lt,1.80
2025-11-07,602091,Always Dailies Singles Normal Σερβιετάκια 20τεμ,1.50
2025-11-07,653406,Libresse Σερβιετάκια Daily Multi Normal 30τεμ,1.66
2025-11-07,775908,Axe Αποσμητικό Σώματος Cherry Fizz 150ml,3.75
2025-11-07,717388,STR8 Game Αποσμητικό Σώματος Σπρέι 150ml,5.18
2025-11-07,713019,Lux Σαπούνι Soft Glow 90gr,0.84
2025-11-07,717192,Noxzema Men Αποσμητικό Σώματος Spray Classic 150ml,2.47
2025-11-07,767014,Fa Pink Passion Spray Αποσμητικό Σώματος 150ml,2.66
2025-11-07,717684,STR8 Αποσμητικό Spray Red Code 150ml,5.18
2025-11-07,702383,Gliss Conditioner Ultimate Color 200ml,2.05
2025-11-07,717107,Axe Αποσμητικό Marine 150ml,3.10
2025-11-07,712402,Sensodyne Prosmalto Παιδική Οδοντόκρεμα 50ml,3.08
2025-11-07,714152,Dettol Αντιβακτηριδιακό Υγρό Κρεμοσάπουνο Με Αντλία Sensitive 250ml,2.02
2025-11-07,754038,Elvive Σαμπουάν Hydra Hyaluronic 1000ml,7.66
2025-11-07,717463,dove Αποσμητικο Σώματος Rollon Dragon 50ml,2.86
2025-11-07,702825,Pantene Κρέμα Μαλλιών Αναδόμησης & Προστασίας 500ml,5.97
2025-11-07,602402,Carefree Original Plus Σερβιετάκια 56τεμ,2.39
2025-11-07,701143,Ultrex Σαμπουάν Για Λιπαρά Μαλλιά 610ml,5.50
2025-11-07,775361,Le Petit Marseillais Αφρόλουτρο Milk Almond 650ml,2.47
2025-11-07,706297,Bioten Tissue Vitamin C Μάσκα Προσώπου 20ml,1.72
2025-11-07,775720,Dove Men Αφρόλουτρο Extra Fresh 400ml,2.30
2025-11-07,714082,Arlem Κρεμοσάπουνο Άνθη Αμυγδαλιάς 1lt,1.96
2025-11-07,602131,EveryDay Natura Normal Σερβιετάκια 20τεμ,1.63
2025-11-07,767402,Noxzema Αποσμητικό Roll-On Minerals Soft care 50 ml,2.42
2025-11-07,713016,Aromatics In Box Musk 100gr,0.82
2025-11-07,701159,Botanic Therapy Kids Σαμπουάν Βερίκοκο 400ml,3.42
2025-11-07,762344,Colgate Sensitive Instant Relief Οδοντόκρεμα Whitening 75ml,2.66
2025-11-07,716299,Johnson's Baby Oil 300ml,2.82
2025-11-07,765196,Palette Κρέμα Βαφή Μαλλιών Ν7 Ξανθό,3.75
2025-11-07,771479,Botanic Therapy Σαμπουάν Honey Treasures 400ml,3.47
2025-11-07,709005,BIC Ξυραφάκια Μιας Χρήσης Twin Easy Precision 5 τμχ,2.39
2025-11-07,771520,Botanic Therapy Σαμπουάν Χαμομήλι & Μέλι 400ml,3.47
2025-11-07,762071,Aim Complete 8 Actions Οδοντόκρεμα Complete Protection 75ml,1.72
2025-11-07,762065,Colgate Οδοντόκρεμα Herbal Family Pack 150ml,2.87
2025-11-07,701211,Le Petit Marshellais Σαμπουάν Intense Repair Jojoba 300ml,2.32
2025-11-07,601213,Always Platinum Ultra Super 26τεμ,4.94
2025-11-07,718005,Aroma Κρέμα Χεριών & Ποδιών Τherapy 75ml,1.78
2025-11-07,715078,Lux Αφρόλουτρο Soft Rose 600ml,2.87
2025-11-07,718323,Echo Κρέμα Χεριών Σωληνάριο 75ml,1.37
2025-11-07,765186,Palette Κρέμα Βαφή Μαλλιών Ν7.1 Ξανθό Σαντρέ,3.75
2025-11-07,717013,Old Spice Whitewater Αποσμητικό Στικ Για Άντρες 50ml,2.99
2025-11-07,706530,Pom Pon Υγρά Μαντηλάκια Ντεμακιγιάζ 2x20τεμ,3.72
2025-11-07,712082,Colgate Οδοντόκρεμα Total Active Prevention Clean 75ml,2.19
2025-11-07,755051,Dove Αφρόλουτρο Fresh Care 720ml,3.29
2025-11-07,603003,Tampax Compak Pearl Super Ταμπόν 16τεμ,5.09
2025-11-07,602684,Libresse Fresh & Protect Long Σερβιετάκια 50τεμ,3.22
2025-11-07,714041,Lux Κρεμοσάπουνο Magical Orchid Ανταλλακτικό 750ml,2.55
2025-11-07,774226,Syoss Men Clean & Cool Επαγγελματικό Σαμπουάν 440ml,2.80
2025-11-07,717144,Borotalco Invisible Αποσμητικό Σώματος Roll On 50ml,3.12
2025-11-07,771038,Elvive Σαμπουάν Extraordinary Oil Coco Oil 400ml,3.90
2025-11-07,714119,Dove Κρεμοσάπουνο 250ml Με Αντλία,1.57
2025-11-07,702480,Botanic Therapy Conditioner Honey Treasures 200ml,2.86
2025-11-07,762366,Sensodyne Repair & Protection Extra Fresh Οδοντόκρεμα 75ml,4.45
2025-11-07,706265,Nivea Visage Απαλό Γαλάκτωμα Καθαρισμού Ξηρές- Ευαίσθητες 200ml,3.40
2025-11-07,706445,Liposan Classic 4-8gr,3.26
2025-11-07,712331,Listerine Total Care Στοματικό Διάλυμα 250ml,2.74
2025-11-07,712247,Colgate Herbal Οδοντόκρεμα 75ml,1.78
2025-11-07,719044,My Soft Ωτοκαθαριστές Σακουλάκι Με Χάρτινο Μπαστουνάκι 300τεμ,1.65
2025-11-07,717338,Dove Adv Talco Roll On Αποσμητικό Σώματος 50ml,2.86
2025-11-07,402194,Vitamin Well Hydrate 500ml,2.05
2025-11-07,767188,Fa Pink Passion Roll-On Αποσμητικό 50ml,2.35
2025-11-07,601109,Always Maxi Long 12τεμ,2.28
2025-11-07,712001,Listerine Teeth & Gum Στοματικό Διάλυμα Ήπια Γεύση 500ml,3.80
2025-11-07,704985,Flipper Gel Extra Δυνατό 250gr,2.50
2025-11-07,714150,Dettol Αντιβακτηριδιακό Υγρό Κρεμοσάπουνο Με Αντλία Soft On Skin 250ml,2.02
2025-11-07,611272,Septona Μαντίλια Αντιβακτηριδιακά 75% Ethanol 4x15τεμ,1.33
2025-11-07,707030,Gillette Skin Gel Ξυρίσματος Ultra Sensitive 200ml,3.73
2025-11-07,711045,Feel Good! Οδοντόβουρτσα Deep Clean Μαλακή 2τεμ,1.52
2025-11-07,611060,Dettol Πανάκια Προσωπικής Υγιεινής Χεριών Επιφανειών 2σε1 15τεμ,2.23
2025-11-07,771060,Orzene Σαμπουάν Για Λιπαρά Μαλλιά 400ml,4.43
2025-11-07,755096,Palmolive Naturals Καρύδα Αφρόλουτρο 650ml,2.72
2025-11-07,601137,Everyday Σερβιέτες Sensitive Ultra Plus Extra Long 10τεμ,2.55
2025-11-07,717475,STR8 Αποσμητικό Σώματος Wild Beat 150ml,5.18
2025-11-07,702845,Syoss Μάσκα Μαλλιών Intense Keratin 400ml,4.79
2025-11-07,717406,Noxzema Men Αποσμητικό Roll-On Minerals Dry Force 50 ml,2.42
2025-11-07,701125,Periogard Οδοντόκρεμα Προστασίας Ούλων & Λεύκανση 75ml,3.57
2025-11-07,717186,Nivea Men Αποσμητικό Σώματος Cool Kick Fresh Roll - On 50ml,2.71
2025-11-07,715457,Best Price Fruits & Vanilla Αφρόλουτρο 2lt,3.03
2025-11-07,709266,Gillette Venus Oceana Μιάς Χρήσης 3τεμ,5.40
2025-11-07,771517,Hd Lightweight Mask Structure μαλλιών 1000ml,6.72
2025-11-07,775865,Dove Αφρόλουτρο Anti-stress 600ml,3.21
2025-11-07,714074,Αρκάδι Κρεμοσάπουνο Ενυδατικό Ανταλλακτικό 500ml,3.56
2025-11-07,767029,Fa Men Αποσμητικό Σώματος Invisible Power 50ml,2.35
2025-11-07,713018,Dove Σαπούνι Shea Butter 90gr,1.00
2025-11-07,762137,Periogard Στοματικό Διάλυμα Προστασίας Ούλων 400ml,4.27
2025-11-07,701158,Periogard Οδοντόκρεμα Προστασία Ούλων 75ml,3.57
2025-11-07,771579,Le Petit Marseilais Σαμπουάν Fresh Detox 300ml,2.32
2025-11-07,701047,Ultrex Αδύναμα Σαμπουάν 360ml,3.82
2025-11-07,764422,Palmolive Υγρό Κρεμ/νο Αντ/κό Αμύγδαλο 750ml,1.90
2025-11-07,774501,Wellaflex Λακ Γεμάτα Πυκνά Μαλλιά 250ml,4.35
2025-11-07,767259,Fa Men Roll-On Sport Energy Boost 50ml,2.35
2025-11-07,711068,Oral-B Οδοντόβουρτσα White Mega Pack,1.77
2025-11-07,712084,Colgate Οδοντόκρεμα Total Active Prevention White 75ml,1.98
2025-11-07,711040,Aim Οδοντόβουρτσα Sensisoft Sensitive Μαλακή,2.36
2025-11-07,706057,Dettol 2Σε1 Spray Για Τα Χέρια & Επιφάνειες 90ml,2.97
2025-11-07,702394,Orzene Hair Conditioner Ξηρά Ταλαιπωρημένα 250ml,4.07
2025-11-07,755179,Palmolive Memories of Nature Flower Field Αφρόλουτρο 650ml,2.72
2025-11-07,775384,Le Petit Marseillais Coconut Αφρόλουτρο 650ml,2.47
2025-11-07,718429,Nivea Hand Intensive Care 75ml,1.82
2025-11-07,703834,Zan Sot Χάρτινη Λίμα,1.36
2025-11-07,716847,Aroma Body Milk Bio Honey & Yogurt 300ml,2.89
2025-11-07,775257,Arlem Κρεμοντούς Πορτοκάλι & Γιασεμί Αντλία 1000ml,2.50
2025-11-07,702876,Pantene Σαμπουάν Classic 800ml,5.97
2025-11-07,755055,Dove Αποσμητικό Σώματος Σπρέυ Invisible Fresh 150ml,2.81
2025-11-07,714080,Natura Κρεμοσάπουνο Roses & Musk Ανταλλακτικό 500ml,1.53
2025-11-07,714077,Noxzema Υγρό Κρεμοσάπουνο Rice Milk Ανταλλακτικό 750ml,2.00
2025-11-07,717440,Axe Αποσμητικό Σπρέυ Σώματος Black Vanilla 150ml,3.75
2025-11-07,771264,Head & Shoulders Σαμπουάν Classic Clean 625ml,4.96
2025-11-07,775634,Arlem Doypack Άνθη Ιβίσκου Κρεμοσάπουνο 1000ml,1.84
2025-11-07,715076,Lux Αφρόλουτρο Refreshing Lily 600ml,2.87
2025-11-07,771128,Head & Shoulders Derma X Sooth Cactus Σαμπουάν 300ml,3.49
2025-11-07,715026,Borotalco Αφρόλουτρο Οriginal 600ml,2.99
2025-11-07,713015,Aromatics In Box Tabac Σαπούνι 100gr,0.82
2025-11-07,756013,Nivea Κρέμα Χεριών Olive Oil 100ml,1.37
2025-11-07,709336,Gillette Labs Heated Ανταλλακτικά 8τεμ,9.99
2025-11-07,771682,Elvive Ολική Αναδόμηση 5 Σαμπουάν Αναδόμησης 400ml,3.90
2025-11-07,771704,Elvive Σαμπουάν Colorvive 700ml,5.53
2025-11-07,702872,Le Petit Marseillais Μάσκα Μαλλιών Nutrition Karite 370ml,4.33
2025-11-07,713041,Palmolive Milk & Honey Σαπούνι 4x90gr,2.45
2025-11-07,706475,Septona Υγρά Μαντηλάκια Ντεμακιγιάζ Dermasoft & Vitamin C 2x20τεμ,2.61
2025-11-07,602154,Everyday Extra Dry Extra Long Σερβιετάκια 44τεμ,4.30
2025-11-07,702807,HD Κρέμα Μαλλιών Structure Defense 330ml,3.37
2025-11-07,774004,Syoss Λακ Μαλλιών Max Hold Mini 75ml,2.23
2025-11-07,771121,Elvive Hydra Σαμπουάν Hyaluronic 700ml,5.53
2025-11-07,606007,Sani Premium Pants Εσώρουχα Ακράτειας Ν.3 Large 12τεμ,8.06
2025-11-07,706296,Bioten Scrub Red Berries 150ml,2.84
2025-11-07,704771,Wella Flex Αφρός Μαλλιών Εξαιρετικά Δυνατός 200ml,4.48
2025-11-07,706495,Bioten Clean Control Strip 6τεμ,2.98
2025-11-07,702864,Fructis Όρος Keratin Λείανσης & Λάμψη 50ml,7.98
2025-11-07,771472,Gliss Σαμπουάν Liquid Silk 400ml,2.40
2025-11-07,771449,Pantene Σαμπουάν Rose Water Lift & Volume 500ml,5.03
2025-11-07,725008,Feel Good! Ασετόν Για Ημιμόνιμο 250ml,1.68
2025-11-07,706099,Bioten Eye Patches Collagen 6gr,1.68
2025-11-07,712059,Parodontax Active Gum Repair Fresh Mint 75ml,3.83
2025-11-07,601386,Libresse Σερβιέτες Ultra X-Large Goodnight 8τεμ.,1.40
2025-11-07,762298,Colgate Max White Οδοντόβουρτσα Medium 2τεμ,1.79
2025-11-07,704059,Wellaflex Λακ Μεταξένιο Κράτημα 400ml,5.50
2025-11-07,756041,Nivea Αποσμητικό Σώματος Roll-On Ανδρικό Fresh Sensation 50ml,2.71
2025-11-07,767028,Fa Men Αποσμητικό Σώματος Sport Energy Boost 150ml,2.66
2025-11-07,702247,Botanic Therapy Conditioner Avocando 200ml,2.86
2025-11-07,756615,L'OREAL Μάσκα Προσώπου Revitalift Filler 30gr,2.20
2025-11-07,714239,Dettol Κρεμοσάπουνο Ανταλλακτικό Lavender 500ml,2.39
2025-11-07,709025,BIC Flex4 Ανδρικά Ξυραφάκια 3τεμ,5.06
2025-11-07,762175,Aim Οδοντόβουρτσα White Now Μέτρια,2.75
2025-11-07,762483,Aim Οδοντόβουρτσα Vertical Expert Μέτρια,2.22
2025-11-07,767425,Sanex Ζero % Extra Control Αποσμητικό Roll-On 50ml,5.50
2025-11-07,716600,Le Petit Marseillais Ενυδατικό Γαλάκτωμα Σώματος 250ml,3.67
2025-11-07,716526,Veet Αποτριχωτικο Κρυο Κερι Προσώπου 20τεμ,6.99
2025-11-07,711053,Colgate Οδοντόβουρτσα Slim Soft Δπλή Συσκευασία 2τεμ,3.01
2025-11-07,702831,Herbal Essences Conditioner Rose 250ml,3.51
2025-11-07,717340,Dove Αποσμητικό Σώματος Roll-On Advanced Invisible Dry 50ml,2.86
2025-11-07,709069,Gillette Mach3 Ξυραφάκια Ανταλλακτικά 5τεμ,14.97
2025-11-07,717311,Nivea Αποσμητικό Σώματος Γυναικείο Roll - On Fresh Cherry 50ml,2.71
2025-11-07,709424,Gillette Venus Spa Breeze Ανταλλακτικά 4τεμ,14.77
2025-11-07,765199,Palette Κρέμα Βαφή Μαλλιών Ν4 Καστανό,3.75
2025-11-07,716121,Dove Κρέμα Body Silk 300ml,4.61
2025-11-07,712076,Sensdyne Οδοντόκρεμα Clinical Repair Active Clean 75ml,5.60
2025-11-07,767032,Fa Αποσμητικό Σώματος Σπρέι Passionfruit 150ml,2.66
2025-11-07,715107,Axe Αφρόλουτρο Black 700ml,3.77
2025-11-07,706095,Bioten Micellar Water Hyaluronic Gold All Skin 400ml,3.47
2025-11-07,715077,Lux Αφρόλουτρο Secret Poppy 600ml,2.87
2025-11-07,775435,Fa Men Ντους Red Cedarwood 400ml,2.20
2025-11-07,751017,Fructis Σαμπουάν Vitamin & Strenght 400ml,3.78
2025-11-07,514178,Natura Απολυμαντικό One For All 470ml,3.98
2025-11-07,611015,ΜΕΓΑ Μάσκες Προστασίας Προσώπου Τύπου II Medium 5τεμ,0.98
2025-11-07,712018,Sensodyne Sensitive & Gum Whitening Οδοντόκρεμα 75ml,4.36
2025-11-07,706036,Nivea Μάσκα Περιποίησης Προσώπου Με Μέλι 2x7-5ml,1.20
2025-11-07,606136,Sani Maximizer Eνισχυτικό Επίθεμα Ακράτειας 20τεμ,6.68
2025-11-07,714621,Lactacyd Sensitive Λοσιόν Ευαίσθητη Περιοχή 200ml,3.59
2025-11-07,775469,Fa Foam Bath Cream & Oil Cacao & Coco 750ml,3.01
2025-11-07,774707,Syoss Λακ Volume Lift 400ml,5.30
2025-11-07,714137,Dove Κρεμοσάπουνο Ανταλλακτικό Silk 500ml,1.87
2025-11-07,712336,Oral-B 3D Arctic Fresh Οδοντόκρεμα 75ml,2.04
2025-11-07,711210,Colgate Οδοντικό Νήμα Total Pro Gum Health 50m,2.07
2025-11-07,716513,Veet Pure Αποτριχωτική Κρέμα για Ευαίσθητες Επιδερμίδες 100ml,6.00
2025-11-07,716427,Nivea Q10 Plus Κρέμα Σώματος Σύσφιξης 400ml,6.87
2025-11-07,709187,Gillette Blue III Smooth Ξυραφάκια Μιας Χρήσης 6τεμ,5.52
2025-11-07,712070,Oral-B Οδοντόκρεμα Pro Junior 6-12χρονών 75ml,1.69
2025-11-07,701197,Sanex Αφρόλουτρο Zero Sensitive 600ml,4.60
2025-11-07,606008,Sani Premium Pants Εσώρουχα Ακράτειας Ν.4 Extra Large 12τεμ,9.78
2025-11-07,606252,Sani Pants Lady N.2 Medium 12τεμ,6.70
2025-11-07,771720,Elvive Colorvive Purple Σαμπουάν 200ml,3.79
2025-11-07,606266,Tena Men Pants Plus Large Επιθέματα Ακράτειας 8τεμ,6.62
2025-11-07,601194,Always Platinum Ultra Super Plus 7τεμ,1.91
2025-11-07,765192,Palette Κρέμα Βαφή Μαλλιών N1 Μαύρο Μπλε,3.75
2025-11-07,767430,Axe Αποσμητικό Spray Apollo 150ml,3.10
2025-11-07,765165,Palette Κρέμα Βαφή Μαλλιών Ν2 Μαύρο,3.75
2025-11-07,757449,Nivea Deo B&W Silk Αποσμητικό Spray Γυναικείο 150ml,2.98
2025-11-07,711665,Colgate 360 Black Οδοντόβουρτσα Medium,2.57
2025-11-07,775892,Αromatics Αφρόλουτρο Ylang Ylang 2x650ml,5.86
2025-11-07,775831,Le Petit Marseillais Αφρόλουτρο Sensitives Ανθός Βαμβακιού 650ml,2.62
2025-11-07,514252,Dettol Αντιβακτηριδιακά Πανάκια Πράσινο Μήλο 30τεμ,1.73
2025-11-07,715095,Sanex Kids Αφρόλουτρο 475ml,2.13
2025-11-07,767018,Old Spice Aποσμητικό Σώματος Οasis Stick 50 ml,2.99
2025-11-07,714009,Lux Κρεμοσάπουνο Magical Orchid Αντλία 380ml,2.07
2025-11-07,771098,Orzene Σαμπουάν Αντλία Ξηρά Ταλαιπωρημένα Μαλλιά 750ml,6.48
2025-11-07,611994,Treellium Αντισηπτικό Gel Χεριών Βιοκτόνο 1 lt,6.99
2025-11-07,702234,Botanic Therapy Σαμπουάν Avocando 400ml,3.47
2025-11-07,601457,Feel Good! Σερβιέτες Ultra Plus Super Double Pack 20 τεμ,2.14
2025-11-07,762141,Aim Οδοντόβουρτσα Classic Fresh Μέτρια,1.97
2025-11-07,601389,Libresse Ultra Long Duo 16τεμ.,2.56
2025-11-07,767609,Noxzema Φυσική Αίσθηση Φρεσκάδας Roll-On 50ml,2.42
2025-11-07,718406,Nivea Κρέμα Χεριών 250ml,3.88
2025-11-07,775926,Septona Dermasoft Aφρόλουτρο Velvet Peach & Freesia 750ml,2.30
2025-11-07,702826,Pantene Conditioner Rose Water Lift & Vol. 160ml,3.09
2025-11-07,755036,Noxzema Mineral Sea Detox Αφρόλουτρο 750ml,3.06
2025-11-07,715097,Karavaki Αφρόλουτρο Άνθη Γιασεμιού & Περγαμόντο 750Ml,4.35
2025-11-07,771187,Wash & Go Σαμπουάν Για Κανονικά Μαλλιά 650 ml,4.06
2025-11-07,715084,Lux Αφρόλουτρο Alluring Cashmere 560ml,2.87
2025-11-07,717191,Noxzema Men Classic Αποσμητικό Σώματος Roll On 50ml,2.42
2025-11-07,706053,Garnier Υφασμάτινη Μάσκα Ματιών 6gr,1.69
2025-11-07,775240,Feel Good! Aroma Therapy Sensitive Αφρόλουτρο 750ml,1.71
2025-11-07,706048,Nivea Micellair Νερό Ντεμακιγιάζ Με Ροδόνερο 400ml,3.68
2025-11-07,717005,Nivea Men Deep Αποσμητικό Σώματος Spray 150ml,2.98
2025-11-07,712517,Sensodyne Multicare Οδοντόβουρτσα Medium,1.99
2025-11-07,765198,Palette Κρέμα Βαφή Μαλλιών Ν5 Καστανό Ανοιχτό,3.75
2025-11-07,712011,Parodontax Complete Protection White Οδοντόκρεμα 75ml,3.83
2025-11-07,751415,Elvive Σαμπουάν Δράση Αργινίνης 400ml,3.90
2025-11-07,714093,Septona Dermasoft Κρεμοσάπουνο Cotton & Milk 750ml,1.63
2025-11-07,702818,Pantene Κρέμα Mαλλιών Classic 500ml,5.97
2025-11-07,716218,Aroma Κρέμα Σώματος Avocado Coconut Jojoba 300ml,2.89
2025-11-07,756038,Nivea Αποσμητικό Σώματος Σπρέι Γυναικείο Black Pearl 150lml,2.98
2025-11-07,714061,Arlem Κρεμοσάπουνο Άνθη Αμυγδαλιάς Βαλβίδα 1000ml,2.29
2025-11-07,715070,Aromatics Ντους Love 600ml,4.55
2025-11-07,702163,Tresemme Keratin Smooth Conditioner 400ml,3.21
2025-11-07,606311,My Soft Ανοιχτές Πάνες Ακράτειας Νο2 Medium 15 τεμ,6.49
2025-11-07,704804,Got2b Extra Volume Dry Shampoo 200ml,3.73
2025-11-07,755422,Fa Foam Bath Mystic Moments Shea 750ml,3.01
2025-11-07,714144,Dettol Ενυδατικο Κρεμoσάπουνο Αντλία 250ml,2.02
2025-11-07,603206,O.B. Pro Comfort Mini 16τεμ,3.46
2025-11-07,653940,Nivea Κρεμώδες Αφρόλουτρο Creme Smooth 750ml,3.17
2025-11-07,775154,Dove Men Cool Fresh Ντους 400ml,2.30
2025-11-07,706246,Nivea Δροσιστικό Gel Καθαρισμού Προσώπου 150ml,3.71
2025-11-07,771473,Gliss Σαμπουάν Full Hair Wonder 400ml,2.40
2025-11-07,606273,Sani Fresh Pants Εσώρουχα Ακράτειας Ν.3 Large 14τεμ,9.98
2025-11-07,775834,Feel Good! Aroma Care Αφρόλουτρο Delight 750ml,1.71
2025-11-07,714073,Papoutsanis Αγνό Σαπούνι Φραγκόσυκο 150gr,1.08
2025-11-07,701200,Sanex Αφρόλουτρο Zero % Normak Skin 600ml,4.60
2025-11-07,756029,Bioten Tissue Mask Hyaluronic Gold 25ml,1.72
2025-11-07,715074,Lux Αφρόλουτρο Hypnotic Hibiscus 600ml,2.87
2025-11-07,601459,Feel Good! Σερβιέτες Ultra Plus Night Double Pack 20 τεμ,2.14
2025-11-07,767072,Noxzema Rollon αποσμητικό No-aroma 50ml,2.42
2025-11-07,716022,Bioten Xpress Absorb Κρέμα Χεριών 100ml,2.32
2025-11-07,719580,Durex Προφυλακτικά Classic 18τεμ,11.71
2025-11-07,709521,Gillette Venus Μηχανή & Ανταλλακτικά 2τεμ,7.14
2025-11-07,709004,Astor Ξυραφάκια 5Λεπίδες,1.75
2025-11-07,775927,Septona Dermasoft Aφρόλουτρο Honey & Ginger 750ml,2.30
2025-11-07,771381,Wash & Go Men 3in1 Σαμπουάν Vitamine C 360ml,2.69
2025-11-07,701181,Ultrex 3 In 1 Σαμπουάν Act Cool 360ml,3.97
2025-11-07,709032,BIC Miss Soleil Sensitive Aqua Colours Γυναικεία Απορριπτόμενα Ξυραφάκια 3 τεμ,3.82
2025-11-07,706334,Garnier Mask Black Pure Charcoal 28gr,1.75
2025-11-07,620949,Feel Good! Καλτσάκια 20D Μαύρο 2 ζευγάρια,1.30
2025-11-07,706442,Bioten Detox Gel Καθαρισμού 200ml,2.98
2025-11-07,756119,Bioten Collagen Μάσκα Προσώπου 20ml,1.72
2025-11-07,767817,Fa Sport Αποσμητικό Σώματος Spray 150ml,2.66
2025-11-07,601084,Always Σερβιέτες Ultra Night No3 Με Φτερά 7τεμ,1.91
2025-11-07,774710,Syoss Μους Curls 250ml,4.09
2025-11-07,755520,Noxzema Αφρόλουτρο Neutral 750ml,3.06
2025-11-07,771470,Herbal Essences Σαμπουάν Orange Scent 350ml,2.78
2025-11-07,714084,Palmolive Υγρό Κρεμοσάπουνο Aqua Ανταλλακτικό 900ml,2.48
2025-11-07,771349,TRESemme Σαμπουάν Clean Reprenish Λιπαρά 400ml,2.70
2025-11-07,526071,Cover Πάτοι Παπουτσιών Αντιβακτηριδιακοί Νο 36-46,2.68
2025-11-07,714072,Papoutsanis Αγνό Σαπούνι Εκλεκτά Βότανα 150gr,1.27
2025-11-07,602066,Always Daily Protect Long 0% Άρωμα Σερβιετάκια 28τεμ,2.15
2025-11-07,771195,Wash & Go 2in1 Σαμπουάν Classic 650 ml,4.06
2025-11-07,713028,Dove Σαπούνι Argan 4x90gr,3.59
2025-11-07,706068,Garnier Vitamin C Serum 30ml,7.66
2025-11-07,751018,Fructis Conditioner Vitamin & Strenght 200ml,2.91
2025-11-07,702439,Syoss Conditioner Deep Keratin 250ml,3.13
2025-11-07,771721,Elvive Dream Long Σαμπουάν 700ml,5.53
2025-11-07,606268,Tena Silhouette Plus Large Creme Πάνες Ακράτειας 8τεμ,6.62
2025-11-07,701067,Aroma Cream Shower Βιολογική Αλόη Ρόδι 750ml,2.60
2025-11-07,767672,Sanex Men Active Control Αποσμητικό Roll-On 50ml,5.50
2025-11-07,717937,Neutro Roberts Αποσμητικό Spray Powder Fresh 150ml,2.90
2025-11-07,767631,Old Spice Wolfthorn Αποσμητικό Στικ Για Άντρες 50ml,2.99
2025-11-07,762147,Aim Οδοντόκρεμα White System Enamel 75ml,1.71
2025-11-07,718404,Nivea Κρέμα Χεριών 75ml,1.60
2025-11-07,654188,Νυχοκόπτης Κλασσίκος Μεσαίος 20202,2.29
2025-11-07,712099,Oral-B Οδοντόκρεμα Complete Protect & Clean 75ml,2.18
2025-11-07,706477,Septona Υγρά Μαντηλάκια Ντεμακιγιάζ Orchid & Collagen 2x20τεμ,2.61
2025-11-07,712091,Colgate Οδοντόκρεμα Max Fresh Zesty Lime 75ml,2.26
2025-11-07,771390,Elvive Σαμπουάν Φροντίδα Glycolic Gloss 200ml,5.89
2025-11-07,715123,Nivea Αφρόλουτρο Κρεμώδες Creme Soft 650ml,2.76
2025-11-07,715118,Papoutsanis Aromatics Αφρόλουτρο Luminous Argan Oil 600ml,5.28
2025-11-07,712072,Feel Good! Οδοντόβουρτσα Deep Clean Μέτρια 2τεμ,1.52
2025-11-07,765038,Palette Κρέμα Βαφή Μαλλιών No.7.77 Ξανθό Έντονο Χάλκινο,3.75
2025-11-07,775664,Fa Αφρόλουτρο Yohgurt Aloe Vera 750ml,3.01
2025-11-07,757454,Nivea Black&White Ultimate Impact Αποσμ. Σώματος Roll On 50ml,2.71
2025-11-07,606872,Slipad Lady Σερβιέτες Ελαφράς Ακράτειας Super 10 τεμ.,3.59
2025-11-07,709245,Gillette Venus Treasures Μιάς Χρήσης 3τεμ,5.40
2025-11-07,775645,Best Price Κρεμόλουτρο Coconut 1 lt,1.80
2025-11-07,601151,EveryDay Σερβιέτες Sensitive Ultra Plus Super With Cotton 10τεμ,2.13
2025-11-07,714151,Dettol Αντιβακτηριδιακό Υγρό Κρεμοσάπουνο Με Αντλία Soft On Skin Mέλι 250ml,2.02
2025-11-07,765894,Palette Κρέμα Βαφή Μαλλιών Ν7.65 Λαμπερή Μόκα,3.75
2025-11-07,923608,Lifoplus Γάντι Μπάνιου Mini N.401330,2.40
2025-11-07,712097,Sensodyne Οδοντόκρεμα Clinical White 75ml,5.63
2025-11-07,603002,Tampax Compak Pearl Regular Ταμπόν 16τεμ,5.09
2025-11-07,704022,Pantene Λακ Έξτρα Δυνατό Κράτημα 250ml,3.95
2025-11-07,762000,Mastic Origins Οδοντόκρεμα C.M.I.L.E 75ml,3.03
2025-11-07,701046,Ultrex Cool Sport Σαμπουάν 360ml,3.82
2025-11-07,751474,Fructis Σαμπουάν Coconut Water 400ml,3.78
2025-11-07,755064,Palmolive Αφρόλουτρο Naturals Ελιά 650ml,2.72
2025-11-07,603208,O.B. Normal 16τεμ,4.25
2025-11-07,704659,Wellaflex Αφρός Μαλλιών Για Λάμψη 200ml,4.48
2025-11-07,601150,EveryDay Σερβιέτες Sensitive Ultra Plus Normal 10τεμ,2.13
2025-11-07,602153,Everyday Extra Dry Large Σερβιετάκια 50τεμ,4.05
2025-11-07,702819,Pantene Kρέμα Μαλλιών Χρώμα & Προστασία 230ml,3.59
2025-11-07,771435,Pantene Σαμπουάν Lift & Volume 250ml,3.47
2025-11-07,712073,Colgate Οδοντόκρεμα Herbal White 150ml,2.87
2025-11-07,771297,Head & Shoulders Σαμπουάν Citrus Fresh 625ml,4.99
2025-11-07,602379,Carefree Flexiform Σερβιετάκια 56τεμ,2.51
2025-11-07,702661,Botanic Therapy Conditioner Charcoal 200ml,2.14
2025-11-07,707003,Gillette Series Gel Ξυρίσματος Cleansing Charcoal 200ml,3.39
2025-11-07,714043,Papoutsanis Karavaki Κρεμοσάπουνο Pump Classic 330ml,1.87
2025-11-07,714042,Dove Silk Κρεμοσάπουνο Ανταλλακτικό 750ml,2.62
2025-11-07,601010,Always Ultra Normal 9τεμ,1.91
2025-11-07,701243,Nivea Q10 Energy Υφασμάτινη Μάσκα Αναπλήρωσης Ενέργειας 1 Τεμάχιο,1.64
2025-11-07,606267,Tena Silhouette Plus Medium Creme Πάνες Ακράτειας 9τεμ,6.62
2025-11-07,755249,Palmolive Naturals Καμέλια Αφρόλουτρο 650ml,2.72
2025-11-07,716845,Aroma Body Butter Bio Honey & Yogurt 200ml,2.85
2025-11-07,716848,Aroma Body Milk Ελαιόλαδο & Βάλσαμο 300ml,2.89
2025-11-07,765727,Palette Κρέμα Βαφή Μαλλιών Ν3 Καστανό Σκούρο,3.75
2025-11-07,712014,Parodontax Gums & Teeth Οδοντόβουρτσα Μαλακή,2.25
2025-11-07,767334,Sanex Zero% Respect & Control Αποσμητικό Roll-on 50ml,5.50
2025-11-07,606651,Tena Slip Super Medium Πάνες Ενηλίκων 25τεμ,20.96
2025-11-07,765898,Palette Κρέμα Βαφή Μαλλιών Ν6.68 Σοκολατί,3.75
2025-11-07,754361,Wellaflex Αφρός Όγκου Πολύ Δυνατός 200ml,4.48
2025-11-07,711067,Oral-B Παιδική Οδοντόρβουτσα 6-12 Χρονών,1.66
2025-11-07,755073,Fa Shower Gel Cream & Oil Mangolia 250ml,1.54
2025-11-07,771419,Herbal Σαμπουάν Coconut Milk 350ml,2.78
2025-11-07,712092,Colgate Οδοντόκρεμα Fruit Fusion Watermelon 75ml,2.26
2025-11-07,771417,Pantene Σαμπουάν Απαλά & Μεταξένια 400ml,3.59
2025-11-07,713034,Papoytsanis Aromatics Σαπούνι Box Λεβάντα 4x100gr,2.59
2025-11-07,717331,Dove Men Αποσμητικό Σώματος Σπρέι Advanced Invisible Fresh 150ml,3.11
2025-11-07,606360,TENA Lights Normal Σερβιετάκια Ακράτειας 24τεμ,2.38
2025-11-07,701160,Botanic Therapy Kids Σαμπουάν & Μαλακτική Κρέμα 400ml,3.42
2025-11-07,712214,Oral-B Οδοντόκρεμα Gum & Enamel Original 75ml,3.24
2025-11-07,771058,Elvive Extraordinary Jojoba Σαμπουάν 400ml,3.90
2025-11-07,706443,Bioten Micellar Νερό Καθαρισμού Dry 100ml,1.22
2025-11-07,754039,Elive Σαμπουάν Growth Booster 200ml,5.89
2025-11-07,775909,Dove Αποσμητικό Σώματος Σπρέυ Adv Dragonfruit 150ml,3.11
2025-11-07,712087,Colgate Οδοντόκρεμα Total Active Prevention Sensitive 75ml,2.11
2025-11-07,767025,Dove Αποσμητικό Σωμ. Spray Advanced Care Mat 150ml,3.11
2025-11-07,762047,Colgate Οδοντόκρεμα Max White Ultra Action Foam 75ml,3.51
2025-11-07,713013,Aromatics In Box Love Σαπούνι 100gr,0.82
2025-11-07,606113,Always Secure Night Pants 3τεμ,2.91
2025-11-07,771063,Orzene Σαμπουάν Βαμμένα Μαλλιά Αντλία 750ml,6.48
2025-11-07,762345,Colgate Sensitive Instant Relief Οδοντόκρεμα Repair & Prevent 75ml,2.66
2025-11-07,706291,Dettol Αντισηπτικό Gel Χεριών 200ml,3.71
2025-11-07,714120,Le Petit Marseillais Υγρό Κρεμοσάπουνο Ανταλλακτικό Γάλα 250ml,0.99
2025-11-07,620964,Feel Good! Καλτσάκια 20D Κάραμελ 2 ζευγάρια,1.30
2025-11-07,751823,Feel Good! Σαμπουάν Λιπαρά Μαλλιά 400ml,2.11
2025-11-07,710863,Old Spice Captain Clear Gel 70ml,2.99
2025-11-07,717888,STR8 Ahead Αποσμητικό Σώματος Spray 150ml,5.18
2025-11-07,706301,Garnier Naturals Ντεμακιγιάζ Ματιών 2 σε 1 125ml,2.96
2025-11-07,653372,Vaseline Aloe Soothe Λοσιόν Σώματος 200ml,3.91
2025-11-07,762875,Colgate Max White Expert Original Οδοντόκρεμα 75ml,2.72
2025-11-07,762333,Corega Extradent Κάψουλα Οδοντοστοιχίας,7.54
2025-11-07,704571,L'OREAL Styling Studio Line FX Ρευστό Gel Extra Δυνατό 150ml,4.07
2025-11-07,762078,ΑΙΜ Οδοντόκρέμα White Now Forever Young 75ml,2.99
2025-11-07,775910,Axe Αποσμητικό Σώματος Cocoa Velvet 150ml,3.75
2025-11-07,775907,Axe Αφρόλουτρο Sunset Fresh 400ml,2.39
2025-11-07,715124,Karavaki Αφρόλουτρο Μέλι & Βιολέτα 750ml,4.35
2025-11-07,702820,Pantene Κρέμα Μαλλιών Classic 230ml,3.59
2025-11-07,702822,Herbal Conditioner Argan Oil 250ml,3.50
2025-11-07,775844,Dove Αφρόλουτρο Silky Velvet 250ml,1.53
2025-11-07,709464,Gillette Blue 3 Plus Comfort Ξυραφάκια Μιας Χρήσης 3τεμ,3.30
2025-11-07,712044,Parodontax Οδοντόκρεμα Gum + Breath White 75ml,3.83
2025-11-07,717704,STR8 Αποσμητικό Σώματος Σπρέυ Fr34k 150ml,5.18
2025-11-07,751744,Gliss Split Hair Σαμπουάν 400ml,2.40
2025-11-07,717155,Borotalco Active Sea Salts Fresh Αποσμητικό Spray 150ml,3.30
2025-11-07,706049,Nivea Micellair Gel Ντεμακιγιάζ Με Ροδόνερο 150ml,3.49
2025-11-07,717215,Valley Spray Ylang Ylang 100ml,4.02
2025-11-07,716860,Aroma Κρέμα Χεριών Ελαιόλαδο & Βάλσαμο 200ml,2.78
2025-11-07,762482,Aim Οδοντόβουρτσα Vertical Expert Μαλακή,2.36
2025-11-07,602124,EveryDay Σερβιετάκια Extra Dry Large 30τεμ,2.59
2025-11-07,704829,Fructis Style Gel Μαλλιών Extra Δυνατό 200ml,7.19
2025-11-07,762337,Sensodyne Complete Protection Οδοντόβουρτσα Soft,2.09
2025-11-07,710408,Nivea Men After Shave Sensitive 100ml,5.97
2025-11-07,762075,Parodontax Οδοντόκρεμα Strengthen & Protect 120ml,3.83
2025-11-07,702838,Pantene 7in1 Rose Water 145ml,10.46
2025-11-07,771460,Pantene Σαμπουάν Ενυδάτωσης & Λάμψη 250ml,3.47
2025-11-07,712077,Sensdyne Οδοντόκρεμα Clinical Repair White 75ml,5.85
2025-11-07,702796,Botanic Therapy Μάσκα Μαλλιών Rice Water 200ml,2.86
2025-11-07,775866,Dove Αφρόλουτρο Fruit Nour 720ml,3.29
2025-11-07,601158,Always Sensitive Ultra Night 14τεμ,3.07
2025-11-07,601226,Always Platinum Ultra Normal 30τεμ,4.94
2025-11-07,719203,Johnson's Cotton Buds 200τεμ,1.79
2025-11-07,701180,Ultrex 3 In 1 Σαμπουάν Act Clean 360ml,3.97
2025-11-07,711000,Periogard Οδοντόβουρτσα Προστασία Ούλων,2.81
2025-11-07,775424,Palmolive Memories of Nature Sunset Relax Αφρόλουτρο 500ml,1.99
2025-11-07,704018,Feel Good! Μάσκα Μαλλιών 250ml,1.98
2025-11-07,767332,Sanex Zero% Invisible Αποσμητικό Roll-on 50ml,5.50
2025-11-07,704803,Got2b Shampoo Extra Fresh Dry 200ml,3.73
2025-11-07,701044,Ultrex 24hour Fresh Σαμπουάν 360ml,3.82
2025-11-07,602680,Libresse Σερβιετάκια Dailyfresh Normal 64τεμ,3.32
2025-11-07,601082,Always Σερβιέτες Ultra Long No2 Με Φτερά 8τεμ,1.91
2025-11-07,654224,Zan Sot Κλάμερ Classic Μεσαίο 17402,1.60
2025-11-07,756493,Liposan Hydrocare 4.8gr,3.20
2025-11-07,714334,Ecos Βιολογικό Λεμονόχορτο Κρεμοσάπουνο 500ml,2.71
2025-11-07,716294,Vaseline Petroleum Jelly 100ml,3.99
2025-11-07,775933,La Petit Marseillais Αφρόλουτρο Rice Milk Jasmine 400ml,1.85
2025-11-07,702873,Botanic Therapy Conditioner Xαμομήλι & Μέλι 200ml,2.86
2025-11-07,771360,Syoss Σαμπουάν Volume 440ml,2.81
2025-11-07,771347,TRESemme Σαμπουάν Color Revitalise Για Βαμμένα 400ml,2.70
2025-11-07,716571,Hellenia Aloe Vera Αποτριχωτικές Ταινίες Προσώπου 20τεμ,2.47
2025-11-07,755035,Noxzema Mineral Hyalucare Αφρόλουτρο 750ml,3.06
2025-11-07,702648,Botanic Therapy Μάσκα Μαλλιών Honey 340ml,5.42
2025-11-07,713026,Dove Σαπούνι Shea 4x90gr,3.59
2025-11-07,775210,Axe Ice Chill Αφρόλουτρο 400ml,2.39
2025-11-07,606255,Sani Pants Lady No3 Large 12τεμ,7.89
2025-11-07,716499,Nivea Aloe Hydration Body Lotion 250ml,3.74
2025-11-07,715431,Axe Αφρόλουτρο Black 400ml,2.39
2025-11-07,719685,Durex Προφυλακτικά PleasureMax 12τεμ,11.05
2025-11-07,707157,Gillette Classic Regular Αφρός Ξυρίσματος 200ml,2.34
2025-11-07,718450,Nivea Men Κρέμα 75ml,2.81
2025-11-07,923735,Zan Sot Σφουγγάρι Διπλό Μεσαίο,2.99
2025-11-07,717038,Nivea Talc Sensation Spray Αποσμητικό 150ml,2.98
2025-11-07,923323,Zan Sot Ελαφρόπετρα,1.85
2025-11-07,716021,Bioten Beloved Vanilla Κρέμα Σώματος 250ml,6.30
2025-11-07,601236,Everyday Σερβιέτες Double Dry Ultra Plus Maxi Night 8τεμ,2.08
2025-11-07,654207,Zan Sot Λάστιχο Μαλλιών Ύφασμα 18136,1.36
2025-11-07,602102,EveryDay Extra Dry Normal Σερβιετάκια 20τεμ,1.47
2025-11-07,707401,Nivea Men Αφρός Ξυρίσματος Κανονικά 200ml,4.20
2025-11-07,718013,Bioten Hyaluronic Κρέμα Χεριών 100ml,2.64
2025-11-07,715129,Palmolive Αφρόλουτρο Aroma Essence Relax 220ml,1.48
2025-11-07,751032,Fructis Σαμπουάν Keratin Λείανσης & Λάμψη 200ml,4.39
2025-11-07,712078,Colgate Οδοντόκρεμα Τotal Plaque White 75ml,2.19
2025-11-07,775848,Dove Αφρόλουτρο Hydrate 250ml,1.52
2025-11-07,775832,Le Petit Marseillais Αφρόλουτρο Universal 650ml,2.47
2025-11-07,771309,Head & Shoulders Σαμπουάν Coconut Βαθιά Ενυδάτωση 330ml,3.49
2025-11-07,775067,Johnson's Αφρόλουτρο Oil Infusion 400ml,2.00
2025-11-07,719415,Hansaplast Επιθέματα Ελαστικά 20τεμ,3.03
2025-11-07,611965,Natura Αντισηπτικό Gel 80ml,1.06
2025-11-07,702149,Tresemme Biotin Conditioner Ταλαιπωρημένα Μαλλιά 400ml,3.21
2025-11-07,601091,Always Ultra Secure Night 6τεμ,1.91
2025-11-07,701080,Nivea Cellular Filler Υφασμάτινη Μάσκα Αναπλήρωσης,1.79
2025-11-07,701066,Aroma Body Butter Αλόη & Ρόδι 200ml,2.85
2025-11-07,711008,Colgate Bamboo Μαλακή Οδοντόβουρτσα,2.70
2025-11-07,701110,L'OREAL Men Expert Carbon Protect Αποσμητικό Roll On 50ml,3.08
2025-11-07,716693,Veet Αποτριχωτικό Κρύο Κερί Ταινίες Προσώπου Υποαλλεργική Σύνθεση 16τεμ,7.08
2025-11-07,771228,Batiste Dry Shampoo Original 200ml,6.07
2025-11-07,775250,Arlem Κρεμοσάπουνο Άνθη Ιβίσκου Αντλία 1000ml,2.29
2025-11-07,716846,Aroma Body Butter Ελαιόλαδο & Βάλσαμο 200ml,2.79
2025-11-07,709418,Gillette Blue II Plus Slalom Sensitive Skin Ξυραφάκια 10τεμ,7.98
2025-11-07,718430,Atrix Εντατική Ενυδατική Κρέμα Χεριών 150ml,4.39
2025-11-07,654209,Λίμα Νυχιών 16cm 20303,2.48
2025-11-07,706480,Septona Υγρά Μαντηλάκια Ντεμακιγιάζ Coconut Water 2x20τεμ,2.61
2025-11-07,767035,Old Spice Αποσμητικό Σώματος Epic Legend Stick Για Άνδρες 50ml,2.99
2025-11-07,712083,Colgate Οδοντόκρεμα Total Active Prevention Plus Enamel Strength 75ml,2.19
2025-11-07,716408,Le Petit Marshellais Κρέμα Σώματος Μονόι 380ml,5.07
2025-11-07,762070,Aim Complete 8 Actions Οδοντόκρεμα Ultra White 75ml,1.73
2025-11-07,716401,Dove Κρέμα Σώματος Silky Petal 300ml,4.79
2025-11-07,771382,Syoss Σαμπουάν Color 440ml,2.81
2025-11-07,702722,Gliss Conditioner Σπρέυ Ultimate Repair 200ml,3.95
2025-11-07,715105,L'oreal Men Exp. Αφρόλουτρο Barber Cl. 400ml.,2.82
2025-11-07,756035,Nivea Αποσμητικό Σώματος Σπρέι Γυναικείο Fresh Sensation 150ml,2.98
2025-11-07,709417,Gillette Blue 3 Plus Red Ξυραφάκια Μιας Χρήσης 6τεμ,5.10
2025-11-07,771062,Orzene Σαμπουάν Για Βαμμένα Μαλλιά 400ml,4.43
2025-11-07,774103,Syoss Color Επαγγελματικό Conditioner 440μλ,3.14
2025-11-07,606870,Slipad Pants Εσώρουχα Ακράτειας X-Large 10τεμ,7.48
2025-11-07,717129,Axe Mojito Ντους 400ml,2.39
2025-11-07,709048,BIC Soleil Click 3 Ξυριστική Μηχανή Sensitive (+2 Ανταλλακτικά),3.89
2025-11-07,775498,Nivea Men Gel Energy Ντους 500ml,2.73
2025-11-07,603207,O.B. Super 16τεμ,4.62
2025-11-07,756511,L'OREAL Κρέμα Ημέρας Τριπλή Φροντίδα Καν/κές Μικτές Επιδ/δες 50ml,5.02
2025-11-07,706215,Bioten Ενυδατική Κρέμα Ημέρας Κανονική Μικτή Επιδερμίδα 50ml,4.06
2025-11-07,717434,Axe Αποσμητικό Σώματος Σπρέυ Blue Lavender 150ml,3.75
2025-11-07,713713,Nature Σαπούνι Έλαιο Νυχτολούλουδο 100gr,1.97
2025-11-07,775749,Le Petit Marseillais Αφρόλουτρο Tiare 250ml,1.33
2025-11-07,725005,Tai Ασετόν 85% Pump 200ml,2.89
2025-11-07,662420,Oral-B Στοματικό Διάλυμα Gum % Enamel 500ml,3.99
2025-11-07,712086,Listerine Στοματικό Διάλυμα Advance White 500ml,3.86
2025-11-07,602143,Feel Good! Σερβιετάκια Large 28 τεμ,1.70
2025-11-07,716498,Nivea Aloe Hydration Body Lotion Αντλία 400ml,5.17
2025-11-07,717002,Axe Gold Αποσμητικό Σώματος Spray 150ml,3.10
2025-11-07,765194,Palette Κρέμα Βαφή Μαλλιών Ν9 Ξανθό Πολύ Ανοιχτό,3.75
2025-11-07,754776,Syoss Gel Max Hold 250ml,5.02
2025-11-07,702150,Mea Natura Olive Vitality & Shine Conditioner 300ml,3.62
2025-11-07,702521,Elvive Extraordinary Oil Λάδι Μαλλιών Βαμμένα μαλλιά 100ml,7.37
2025-11-07,709443,Gillette Venus 3 Plus Ανταλλακτικά Μιάς Χρήσης 4τεμ,12.46
2025-11-07,601119,EveryDay Σερβιέτες Sensitive Ultra Plus Maxi Night 10τεμ,2.13
2025-11-07,716983,Carnaby Αποτριχωτικό Κερί Ζεστό 60gr,4.95
2025-11-07,706402,Liposan Cherry 4-8gr,3.26
2025-11-07,775913,Vidal Shower Gel Milky Vanilla 2x750ml,4.80
2025-11-07,702809,Elvive Conditioner Glycolic Gloss 150ml,5.89
2025-11-07,775893,Papoutsanis Aromatics Αφρόλουτρο Cotton Feel 2x650ml,5.86
2025-11-07,706142,Bioten Eye Patches Hydro X-Cell 6gr,1.68
2025-11-07,706132,Liposan Hyaluron Lip Moisture 4-8gr,3.34
2025-11-07,701202,Sanex Αφρόλουτρο Zero 0% Dry Skin 600ml,4.60
2025-11-07,704023,Pantene Λακ Πλούσιο Όγκο 250ml,3.95
2025-11-07,706096,Nivea Derma Skin Clear Gel Κατα Των Πόρων 150ml,3.49
2025-11-07,620314,Pro Κάλτσες Ανδρικές Κοντές 3 Ζεύγη,2.50
2025-11-07,714008,Lux Κρεμοσάπουνο Velvet Jasmine Ανταλλακτικό 750ml,2.55
2025-11-07,702579,Elvive Hydra Μάσκα Μαλλιών Hyaluronic 300ml,6.82
2025-11-07,709055,Gillette Proglide Ανταλλακτικά 4τεμ,19.49
2025-11-07,611793,Wet Hankies Υγρά Μαντήλια Αντιβακτηριδιακά Extra Safe 12τεμ,0.63
2025-11-07,756133,Nivea Ενυδατική Κρέμα Ημέρας Με Ροδόνερο 50ml,4.93
2025-11-07,709284,Gillette Venus Sensitive Γυναικεία Μιας Χρήσης 3 Τεμάχια,5.40
2025-11-07,701036,Ultrex Γυναικείο Σαμπουάν Για Όλους Τους Τύπους Μαλλιών 360ml,3.82
2025-11-07,704225,Pantene Pro-V Μάσκα Απαλά & Μεταξένια 2 Λεπτών 300ml,6.18
2025-11-07,709425,Gillette Venus Spa Breeze Μηχανή & 2 ανταλλακτικά,8.43
2025-11-07,703825,Zan Sot Ψαλιδάκι Νυχιών,4.90
2025-11-07,765190,Palette Κρέμα Βαφή Μαλλιών N6.65 Έντονο Κόκκινο,3.75
2025-11-07,706086,Garnier Κρέμα Ημέρας Vitamin C 50ml,5.34
2025-11-07,601141,EveryDay Σερβιέτες Sensitive Ultra Plus Mini 10τεμ,1.89
2025-11-07,706548,Feel Good Μαντιλάκια Ντεμακιγιάζ Υαλουρονικό 20τεμ,0.87
2025-11-07,714095,Septona Dermasoft Κρεμοσάπουνο Organic Honey & Ginger 400ml,1.31
2025-11-07,713040,Palmolive Natural Olive Σαπούνι 4x90gr,2.45
2025-11-07,775859,Dove Αφρόλουτρο Hydrate 450ml,2.58
2025-11-07,653856,L'oreal De Revit Laser Κρέμα Ματιών 15ml,16.59
2025-11-07,725006,Τai Ασετόν Oil Με Βαλβίδα 200ml,2.89
2025-11-07,755025,Fa Αφρόλουτρο Oriental Moments 750ml,3.01
2025-11-07,767017,Old Spice Αποσμητικό Σώματος Night Panther Spray 150ml,2.97
2025-11-07,702306,Orzene Μάσκα Μαλλιών Ξηρά Ταλαιπωρημένα 350ml,7.89
2025-11-07,714056,Αρκάδι Κρεμοσάπουνο Αντλία 500ml,4.19
2025-11-07,702716,Gliss Supreme Length Conditioner 200ml,2.05
2025-11-07,775367,Johnson's Vita-Rich S&N Αφρόλουτρο 750ml,2.75
2025-11-07,771225,Batiste Dry Shampoo Heavenly Volume 200ml,6.07
2025-11-07,767671,Sanex Dermo Sensitive Aποσμητικό Roll On 50ml,5.50
2025-11-07,765778,Palette Κρέμα Βαφή Μαλλιών Ν4.66 Καστανό Έντονο Κόκκινο,3.75
2025-11-07,774725,Syoss Keratin Αφρός Μαλλιών 250ml,4.09
2025-11-07,757450,Nivea Deo B&D Silk Roll On Γυναικείο 50ml,2.71
2025-11-07,767636,Old Spice Whitewater Αποσμητικό Spray Για Άντρες 150ml,2.99
2025-11-07,707403,Nivea Men Gel Ξυρίσματος Sensitive 200ml,6.30
2025-11-07,775254,Arlem Κρεμοντούς Λάιμ & Καρύδα Αντλία 1000ml,2.50
2025-11-07,707422,Nivea Men Απαλό Gel Ξυρίσματος 200ml,5.91
2025-11-07,980907,Remington Σετ Ανδρικής Περίποιησης,40.80
2025-11-07,606229,Tena Pants Plus Medium Εσώρουχα Ακράτειας 24τεμ,13.05
2025-11-07,702499,Pantene Leave In Spray Ενυδάτωση 150ml,5.03
2025-11-07,767085,Fa Αποσμητικό Σώματος Invisible Fresh Roll On 50ml,2.35
2025-11-07,775182,Dove Care & Protect Κρεμοσάπουνο Αντλία 250ml,1.57
2025-11-07,771077,Tresemme Biotin Σαμπουάν Ταλαιπωρημένα 400ml,2.70
2025-11-07,606319,Always Discreet Boutique Medium Pants 9τεμ,10.29
2025-11-07,714519,Le Petit Marseillais Men Αφρόλουτρο Σαγκουίνι & Σαφράν 400ml,1.79
2025-11-07,716304,Johnson's Baby Lotion 300ml,2.58
2025-11-07,703842,ZanSot Ξύλινη Ράσπα Ποδιών,4.99
2025-11-07,707446,Nivea Men Originals Αφρός Ξυρίσματος 250ml,4.74
2025-11-07,703826,Zan Sot Νυχοκόπτης Κλασσικός Μεγάλος,3.10
2025-11-07,710921,Μυρτώ Κολώνια Λεμόνι 200ml,6.94
2025-11-07,719581,Durex Προφυλακτικά Sensitive 18τεμ,14.44
2025-11-07,662425,Oral-B Professional Protection Στοματικό Διάλυμα 500ml,4.30
2025-11-07,709408,Gillette Blue Ii Slalom Ξυραφάκια Mε Κινούμενες Κεφαλή 5τεμ,3.99
2025-11-07,709509,Gillette Fusion Manual Ανταλλακτικά 4τεμ,17.44
2025-11-07,762082,Αim Οδοντόκρεμα 3 In 1 Glow 75ml,2.99
2025-11-07,775928,Septona Dermasoft Αφρόλουτρο Cotton 400ml,1.51
2025-11-07,711066,Oral -B Παιδική Οδοντόβουρτσα 0-6 Χρονών,1.66
2025-11-07,717460,Axe Αποσμητικό Σώματος Sunset Fresh 150ml,3.10
2025-11-07,715117,Old Spice Αφρόλουτρο Rockstar 400ml,3.10
2025-11-07,717437,Dove Αποσμητικό Σώματος Σπρέυ Advance Calming Blossom 150ml,3.11
2025-11-07,706138,Bioten Gel Καθαρισμού Hydro X-Cell 200ml,2.98
2025-11-07,767027,Fa Αποσμητικό Σώματος Σπρέι Invisible Sensitive 150ml,2.66
2025-11-07,767021,Dove Men Αποσμητικό Σώματος Σπρέι Advanced Cool 150ml,3.11
2025-11-07,712037,Listerine Στοματικό Διάλυμα Collmint 500ml,3.90
2025-11-07,775607,Fa Men Energy Boost Ντους 400ml,2.20
2025-11-07,712023,Oral B Calm Οδοντόκρεμα Original 75ml,3.69
2025-11-07,711124,Piksters Eco Floss Picks Charcoal 30τεμ,3.99
2025-11-07,717516,B.U. Hidden Paradise Αποσμητικό Σπρέυ 150ml,5.09
2025-11-07,706441,Bioten Gel Καθαρισμού Κανονικό 200ml,2.98
2025-11-07,710848,Old Spice Captain Αποσμητικό Σώματος Σπρέυ 150ml,2.99
2025-11-07,762513,Oral-B Ανταλλακτικά Οδοντόβουρτσας Kids,10.59
2025-11-07,704523,Wellaflex Λακ Invisible Hold Πολύ Δυνατό 400ml,5.52
2025-11-07,755529,Noxzema Pure 0% Αφρόλουτρο 750ml,3.06
2025-11-07,718405,Nivea Κρέμα Χεριών 150ml,2.61
2025-11-07,711071,Aim Οδοντόρβουτσα White system Μέτρια 2τεμ,4.01
2025-11-07,715126,Karavaki Papoutsanis Men 3in1 Volcanic Energy Με ενεργό Άνθρακα 550ml,4.49
2025-11-07,706494,Bioten Tissue Mask Glow Expert 4D 1Picks,1.68
2025-11-07,775911,Vidal Shower Gel Argan 2x750ml,4.80
2025-11-07,771374,Fructis Damage Eraser Conditioner 200ml,2.20
2025-11-07,704045,Schwarzkopf Mousse Μαλλιών Για Μπούκλες 200ml,4.64
2025-11-07,711042,Colgate Max White Οδοντόβουρτσα Charcoal 2τεμ,2.49
2025-11-07,716234,Le Petit Marseillais Κρέμα Σώματος Λουλούδι Tiare 250ml,3.86
2025-11-07,756037,Nivea Αποσμητικό Σώματος Roll-On Γυναικείο Fresh Sensation 50ml,2.71
2025-11-07,756040,Nivea Αποσμητικό Σώματος Σπρέυ Γυναικείο Cherry 150ml,2.98
2025-11-07,709413,Gillette Blue 3 Plus RedΞυραφάκια Μιας Χρήσης 3τεμ,2.99
2025-11-07,775769,Arlem Κρεμοντούς Άνθη Βαμβακιού 1000ml,2.50
2025-11-07,714049,Le Petit Marseillais Scrub Σώματος 150gr,3.37
2025-11-07,702307,Orzene Hair Conditioner Βαμμένα 250ml,4.07
2025-11-07,606166,Sani Men Απορροφητικό Προστατευτικό Ακράτειας L.2 Medium 10τεμ,3.40
2025-11-07,762035,Sensodyne Οδοντόβουρτσα Sensitivity & Gums Soft,2.09
2025-11-07,606323,Always Discreet Σερβιέτες Ακράτειας Normal 12τεμ,4.54
2025-11-07,767816,Fa Sport Αποσμητικό Σώματος Roll On 50ml,2.35
2025-11-07,606186,Tena Men Επιθέματα Ακράτειας Level 3 - 8 τεμ,3.63
2025-11-07,706624,L'OREAL Revitalift Laser Κρέμα Ημέρας SPF20 50ml,16.59
2025-11-07,771227,Batiste Dry Shampoo Fresh 200ml,6.07
2025-11-07,702380,Elvive Μάσκα Colorvive 300ml,6.82
2025-11-07,923001,Zan Sot Σφουγγάρι Τύπου Θαλάσσης,1.99
2025-11-07,705595,L'OREAL Excellence Cream No 6 Ξανθό Σκούρο 48ml,6.42
2025-11-07,662440,Listerine Advance Tartar Στοματικό Διάλυμα 250ml,2.74
2025-11-07,706241,Nivea Face Γαλάκτωμα Καθαρισμού 200ml Καν/κές & Μικτές Επιδ/δες 200ml,3.67
2025-11-07,718415,Nivea Soft Κρέμα 200ml,3.65
2025-11-07,762264,Colgate Kids Στοματικό Διάλυμα Minion 250ml,2.25
2025-11-07,620257,BIC Mibas Καλτσάκι 3/4 20D Καραμέλα Σετ 2τεμ,1.78
2025-11-07,712050,Oral B 3D Clinikal Intense White Οδοντόκρεμα 75ml,4.97
2025-11-07,767036,Sanex Αποσμητικό Spray Dermo Extra Control 200ml,6.54
2025-11-07,706534,Garnier Επιθέματα Pimple Patches Hydrocolloid 22τεμ,6.49
2025-11-07,713042,Palmolive Almond Milk Σαπούνι 4x90gr,2.45
2025-11-07,706532,Pom Pon Υγρά Μαντηλάκια Ντεμακιγιάζ Micellaire Και Νεσεσερ 2x20τεμ,3.72
2025-11-07,705069,Syoss Root Retouch Καστανά Σκούρο 120ml,6.23
2025-11-07,775906,Old Spice Ντους Epic Legend 400ml,3.10
2025-11-07,771467,Pantene Σαμπουάν Classic 625ml,5.03
2025-11-07,775864,Dove Αφρόλουτρο Silk 400ml,2.65
2025-11-07,702798,Garnier Fructis Θεραπεία Μαλλιών Keratin Filler 200ml,3.41
2025-11-07,775872,Dove Αφρόλουτρο Nour Care 600ml,3.21
2025-11-07,714076,Noxzema Υγρό Κρεμοσάπουνο Hyproallergenic Ανταλλακτικό 750ml,2.00
2025-11-07,712068,Oral-B Οδοντόκρεμα Pro Kid 0-6 Χρονών 50ml,1.38
2025-11-07,771310,Head & Shoulders Σαμπουάν Cool Menthol 625ml,4.99
2025-11-07,713032,Αρκάδι Κρεμοσάπουνο Ενυδατικό Αντλία 500ml,4.19
2025-11-07,706136,Bioten Κρέμα Ματιών Hydra X-Cell 15ml,5.68
2025-11-07,715961,Axe Excite Ντους 400ml,2.39
2025-11-07,715096,Sanex Kids Zero% Αφρόλουτρο 475ml,2.13
2025-11-07,719889,Scholl Ενυδατική Κρέμα Ποδιών Με Άρωμα,6.20
2025-11-07,715071,Axe Αφρόλουτρο Epic Fresh 400ml,2.39
2025-11-07,706070,L'OREAL Revitalift Glycolic Acid Απολεπιστικό Τόνερ 180ml,6.20
2025-11-07,756028,L'OREAL Revitalift Laser Retinol Κρέμα Νυχτός 50ml,16.59
2025-11-07,706408,Garnier Hyaluronic Aloe Gel Καθαρισμού Προσώπου 200ml,4.17
2025-11-07,775420,Palmolive Wellness Massage Αφρόλουτρο 500ml,1.99
2025-11-07,718334,Feel Good! Κρέμα Χεριών Βάζο 200ml,1.82
2025-11-07,717023,Old Spice Original Stick 50ml,2.99
2025-11-07,601193,Always Platinum Ultra Night 6τεμ,1.91
2025-11-07,755740,Fa Foam Bath Luxurious Moments 750ml,3.01
2025-11-07,716146,Vaseline Intensive Care Hand & Nail 75ml,2.44
2025-11-07,712013,Parodontax Extra Fresh Οδοντόκρεμα 75ml,3.43
2025-11-07,719522,Durex Play Λιπαντικό Perfect Glide 50ml,9.99
2025-11-07,716249,Veet Κρύο Κερί Πόδια Ευαίσθητες Επιδερμίδες 20 Ταινιές,9.10
2025-11-07,718420,Nivea Soft Κρέμα Σώματος 300ml,4.55
2025-11-07,714099,Feel Good Κρεμοσάπουνο Μέλι & Γάλα Βαλβίδα 400ml,1.26
2025-11-07,762079,Aim Οδοντόκρεμα White Now 3 In 1 75ml,2.75
2025-11-07,775914,Vidal Shower Gel Sensitive Touch 2x750ml,4.80
2025-11-07,711049,Aim Οδοντόβουρτσα Classic Fresh Μαλακή,3.02
2025-11-07,712075,Parodontax Active Gum Στοματικό Διάλυμα Health Extra Fresh 560ml,3.86
2025-11-07,771372,Ultrex Σαμπουάν Deep Clean 225ml,2.79
2025-11-07,702792,TRESemme Conditioner Color Revitalise Βαμμένα 400ml,3.21
2025-11-07,717435,Axe Αποσμητικό Σπρέυ Σώματος Aqua Bergamot 150ml,3.75
2025-11-07,771317,Head & Shoulders Σαμπουάν Κατά Της Τριχόπτωσης 330ml,3.49
2025-11-07,771312,Head & Shoulders Σαμπουάν Με Καφεΐνης Κατά της Τριχόπτωσης 330ml,3.49
2025-11-07,714071,Papoutsanis Aγνό Σαπούνι Κουμκουατ 150gr,1.08
2025-11-07,715099,Aroma 2 Σε 1 Αφρόλουτρο & Scrub Avocado Coconut Jojoba 300ml,2.34
2025-11-07,714064,Natura Κρεμοσάπουνο Αρωματική Μέντα & Bamboo 900ml,3.29
2025-11-07,702660,Syoss Conditioner Deep Oleo 250ml,3.13
2025-11-07,701195,L'oreal Men Expert Barber Club Αποσμ. Σωμ. Σπρευ 150ml,3.28
2025-11-07,713035,Nature Χαμομήλι Καλέντουλα Σαπούνι Προσώπου 90gr,2.80
2025-11-07,715079,Lux Αφρόλουτρο Sweet Dahlia 600ml,2.87
2025-11-07,717109,Axe Αποσμητικό Σώματος Epic Fresh 150ml,3.10
2025-11-07,702626,Elvive Conditioner Full Resist 300ml,3.98
2025-11-07,603217,O.B. Pro Organic Ταμπόν Super 16τεμ,3.49
2025-11-07,716614,Le Petit Marseillais Κρέμα Σώματος Nutrition Karite Jar 300ml,4.18
2025-11-07,771723,Elvive Jojoba Σαμπουάν 700ml,5.53
2025-11-07,711392,Edel White Professional Βουρτσάκια Μεσοδόντια Κόκκινα 6τεμ,4.39
2025-11-07,751516,Fructis Hydra Aloe Σαμπουάν 400ml,3.78
2025-11-07,716412,Valley Caramel Shower Gel 400ml,2.65
2025-11-07,755101,Palmolive Naturals Μέλι & Γάλα Αφρόλουτρο 500ml,1.99
2025-11-07,707551,Noxzema Men αφρός ξυρίσματος Classic 300ml,2.93
2025-11-07,765191,Palette Κρέμα Βαφή Μαλλιών Ν10.1 Κατάξανθο Σαντρέ,3.75
2025-11-07,709159,Gillette Fusion Ανταλλακτικά 8τεμάχια,30.98
2025-11-07,719400,Duo Προφυλακτικά Natural 12 Τεμ,9.02
2025-11-07,706233,Nivea Ενυδατική Κρέμα Ημέρας SPF15 50ml,4.23
2025-11-07,756923,Johnson's Face Wipes Dry 25pcs,2.25
2025-11-07,764256,Palmolive Υγρό Κρεμ/νο Με Αντλία Γάλα Αμυγδάλου 300ml,1.69
2025-11-07,702869,Elvive Όρος Growth Booster 102ml,9.96
2025-11-07,714078,L'oreal Κρεμοσάπουνο Reveal Niacinamide Gel 150ml,4.36
2025-11-07,704033,Schwarzkopf Taft Λακ Volume HL4 250ml,4.64
2025-11-07,775817,Palmolive Αφρόλουτρο Thermal Pampering Oil 500ml,1.99
2025-11-07,774005,Syoss Λακ Μαλλιών Volume Lift Mini 75ml,2.23
2025-11-07,701196,Sanex Αφρόλουτρο Protector 600ml,4.60
2025-11-07,711031,Colgate Οδοντόβουρτσα Zig Zag Charcoal 3τεμ,2.80
2025-11-07,709030,Gillette Venus Dragonfruit Ξυριστική Μιας Χρήσης 4τεμ,2.63
2025-11-07,715463,Le Petit Marseillais Κρέμα Χεριών Με Βούτυρο Καραμέλα Αλάτι & Κερί Μέλισσας 75ml,3.48
2025-11-07,711396,Edel White Professional Βουρτσάκια Μεσοδόντια Μπλε 6τεμ,4.39
2025-11-07,704019,Feel Good! Μάσκα Για Βαμμένα Μαλλιά 250ml,1.98
2025-11-07,601184,Always Platinum Ultra Secure Night 10τεμ,2.98
2025-11-07,606318,Always Discreet Pants Medium 9τεμ,8.81
2025-11-07,710941,Feel Good! Κολώνια Άνθη Λεμονιάς 250ml,5.20
2025-11-07,706364,Nivea Micellaire Sensitive Νερό Ντεμακιγιάζ 400ml,4.00
2025-11-07,716411,Valley Body Butter Caramel 200ml,5.34
2025-11-07,719660,Durex Προφυλακτικά Classic 12τεμ,9.16
2025-11-07,767640,Old Spice Original Αποσμητικό Spray Για Άντρες 150ml,2.99
2025-11-07,714146,Dettol Αντ/κο Κρεμ/νο Με Αντλία Θρεπτικό 250ml,2.02
2025-11-07,765342,Koleston Βαφή Μαλλιων Νο12/0 50ml,7.62
2025-11-07,601147,EveryDay Σερβιέτες Hyperdry Eliptica Ultra Plus Super 10τεμ,2.09
2025-11-07,762336,Corega Whitening Κάψουλα Οδοντοστοιχίας,8.04
2025-11-07,756505,L'OREAL Dermo Expertise Λοσιόν-Αδιάβροχο Ντεμακιγιάζ 125ml,4.36
2025-11-07,716508,Veet Αποτριχωτικό Κρύο Κερί Ταινίες Ποδιών 20τεμ,9.10
2025-11-07,702875,Botanic Therapy Serum Mαλλιών Χαμομήλι 120ml,6.38
2025-11-07,715127,Palmolive Αφρόλουτρο Naturals Γάλα & Μέλι 220ml,1.48
2025-11-07,714090,Septona Dermasoft Κρέμα Ανταλλακτικό Μέλι & Ginger 750ml,1.63
2025-11-07,704063,Syoss Λακ Keratin Mini 75ml,2.24
2025-11-07,771337,Head & Shoulders Σαμπουάν Old Spice 330ml,3.49
2025-11-07,771313,Head & Shoulders Σαμπουάν Κατά της Φαγούρας 330ml,3.49
2025-11-07,771315,Head & Shoulders Σαμπουάν Citrus Fresh 330ml,3.49
2025-11-07,712066,Sensodyne Οδοντόκρεμα Rapid Relief 75ml,4.58
2025-11-07,701209,Elvive Σαμπουάν Color Vive 1000ml,7.66
2025-11-07,712057,Aim Οδοντόβουρτσα Sensitive Charcoal Μαλακή,2.36
2025-11-07,765033,Garnier Color Sensation N.10.1 Κατάξανθο Σαντρέ 40ml,4.17
2025-11-07,771185,Wash & Go 2in1 Σαμπουάν Κατά Της Πιτυρίδας 360 ml,3.14
2025-11-07,754286,New Wave Rock N Hold Gel 200ml,6.98
2025-11-07,606009,Always Discreet Σερβιετάκια Ακράτειας Long 24τεμ,3.14
2025-11-07,719863,Scholl Αποσμητικό Spray Ποδιών 150ml,6.08
2025-11-07,714016,Lux Κρεμοσάπουνο Secret Poppy Αντλία 380ml,2.07
2025-11-07,712045,Parodontax Οδοντόκρεμα Gum + Breath Original 75ml,3.83
2025-11-07,771097,Orzene Σαμπουάν Ξηρά Ταλαιπωρημένα Μαλλιά 400ml,4.43
2025-11-07,762516,Oral - B Ανταλλακτικά Οδοντόβουρτσας Cross Action 4τεμ,19.11
2025-11-07,755505,Palmolive Naturals Sensitive Αφρόλουτρο 650ml,2.72
2025-11-07,775514,Bioten Αφρόλουτρο Cotton Fresh 750ml,2.83
2025-11-07,709335,Gillette Labs Heated Razor Επαναφορτιζόμενη Ξυριστική Μηχανή+2 Ανταλλακτικά,24.99
2025-11-07,762515,Oral-B Ανταλλακτικά Ηλεκτρικής Οδοντόβουρτσας Sensi Ultra Thin 2τεμ,11.04
2025-11-07,711010,Aim Οδοντόβουρτσα White Now Detox Μαλακή,2.73
2025-11-07,706757,L'OREAL Revitalift Serum Filler 30ml,16.59
2025-11-07,706488,Feel Good! Body Milk Βανίλια 250ml,2.38
2025-11-07,601452,Feel Good! Σερβιέτες Ultra Plus Night 10 τεμ,1.16
2025-11-07,765234,Fa Men Invisible Power Fresh Αποσμητικό Spray Σώματος 150ml,2.66
2025-11-07,702637,Elvive Dream Long Μάσκα Μαλλιών 300ml,6.82
2025-11-07,717006,Nivea Men Deep Αποσμητικό Σώματος Roll-On 50ml,2.71
2025-11-07,527170,Οινόπνευμα Καθαρό "Βίκτωρ" 95° 350ml,12.84
2025-11-07,716849,Aroma Scrub Ελαιόλαδο & Βάλσαμο 200ml,2.95
2025-11-07,754496,L'OREAL Elnett Satin Λακ Κανονικά Μαλλιά 200ml,4.19
2025-11-07,923737,Zan Sot Σφουγγάρι Κυτταρίτιδας Μεγάλο,2.70
2025-11-07,765779,Palette Κρέμα Βαφή Μαλλιών Ν4.26 Δαμασκηνί,3.75
2025-11-07,606240,Sani Pants Sensitive Ελαστικό Εσώρουχο Ακράτειας Νο 1 Small 14τεμ,7.22
2025-11-07,775475,Le Petit Marseillais Vanilla Aφρόλουτρο 400ml,1.85
2025-11-07,601341,Everyday Σερβιέτες Fresh Ultra Plus Normal 10τεμ,2.13
2025-11-07,653607,Syoss Oleo Βαφή Καστανό Μαρόν 4-18,5.79
2025-11-07,706262,Nivea Essentials Θρεπτική Κρέμα Ημέρας SPF15 50ml,4.24
2025-11-07,762441,Listerine Advance Tartar Στοματικό Διάλυμα 500ml,3.89
2025-11-07,756925,Johnson's Face Wipes Normal 25pcs,2.25
2025-11-07,711664,Colgate Slim Soft White Μαλακή Οδοντόβουρτσα (1τεμ),2.13
2025-11-07,705593,L'OREAL Excellence Cream No 5 Καστανό Ανοιχτό 48ml,6.42
2025-11-07,704550,L'OREAL Styling Studio Invisi Line Fix 150ml,4.07
2025-11-07,704062,Wellaflex 7 in 1 Κρέμα Λείανσης 150ml,5.80
2025-11-07,702839,Syoss Mask Intense Repair 400ml,4.79
2025-11-07,762074,Colgate Οδοντόκρεμα Max Fresh Blue 75ml,1.71
2025-11-07,702830,Herbal Essences Conditioner Coconut Milk 250ml,3.54
2025-11-07,712080,Colgate Οδοντόκρεμα Advanced White Volcanic Ash 75ml,2.03
2025-11-07,717444,Nivea Men Αποσμητικό Σώματος Deep Sport Σπρέυ 50ml,2.99
2025-11-07,606031,TENA Discreet Extra Plus Σερβιέτες Ακράτειας 16τεμ.,5.72
2025-11-07,620356,Diana Κάλτσες Γυναικείες Με Καρδούλες Γκρι Mαύρο 2τεμ,3.15
2025-11-07,702729,Fructis Hairfood Μάσκα Μαλλιών Coconut 400ml,7.18
2025-11-07,704030,Schwarzkopf Taft Ultimate HL6 250ml,4.64
2025-11-07,712063,Colgate Max White Οδοντόκρεμα Purple 75ml,2.39
2025-11-07,767024,Dove Αποσμητικό Σωμ. Spray Advanced Care Soft Feel 150ml,3.11
2025-11-07,702667,Gliss Treatment Night Elixir Ultimate Repair 100ml,5.50
2025-11-07,701198,Sanex Αφρόλουτρο Equilibrante 600ml,4.60
2025-11-07,706102,Garnier Κρέμα Ματιών Vitamin C 15ml,7.74
2025-11-07,717187,Nivea Men Αποσμητικό Σώματος Deep Beat Roll - On 50ml,2.71
2025-11-07,706054,Garnier Νερό Micellaire Hyaluronic Aloe 400ml,5.05
2025-11-07,762094,Parodontax Οδοντόκρεμα Herbal Toothpaste 75ml,3.43
2025-11-07,751847,Fructis Conditioner Δύναμη & Λάμψη 200ml,2.91
2025-11-07,601451,Feel Good! Σερβιέτες Ultra Plus Super 10 τεμ,1.16
2025-11-07,601456,Feel Good! Σερβιέτες Ultra Plus Normal Double Pack 20 τεμ,2.14
2025-11-07,710033,BU Breezy Blast Body Mist 200ml,6.85
2025-11-07,718335,Feel Good! Κρέμα Χεριών Σωληνάριο 100ml,1.44
2025-11-07,706039,Bioten Detox Νερό Καθαρισμού 400ml,3.47
2025-11-07,771144,HD Για Βαμμένα Conditioner 330ml,3.37
2025-11-07,762448,Aim Οδοντόβουρτσα White Now CC Μέτρια,2.75
2025-11-07,751479,Fructis Σαμπουάν Εraser Goodbye Damage 400ml,3.78
2025-11-07,703816,Zan Sot Λάστιχο Μαλλιών Απλό Μικρό,1.24
2025-11-07,702536,Elvive Extraordinary Oil Λάδι Μαλλιών Universal 100ml,7.37
2025-11-07,719860,Durex Προφυλακτικά Real Feel 12τεμ,11.67
2025-11-07,754999,Elvive Ολική Αναδόμηση 5 Μάσκα 300ml,6.82
2025-11-07,606185,Tena Men Επιθέματα Ακράτειας Level 2 - 10τεμ,3.63
2025-11-07,709059,BIC Hybrid Flex 5 Ανταλλακτικά 4τεμ,9.98
2025-11-07,765654,Garnier Color Sensation No 4.0 Καστανό 40ml,4.17
2025-11-07,719523,Durex Play Λιπαντικό Massage 2 σε 1 Guarana 200ml,10.99
2025-11-07,620032,BIC Mibas Καλτσάκι 3/4 20D Μαύρο Σετ 2τεμ,1.78
2025-11-07,713046,Dettol Classic Σαπούνι 85gr,0.88
2025-11-07,706531,Pom Pon Υγρά Μαντηλάκια Ντεμακιγιάζ Eyes 7 Face 2x20τεμ,3.72
2025-11-07,702871,Fructis Mask Keratin Sleek Λάμψη 370ml,7.18
2025-11-07,751033,Fructis Conditioner Keratin Λείανσης & Λάμψη 200ml,5.19
2025-11-07,775916,Vidal Shower Gel Orchid 2x750ml,4.80
2025-11-07,702832,Herbal Essences Conditioner Orange Blossom 250ml,3.50
2025-11-07,702808,Botanic Therapy Serum Επανόρθωσης Μαλλιών 115ml,6.38
2025-11-07,765074,Olia Βαφή Μαλλιών Χωρίς Αμμωνία Νο 10.1 Kατάξανθο Σαντρέ 60ml,10.48
2025-11-07,775898,Papoutsanis Aromatics Αφρόλουτρο Nutri Care Crush & Warm Vanil 600ml,5.28
2025-11-07,771368,Ultrex Σαμπουάν Για Λιπαρά Μαλλιά 225ml,2.79
2025-11-07,702797,Garnier Botanic Therapy Μάσκα Μαλλιών Rice Water & Starch Rituals 340ml,6.62
2025-11-07,717443,Old Spice Rockstar Αποσμητικό Σώματος Σπρέι 150ml,2.97
2025-11-07,267019,Μοοveat on the Whey Ρόφημα Πρωτεΐνης Σε Σκόνη Caramel 30gr,1.04
2025-11-07,756032,Nivea Αποσμητικό Σώματος Σπρέι Ανδρικό Fresh Sensatation 150ml,2.98
2025-11-07,765037,Palette Κρέμα Βαφή Μαλλιών No.9.1 Ξανθό Πολύ Ανοιχτό Σαντρε,3.75
2025-11-07,717329,Dove Αποσμητικό Σωμ. Spray Advanced Care Beauty Finish 150ml,3.11
2025-11-07,702662,Botanic Therapy Μάσκα Μαλλιών Charcoal 340ml,4.07
2025-11-07,704004,HD Kerating Oil & Argan 100ml,8.56
2025-11-07,765021,HD Color Σετ Βαφής Μαλλιών Ν-Β Μαύρο Μπλέ,4.15
2025-11-07,706071,L'OREAL Revitalift Glycolic Τζελ Απολεπιστικό Καθαριστικό 150ml,4.36
2025-11-07,771109,Mastic Origins Σαμπουάν Banana 400ml,3.41
2025-11-07,771649,Elvive Conditioner Ολική Αναδόμηση 5 300ml,3.98
2025-11-07,606161,Sani Men Pants No.3 Large 12τεμ,7.89
2025-11-07,762339,Fixodent Οδοντόκρεμα Τεχνητής Οδοντοστοιχίας Original 70gr,6.37
2025-11-07,717152,Borotalco Active Sea Salts Fresh Αποσμητικό Roll On 50ml,3.12
2025-11-07,706115,Bioten Hyaluronic Gold Κρέμα Ματιών 15ml,9.82
2025-11-07,606321,Always Discreet Pants Large 8τεμ,8.81
2025-11-07,711009,Colgate Gum Invigorate Μαλακή Οδοντόβουρτσα (1τεμ),2.70
2025-11-07,716298,Vaseline Cocoa Butter Jelly 100ml,3.99
2025-11-07,703819,Zan Sot Τσιμπιδάκι Κλασσικό Μαύρο Μικρό,1.06
2025-11-07,751770,Gliss Treatment Total Repair Reflex Shine 150ml,3.98
2025-11-07,706087,Garnier Gel Καθαρισμού Vitamin C 200ml,4.17
2025-11-07,716419,Bioten Summer Look Γαλάκτωμα Σώματος 200ml,5.89
2025-11-07,708402,Nivea Men Sensitive Κρέμα Ξυρίσματος 100ml,2.98
2025-11-07,755514,Palmolive Naturals Macadamia Αφρόλουτρο 650ml,2.72
2025-11-07,709046,BIC Flex 3 Ανδρικά Ξυραφάκια 3τεμ,4.33
2025-11-07,601235,Everyday Σερβιέτες Double Dry Ultra Plus Extra Lοng 8τεμ,2.54
2025-11-07,765659,Garnier Color Sensation No 6-0 Ξανθό Σκούρο 40ml,4.17
2025-11-07,754708,Taft Power Gel Super Glue 150ml,3.86
2025-11-07,709522,Gillette Fusion Power Ανταλλακτικά 4τεμ,20.97
2025-11-07,601136,EveryDay Σερβιέτες Hyperdry Ultra Plus Extra Long XL 10τεμ,2.54
2025-11-07,702874,Botanic Therapy Όρος Μαλλιών Revaval Θρέψη 120ml,6.38
2025-11-07,702868,Elvive Conditioner Growth Booster Κατά της Τριχόπτωσης 150ml,5.89
2025-11-07,775912,Vidal Shower Gel Almond & Carite 2x750ml,4.80
2025-11-07,706995,Pom Pon Yγρά Μαντηλάκια Ντεμακιγιάζ Νatura Argan oil 2x20τεμ,4.10
2025-11-07,709184,Gillette Fusion Δώρο 5 Ανταλλακτικά Λαβή Stand,22.10
2025-11-07,775904,Palmolive Αφρόλουτρο Aroma Sleep 650ml,2.92
2025-11-07,702812,Pantene Μάσκα Μαλλιών Μοριακή Αναδόμηση 300ml,6.98
2025-11-07,762069,Aim Complete 8 Actions Οδοντόκρεμα Extra Fresh 75ml,1.73
2025-11-07,704052,Elvive Dream Long Waves Waterfall 200ml,3.65
2025-11-07,715119,Nivea Αφρόλουτρo Κρεμώδες Aloe Vera 650ml,2.76
2025-11-07,771316,Head & Shoulders Σαμπουάν Cool Menthol 330ml,3.49
2025-11-07,702709,Gliss 4 in 1 Μάσκα Μαλλιών Bond Building Repair 400ml,5.28
2025-11-07,771266,Head & Shoulders Σαμπουάν Coconut Βαθιά Ενυδάτωση 625ml,4.96
2025-11-07,775830,Le Petit Marseillais Αφρόλουτρο Sensi Almond 650 ml,2.62
2025-11-07,715104,L'oreal Men Expert Αφρόλουτρο Clean Carbon 400ml,2.82
2025-11-07,756039,Nivea Αποσμητικό Σώματος Roll-On Γυναικείο Black Pearl 50ml,2.71
2025-11-07,716576,Hellenia Ταινίες Αποτρίχωσης 50τεμ,2.26
2025-11-07,771180,Pantene Αφρός Πλούσιος Όγκος 200ml,3.95
2025-11-07,716142,Nivea Κρέμα Σώματος Rose Blossom 400ml,4.94
2025-11-07,706066,Garnier Vitamin C Νερό Ντεμακιγιάζ 400ml,5.05
2025-11-07,771122,Head & Shoulders Derma X Pro Hydrate Coconut Milk Σαμπουάν 300ml,3.49
2025-11-07,702582,Elvive Hydra Serum Hyaluronic 150ml,6.83
2025-11-07,711182,Unicorn Οδοντόβουρτσα,2.59
2025-11-07,719252,Septona Δίσκοι Ντεμακιγιάζ Eco Life Στρογγυλοί Με Ραμμένες Άκρες 100τεμ,1.81
2025-11-07,706890,Garnier Micellaire Νερό Ντεμακιγιάζ Με Ροδόνερο 400ml,5.05
2025-11-07,701109,L'OREAL Men Expert Shirt Protect Αποσμητικό Roll On 50ml,3.08
2025-11-07,710852,Old Spice Captain Ντους 400ml,3.10
2025-11-07,716319,Johnson's Oil Aloe Vera 300ml,2.82
2025-11-07,701042,Ultrex Classic 2in1 Σαμπουαν Για Όλους Τους Τύπους Μαλλιών 360ml,3.82
2025-11-07,606265,Tena Men Pants Plus Medium Πάνες Ακράτειας 9τεμ,6.62
2025-11-07,762088,Colgate Max White Optic Οδοντόκρεμα 75ml,2.10
2025-11-07,707447,Nivea Men Sensitive Αφρός Ξυρίσματος 250ml,5.22
2025-11-07,703813,Zan Sot Klamer Καμπυλοειδές Classic Μεγάλο,2.42
2025-11-07,754180,L'OREAL Elnett Satin Hairspray Extra Fort 200ml,4.19
2025-11-07,765410,Koleston Βαφή Μαλλιών Νο7/77 50ml,7.62
2025-11-07,715233,Noxzema Αφρόλουτρο Talc 400ml,1.97
2025-11-07,704773,Wella Flex Λακ Εξαιρετικά Δυνατό 250ml,4.35
2025-11-07,756789,Bioten Hyaluronic 3D Κρέμα Ημέρας 50ml,5.73
2025-11-07,762335,Corega Super Κρέμα Οδοντοστοιχίας 70ml,8.54
2025-11-07,662515,L'OREAL Wrinkle Expert 55+ Κρέμα Ημέρας 50ml,6.97
2025-11-07,775935,Palmolive Αφρόλουτρο Skin Radiance Papaya & Peach 500ml,1.99
2025-11-07,711069,Oral-B Οδοντόβουρτσα Deep Clean 2τεμ,2.55
2025-11-07,771559,HD Σαμπουάν Nutri Balance 750ml,6.18
2025-11-07,712081,Colgate Max White Οδοντόκρεμα Superior Clean 75ml,2.39
2025-11-07,771399,Pantene Σαμπουάν Μοριακή Αναδόμηση 250ml,3.46
2025-11-07,765082,Garnier Olia Βαφή Μαλλιών Χωρίς Αμμωνία Ν6.0 Ξανθό Σκούρο 50ml,10.48
2025-11-07,715121,Nivea Αφρόλουτρο Κρεμώδες Care & Orange 650ml,2.76
2025-11-07,526050,Cover Παιδικοί Πάτοι Υποδυμάτων Νο 25-36,2.48
2025-11-07,775884,Dove Αφρόλουτρο Deep Nourishing 400ml,2.65
2025-11-07,702791,TRESemme Conditioner Rich Moisture 400ml,3.21
2025-11-07,756046,Bioten Hydrogel Mask Hydro X-Cell 35gr,2.34
2025-11-07,526070,Cover Ανατομικοί Πάτοι Παπουτσιών Νο 36-41,4.50
2025-11-07,756045,Nivea Μάσκα Αναζωογόνησης Aloe Vera & Vitamina E 7-5ml,1.20
2025-11-07,717317,Borotalco Αποσμητικό Σώματος Soft Roll on 12/50 ml,3.12
2025-11-07,717197,Borotalco Αποσμητικό Σώματος Roll-On Intensive 50ml,3.12
2025-11-07,611997,Treellium Αντισηπτικο Gel Χεριών Βιοκτόνο 80ml,1.20
2025-11-07,706055,Garnier Serum Hyaluronic Aloe 30ml,7.66
2025-11-07,702305,Orzene Σαμπουάν Φθαρμένα Μαλλιά 400ml,4.43
2025-11-07,715462,Le Petit Marseillais Κρεμοσάπουνο Υγρό Με Άρωμα Σαπούνι Μασσαλίας 500ml,3.01
2025-11-07,706407,Garnier Hyaluronic Aloe Κρέμα Προσώπου Κανονική Επιδερμίδα 50ml,5.34
2025-11-07,606138,Tena Discreet Normal Night Σερβιέτες Ακράτειας 10τεμ,3.11
2025-11-07,701093,L'OREAL Men Expert Barber Club Beard Face & Hair Wash 200ml,5.92
2025-11-07,755533,Noxzema Hydration Αφρόλουτρο 750ml,3.06
2025-11-07,711623,Aquafresh Deep Reach Medium Οδοντόβουρτα Duopack,2.93
2025-11-07,704223,Pantene Pro-V Μάσκα Αναδόμηση & Προστασία 2 Λεπτών 300ml,6.18
2025-11-07,774712,Syoss Αφρός Για Μέγιστο Κράτημα 250ml,4.09
2025-11-07,716503,Nivea Body Q10 Firming Lotion 250ml,5.34
2025-11-07,707630,Nivea Men Gel Ξυρίσματος Sensitive Cooling 200ml,6.30
2025-11-07,774730,Wellaflex Αφρός Heat Creations 200ml,4.48
2025-11-07,716624,Veet Κρέμα Ευαίσθητες Επιδερμίδες 400ml,12.00
2025-11-07,709430,Gillette Blue Ii Plus Slalom Sensitive 5Tεμάχια,4.72
2025-11-07,706243,Nivea Visage Ενυδατική Τονωτική Λοσιόν Κανονικές- Μικτές 200ml,3.40
2025-11-07,716602,Le Petit Marseillais Λάδι Σώματος 150ml,3.89
2025-11-07,714555,Palmolive Hygiene Plus Family Υγρό Κρεμοσάπουνο Αντλία 300ml,1.69
2025-11-07,771603,Pantene Σαμπουάν Ενυδάτωσης 400ml,3.49
2025-11-07,706561,Bioten Micellar Water Glow Exp 4d 400ml,3.47
2025-11-07,706550,Bioten Face Serum Repair A 15ml,3.98
2025-11-07,720356,Pantene Leave In Spray Αντηλιακό Μαλλιών 200ml,6.11
2025-11-07,704060,Wellaflex 7 In 1 Όρος Μαλλίων 100ml,5.80
2025-11-07,705067,Syoss Root Retouch Καστανό 120ml,6.23
2025-11-07,710156,Designer Κολώνια Fragr. One Billion 150ml,1.98
2025-11-07,716400,Echo Κρέμα Χεριών Ενυδατική 200ml,2.39
2025-11-07,706389,Bioten Κρέμα Νύχτας Glow Expert 4D 50ml,9.98
2025-11-07,771303,Head & Shoulders 2in1 Citrus Fresh 330ml,3.49
2025-11-07,706143,L'oreal Revitalift Vitamin C Cleanser Τζελ Περιποίησης Προσώπου 150ml,4.36
2025-11-07,706137,Bioten Κρέμα Προσώπου Serum Hydra X-Cell 30ml,5.68
2025-11-07,774009,Syoss Heat Protection Spray Keratin 200ml,5.06
2025-11-07,706105,Clean & Clear Σαπούνι Απολεπιστικό Προσώπου 150ml,3.59
2025-11-07,756034,L'OREAL Revitalift Filler Water Κρέμα Ημέρας 50ml,16.59
2025-11-07,762056,Corega Max Κρέμα Οδοντοστοιχίας Seal 70gr,7.22
2025-11-07,771173,Wellaflex Dry Shampoo Spray Sensual Rose 180ml,5.18
2025-11-07,702299,Orzene Μάσκα Μαλλιών Βαμμένα 350ml,7.89
2025-11-07,714246,Dettol No Touch Αυτόματη Συσκευή + Ανταλλακτικό Κρεμοσάπουνο Aloe Vera 250ml,6.73
2025-11-07,762343,Colgate Sensitive Instant Relief Οδοντόκρεμα Multi Protection 75ml,2.66
2025-11-07,716616,Le Petit Marseillais Κρέμα Σώματος Βιολογική Καρύδα 250ml,3.86
2025-11-07,711390,Edel White Professional Βουρτσάκια Μεσοδόντια Πορτοκαλί 6τεμ,4.39
2025-11-07,716131,Feel Good! Γαλάκτωμα Σώματος Naturals Σανδαλόξυλο 250ml,2.42
2025-11-07,701065,Aroma Body Milk Aloe & Pomerganate 300ml,2.89
2025-11-07,751825,Feel Good! Σαμπουάν Κανονικά Ξηρά Μαλλιά 400ml,2.11
2025-11-07,717831,STR8 Ahead After Shave Lotion 100ml,9.54
2025-11-07,774726,Syoss Full Hair 5 Λακ Μαλλιών 400ml,5.30
2025-11-07,756414,Bioten Hyaluronic 3D Κρέμα Νύχτας 50ml,5.73
2025-11-07,719651,Durex Προφυλακτικά Sensitive 12τεμ,11.05
2025-11-07,754162,Taft Gel Maxx Power 300ml,5.57
2025-11-07,709037,BIC Soleil Click 3 Sensitive Ανταλλακτικά 4τεμ,5.46
2025-11-07,765253,Palette Κρέμα Βαφή Μαλλιών N8.1 Ξανθό Ανοιχτό Σαντρέ,3.75
2025-11-07,719475,Hansaplast Classic Strips 1-25cm 5m,2.44
2025-11-07,774252,Syoss Ceramide Επαγγελματική Λακ Μαλλιών 400ml,5.30
2025-11-07,703096,Iris Βούρτσα,2.54
2025-11-07,702884,Pantene Κρέμα Ενυδάτωσης Hydration Recharge 230ml,3.52
2025-11-07,771604,Pantene Σαμπουάν Ενυδάτωσης 800ml,5.80
2025-11-07,762081,ΑΙΜ Οδοντόκρεμα White Now Fresh Kiss 75ml,2.99
2025-11-07,715125,Karavaki Men 3in1 Ocean Force Αναζωογονητικός Καθαρισμός 550ml,4.49
2025-11-07,602404,Carefree Normal Fresh Σερβιετάκια 20τεμ.,1.25
2025-11-07,711052,Colgate Οδοντόβουρτσα 360 Medium Δπλή Συσκευασία 2τεμ,3.51
2025-11-07,702814,Pantene Κρέμα Μαλλιών Μοριακή Αναδόμηση 150ml,5.97
2025-11-07,706398,Nivea Q10 Dual Acti Ορός Κατά Των Ρυτίδων 30ml,10.86
2025-11-07,717447,Nivea Men Αποσμητικό Σώματος Deep Roll-On 50ml,2.75
2025-11-07,716380,Dove Λοσιόν Σώματος Shea Butter 400ml,5.39
2025-11-07,702730,Garnier Fructis Hairfood Μάσκα Μαλλιών Banana 400ml,7.18
2025-11-07,717427,Axe Αποσμητικό Σώματος Africa 50ml,3.00
2025-11-07,706135,Bioten Κρέμα Ημέρας Hydra Ex Cell Normall 50ml,5.63
2025-11-07,710082,Gillette Pro Gel Ξυρίσματος Sensitive 200ml,3.73
2025-11-07,771181,Pantene Κρέμα Φορμαρίσματος Waves 235ml,5.41
2025-11-07,717309,Nivea Fresh Rose Touch Αποσμητικό Σώματος Γυναικείο Roll On 50ml,2.71
2025-11-07,709061,BIC Flex 3 Ξυραφάκια Μιας Χρήσης Sensitive 3τεμ,4.33
2025-11-07,706342,L'OREAL Age Perfect Classic Milk 200ml,4.36
2025-11-07,402191,Vitamin Well Reload Λεμόνι - Λαιμ 500ml,2.05
2025-11-07,706113,Bioten Hyaluronic Gold Κρέμα Ημέρας 50ml,10.07
2025-11-07,712019,Parodontax Complete Protect Original Οδοντόκρεμα 75ml,3.83
2025-11-07,606869,Slipad Pants Εσώρουχα Ακράτειας Large 14τεμ,7.48
2025-11-07,717232,Axe Wild Bergamot Pepper Αποσμητικό Σώματος Spray 150ml,3.10
2025-11-07,756009,Nivea Αντιρυτιδική Κρέμα Ημέρας + Αναζωογόνηση 55+ 50ml,6.00
2025-11-07,716852,Aroma Κρέμα Χεριών Bio Honey & Yogurt 200ml,2.78
2025-11-07,765393,Koleston Βαφή Μαλλιών Νο 7/1 50ml,7.62
2025-11-07,719027,Durex Λιπαντικό Play Feel 50ml,8.99
2025-11-07,765249,Palette Κρέμα Βαφή Μαλλιών N6.60 Ξανθό Σκούρο Χρυσό Σοκολατί,3.75
2025-11-07,765657,Garnier Color Sensation No 5.0 Καστανό Ανοιχτό 40ml,4.17
2025-11-07,765652,Garnier Color Sensation No 1.0 Μαύρο 40ml,4.17
2025-11-07,765630,Garnier Color Sensation No 8.0 Φωτεινό Ξανθό Ανοιχτό 40ml,4.17
2025-11-07,716404,Nivea Body Nourishing Milk 250ml,3.74
2025-11-07,714560,Palmolive Naturals Μέλι & Γάλα Υγρό Κρεμοσάπουνο Ανταλλακτικό 300ml,1.31
2025-11-07,705835,Syoss Oleo Intense Βαφή Έντονο Μαύρο 1-10,5.79
2025-11-07,710757,STR8 Κολώνια Original 100ml,13.62
2025-11-07,923610,Lifoplus Γάντι Μπάνιου Original,3.70
2025-11-07,762105,ΑΙΜ Οδοντόκρεμα White Now 3 In 1 Shine Care 75ml,2.99
2025-11-07,716437,Nivea Body Q10 Firm Serum Lotion 200ml,7.15
2025-11-07,704050,Hd Λακ Extra Strong Keratin 300ml,4.84
2025-11-07,710162,STR8 Κολώνια Wild Beat 100ml,13.90
2025-11-07,719055,Hansaplast Aqua Protec Kids 20τεμ,3.99
2025-11-07,771415,Pantene Σαμπουάν Απαλά & Μεταξένια 625ml,5.03
2025-11-07,704055,Syoss Σπρέυ Μαλλιών Curl Control 150ml,4.65
2025-11-07,765081,Garnier Olia Βαφή Μαλλιών Χωρίς Αμμωνία Ν5.0 Aνοιχτό Καστανό 50ml,10.48
2025-11-07,702806,HD Θερμοπροστατευτική Λοσιόν 150ml,4.94
2025-11-07,706397,Nivea Νερό Καθαρισμού Skin Glow 1400ml,4.00
2025-11-07,717442,Old Spice Αποσμητικό Σώματος Stick Rockstar 50ml,3.00
2025-11-07,775846,Dove Αφρόλουτρο Fruit Nour 450ml,2.55
2025-11-07,771311,Head & Shoulders 2in1 Σαμπουάν Classic Clean 625ml,4.99
2025-11-07,771298,Head & Shoulders 2in1 Classic Clean 330ml,3.49
2025-11-07,923006,Lifoplus Ξύλινη Βούρτσα Πλάτης,7.49
2025-11-07,771207,Elvive Σαμπουάν Bond Repair 200ml,5.89
2025-11-07,716217,Aroma Body Butter Papaya Mango Passiofruit 200ml,3.15
2025-11-07,704008,HD Volume Αφρός Μαλλιών Ultra Strong 250ml,4.44
2025-11-07,606028,Always Discreet Σερβιετάκια Ακράτειας Normal 28τεμ,3.14
2025-11-07,714017,Lux Κρεμοσάπουνο Velvet Jasmine Αντλία 380ml,2.07
2025-11-07,702629,Head & Shoulders Conditioner Dermax Sooth Cactus 220ml,3.23
2025-11-07,715464,Le Petit Marseillais Ροδάκινο Κρεμοσάπουνο 500ml,3.01
2025-11-07,707000,Nivea Men Αφρός Ξυρίσματος Sensitive Pro - Ultra Calming 200ml,4.64
2025-11-07,715402,Johnson's Υγρό Κρεμοσάπουνο Αντλία Almond Blossom 500ml,3.07
2025-11-07,719092,Durex Naturals Λιπαντικό Gel Ενυδατικό 100ml,13.00
2025-11-07,704038,Tresemme Αφρός Μαλλιών Για Μπούκλες 200ml,4.61
2025-11-07,620948,Feel Good! Καλτσάκια 20D Πέπερ 2 ζευγάρια,1.30
2025-11-07,606269,Tena Silhouette Plus Large Noir Πάνες Ακράτειας 8τεμ,6.62
2025-11-07,756243,Nivea Body Souffle Coconut & Monoi Oil 200ml,3.71
2025-11-07,923909,Feel Good! Φυσικό Σφουγγάρι Ν.5,4.61
2025-11-07,754412,Elvive Dream Long No Haircut Cream 200ml,6.83
2025-11-07,716048,Veet For Men Sensitive Αποτριχωτική Κρέμα 200ml,7.99
2025-11-07,718428,Nivea Hand Smooth Care 75ml,1.82
2025-11-07,706202,Diadermine Cleanser Essential Hydra Milk 200ml,3.83
2025-11-07,754778,Syoss Gel Men Power Hold 250ml,5.02
2025-11-07,774711,Syoss Αφρός Μαλλιών Volume Lift 250ml,4.09
2025-11-07,620410,Diana Ilium 18Den Καλτσάκια Καραμελέ 2τεμ,1.71
2025-11-07,669862,Veet Αποτριχωτικό Κερί Ταινίες Ποδιών Κανονικές Επιδερμίδες 40τεμ,14.69
2025-11-07,709489,Gillette Venus Swirl Ανταλλακτικά Ξυραφάκια 3τεμ,14.45
2025-11-07,661871,Hansaplast Sensitive Strips 2 Μεγεθών,3.49
2025-11-07,706417,Bioten Bioactive Caffeine Slim Gel 200ml,12.35
2025-11-07,764348,Koleston Βαφή Μαλλιών Νο 4/0 50ml,7.62
2025-11-07,765594,Garnier Color Sensation No 7-0 Ξανθό 40ml,4.17
2025-11-07,756516,L'OREAL Dermo Expertise Κρέμα Νύχτας 50ml,11.50
2025-11-07,602677,Libresse Σερβιετάκια Normal Regular 32τεμ,1.66
2025-11-07,662511,L'OREAL Excellence Cream No10.21 Κατάξανθο Περλέ Σαντρέ 48ml,6.42
2025-11-07,705343,L'OREAL Excellence Cream No 1 Μαύρο 48ml,6.42
2025-11-07,756071,Nivea Cellular Epigenetics Όρος 30ml,14.00
2025-11-07,762080,Aim Οδοντόκρεμα White Now 3 In 1 White Boost 75ml,2.75
2025-11-07,755069,Noxzema Men Αφρόλουτρο Fresh Intense 750ml,3.06
2025-11-07,775915,Vidal Shower Gel Talc 2x750ml,4.80
2025-11-07,709188,Gillette Blue III Smooth Ξυραφάκια Μιας Χρήσης 12τεμ,10.55
2025-11-07,705055,Syoss Root Retouch Ξανθό Σκούρο 120ml,6.23
2025-11-07,717457,Old Spice Αποσμητικό Σώματος Epic Legend Spray για Άνδρες 150ml,2.99
2025-11-07,702829,Pantene 3MM Conditioner Απαλά & Μεταξένια 220ml,5.03
2025-11-07,706432,Nivea Κρέμα Νυκτός Αντιρυτιδική Q10 Power 50ml,9.45
2025-11-07,706428,Liposan Caring Beauty Nude Pink 4-8gr,4.04
2025-11-07,702793,Gliss Treatment Daily Oil Elixir 75ml,4.97
2025-11-07,702758,TRESemme Conditioner Clean Repair Λιπαρά 400ml,3.21
2025-11-07,704032,Schwarzkopf Taft Λακ Power HL5 250ml,4.64
2025-11-07,756044,Nivea Men After Shave Balm Anti Age Hyaluron 100ml,7.08
2025-11-07,709098,Gillette Venus Spa Ανταλλακτικά Ξυραφάκια Sugarberry Scent 3τεμ,14.77
2025-11-07,716228,Aroma Κρέμα Σώματος Panthenol Therapy 75ml,2.50
2025-11-07,702649,Botanic Therapy Μάσκα Maple Healer 340ml,4.07
2025-11-07,702658,Botanic Therapy Mάσκα Μαλλιών Avocado 340ml,5.42
2025-11-07,771177,Wash & Go Σαμπούαν Για Λιπαρά Μαλλια 360ml,3.14
2025-11-07,771179,Pantene Αφρός Για Κυματιστά Μαλλιά 200ml,3.95
2025-11-07,724082,Maybelline Μανό Fast Gel 2 Ballerina 39ml,4.04
2025-11-07,620301,Pro Κάλτσες Ανδρικές Αθλητικές 5τεμ,4.50
2025-11-07,712046,Oral B Densify Οδοντόκρεμα Daily Protect 65ml,3.24
2025-11-07,765106,HD Color Σετ Βαφής Μαλλιών Ν6.65 Ξανθο Σκούρο Έντονο Κόκκινο,4.15
2025-11-07,717228,Borotalco Αποσμητικό Σώματος Spray Intensive 150ml,3.30
2025-11-07,716196,Vaseline Γαλάκτωμα Σώματος Dry Skin 400ml,4.82
2025-11-07,765604,Palette Semi Set Βαφή Κατάξανθο Ψυχρό Σαντρέ Ν. 10.19,3.78
2025-11-07,710138,Gillette After Shave Balm Sensitive Protection 100ml,7.19
2025-11-07,706116,Bioten Hyaluronic Gold Face Serum 30ml,10.08
2025-11-07,606320,Always Discreet Boutique Large Pants 8τεμ,10.29
2025-11-07,706338,Nivea Q10 Plus C Αντιρυτιδική Ματιών Ανάπλασης Ενυδατική 15ml,8.75
2025-11-07,712518,Sensodyne Repair & Protect Extra Soft Οδοντόβουρτσα,2.09
2025-11-07,765847,Palette Κρέμα Βαφή Μαλλιών N5.76 Καστανό Ανοιχτό Σοκολατί,3.75
2025-11-07,774708,Syoss Λακ Strong 400ml,5.30
2025-11-07,653977,Tesori Do Aromatic Perfume White Musk 100ml,10.95
2025-11-07,620600,Diana Sting Κάλτσα Ανδρική Βαμβακερή Μαύρη,3.37
2025-11-07,765406,Koleston Βαφή Μαλλιών Νο9/0 50ml,7.62
2025-11-07,765398,Koleston Βαφή Μαλλιών Νο 8/0 50ml,7.62
2025-11-07,765388,Koleston Βαφή Μαλλιών No6/7 50ml,7.62
2025-11-07,704793,Wella Flex Λακ Εxtra Όγκος Πολύ Δυνατό 250ml,4.35
2025-11-07,705599,L'OREAL Excellence Cream No 8 Ξανθό Ανοιχτό 48ml,6.42
2025-11-07,654213,Zan Sot Αφρόχτενο Μικρό Μονόχρωμο,1.74
2025-11-07,706401,Liposan Strawberry 4-8gr,3.26
2025-11-07,712051,Sensodyne Οδοντόκρεμα Anti caries 75ml,2.49
2025-11-07,702877,Syoss Μάσκα Μαλλιών Instense Curls 400ml,4.79
2025-11-07,714100,Feel Good Kρεμοσάπουνο Ocean Βαλβίδα 400ml,1.26
2025-11-07,706496,L'oreal Revitalift Age Perfect Serum 30ml,16.59
2025-11-07,717474,Axe Αποσμητικό Σώματος Black Vanilla 72h Fresh 50ml,3.25
2025-11-07,718000,Echo Κρέμα Urea hand Foot 5% 75ml,1.49
2025-11-07,709190,Bic Flex 5 Sensitive Ξυραφάκια Μιας Χρήσης 3τεμ,7.56
2025-11-07,771509,Batiste Dry Shampoo Original 350ml,8.11
2025-11-07,709186,Gillete Sensor 3+ Comfort (Δωρό 8 Ανταλλακτικές Λαβές),7.54
2025-11-07,702817,Pantene 3 Minute Miracle Conditioner Αναδόμησης 220ml,5.03
2025-11-07,765073,Olia Βαφή Μαλλιών Χωρίς Αμμωνία Νο 3.00 Καστανό Σκούρο 60ml,10.48
2025-11-07,706396,Nivea Νερό Καθαρισμού Regenerating 400ml,4.00
2025-11-07,706388,Bioten Eye Serum Glow Expert 4D 15ml,9.98
2025-11-07,712074,Parodontax Active Gum Health Fresh Fresh Mint 500ml,3.86
2025-11-07,526052,Cover Πάτοι Αθλητικοί Ανδρικοί Νο36-46,2.90
2025-11-07,775870,Dove Αφρόλουτρο Nour Care 400ml,2.65
2025-11-07,775849,Dove Αφρόλουτρο Petal Soft 450ml,2.58
2025-11-07,775847,Dove Αφρόλουτρο Fresh Care 450ml,2.55
2025-11-07,709138,Bic Soleil Escape Λεβάντα & Ευκάλυπτος Ξυραφάκια Μιας Χρήσης 3τεμ,4.60
2025-11-07,702723,Gliss Conditioner Σπρέι Split Miracle 200ml,3.95
2025-11-07,706134,Clean & Clear Σαπούνι Καθαρισμού Προσώπου 150ml,4.18
2025-11-07,771599,Adelco Kids Σαμπουάν & Ντούζ 500ml & Σαμπουάν 300ml,3.78
2025-11-07,719038,Durex Sensitive Προφυλακτικά Extra Λιπαντικό 12τεμ,11.05
2025-11-07,716575,Hellenia Milk & Honey Ρολέτα 100ml,2.22
2025-11-07,716578,Hellenia Λάδι Για Μετά Την Αποτρίχωση 150ml,2.97
2025-11-07,705029,Excellence Βαφή Μαλλιών Καθαρό Υπερ Ξανθό,6.42
2025-11-07,704007,HD Λακ Μαλλιών Ultra Strong 300ml,4.84
2025-11-07,702633,Tresemme Μάσκα Μαλλιών Keratin Λαμπερά 440 ml,6.43
2025-11-07,716096,Dove Κρέμα Σώματος Nourishing Care 250ml,5.15
2025-11-07,765013,Syoss Oleo Βαφή Μαλλιών Καστανό Σοκολάτι Νο. 4-86,5.79
2025-11-07,717034,Valley Sweet Almond Αποσμητικό Σώματος Σπρέι 100ml,4.02
2025-11-07,706314,L'OREAL Revitalift Filler Toner 200ml,4.36
2025-11-07,711391,Edel White Professional Βουρτσάκια Μεσοδόντια Γκρι 6τεμ,4.39
2025-11-07,702170,Tresemme Keratin Smooth Heat Protect Spray 200ml,4.40
2025-11-07,620969,Feel Good! Καλσόν 20D Μαύρο XL,1.72
2025-11-07,754419,Feel Good! Λακ Έξτρα Δυνατό Κράτημα 400ml,4.36
2025-11-07,710032,B.U. Vanilla Body Mist 200ml,6.85
2025-11-07,710034,B.U. Tropical Passion Body Mist 200ml,6.85
2025-11-07,712627,Feel Good! Power White Οδοντόκρεμα 75ml,1.54
2025-11-07,771269,Batiste Dry Shampoo Rose Gold 200ml,6.07
2025-11-07,710947,Feel Good! Κολώνια Άνθη Γιασεμιού 250ml,5.20
2025-11-07,754785,Syoss Matt Texture Πηλός 100ml,4.89
2025-11-07,771229,Batiste Dry Shampoo Blush 200ml,6.07
2025-11-07,716516,Veet Κρύο Κερί Για Το Πρόσωπο 32 ταινίες,9.49
2025-11-07,706327,L'OREAL Revitalift Laser Χ3 Κρέμα Ημέρας 50ml,16.59
2025-11-07,705501,L'OREAL Excellence Cream No01 Υπερ Ξανθό Φυσικό 48ml,6.42
2025-11-07,654182,Zan Sot Χτένα Με Λαβή Μονόχρωμη 14152,1.61
2025-11-07,771556,Mea Natura Olive Vitality & Shine Σαμπουάν 300ml,4.22
2025-11-07,706878,Bioten Cellufight Gel Αδυνατίσματος 200ml,9.80
2025-11-07,661895,Hansaplast Extra Δυνατό 8τεμ,4.14
2025-11-07,756674,Johnson's Daily Essentials Wash Normal 150ml,3.84
2025-11-07,708401,Nivea Men Originals Κρέμα Ξυρίσματος 100ml,2.98
2025-11-07,705597,L'OREAL Excellence Cream No 7 Ξανθό 48ml,6.42
2025-11-07,724130,Maybelline Volume Express Μάσκαρα Black Blister,10.34
2025-11-07,661884,Hansaplast Κρέμα Ανάπλασης Ποδιών 100ml,8.41
2025-11-07,832861,Vieri Γυναικεία Παντόφλα Βελουτέ Λουλούδια,6.70
2025-11-07,771524,HD Σαμπουάν Color Sheen 750ml,6.18
2025-11-07,771558,Hd Σαμπουάν Structure Defense 750ml,6.18
2025-11-07,702834,Pantene 3MM Conditioner Χρώμα 220ml,5.03
2025-11-07,710144,Designer Σπρέυ Σώματος Freshness Xalien 100ml,1.98
2025-11-07,765070,Olia Βαφή Μαλλιών Χωρίς Αμμωνία Νο 6.3 Ξανθό Σκούρο Μελί 60ml,10.48
2025-11-07,716399,Aromatics Κρέμα Σώματος Coconut Nutricare Crush & War Vanilla 200ml,4.98
2025-11-07,716383,Aromatics Nutri Care Κρέμα Σώματος Luminous Argan Oil 200ml,4.98
2025-11-07,526051,Cover Πάτοι Αθλητικοί Γυναικείοι Νο35-41,2.90
2025-11-07,775890,Old Spice Αφρόλουτρο Oasis 400ml,3.10
2025-11-07,775868,Dove Αφρόλουτρο Anti-stress 400ml,2.65
2025-11-07,775850,Dove Αφρόλουτρο Gentle Pamper 450ml,2.58
2025-11-07,755050,Dove Αφρόλουτρο Silky Velvet 450ml,2.58
2025-11-07,706376,Nivea Cellular Lift Expert Ορός Προσ. Bakuchiol 30ml,11.95
2025-11-07,715103,L'oreal Men Αφρόλουτρο Hydra Ener.,4.03
2025-11-07,701204,Colgate Οδοντόκρεμα Max White Radiance 75ml,6.55
2025-11-07,710103,Jean Marc After Shave Copacabana 100ml,5.58
2025-11-07,706109,Nivea Μαντηλάκια Καθαρισμού Aloe Vera 25τεμ,2.02
2025-11-07,754031,Taft Gel Power 150ml,3.86
2025-11-07,724083,Maybelline Μανό Fast Gel 11 Red Punch 40ml,4.04
2025-11-07,766066,Syoss Oleo Βαφή Μαλλιών Ξανθό Έντονο Χάλκινο Νο. 7-77,5.79
2025-11-07,611046,Hansaplast Sensitive Επιθέματα 1mx8cm 10τεμ,4.01
2025-11-07,702434,Syoss Conditioner Deep Color 250ml,3.13
2025-11-07,603218,O.B. Pro Organic Ταμπόν Normal 16τεμ,3.49
2025-11-07,706374,L'OREAL Age Perfect Classic Lotion 200ml,4.36
2025-11-07,706058,Diadermine Cleanser Washgel Micellar Purifying 150ml,3.73
2025-11-07,606160,Sani Men Pants No.2 Medium 12τεμ,6.70
2025-11-07,709285,Gillette Proglide Manual Flexball Ξυριστική Μηχανή (+ 2 Ανταλλακτικά),11.39
2025-11-07,716116,Feel Good! Γαλάκτωμα Σώματος Naturals Βανίλια 250ml,2.42
2025-11-07,620970,Feel Good! Καλσόν 20D Κάραμελ XL,1.72
2025-11-07,775409,Old Spice Deep Sea Ντους 400ml,3.12
2025-11-07,703008,Zan Sot Λάστιχο Μαλλιών Mini,1.10
2025-11-07,756007,Nivea Αντιρυτιδική Κρέμα Ημέρας + Σύσφιξη 45+ 50ml,6.00
2025-11-07,719898,Hansaplast Sensitive Επιθέματα Αντιβακτηριδιακά XL 5τεμ,3.27
2025-11-07,719627,Hansaplast Junior Frozern Strips 20τεμ,3.36
2025-11-07,719629,Hansaplast Junior Mickey & Friends 20 ταινίες,3.36
2025-11-07,706010,Bioten Multi Collagen Serum 30ml,7.98
2025-11-07,611633,Zewa Υγρά Μαντήλια Fresh To Go Protection 10τεμ,1.42
2025-11-07,762638,Sensodyne Rapid Action Whitening Οδοντόκρεμα 75ml,4.58
2025-11-07,620096,Diana Boxer Ανδρικό Βαμβακερό Ελαστικό Μαύρο (S-M-L-XL),8.93
2025-11-07,710844,Old Spice Whitewater Λοσιόν Για Μετά Το Ξύρισμα 100ml,5.99
2025-11-07,654220,Τσιμπιδάκι Φρυδιών Στενό Λοξό 20502,2.91
2025-11-07,621500,BIC Azola Κάλτσα Γυναικεία Σοσόνι Διάφορα Χρώματα Σετ 3τεμ,4.77
2025-11-07,654191,Zan Sot Χτένα Κομμωτηρίου Μονόχρωμη,1.55
2025-11-07,765379,Koleston Βαφή Μαλλιών No5/0 50ml,7.62
2025-11-07,762845,Colgate Max White Expert White Στοματικό Διάλυμα 500ml,4.00
2025-11-07,654187,Ψαλιδάκι Παρανυχίδων 20104,4.90
2025-11-07,756889,Beauty Formula Scrub Προσώπου Αγγούρι Αβοκάντο 150ml,3.67
2025-11-07,702879,La Petit Μάσκα Μαλλιών Έλαιο Jojoba 370ml,4.33
2025-11-07,706559,Bioten Face Serum Retinol A 15ml,3.98
2025-11-07,980906,Σετ Περιποίησης Ταξιδίου Remington,25.00
2025-11-07,711065,Oral-B Οδοντόβουρτσα Pro Clean Clinical 35M 2τεμ,2.96
2025-11-07,706499,Garnier Κρέμα Προσώπου Vitamin C Spf 50+ 75ml,8.45
2025-11-07,706498,L'oreal Revitalift Vitamin C Λοσιόν 180gr,6.20
2025-11-07,734000,Wellaflex 7 in 1 Αφρός Για Μπούκλες 200ml,5.80
2025-11-07,719056,Hansaplast Second Skin Regular 6τεμ,4.69
2025-11-07,762072,Colgate Στοματικό Διάλυμα Total Gum Care 500ml,4.00
2025-11-07,702810,Elvive Serum Glycolic Gloss Leave In 150ml,7.55
2025-11-07,765075,Olia Βαφή Μαλλιών Χωρίς Αμμωνία Νο 1.0 Βαθύ Μαύρο 60ml,10.48
2025-11-07,765068,Olia Βαφή Μαλλιών Χωρίς Αμμωνία Νο 8.31 Ξανθό Ανοιχτό 60ml,10.48
2025-11-07,716405,Dove Body Lotion Σώματος Light Care 400ml,5.39
2025-11-07,765059,Excellence Nudes 2u Βαφές Μαλλιών Καστανό Σκούρο 50ml,6.34
2025-11-07,765063,Excellence Nudes 5u Βαφή Μαλλιών Καστανό Ανοιχτό 50ml,6.97
2025-11-07,719048,Hansaplast Junior Paw Patrol 20τεμ,3.36
2025-11-07,701213,L'oreal Κρέμα Ημέρας Daily UV Vitamin C Glow 40ml,7.65
2025-11-07,771364,Syoss Σαμπουάν Intense Plex 440ml,2.81
2025-11-07,771366,Syoss Ξηρό Σαμπουάν Volume 200ml,3.58
2025-11-07,716381,Dove Κρέμα Χεριών Milk Essential 75ml,2.21
2025-11-07,702726,Garnier Fructis Aloe Vera Μάσκα Μαλλιών 400ml,7.18
2025-11-07,702720,Gliss 4in1 Μάσκα Μαλλιών Bond Building Colour 400ml,5.28
2025-11-07,526073,Cover Πάτοι Παπουτσιών Memory Foam 34-46,3.90
2025-11-07,705050,Koleston Βαφή Μαλλιών Νο 7-18 Ξανθό Περλέ 50ml,7.62
2025-11-07,716243,Dove Κρέμα Σώματος Essential 400ml,5.39
2025-11-07,709103,Gillette Fusion Ξυραφάκια Proglide Αναλλακτικά 8τεμ,35.17
2025-11-07,704027,Got2b Glued 4Brows Gel 16ml,6.76
2025-11-07,707014,Gillette Gel Ξυρίσματος Regular 200ml,2.54
2025-11-07,716574,Hellenia Oliva Ρολέτα 100ml,2.22
2025-11-07,706104,L'oreal Revitalift Clinical Serum Vitamin C 30ml,16.69
2025-11-07,701194,L'oreal Men Expert Barber Club Αποσμ. Σωμ. Roll-On 50ml,3.08
2025-11-07,702659,Pantene Μάσκα Μαλλιών Για Μπούκλες 300ml,6.18
2025-11-07,771174,Wellaflex Dry Shampoo Wild Berry Touch 180ml,5.18
2025-11-07,703012,Zan Sot Klamer Κομμωτηρίου,1.49
2025-11-07,709058,BIC Hybrid Flex 5 Ξυριστική Μηχανή (+ 2 Ανταλλακτικά),6.96
2025-11-07,711030,Colgate Οδοντόβουρτσα High Density Charcoal 2τεμ,3.25
2025-11-07,702584,Syoss Conditioner Deep Repair 250ml,3.13
2025-11-07,709054,Gillette Proglide Power Ανταλλακτικά 4τεμ,22.99
2025-11-07,715260,Le Petit Marseillais Κρέμα Χεριών Nutrition 75ml,3.48
2025-11-07,716612,Johnson's Γαλάκτωμα Σώματος Γιαούρτι Μέλι Βρώμη 400ml,4.23
2025-11-07,606871,Slipad Lady Σερβιέτες Ελαφράς Ακράτειας Extra 10 τεμ,3.17
2025-11-07,701114,L'OREAL Men Expert Carbon Protect Αποσμητικό Spray 150ml,3.28
2025-11-07,701103,L'OREAL Men Expert Hydra Energetic Κρέμα Προσώπου 50ml,7.73
2025-11-07,706279,Bioten Body Lotion Beloved Musk 250ml,5.90
2025-11-07,765413,Palette Κρέμα Βαφή Μαλλιών N10.2 Ξανθό,3.75
2025-11-07,706199,Diadermine Miceller Νερό Ντεμακιγιάζ 400ml,5.21
2025-11-07,716105,Vaseline Essential Lotion Healing 200ml,3.91
2025-11-07,754005,L'OREAL Elnett Satin Spray Κανονικό Κράτημα 400ml,5.99
2025-11-07,703805,Zan Sot Klamer Μικρό Classic,1.36
2025-11-07,755136,Fa Αντρικό Αφρόλουτρο Sport Double Power- Power Boost 250ml,1.45
2025-11-07,705523,L'OREAL Excellence Cream No 7.77 Σοκολατί Φωτεινό 48ml,6.42
2025-11-07,654211,Zan Sot Χτένα Ανδρική Διπλή Ταρταρούγα,1.43
2025-11-07,765384,Koleston Βαφή Μαλλιών Νο 6/0 50ml,7.62
2025-11-07,765341,Koleston Βαφή Μαλλιών Νο 10/0 50ml,7.62
2025-11-07,669464,Nivea Men Power Refresh Ντους 500ml,2.28
2025-11-07,716029,Dove Restoring Coconut Λοσιον 250ml,4.19
2025-11-07,760120,Corega Neutral Cream Κρέμα Οδοντοστοιχίας 70gr,8.54
2025-11-07,765345,Koleston Βαφή Μαλλιών No2/0 50ml,7.62
2025-11-07,719419,Hansaplast Aqua Protect Άδιαβροχο Επίθεμα 20 τμχ 2 μεγέθη.,3.80
2025-11-07,714333,Ecos Βιολογική Λεβάντα Κρεμοσάπουνο 500ml,2.71
2025-11-07,703528,Iris Βούρτσα Ν.2119,3.81
2025-11-07,702883,Pantene Κρέμα Ενυδάτωσης Με Θερμότητα 135ml,8.74
2025-11-07,706570,Vaseline Lip Balm Jar Rosy Lips 7gr,2.99
2025-11-07,757003,Nivea Derma Control Restore Αποσμητικό Roll - On 50m,2.71
2025-11-07,715133,Johnson's Baby Soft Wash Αφρόλουτρο/Bath 750ml,3.02
2025-11-07,716447,Tesori Body Lotion White Mask 400ml,10.40
2025-11-07,706535,Nivea Men Deep Gel Καθαρισμός Προσώπου 100ml,4.60
2025-11-07,706484,Bioten Eye Serum Hyalurοnic Gold 15ml 97% Natural,9.98
2025-11-07,720255,Nivea Sun Προσώπου 2 In 1 Primer Serum SPF 50+ 30ml,9.30
2025-11-07,712088,Colgate Οδοντόκρεμα Total Active Prevention Plus Gum 75ml,2.19
2025-11-07,771418,Pantene Σαμπουάν Χρώμα & Προστασία 625ml,5.03
2025-11-07,711048,Aim White System Οδοντόβουρτσα Charcoal,2.36
2025-11-07,709163,Gillette Venus Fig Μηχανή & Ανταλλακτικό,11.03
2025-11-07,706393,Bioten Κρέμα Ημέρας Glow Expert 4D 50ml,9.98
2025-11-07,268008,Mooveat On The Whey Ρόφημα Πρωτεΐνης σε Σκόνη Φράουλα 30gr,1.04
2025-11-07,717424,Axe Αποσμητικό Σώματος Stick Ice Chill 50ml,3.00
2025-11-07,711039,Aim Οδοντόβουρτσα Sensisoft Clean Μαλακή,2.36
2025-11-07,756043,Nivea Ορός Cellural Luminous Anti Age & Spot Serum 2 in 1 30ml,14.35
2025-11-07,709088,Gillette Mach III Ξυραφάκια Ανταλλακτικά 8τεμ,21.60
2025-11-07,653535,Syoss Oleo Intense Βαφή Μαλλιών Καστανό Σκούρο 3-10,5.79
2025-11-07,765052,Palette Βαφή Μαλλιών Intensive Color Creme No5.1 Καστανό Ανοιχτό Σαντρέ,3.75
2025-11-07,719693,Durex Massage Aloe Gel 200ml,10.99
2025-11-07,754030,Taft Gel Ultra 150ml,3.86
2025-11-07,724081,Maybelline Μανό Fast Gel 1 Top Coat 39ml,4.04
2025-11-07,716097,Johnson's Κρέμα Σώματος Skin Balance 300ml,3.89
2025-11-07,718488,Luxurius Vanilla Scrub Σώματος 280ml,5.19
2025-11-07,718484,Luxurius Icing Sugar Scrub Σώματος 280ml,5.19
2025-11-07,719861,Scholl Κρέμα Ανάπλασης Σκασμένες Πτέρνες 60ml,12.27
2025-11-07,716620,Veet Αποτριχωτικό Κρύο Κερί Μπικίνι Για Ευαίσθητη Επιδερμίδα 16τεμ,6.99
2025-11-07,662414,STR8 Κολώνια Fr34k 100ml,13.62
2025-11-07,751425,Pantene Σαμπουάν Απαλά & Μεταξένια 675ml,5.72
2025-11-07,756498,Liposan Vanilla Butter Cream 4-8gr,3.26
2025-11-07,755138,Feel Good! Ντους Naturals Βανίλια 250ml,1.29
2025-11-07,653572,Syoss Oleo Intense Βαφή Μαλλιών Ξανθό Φωτεινό 9-10,5.79
2025-11-07,601450,Feel Good! Σερβιέτες Ultra Plus Normal 10 τεμ,1.16
2025-11-07,706337,Nivea Q10 Plus C Αντιρυτιδική Κρέμα Ημέρας Ανάπλασης Ενυδατική 50ml,8.75
2025-11-07,716558,Βαζελίνη Με Μελισσοκέρι Φρούτα Του Δάσους 140ml,2.29
2025-11-07,709466,Gillette Mach3 Ξυριστική Mηχανή + 2 Ανταλλακτικά,8.44
2025-11-07,703809,Zan Sot Klamer Χταποδάκι Classic Πολύ Μεγάλο,2.30
2025-11-07,601340,Everyday Hyperdry Fresh Ultra Plus Maxi Night 10τεμ,2.13
2025-11-07,756002,Nivea Face Cellular Night Cream 50ml,11.00
2025-11-07,620804,Diana Topaz Mousse 18D Καλσόν Καραμέλα M-L,1.69
2025-11-07,620801,Diana Topaz Mousse 18D Κάλσον Μαύρο Medium-Large,1.69
2025-11-07,620409,Diana Ilium 18D Καλτσάκια Μαύρα 2τεμ,1.71
2025-11-07,765394,Koleston Βαφή Μαλλιών Νο 7/3 50ml,7.62
2025-11-07,710086,Nivea Men Deep After Shave Lotion 100ml,6.56
2025-11-07,765251,Palette Κρέμα Βαφή Μαλλιών Ν3.76 Καστανό Σκούρο- Σοκολατί,3.75
2025-11-07,710401,Nivea Men After Shave Balsam 100ml,6.49
2025-11-07,718431,Atrix Soft Protection Cream 100ml,3.50
2025-11-07,705422,L'OREAL Excellence Cream No10 Κατάξανθο Ξανθιστικό 48ml,6.42
2025-11-07,606913,Tena Pants Plus Small Πάνες Ακράτειας 14τεμ,7.42
2025-11-07,705500,L'OREAL Excellence Cream No 8.1 Ξανθό Ανοιχτό Σαντρέ 48ml,6.42
2025-11-07,662525,L'OREAL Magic Retouch Spray Κάλυψης Μπεζ 75ml,6.16
2025-11-07,718014,Bioten Sos Κρέμα Χεριών 50ml,2.75
2025-11-07,716988,Carnaby Viso Αποτριχωτικές Ταινίες Προσώπου,6.19
2025-11-07,621052,BIC Avigliano Κάλτσα Unisex Μαύρη Σετ 2,3.55
2025-11-07,704578,L'OREAL Styling Studio Line Special FX Radical Gel 150ml,7.99
2025-11-07,774782,Got2b Glued Freeze Λακ Μαλλιών 300ml,5.73
2025-11-07,702880,Tresemme Λάδι Keratin Λαμπερά 75ml,5.15
2025-11-07,706560,Bioten Face Serum Exfoliating A 15ml,3.98
2025-11-07,832867,Mitsuko Παντόφλες Ανδρικές Γούνα Νο 41-46,11.20
2025-11-07,980908,Remington Κουρευτική Μηχανή Μαλλιών,25.00
2025-11-07,706481,L'oreal Revitalift Filler Gel 150ml,4.36
2025-11-07,771499,Batiste Dry Shampoo Cherry 200ml,6.07
2025-11-07,704061,Wellaflex 7 in 1 Λόσιον Όγκου 100ml,5.80
2025-11-07,606272,Sani Fresh Pants Εσώρουχα Ακράτειας Ν.2 Medium 14τεμ,8.38
2025-11-07,765083,Garnier Olia Βαφή Μαλλιών Χωρίς Αμμωνία Ν4.0Καστανό 50ml,10.48
2025-11-07,702749,Syoss Conditioner Deep Intense Plex 250ml,3.13
2025-11-07,702748,Garnier Fructis Hairfood Μάσκα Μαλλιών Watermelon 400ml,5.39
2025-11-07,771295,Head & Shoulders Σαμπουάν Extra Φροντίδα 330ml,3.49
2025-11-07,702711,Gliss 4in1 Μάσκα Μαλλιών Bond Building Shine 400ml,5.28
2025-11-07,715100,Aroma 2 Σε 1 Αφρόλουτρο & Scrub Papaya Mango Passiofruit 300ml,2.34
2025-11-07,706140,Beauty Formulas Μάσκα Χέριών Με Ελαιο Καρύδας,3.75
2025-11-07,701203,Axe Eau De Toilette Dark Temptation 100ml,13.49
2025-11-07,707020,Gillette Series Αφρός Ξυρίσματος Soothing 200ml,2.80
2025-11-07,765039,Palette Κρέμα Βαφή Μαλλιών No.7.2 Ξανθό Φυμε,3.75
2025-11-07,705344,Excellence Creme Καστανό Σκούρο Βαφή Μαλλιών Ν.3,6.42
2025-11-07,771200,HD Conditioner Διφασικό Σπρεύ Για Ξηρά Ταλαιπωρημένα Μαλλιά 150ml,5.29
2025-11-07,771186,Wash & Go 2in1 Σαμπουάν Sport 360 ml,3.14
2025-11-07,706090,Bioten Κρέμα Ημέρας Calcium 50ml,10.07
2025-11-07,706062,L'OREAL Revitalift Filler Serum Ματιών 20ml,16.59
2025-11-07,715028,Borotalco Αφρόλουτρο Refreshing 600ml,2.99
2025-11-07,716100,Aromatics Κρέμα Σώματος Love 200ml,4.98
2025-11-07,762024,Oral-B IO Ultimate Clean Ανταλλακτικά 2τεμ,16.99
2025-11-07,762259,Aim Οδοντόβουρτσα White Now Shiny Μαλακή,2.74
2025-11-07,724036,Maybelline Fit Me Matte Fdt 105 Ivory Bl,15.99
2025-11-07,702442,Elvive Extraordinary Jojoba Μάσκα Μαλλιών 300ml,6.82
2025-11-07,701099,L'OREAL Men Expert Hydra Energetic Καθαριστικό Προσώπου 100ml,4.32
2025-11-07,705002,Syoss Oleo Intense Κατάξανθο Σαντρέ 10-50,5.79
2025-11-07,774779,Syoss Invisible Κερί 100ml,4.89
2025-11-07,707632,Nivea Men Sensitive Ultra Comfort Αφρός Ξυρίσματος 200ml,4.50
2025-11-07,702573,Pantene Αναδόμηση Αμπούλες Μαλλιών 3x15ml,5.03
2025-11-07,620526,Diana Κάλτσα Ανδρική Βαμβακερή Sous Bas,3.17
2025-11-07,724232,Maybelline Colossal Go Extreme Black Μάσκαρα 9-5ml Blister,12.70
2025-11-07,717801,STR8 Original Gel Ντους 400ml,4.21
2025-11-07,710547,STR8 Red Code After Shave Lotion 100ml,9.54
2025-11-07,620056,BIC Molas Καλσόν Ελαστικό Μελί 20D Large,3.46
2025-11-07,654230,Τσιμπιδάκι Φρυδιών Λοξό 20532,4.09
2025-11-07,756003,Nivea Cellular Anti-Age Eye Cream 15ml,11.00
2025-11-07,765392,Koleston Βαφή Μαλλιών Νο7/0 50ml,7.62
2025-11-07,706026,Nivea Micellair Νερό Ντεμακιγιάζ 400ml,4.00
2025-11-07,705499,L'OREAL Excellence Cream No 9 Ξανθό Πολύ Ανοιχτό 48ml,6.42
2025-11-07,716512,Garnier Repair Κρέμα Χεριών 100ml,2.58
2025-11-07,704770,Wella Flex Αφρός Πολύ Δυνατός 200ml,4.48
2025-11-07,706245,Nivea Visage Απαλό Gel Καθαρισμού Λιπαρές Επιδερμίδες 150ml,3.71
2025-11-07,702882,Pantene Μάσκα Ενυδάτωσης Αctive Nutri Plex 300ml,6.79
2025-11-07,717488,Nivea Derma Control Defend Αποσμητικό Γυναικείο Spray 150ml,3.00
2025-11-07,762106,Colgate Οδοντόκρέμα Max White Expert Pure 75ml,2.81
2025-11-07,702842,Gliss Conditioner Full Hair Σπρέι Wonder 200ml,3.95
2025-11-07,705081,Syoss Root Retouch Μαύρο 120ml,6.23
2025-11-07,706429,Nivea Κρέμα Ημέρας Αντιρυτιδική Q10 Power 50ml,9.45
2025-11-07,709165,Gillette Venus Trimmer Ξυριστική Μηχανή,24.04
2025-11-07,765069,Olia Βαφή Μαλλιών Χωρίς Αμμωνία Νο 6.60 Έντονο Κόκκινο 60ml,10.48
2025-11-07,706381,Syoss Treatment Serum Intense Plex 100ml,5.87
2025-11-07,771224,Head & Shoulders 2in1 Σαμπουάν Total Care 360ml,3.49
2025-11-07,704031,Schwarzkopf Taft Λακ Power Cashmere HL5 250ml,4.64
2025-11-07,526069,Cover Ανατομικοί Πάτοι Παπουτσιών Νο 41-46,4.50
2025-11-07,706139,Bioten Micellar Νερό Ηydra X-Cell 400ml,3.55
2025-11-07,710102,Gillette After Shave Splash Refreshing Arctic Ice 100ml,7.19
2025-11-07,762191,Oral B Pro Vitality Επαναφορτιζόμενη Οδοντόβουρτσα White Hbox,21.43
2025-11-07,765019,HD Color Σετ Βαφής Μαλλιών Ν.1 Μαύρος Έβενος,4.15
2025-11-07,526414,School Πάτοι Απορρόφησης Κραδασμών,7.90
2025-11-07,717196,Borotalco Αφρόλουτρο Moisturizing 600ml,2.99
2025-11-07,611047,Treellium Gel Χεριών Βιοκτόνο 500ml,4.50
2025-11-07,620264,BIC Ankle Socquette Καλτσάκι 15D Honey,3.03
2025-11-07,707011,Tressemme Αφρός Για Όγκο 200ml,4.22
2025-11-07,706766,L'OREAL Revitalift Serum Laser Retinol 30ml,16.59
2025-11-07,756425,Nivea Cellular Lumin 630 Κρέμα Ημέρας Κατά Των Κηλίδων 40ml,13.74
2025-11-07,719148,Septona Βαμβάκι Ecolife 100gr,2.25
2025-11-07,620967,Feel Good! Καλσόν 20D Κάραμελ M/L,1.39
2025-11-07,606270,Tena Silhouette Plus Medium Noir Πάνες Ακράτειας 9τεμ,6.62
2025-11-07,716556,Βαζελίνη Με Μελισσοκέρι Μπανάνα 140ml,2.29
2025-11-07,710917,Sweet Candry Coconut Dream Eau De Toillette 100ml,11.73
2025-11-07,703821,Zan Sot Στέκα Classic 8mm,1.74
2025-11-07,762525,Oral-B 123 Classic Care Οδoντόβουρτσα 40Med,1.99
2025-11-07,704982,Flipper Gel Δυνατό 250gr,2.50
2025-11-07,705634,Men Perfect N60 Φυσικό Καστανό Μεσαίο,9.55
2025-11-07,620734,Diana Ottima Σοσόνι Ελαστικό Ματ 15Den,1.55
2025-11-07,620177,BIC Medias Καλσόν Μελί 15D XLarge,2.73
2025-11-07,620173,BIC Medias Καλσόν Μαύρο 15D Small,2.73
2025-11-07,706957,Iris Βούρτα Αντιστατική,2.99
2025-11-07,756522,L'OREAL Revitalift Κρέμα Ημέρας SPF30 50ml,11.51
2025-11-07,765598,Garnier Color Sensation No 6.35 Ζεστό Καφέ 40ml,4.17
2025-11-07,620145,BIC Velvet Καλσόν Ελαστικό Μαύρο 50D Large,5.26
2025-11-07,620049,BIC Mibas Καλτσάκι 3/4 20D Περλέ Σετ 2τεμ,1.78
2025-11-07,754780,Got2b Istylers Πηλός 75ml,5.76
2025-11-07,704774,Wella Flex Λακ Βαμμένα Μαλλιά Δυνατό 250ml,4.35
2025-11-07,710714,STR8 Original After Shave Lotion 100ml,9.54
2025-11-07,705421,L'OREAL Excellence Cream No 7-1 Ξανθό Σαντρέ 48ml,6.42
2025-11-07,662526,L'OREAL Magic Retouch Spray Κάλυψης Καφέ 75ml,6.16
2025-11-07,704658,Wella Flex Λακ Λάμψη & Κράτημα 250ml,4.35
2025-11-07,662528,L'OREAL Magic Retouch Spray Κάλυψης Μαύρο 75ml,6.16
2025-11-07,716987,Carnaby Viso Blue Αποτριχωτική Κρέμα Προσώπου 60ml,6.19
2025-11-07,716985,Carnaby Αποτριχωτικές Ταινίες Σώματος 20τεμ,4.80
2025-11-07,601146,EveryDay Σερβιέτες Hyperdry Eliptica Ultra Plus Normal 10τεμ,2.09
2025-11-07,620063,BIC Καλσόν Μη Ελαστικό Off Black 20D,1.78
2025-11-07,702885,Pantene 3MM Conditioner Ενυδάτωσης 220ml,4.89
2025-11-07,757001,Nivea Derma Control Αποσμητικό Γυναικείο Roll On 50ml,2.71
2025-11-07,717491,Nivea Derma Control Restore Αποσμητικό Γυναικείο Spray 150ml,3.00
2025-11-07,767037,Sanex Αποσμητικό Spray Zero 0% Extra Control 200ml,6.32
2025-11-07,832882,Mitsuko Παντόφλες Ανδρικές Καρό No 41-46,8.75
2025-11-07,711070,Oral B Pro White Οδοντόβουρτσα Αdvanced,1.99
2025-11-07,711063,Oral b Οδοντόβουρτσα Pro Clean Advanced 40M 1τεμ,1.39
2025-11-07,620441,Ημίκοντη Diana Ανδρική Κάλτσα Πετσέτα 2τεμ,4.35
2025-11-07,710161,Jean Marc X-Black Men Κολώνια 100ml,11.99
2025-11-07,734001,Taft Λακ Μαλλιών Aloe Boost 250ml,4.64
2025-11-07,705083,Syoss Brow Tint Καστανό Ανοιχτό 17ml,9.89
2025-11-07,705078,Syoss Color Βαφή Μαλλιών Νο 8-7 Ξανθό Ανοιχτό Χάλκινο 50ml,5.36
2025-11-07,709185,Gillette Sensor 3 Sensitive Δώρο 8 Ανταλλακτικά Λαβή,7.54
2025-11-07,775905,Palmolive Αφρόλουτρο Jasmine & Milk 650ml,2.92
2025-11-07,710134,Designer Σπρέυ Σώματος Freshness Daisee 100ml,1.98
2025-11-07,710153,Designer Σπέυ Σώματος Freshness Savore 150ml,1.98
2025-11-07,620368,Bic Καλσόν Panty Finhnet Terraccott M/L,5.99
2025-11-07,706424,Liposan Caring Beauty Red 4-8gr,4.04
2025-11-07,754036,Feel Good! Pomade Extreme Hold 100ml,4.28
2025-11-07,706404,Vaseline Lip Stick Emily In Paris Nude 3gr,4.79
2025-11-07,765080,Garnier Olia Βαφή Μαλλιών Χωρίς Αμμωνία Ν7.0 Ξανθό 50ml,10.48
2025-11-07,765077,Olia Βαφή Μαλλιών Χωρίς Αμμωνία Νο 1.10 Μαύρο Μπλέ 60ml,10.48
2025-11-07,706395,Bioten Serum Προσώπου Glow Expert 4D 30ml,10.18
2025-11-07,704000,Schwarzkopf Taft Styling Gel V12,5.45
2025-11-07,717429,Αxe Αποσμητικό Σώματος Stick Dark Temptation 50ml,3.00
2025-11-07,709099,Gillette Venus Sugarberry Μηχανή +1 Ανταλλακτικό,8.43
2025-11-07,771208,Elvive Σαμπουάν Bond Repair 200ml,6.29
2025-11-07,712060,Parodontax Active Gum Repair White 75ml,3.83
2025-11-07,754622,Wellaflex Men Gel Πολύ Δυνατό Κράτημα 150ml,5.04
2025-11-07,709062,Gillette Skinguard Ξυραφάκια Μίας Χρήσης 6τεμ,8.19
2025-11-07,717381,STR8 Game Αφρόλουτρο 400ml,3.51
2025-11-07,771182,Pantene Pre Styler 5 σε 1 Miracle 200ml,6.39
2025-11-07,702645,Pantene Serum Ενυδάτωση & Λάμψη 70ml,6.33
2025-11-07,716098,Bioten Κρέμα Σώματος Skin Nutries Oat & Chia 400ml,7.29
2025-11-07,716104,Bioten Κρέμα Σώματος Skin Nutries Vitamin 400ml,7.29
2025-11-07,718485,Luxurius Icing Sugar Κρέμα Σώματος 280ml,8.20
2025-11-07,765020,HD Color Σετ Βαφής Μαλλιών Ν10.1 Κατάξανθο Σαντρέ,4.15
2025-11-07,765022,HD Color Σετ Βαφής Μαλλιών Ν7 Ξανθό,4.15
2025-11-07,771138,Head & Shoulders Σαμπουάν Derma X Pro Strength 300ml,3.49
2025-11-07,702592,Head & Shoulders Serum Dermax Soothing Cactus 145ml,4.41
2025-11-07,620533,Diana Τερλίκι Μαύρο 2τεμ,3.14
2025-11-07,724142,Maybelline Μάσκαρα Lash Sensational Sky High Blister,16.62
2025-11-07,705024,L'OREAL Excellence Βαφή Μαλλιών Ξανθό Σκούρο Ψυχρό Ν.6.11,6.97
2025-11-07,705020,L'OREAL Excellence Βαφή Μαλλιών Ξανθό Ανοιχτό Ψυχρό Ν.8.11,6.97
2025-11-07,767658,Old Spice Αποσμητικό Σώματος Stick Restart 50ml,3.00
2025-11-07,706438,Diadermine Essentials Κρέμα Ημέρας Normal/Mixed Skin 50ml,4.79
2025-11-07,702403,Gliss Split Hair Conditioner 200ml,2.05
2025-11-07,702525,Elvive Μάσκα Δράση Αργινίνης 680ml,8.30
2025-11-07,526171,Ringpoint Κορδόνια Φαρδιά Λευκά 150cm,4.12
2025-11-07,756259,Diadermine Κρέμα Lift + Superfiller Ματιών 15ml,11.21
2025-11-07,717073,Nivea Men Deep Αφρός Ξυρίσματος 200ml,4.50
2025-11-07,706414,Diadermine Hydralist Aquagel Κρέμα Ημέρας 50ml,4.94
2025-11-07,719099,Duo Extra Thin Extra Lubricated 18 τεμ,17.56
2025-11-07,710018,STR8 Ahead Κολώνια 100ml,13.62
2025-11-07,606362,Tena Pants Original Normal Large Πάνες Ακράτειας 30τεμ,19.88
2025-11-07,716570,Hellenia Aloe Vera Αποτριχωτικές Ταινίες Σώματος 20τεμάχια,3.95
2025-11-07,719211,Again Normal Προφυλακτικά 12τεμ,8.90
2025-11-07,719212,Again Special Προφυλακτικά 12τεμ,9.63
2025-11-07,717862,STR8 Κολώνια Red Code 100ml,13.62
2025-11-07,620416,Diana Flert Stretch 15D Καλσόν (Μαύρο),2.39
2025-11-07,620405,Diana Calzino 15D Καλτσάκι Καραμελέ/Πέπερ O/S,1.85
2025-11-07,716107,Dove Γαλάκτωμα Σώματος 250ml,3.89
2025-11-07,620525,Diana Καλτσάκι Sous Bas Βαμβάκι Λύκρα,2.45
2025-11-07,620176,BIC Medias Καλσόν Μελί 15D Large,2.73
2025-11-07,620174,BIC Medias Καλσόν Μαύρο 15D XLarge,2.73
2025-11-07,709487,Gillette Venus Swirl Μηχανή & 1 Ανταλλακτικό,9.99
2025-11-07,706565,Bioten Κρέμα Απολέπισης Κανονικο/Μεικτό 150ml,2.78
2025-11-07,765383,Koleston Βαφή Μαλλιών Νο55/46 50ml,7.62
2025-11-07,716009,Bioten Beloved Vanilia Body Lotion 250ml,5.90
2025-11-07,765250,Palette Κρέμα Βαφή Μαλλιών N7.87 Χάλκινο,3.75
2025-11-07,706410,Diadermine Lift+Superfiller Κρέμα Ημέρας 50ml,11.56
2025-11-07,620042,BIC Molas Καλσόν Ελαστικό Μαύρο 20D Large,3.46
2025-11-07,621053,BIC Avigliano Κάλτσα Unisex Λευκή Σετ 2τεμ,3.35
2025-11-07,754782,Got2b Molding Gentleman Πηλός 100ml,5.76
2025-11-07,704455,L'OREAL Elnett Satin Spray Δυνατό Κράτημα 400ml,5.99
2025-11-07,710166,Tesori Σετ (Edt 100ml + Shower Cream 75ml ) 8τεμ,10.46
2025-11-07,702878,La Petit Marseillais Μάσκα Μαλλιών Hydration,4.33
2025-11-07,755074,Palmolive Αφρόλουτρο Silky Oil 650ml,4.78
2025-11-07,832872,Mitsuko Παντόφλες Γυναικείες Σούρα Νο 36-41,9.99
2025-11-07,832891,Mitsuko Παντόφλες Γυναικείες Με Λουλούδια Ν.36-41,8.75
2025-11-07,706536,Liposan Mango Blister 4-8gr,3.26
2025-11-07,756069,L'oreal Κρέμα Προσώπου Revitalift Υαλουρονικό 50ml,16.59
2025-11-07,611276,Dettol 2 In 1 Wipes 155 Οικογενειακή Συσκευασία,5.38
2025-11-07,709192,Bic Hybrid Flex 5 Ανταλλακτικά Για Ξυραφάκια Sensitive 4τεμ,9.98
2025-11-07,705084,Syoss Brow Tint Καστανό Σκούρο 17ml,9.89
2025-11-07,701215,Loreal New Mex Carbon Tissue Mask 30gr,3.08
2025-11-07,702837,Pantene Μάσκα Μαλλιών Ενυδάτωση & Λάμψη 300ml,6.98
2025-11-07,514214,Blador Καθαριστικό Λεπίδων Blue 400ml,2.09
2025-11-07,754035,Feel Good! Pomade Extra Hold 100ml,4.09
2025-11-07,710130,Tesori Κολώνια Karma 100ml,10.95
2025-11-07,823945,My Style Ανδρική Μακρυμάνικη Μπλούζα,10.99
2025-11-07,702811,Elvive Glyco Gloss Περιποίηση Λάμψης 200ml,7.55
2025-11-07,702795,Bright Serum Revel Niacinam 30ml,16.79
2025-11-07,771348,TRESemme Σαμπουάν Rich Moisture Για Ξηρά 400ml,2.70
2025-11-07,620354,Diana Κάλτσες Γυναικείες Καρδούλες Ροζ Μαύρο 2τεμ,3.15
2025-11-07,704036,Schwarzkopf Taft Λακ Μαλλιών Ultra HL4 250ml,4.64
2025-11-07,762059,Οral - B Οδοντόβουρτσα Vitality Pro Kids Frozen,39.92
2025-11-07,775373,Johnson's Clean & Protect 3 Almond Αφρόλουτρο 750ml,2.75
2025-11-07,717389,STR8 Game Eau De Toilette 100ml,13.90
2025-11-07,716151,Veet Expert Αποτριχωτική Κρέμα 200ml,8.99
2025-11-07,710101,Gillette After Shave Splash Revitalizing Sea Mist 100ml,7.19
2025-11-07,771176,Wash & Go Σαμπουάν Normal 360 ml,3.14
2025-11-07,701182,Axe After Shave Dark Temptation 100ml,9.48
2025-11-07,704003,HD Λακ Πολύ Δυνατό Κράτημα Non-Aerosol 200ml,4.94
2025-11-07,718486,Luxurius Pink Orchid Scrub Σώματος 280ml,5.19
2025-11-07,762048,Colgate Οδοντόκρεμα Max White Ultra Fresh Pearl 75ml,3.51
2025-11-07,611048,Hansaplast Ultra Sensitive XL Strips 5τεμ,4.61
2025-11-07,620532,Diana Τερλίκι Λευκό 2τεμ,3.14
2025-11-07,711127,Unicorn Οδοντόκρεμα 75ml,2.92
2025-11-07,662413,STR8 Ντους Gel Fr34k 400ml,3.51
2025-11-07,711395,Edel White Professional Βουρτσάκια Μεσοδόντια Κίτρινα 6τεμ,4.39
2025-11-07,706489,Feel Good! Body Milk Μανόλια 250ml,2.50
2025-11-07,606864,Slipad Πάνες Ενηλίκων Νο 4 X-Large 10τεμ,7.34
2025-11-07,606873,Slipad Lady Σερβιέτες Ελαφράς Ακράτειας Super Plus 14 τεμ,4.49
2025-11-07,606862,Slipad Πάνες Ενηλίκων Νο 3 Large 11τεμ,7.34
2025-11-07,702313,Syoss Oleo Intense Βαφή Μαλλιών Ξανθό Ανοιχτό Μπεζ 8-05,5.79
2025-11-07,710179,Old Spice Ντους Captain 675ml,4.86
2025-11-07,706008,Bioten Multi Collagen Κρέμα Ημέρας 50ml,7.98
2025-11-07,703829,Zan Sot Λάστιχο Μαλλιών Σπιράλ Αδιάβροχο,1.55
2025-11-07,703803,Zan Sot Βούρτσα Στρογγυλή Ανατομική 15mm,5.48
2025-11-07,703802,Zan Sot Αερόβουρτσα Τετράγωνη Μικρή,4.89
2025-11-07,719549,Septona Επιθέματα Για Κάλους Με Σαλικυλικό Οξύ 6τεμ,2.35
2025-11-07,705630,Men Perfect N80 Μαύρο Καστανό,9.55
2025-11-07,754471,Taft Power Gel Titanium 250ml,5.45
2025-11-07,621174,Diana T-Shirt Ανδρικό Μαύρο (S-M-L-XL-XXL),7.94
2025-11-07,620418,Diana Flert Stretch 15D Καλσόν Καραμέλα,2.39
2025-11-07,716008,Bioten Supreme Hyaluronic Body Lotion 250ml,5.90
2025-11-07,709615,Gillette Fusion Proglide Styler Ξυριστική Μηχανή & 1 Ανταλλακτικό,19.49
2025-11-07,765655,Garnier Color Sensation No 4.15 Παγωμένο Σοκολατί 40ml,4.17
2025-11-07,765986,Garnier Color Sensation No 11.0 Κατάξανθο Φυσικό Βαφή Μαλλιών 40ml,4.17
2025-11-07,620003,BIC Καλσόν Μη Ελαστικό Καραμελέ 20D (1-3),1.78
2025-11-07,620006,BIC Καλσόν Μη Ελαστικό Μαύρο 20D (1-3),1.78
2025-11-07,620039,BIC Molas Καλσόν Ελαστικό Μαύρο 20D Small,3.46
2025-11-07,620026,BIC Silhouette Καλσόν Ελαστικό Μελί 15D Medium,5.93
2025-11-07,711436,Aquafresh Flex Interdental Medium Οδοντόβουρτσα,1.59
2025-11-07,706819,Clean & Clear Scrub 150ml,3.29
2025-11-07,662529,L'OREAL Magic Retouch Spray Κάλυψης Ξανθό 75ml,6.16
2025-11-07,710420,Nivea Men After Shave Fluid 100ml,6.56
2025-11-07,714103,Dettol Κρεμοσάπουνο Ανταλλακτικό Σακουλάκι Honey 500ml,2.39
2025-11-07,757002,Nivea Men Αποσμητικό Derma Control Sensitive Roll - On 50ml,2.71
2025-11-07,832888,Mitsuko Παντόφλες Γυναικείες Χνουδωτές Καρδιά No 37-41,8.75
2025-11-07,832866,Vieri Γυναικεία Παντόφλα Bελουτέ Στρας Χρωματιστή,6.70
2025-11-07,762076,Oral b IO2 Ηλεκτρονικό Οδοντόβουρτσα Black,45.10
2025-11-07,620440,Ημίκοντη Ανδρική Κάλτσα Πετσέτα 2τεμ,4.35
2025-11-07,702863,HD Sea Salt Hair Texturizer 160ml,6.80
2025-11-07,526106,Cover Πάτος Δερμάτινος Ανατομικός Νο 36-39,6.90
2025-11-07,705079,Syoss Color Βαφή Μαλλιών Νο 1-1 Μαύρο 50ml,5.36
2025-11-07,702844,Gliss Treatment Scalp Activator Full Hair 100ml,5.89
2025-11-07,709179,Gillette Sensor 3 Δώρο 8 Aνταλλακτικά Λαβή,7.54
2025-11-07,706439,Nivea Radiance Νερό Ντεμακιγιάζ Waterproof 125ml,3.07
2025-11-07,771414,Pantene Σαμπουάν Αναδόμηση & Προστασία 625ml,5.03
2025-11-07,620364,Bic Καλσόν Panty Slim & Support 40L Honey,5.99
2025-11-07,710132,Tesori Κολώνια Royal Oud 100ml,10.95
2025-11-07,709174,Gillette Venus Fig Ανταλλακτικά 3τεμ,14.99
2025-11-07,765060,Excellence Reds Βαφή Μαλλιών 5UR Φυσικό Κόκκινο 50ml,6.97
2025-11-07,526078,Cover Αναβάτης Μεταλλικός,1.98
2025-11-07,526077,Cover Κορδόνια Υποδημάτων Μαύρα 2τεμ,2.69
2025-11-07,762064,Fixodent Plus Food Barrier 40gr,6.80
2025-11-07,716376,Dove Λοσιόν Σώματος Care & Glow 400ml,5.57
2025-11-07,710127,Nivea Men Sensitive Κρέμα Gel 60gr,7.92
2025-11-07,702710,Gliss 4in1 Μάσκα Μαλλιών Bond Building Nourishment 400ml,5.28
2025-11-07,754033,Wellaflex Men Mat Πάστα Μαλλιών 75ml,5.04
2025-11-07,702698,Head & Shoulders Κρέμα Μαλλιών Derma X Pro Strength 220ml,3.23
2025-11-07,704044,Schwarzkopf Mousse Μαλλιών Power Cashmere 200ml,4.64
2025-11-07,704029,Schwarzkopf Taft Mousse Μαλλιών Shine 200ml,4.64
2025-11-07,706141,Elvive Serum Bond Repair 150ml,7.55
2025-11-07,701210,L'oreal Men Expert Pure Antispot Cream 50ml,5.95
2025-11-07,716157,Veet For Men Αποτριχωτικό Κερί Kit Για Ευαίσθητη Περιοχή 150ml,9.99
2025-11-07,620320,Diana Casual Τερλίκι Λεπτές Μαύρες 5/2τεμ,2.75
2025-11-07,765036,Palette Βαφή Μαλλιών Intensive Color Creme No12.21 Κατάξανθο,3.75
2025-11-07,706129,Diadermine Cream Lift + Instant Smoothing 50ml,7.59
2025-11-07,719040,Durex Sensitive Προφυλακτικά Στενή Εφαρμογή 12τεμ,11.05
2025-11-07,719036,Durex Classic Προφυλακτικά Άνετη Εφαρμογή 12τεμ,11.05
2025-11-07,706106,Clean & Clear Gel Άμεσης Δράσης Κατα Των Σημαδιών Της Ακμής 150ml,3.59
2025-11-07,716573,Hellenia Aloe Vera Αποτριχωτικό Κερί 60gr,2.64
2025-11-07,716579,Hellenia Ηλέκτρική Συσκευή Θέρμανσης Ρολέτας 35W,10.02
2025-11-07,719042,Hansaplast Sensitive Animals 20τεμ,3.87
2025-11-07,774006,Farcom Polyton Clear Ντεκαπάζ Σκόνη Σε Φακελάκι 15gr,1.14
2025-11-07,756033,L'oreal Revitalift Κρέμα Προσώπου Vitamin C 50ml,13.91
2025-11-07,706103,Garnier Serum Charcoal 30ml,5.99
2025-11-07,601187,Always Σερβιέτες Platinum Ultra Night 64τεμ,16.54
2025-11-07,838011,Petline Μαντηλάκια Αντιβακτηριδιακά 20τεμ,3.00
2025-11-07,526058,Christou Kids Fresh Oh Happy Day Blue Πάτοι Παπουτσιών 30-37,7.50
2025-11-07,718489,Luxurious Κρέμα Σώματος Vanilla 280ml,8.20
2025-11-07,620303,Diana Γυναικείο Σοσόνι Μαύρο-Λευκό 2τεμ,3.30
2025-11-07,754285,New Wave Power Hold Gel 200ml,6.98
2025-11-07,765027,HD Color Σετ Βαφής Μαλλιών Ν8 Ξανθό Ανοικτό,4.15
2025-11-07,765105,HD Color Σετ Βαφής Μαλλιών Ν3 Καστανό Σκούρο,4.15
2025-11-07,717195,STR8 Ντους Gel Red Code 400ml,3.51
2025-11-07,702620,Head & Shoulders Conditioner Dermax Hydrate Coconut Milk 220ml,3.23
2025-11-07,702547,Elvive Μάσκα Μαλλιών Dream Long Wonder Water 200ml,5.69
2025-11-07,620259,BIC Ankle Socquette Καλτσάκι 15D Μαύρο,3.03
2025-11-07,716064,Valley Γαλάκτωμα Σώματος Sweet Almond 300ml,4.94
2025-11-07,775216,Mastic Origins Αφρόλουτρο MastiHolic 400ml,2.90
2025-11-07,611207,Septona Υγρά Αντιβακτηριδιακά Μαντηλάκια 75% Ethanol 15τεμ,0.67
2025-11-07,662415,STR8 FR34K After Shave Lotion 100ml,9.34
2025-11-07,706169,Nivea Q10 Energy Κρέμα Ύπνου Ανάπλασης Ενέργειας 50ml,8.75
2025-11-07,710860,Old Αφρόλουτρο Spice Shower Gel Restart 400ml,3.12
2025-11-07,774736,Syoss Πάστα Μαλλιών Με Ενεργό Άνθρακα 100ml,4.89
2025-11-07,756426,Nivea Cellular Lumin 630 Συμπυκνωμένος Ορός Κατά Των Κηλίδων 30ml,14.00
2025-11-07,756416,Beauty Formulas Gel Επιθέματα Ματιών Με Κολλαγόνο 12τεμ,4.99
2025-11-07,724020,Maybelline SS Matte Ink Κραγιόν 15 Lover Blister,15.32
2025-11-07,724038,Maybelline Fit Me Matte FDT 230 Buff Bl,15.99
2025-11-07,724003,Maybelline Falsies Lash Lift Μάσκαρα Black Blister,15.77
2025-11-07,707018,Gliss Power Treatment Sea Βαζάκι 400ml,4.97
2025-11-07,704040,Tresemme Extra Hold Λακ Μαλλιών 250ml,4.68
2025-11-07,701089,L'OREAL Men Expert Barber Club Πηλός Messy Look 75ml,7.94
2025-11-07,704862,Diadermine Micellar Νερό Ντεμακιγιάζ Caring 400ml,5.21
2025-11-07,717833,STR8 Rise After Shave Lotion 100ml,9.54
2025-11-07,653585,Syoss Oleo Βαφή Ξανθό Σοκολατί 6-80,5.79
2025-11-07,705838,Syoss Oleo Βαφή Καστανό Χρυσό 4-60,6.13
2025-11-07,620702,BIC Κολάν Basic Μαύρο Medium,16.99
2025-11-07,775103,Mea Natura Pomegranate Αφροντούς 300ml,3.47
2025-11-07,703801,Zan Sot Βούρτσα Pneumatic Anatomic Μεγάλη,5.90
2025-11-07,705005,Syoss Oleo Intense 5-86 Μόκα,5.79
2025-11-07,704975,Flipper Gel Hard 250gr,3.24
2025-11-07,709269,Gillette Simply Venus 3 Plus Μιάς Χρήσης 4τεμ,2.63
2025-11-07,620400,Diana Lastex Smart Καλσόν Μαύρο (XL),6.95
2025-11-07,620397,Diana Starlyn 15D Καλσόν Καραμελέ (XL-XXL),3.41
2025-11-07,621501,BIC Livorno Κάλτσα Ανδρική Σοσόνι Σετ 2τεμ,3.35
2025-11-07,765407,Koleston Βαφή Μαλλιών Νο 9/1 50ml,7.62
2025-11-07,654017,Tesori Body Cream White Musk 300ml,9.80
2025-11-07,653631,Syoss Oleo Βαφή Φυσικό Ξανθό 7-10,5.79
2025-11-07,620447,BIC Medias Καλσόν Μελί 15D Small,2.73
2025-11-07,620018,BIC Silhouette Καλσόν Ελαστικό Μαύρο 15D Medium,5.93
2025-11-07,518017,Autan Για Μετά Το Τσίμπημα 25ml,5.23
2025-11-07,662527,L'OREAL Magic Retouch Spray Κάλυψης Σκούρο Καφέ 75ml,6.16
2025-11-07,703626,Iris Στεφάνη Κοκάλινη Ν.856,1.48
2025-11-07,774803,Got2b Mousse Curls 250ml,5.73
2025-11-07,704801,Got2b Gel Μαλλιών Spiking Glues 150ml,5.73
2025-11-07,620071,BIC Molas Καλσόν Ελαστικό Μαύρο 20D XLarge,3.46
2025-11-07,601118,EveryDay Σερβιέτες Hyperdry Eliptica Ultra Plus Maxi Night 10τεμ,2.09
2025-11-07,712100,Colgate Στοματικό Διάλυμα Max Fresh Blue 500ml,3.50
2025-11-07,767044,Sanex Αποσμητικό Dermo Invisible Roll On 50ml,5.50
2025-11-07,706569,Vaseline Lip Balm Jar Creme Brulee 7gr,2.99
2025-11-07,775936,Palmolive Αφρόλουτρο Skin Rad. Blueber 500ml,1.99
2025-11-07,832876,Mitsuko Παντόφλες Μπότα Γυναικείες Ζακαρ Νο 36-41,13.99
2025-11-07,832886,Mitsuko Παντόφλες Ανδρικές No 41-45,17.50
2025-11-07,832870,Mitsuko Παντόφλες Ανδρική Καρώ Τσοχ Νο 41-46,8.75
2025-11-07,724568,Maybelline Κραγιόν SS Teddy Tint 55,15.48
2025-11-07,724567,Maybelline Κραγιόν SS TeddyTint 10,15.48
2025-11-07,620438,Ημίκοντη Ανδρική Κάλτσα Πετσέτα 2τεμ,4.35
2025-11-07,709183,Gillette Mach3 Δώρο 6 Ανταλλακτικά Λαβή & Stand,18.99
2025-11-07,765084,Syoss Oleo Βαφή Μαλλιών Νο.12 Κατάξανθο Ασημί,5.79
2025-11-07,765061,Excellence Nudes 2u Βαφή Μαλλιών Καστανό Ξανθό 50ml,6.97
2025-11-07,620355,Diana Κάλτσες Γυναικείες Με Καρδούλες Γκρι Άσπρο 2τεμ,3.15
2025-11-07,702747,Garnier Fructis Hairfood Μάσκα Μαλλιών Pineapple 400ml,7.18
2025-11-07,702724,Gliss Conditioner Σπρέι Colour Perfection 200ml,3.95
2025-11-07,620352,Κάλτσες Ανδρικές Σετ 3 Ζεύγη Νο 39-42,3.65
2025-11-07,702696,Nivea Men 2σε1 Luminous Power Serum 30ml,14.55
2025-11-07,709093,Gillette Mach III Ξυραφάκια Charcoal Μηχανή +2 Ανταλλακτικά,8.44
2025-11-07,709100,Gllette Mach III Ξυραφάκια Ανταλλακτικά 8τεμ,21.60
2025-11-07,765056,Syoss Oleo Βαφή Μαλλιών Νο5-10 Καστανό Ανοιχτό,5.79
2025-11-07,719037,Durex Classic Προφυλακτικά Στενή Εφαρμογή 12τεμ,9.34
2025-11-07,706108,Nivea Q10 Στοχευμένος Ορός Κατά Των Ρυτίδων 15ml,9.85
2025-11-07,712049,Colgate Οδοντόβουρτσα Max White Ultra,2.70
2025-11-07,771184,Wash & Go 2in1 Σάμπουαν Classic 360ml,3.14
2025-11-07,711035,Colgate Οδοντόβουρτσα Keep Slim Kit Soft,7.50
2025-11-07,718004,Septona Κρέμα Χεριών Senses Μανταρίνι 300ml,7.49
2025-11-07,620318,Pro Κάλτσες Γυναικείες Τερλίκι 3τεμ,2.50
2025-11-07,716103,Bioten Κρέμα Σώματος Skin Nutries Aloe & Hemp Oil 250ml,6.30
2025-11-07,706092,Bioten Serum Προσώπου Calcium 30ml,10.08
2025-11-07,526057,Christou Days Kids Thunderbolts Black Πάτοι Παπουτσιών 30-37,7.50
2025-11-07,526059,Christou Days Fresh Thunderbolts Black Πάτοι Παπουτσιών 38-45,7.90
2025-11-07,719034,Scholl Επιθέματα Για Φουσκάλες Mix 5τεμ,5.70
2025-11-07,653228,New Wave Ultimate Effect Texture Gum 75ml,6.98
2025-11-07,765107,HD Color Σετ Βαφής Μαλλιών Ν7.3 Ξανθο Χρυσό,4.15
2025-11-07,765025,HD Color Σετ Βαφής Μαλλιών Ν4 Καστανό,4.15
2025-11-07,765109,HD Color Σετ Βαφής Μαλλιών Ν7.1 Ξανθο Σαντρέ,4.15
2025-11-07,526402,Scholl Πάτοι Gel Active Work Men,19.90
2025-11-07,702447,Gliss Conditioner Spray Aqua Revive 200ml,3.95
2025-11-07,765002,Palette Βαφή Μαλλιών Ξανθό Πολύ Ανοιχτό Φυμε Σαντρέ Νο 9.21,3.75
2025-11-07,710150,Elode Άρωμα 100ml + Λοσιόν Σώματος Woman 100ml,9.90
2025-11-07,754024,Mastic Origins Body Scrub Wild Mandarin 300ml,5.69
2025-11-07,701157,L'OREAL Mex Thermic Resist Roll - On 50ml,3.08
2025-11-07,709328,Gillette King C Beard Balm Soft 100ml,7.52
2025-11-07,709210,Gillette King C Double Edge Ξυριστική Μηχανή (+5 Ανταλλακτικά),15.59
2025-11-07,620965,Feel Good! Καλτσάκια 20D Γραφίτης 2 ζευγάρια,1.30
2025-11-07,620966,Feel Good! Καλσόν 20D Μαύρο Medium/Large,1.39
2025-11-07,709022,Gillette Fusion Manual Ξυριστική Μηχανή Με 2 Ανταλλακτικά,11.04
2025-11-07,754418,Feel Good! Λακ Μαλλιών Δυνατό Κράτημα 400ml,4.29
2025-11-07,706114,Bioten Hyaluronic Gold Κρέμα Νύχτας 50ml,10.07
2025-11-07,754028,Feel Good! Invisible Force Gel Μαλλιών 200ml,2.59
2025-11-07,756282,Nivea Creme Care Μαντηλάκια Καθαρισμού 25τεμ,2.06
2025-11-07,756010,Nivea Hyaluron Cellular Filler Κρέμα Ημέρας SPF30 50ml,11.70
2025-11-07,716692,Veet Αποτριχωτικό Κερί Ταινίες Ποδιών Υποαλλεργικη Σύνθεση 16τεμ,9.10
2025-11-07,717879,STR8 Rise Κολώνια 100ml,13.62
2025-11-07,771145,HD Για Όλους Τους Τύπους Conditioner 330ml,3.37
2025-11-07,716387,Valley Body Milk Vanilla 300ml,4.94
2025-11-07,716197,Valley Body Milk Coconut 300ml,4.94
2025-11-07,717063,B.U. Eau De Toilette Absolute Me 50ml,11.21
2025-11-07,720459,Mea Natura Pomegranate Gel Απολέπισης Προσώπου 100ml,3.91
2025-11-07,710183,Axe After Shave Black 100ml,9.48
2025-11-07,653597,Syoss Oleo Βαφή Ξανθό Σκούρο 6-10,5.79
2025-11-07,620052,BIC Molas Καλσόν Ελαστικό Μελί 20D Medium,3.46
2025-11-07,705824,Syoss Color N4-2 Ακαζού,5.36
2025-11-07,705829,Syoss Color Σοκολατί Βαφή Μαλλιών Ν5-8 50ml,5.36
2025-11-07,756895,Diadermine Cream Lift+Sun Protect Κρέμα Ημέρας 50ml,13.58
2025-11-07,754015,L'OREAL Elnett Satin Λακ Βαμμένα Μαλλιά 200ml,4.19
2025-11-07,621627,Diana Σλιπ Γυναικείο Tai S-M.L.XL Μαύρο ή Λευκό,6.33
2025-11-07,621169,Diana Φανέλα Ανδρική Λευκή Μαύρη,6.16
2025-11-07,620677,Diana Καλτσάκι Πολύχρωμο Ριγέ Μαύρο O/S,3.66
2025-11-07,620638,Diana Σοσόνι Γυναικείο Λευκό,3.19
2025-11-07,620641,Diana Σοσόνι Γυναικείο Ροζ,3.19
2025-11-07,620423,Diana Starlyn 20D Καλσόν Καραμέλα (S-M-L),3.52
2025-11-07,620411,Diana Ilium 18D Καλτσάκια Φιμέ 2τεμ,1.71
2025-11-07,620396,Diana Starlyn 15D Καλσόν Μαύρο (XL-XXL),3.41
2025-11-07,710108,Axe After Shave Africa 100ml,9.48
2025-11-07,718325,Mea Natura Olive Κρέμα Χεριών 100ml,4.61
2025-11-07,706197,Diadermine Expert Rejuvanation Κρέμα Νυχτός 50ml,12.59
2025-11-07,620553,BIC Κάλτσα Βαμβακερή Με Σχέδιο Σετ 2τεμ,4.76
2025-11-07,765404,Koleston Βαφή Μαλλιών Νο8/1 50ml,7.62
2025-11-07,620143,Bic Vivant Καλσόν Ελαστικό Μελί 40D Large,4.20
2025-11-07,620139,BIC Vivant Καλσόν Ελαστικό Μαύρο 40D Large,4.20
2025-11-07,620013,BIC Καλσόν Μη Ελαστικό Γραφίτης 20D (4),1.78
2025-11-07,620033,BIC Mibas Καλτσάκι 3/4 20D Γραφίτης Σετ 2τεμ,1.78
2025-11-07,705591,L'OREAL Excellence Cream No 4 Καστανό 48ml,6.42
2025-11-07,706955,Πινέλα Μακιγιάζ,2.13
2025-11-07,716986,Carnaby Magic Blond Ξανθηντική Κρέμα 30gr,10.33
2025-11-07,754781,Got2b Beach Matt Πηλός 100ml,5.76
2025-11-07,710809,Old Spice Original Λοσιόν Για Μετά Το Ξύρισμα Για Άντρες 100ml,5.99
2025-11-07,620073,BIC Molas Καλσόν Ελαστικό Μελί 20D XLarge,3.46
2025-11-07,620246,BIC Vivant Καλσόν Ελαστικό Μαύρο 40D XLarge,4.20
2025-11-07,620249,BIC Vivant Καλσόν Ελαστικό Μελί 40D XLarge,4.20
2025-11-07,620012,BIC Καλσόν Μη Ελαστικό Μαύρο 20D,1.78
2025-11-07,620060,BIC Καλτσάκια Mibas 15den Μελί One Size,3.21
2025-11-07,775938,Nivea Men Ντους Τotal Relax 500ml,2.73
2025-11-07,775937,Nivea Men Ντους Cool For Men 500ml,2.73
2025-11-07,706568,L'oreal Revitalift Laser Κρέμα Ματιών 15ml,16.59
2025-11-07,717484,Nivea Men Αποσμητικό Derma Control Sensitive Spray 150ml,3.00
2025-11-07,832869,Mitsuko Παντόφλες Γυναικείο Μποτάκι Νο 36-41,18.20
2025-11-07,832883,Mitsuko Παντόφλες Παιδικές Baller No 28-35,8.75
2025-11-07,716446,Tesori Body Lotion Hammam 400ml,10.40
2025-11-07,710164,Tesori Κολώνια Vanilia & Ginger 100gr,10.95
2025-11-07,701219,L'oreal Men Derma Control Gel Καθαριστικό Προσώπου 260ml,10.21
2025-11-07,706533,Nivea Q10 Κρέμα Προσώπου SPF50 40ml,10.84
2025-11-07,718006,Nivea Soft Uv SPF 15 100ml,3.02
2025-11-07,724561,Maybelline Μάσκαρα Ματιών Colossal,12.78
2025-11-07,711064,Oral - B Οδοντόβουρτσα Pro Clean Clinic 35M,2.22
2025-11-07,756049,Nivea Cellular Όρος Filler Vitamin C 30ml,11.75
2025-11-07,717462,Axe Αποσμητικό Σώματος Stick Blue Lavendar 50ml,3.25
2025-11-07,709191,Bic Hybrid Flex 2 Sensitive Ξυριστική Μηχανή +2 Ανταλλακτικά,6.96
2025-11-07,705073,Syoss Color Βαφή Μαλλιών Νο 3-3 Βιολετί Σκούρο 50ml,5.36
2025-11-07,705056,Syoss Color No 8-11 Βαφή Μαλλιών Ξανθό Ανοιχτό 'Εντονο Σαντρέ 50ml,5.36
2025-11-07,705058,Syoss Root Retouch Κόκκινο 120ml,6.23
2025-11-07,705060,Syoss Color Βαφή Μαλλιών Νο 6-1 Ξανθό Σκούρο 50ml,5.36
2025-11-07,706440,Syoss Color Βαφή Μαλλιών Νο 3-1 Καστανό Σκούρο 50ml,5.36
2025-11-07,714085,Μέγα Kids Κρεμοσάπουνο Pouch Ανταλλακτικό 500ml,1.87
2025-11-07,620365,Bic Καλσόν Panty Fishnet Black M/L,5.99
2025-11-07,823944,My Style Ανδρικό T-Shirt 3 Pack,15.99
2025-11-07,765078,Garnier Olia Βαφή Μαλλιών Χωρίς Αμμωνία Ν8.0 Ξανθό Ανοιχτό 50ml,10.48
2025-11-07,765072,Olia Βαφή Μαλλιών Χωρίς Αμμωνία Νο 6.35 Σκούρο Καφέ 60ml,10.48
2025-11-07,526075,Cover Ανατομικοί Πάτοι Για Γόβες Νο34-42,3.90
2025-11-07,706384,L'oreal Bright Revel Κρέμα Προσώπου UV Fluid 50ml,14.00
2025-11-07,716382,Hellmenia Men Kit Αποτρίχωση Πρόσωπο Αυτιά,8.25
2025-11-07,702750,TRESemme Μάσκα Μαλλιών Biotin Για Ταλιπωρημένα Μαλλιά 440ml,6.43
2025-11-07,702712,Gliss 4in1 Μάσκα Μαλλιών Bond Building Regeneration 400ml,5.28
2025-11-07,706145,Head & Shoulders Serum Dermax Pro Strength 145ml,4.41
2025-11-07,704028,Schwarzkopf Taft Mousse Μαλλιών Volume HL4 200ml,4.64
2025-11-07,745852,Adelco Kids Κολώνια Αγόρι 100ml + Gel Χτενίσματος Δώρο,9.98
2025-11-07,710115,Tesori D'oriente Σετ Με Άρωμα 100ml +Μπάρα Σαπουνιού Σώματος 125gr,10.46
2025-11-07,526000,Christou Anatomikoi Πάτοι Σιλοκόνης 43-44,18.90
2025-11-07,526063,Christou Anatonikoi πάτοι Σιλικόνης 45-46,18.90
2025-11-07,526064,Christou Ανατομικοί Πάτοι Σιλικόνης 41-42,18.90
2025-11-07,702692,Fructis Μάσκαι Μαλλιών Vitamin & Strength Hair Bomb 320 ml,4.31
2025-11-07,701205,Mea Natura Gel Καθαρισμού Pomegranate 150ml,4.40
2025-11-07,774008,Got2b Mousse Volumania 250ml,5.76
2025-11-07,765051,Palette Κρέμα Βαφή Μαλλιών No.6.1 Ξανθό Σκούρο Σαντρε,3.75
2025-11-07,716577,Hellenia Kit Ηλεκτρική Συσκευή +Ρολέτα 100ml +26 Ταινίες +Λάδι,12.91
2025-11-07,771198,Wash & Go 2in1 Men Σαμπουάν Fort. 6/360 ml,3.14
2025-11-07,765030,Koleston Βαφή Μαλλιών Νo5/3 50ml,7.62
2025-11-07,704009,Wella Deluxe Λάδι Μαλλιών Light Normal 100ml,13.12
2025-11-07,716143,Nivea Κρέμα Σώματος Lemongrass 400ml,4.94
2025-11-07,710084,Elode Άρωμα 100ml + Λοσιόν Σώματος So Lovely 100ml,9.90
2025-11-07,718487,Luxurius Pink Orchid Κρέμα Σώματος 280ml,8.20
2025-11-07,526054,Christou Υποπτέρνια Σιλικόνης Για Άκανθα 35-40,11.85
2025-11-07,653158,New Wave Ultra Effect Go Matt Clay 75ml,6.98
2025-11-07,765024,HD Color Σετ Βαφής Μαλλιών Ν6 Ξανθό Σκούρο,4.15
2025-11-07,713029,Lux Σαπούνι Velvet 4x90gr,3.01
2025-11-07,526413,Scholl Πάτοι Αντιμετώπισης Κακοσμίας,7.90
2025-11-07,709041,Gillette Mach3 Turbo Ξυριστική Μηχανή (+2 ανταλλακτικά),10.06
2025-11-07,762025,Oral-B IO Ultimate Clean Black Ανταλλακτικά,16.99
2025-11-07,701145,L'Oreal Mex Thermic Resist Σπρέι 150ml,3.28
2025-11-07,756212,Nivea Men Active Age Κρέμα Προσώπου Για Ρυτίδες SPF 15 50ml,12.15
2025-11-07,710470,Tesori Body Cream Hammam 300ml,9.80
2025-11-07,832975,Mitsuko Αθλητικό Ανδρικό,12.50
2025-11-07,724030,Maybelline SS Matte Ink Κραγιόν 125 Insp,15.32
2025-11-07,620971,Feel Good! Καλσόν 20D Γραφίτης XL,1.72
2025-11-07,606865,Slipad Pants Εσώρουχα Ακράτειας Medium 14τεμ,7.48
2025-11-07,701094,L'OREAL Men Expert Barber Club Face & Beard Oil 30ml,7.51
2025-11-07,526238,Ringpoint Κορδόνια Sportplus Αθλητικά Λευκά 120cm,4.32
2025-11-07,526264,Pedag Πάτοι Αποσμητικοί One Sisze,6.87
2025-11-07,710843,Old Spice After Shave Captain 100ml,5.99
2025-11-07,719284,Hansaplast Κρέμα Επούλωσης Πληγών 50gr,7.13
2025-11-07,719283,Hansaplast Spray Καθαρισμού Πληγών 500ml,4.55
2025-11-07,719663,Duo Natural Προφυλακτικά 18τεμ,15.11
2025-11-07,620703,BIC Κολάν Basic Μαύρο Large,16.99
2025-11-07,705631,Men Perfect N70 Φυσικό Καστανό Σκούρο,9.55
2025-11-07,756001,Nivea Face Hyaluron Cellular Filler Day SPF15 50ml,11.00
2025-11-07,621310,Diana Κορμάκι Camisole Μαυρο/Λευκό,15.88
2025-11-07,620829,Diana Smart Lastex Καλσόν Καραμέλα 20D (S-M-L),6.83
2025-11-07,621173,Diana T-Shirt Ανδρικό Λευκό (S-M-L-XL-XXL),7.94
2025-11-07,620620,Diana Σοσόνι Γυναικείο Μαύρο,3.19
2025-11-07,620614,Diana Sting Κάλτσα Ανδρική Βαμβακερή Μπεζ Καφέ,3.37
2025-11-07,620412,DIana Ilium 18D Καλτσάκια Γραφίτης 2τεμ,1.71
2025-11-07,620351,Diana Sting Κάλτσα Ανδρική Βαμβακερή Γκρι & Λαδί,3.37
2025-11-07,719401,Duo Προφυλακτικά Extra Thin 12 Τεμ,12.16
2025-11-07,775130,Mea Natura Olive Wellness & Revival Ντους 300ml,3.47
2025-11-07,716126,Mea Natura Olive Body Milk 250ml,6.87
2025-11-07,706196,Diadermine Expert Rejuvenation Κρέμα Ημέρας 50ml,12.59
2025-11-07,703124,Iris Ρόλλευ Αυτοκόλλητα Μεγάλα 6τεμ,2.60
2025-11-07,719054,Hansaplast Elastic Kit Περιποίηση Πληγών,13.14
2025-11-07,620138,BIC Vivant Καλσόν Ελαστικό Μαύρο 40D Medium,4.20
2025-11-07,620041,BIC Molas Καλσόν Ελαστικό Μαύρο 20D Medium,3.46
2025-11-07,620028,BIC Silhouette Καλσόν Ελαστικό Μαύρο 15D XLarge,5.93
2025-11-07,754580,L'OREAL Styling Studio Line Style Remix Κρέμα Διαμ/σης 150ml,4.79
2025-11-07,705594,L'OREAL Excellence Cream No 5.5 Ακαζού Μαονί 48ml,6.42
2025-11-07,716466,Bioten Bodyshape Αντικυτταριδικό Gel 200ml,10.97
2025-11-07,719521,Durex Προφυλακτικά Perforrmax Intense 12τεμ,12.74
2025-11-07,710842,Old Spice Wolfthorn Λοσιόν Για Μετά Το Ξύρισμα 100ml,5.99
2025-11-07,621054,BIC Avigliano Κάλτσα Unisex Μικτή Σετ 2,3.55
2025-11-07,709154,Gillette Fusion Proglide Flexball Power Ξυριστική Μηχανή & 1 αντ/κό,13.58
2025-11-07,620478,Bic Καλτσάκια Dots Black,3.99
2025-11-07,706567,Garnier Κρέμα Προσώπου Hyaluron Spf50+ 40ml,11.77
2025-11-07,832873,Mitsuko Παντόφλες Γυναικείες Μποτάκι Νο 36-41,18.20
2025-11-07,832868,Mitsuko Παντόφλες Παιδικές Hot Wheels No 28-35,8.75
2025-11-07,710163,Tesori Body Cream Byzantium 300ml,9.80
2025-11-07,719060,Hansaplast Επιθέματα Για Κάλους 8τεμ,5.45
2025-11-07,701218,L'oreal Μen Expert Όρος Νιασιναμίδη,10.21
2025-11-07,832827,Vieri Ανδρική Παντόφλα ύφασμα Καρώ Διάφορα Χρώματα,6.70
2025-11-07,832865,Migato Γυναικεία Παντόφλα Καρώ Με Γούνα,8.70
2025-11-07,724583,Maybelline Μάσκαρα Ματιών Colossal,13.00
2025-11-07,724581,Maybelline Μάσκαρα Φρυδιών Νο 262,9.38
2025-11-07,756070,Nivea Men 2 In 1 Anti Age Power Cream Spf 30 50ml,12.96
2025-11-07,716433,Nivea Body Q10 Κρέμα Anti Wrinkle 200ml,8.24
2025-11-07,724550,Maybelline Foundation Προσώπου Νο 129,18.80
2025-11-07,724549,Maybelline Foundation Προσώπου Νο 128,18.80
2025-11-07,756061,L'oreal Κρέμα Προσώπου SPF50 High Protection 50ml,16.79
2025-11-07,765085,Garnier Color Sensation Hl 3 Ανοιχτό Μελί 40ml Χωρίς Ξάνοιγμα,4.17
2025-11-07,756064,L'oreal Κρέμα Προσώπου SPf 50 Με Χρώμα,16.79
2025-11-07,706483,Bioten Κρέμα Hyaluronic Gold Uv Spf 50+ 50ml,10.07
2025-11-07,756048,Nivea Cellular Ορός Filler Uv SPF50 30ml,11.75
2025-11-07,620439,Ημίκοντη Diana Ανδρική Κάλτσα Πετσέτα 2τεμ,4.35
2025-11-07,706474,Beauty Formulas Ταινίες Καθαρισμού Προσώπου Orange,4.98
2025-11-07,705085,Syoss Brow Tint Μαύρο 17ml,9.89
2025-11-07,756047,Nivea Cellular Ορός Επιπλέον Ογκου Filler Expert 30ml,11.75
2025-11-07,719053,Hansaplast Second Skin XL 3τεμ,4.99
2025-11-07,702833,Pantene 3MM Conditioner Aqualight 220ml,5.03
2025-11-07,832736,Elenross Γαλότσα Γυναικεία Ν.37-41,16.99
2025-11-07,707026,Satin Care 2in1 Gel Καθαρισμού & Ξυρίσματος Για την Ευαίσθητη Περιοχή 190ml,16.28
2025-11-07,706403,Vaseline Lip Stick Emily In Paris Κόκκινο 3gr,4.79
2025-11-07,704054,L'oreal Elnett Λακ Μαλλιών Purple 200ml,5.53
2025-11-07,765076,Olia Βαφή Μαλλιών Χωρίς Αμμωνία Νο 7.13 Ξανθό Μπεζ Σαντρέ 60ml,10.48
2025-11-07,724530,Maybelline Μάσκαρα Firework Lash Sensational Αδιάβροχη,17.15
2025-11-07,710128,L'oreal Men Expert Barber Club Cream 50ml,9.07
2025-11-07,765064,Excellence Reds 7UC Βαφή Μαλλιών Χάλκινο 50ml,6.97
2025-11-07,706378,Nivea Body Luminous630 Anti-Marks & Spot 190gr,8.24
2025-11-07,774000,Schwarzkopf Mousse Μαλλιών Ultra HL4 200ml,4.64
2025-11-07,620350,Bic Κολάν Comfort Μπλε Γκρι Small-Medium,18.46
2025-11-07,745855,Adelco Kids Κολώνια Κορίτσι 100ml + Σπρέυ για Εύκολο Χτένισμα,9.98
2025-11-07,710112,STR8 Άρωμα 100ml +Αποσμητικό Σπρέυ Original 150ml + Νεσεσέρ,15.52
2025-11-07,762060,Οral - B Οδοντόβουρτσα Vit. Pro Kids Spiderman,39.92
2025-11-07,526065,Christou Αnatomikoi Πάτοι Σιλικόνης 39-40,18.90
2025-11-07,709086,Gillette Mach III Ξυραφάκια Charcoal Ανταλλακτικά 5τεμ,15.05
2025-11-07,766067,Syoss Oleo Βαφή Μαλλιών 7-56 Ξανθό Σαντρε Μόκα,5.79
2025-11-07,701207,L'oreal Αντιγηραντική Κρέμα Mex Vitalift 50ml,11.52
2025-11-07,701208,L'oreal Mex Power Antiage Eyecream 15ml,8.67
2025-11-07,724097,Maybelline Μάσκαρα Falsies Surreal,17.99
2025-11-07,620322,Diana Casual Τερλίκι Λεπτές Μπεζ 5/2τεμ,2.75
2025-11-07,620321,Diana Casual Τερλίκι Λεπτή Λευκή 5/2τεμ,2.75
2025-11-07,706130,Diadermine Cream Lift + Super Filler Serum 30ml,12.30
2025-11-07,716572,Hellenia Aloe Vera Αποτριχωτικές Ταινίες Μπικίνι & Μασχάλες 20τεμ,3.31
2025-11-07,620315,DIANA Καλτσάκι Μονόχρωμο 2 Ζεύγη Μαύρο,3.33
2025-11-07,526053,Christou Υποπτέρνια Σιλικόνης Για Άκανθα 41-47,11.85
2025-11-07,620302,Diana Γυναικείο Σοσόνι Μαύρο 2τεμ,3.30
2025-11-07,724410,Maybelline Μάσκαρα Sensational Sky Hgh Cosmic Black,16.59
2025-11-07,719026,Durex Προφυλακτικά Surprise 40τεμ,26.66
2025-11-07,765028,HD Color Σετ Βαφής Μαλλιών Ν6.88 Σοκολατί,4.15
2025-11-07,713024,Lux Σαπούνι Soft Glow 4x90gr,3.01
2025-11-07,765111,HD Color Σετ Βαφής Μαλλιών Ν4.65 Καστανό Έντονο Κόκκινο,4.15
2025-11-07,724059,Maybelline Μάσκαρα Colossal Curl Bounce Blister,16.62
2025-11-07,701000,L'OREAL Mex Hydra Energetic Eye Roll - On 10ml,6.94
2025-11-07,762022,Oral-B IO6 Επαναφορτιζόμενη Οδοντόβουρτσα Magnetic Gray Opal,129.94
2025-11-07,709327,Gillette King C Beard Wash 350ml,7.52
2025-11-07,716195,Vaseline Healing Balm 250ml,4.47
2025-11-07,705019,L'OREAL Excellence Βαφή Μαλλιών Ξανθό Ψυχρό Ν.7.11,6.97
2025-11-07,710472,Tesori Eau De Parfum Hammam 100ml,10.95
2025-11-07,703010,Zan Sot Φίνο Λάστιχο Μαλλιών Μεγάλο,2.23
2025-11-07,724023,Maybelline SS Matte Ink Κραγιόν 118 Dance,15.32
2025-11-07,724022,Maybelline SS Matte Ink Κραγιόν 65 Seduce,15.32
2025-11-07,704039,Tresemme Freeze Hold Λακ Μαλλιών 250ml,4.68
2025-11-07,709009,Gillette Skinguard Ανταλλακτικά 4τεμ,17.98
2025-11-07,775586,STR8 Ahead Σετ Αποσμητικό Σώματος Σπρέυ 150ml + Ντους 250ml,6.36
2025-11-07,701092,L'OREAL Men Expert Barber Club Grooming Cream Light Hold 75ml,7.94
2025-11-07,526177,Ringpoint Κορδόνια Φαρδιά Μαύρα 120cm,4.14
2025-11-07,762023,Oral-B 3D White Ανταλλακτικά 2τεμάχια,10.67
2025-11-07,620685,Κάλτσα Αθλητική 3αδα Λευκό Γκρί Μαύρο,3.46
2025-11-07,620527,Lotus Κάλτσα Ανδρική Ελαστική Σχέδια Νο 39 - 42,4.23
2025-11-07,762002,Oral-B Smart 4000 Επαναφορτιζόμενη Ηλεκτρική Οδοντόβουρτσα,64.99
2025-11-07,762012,Oral-B Vitality Kids Cars Ηλεκτρική Οδοντόβουρτσα Για Παιδιά,22.50
2025-11-07,606363,Tena Pants Original Normal Medium Πάνες Ακράτειας 30τεμ,17.15
2025-11-07,710451,Tesori Dragon Flower Aroma Eau De Toillette 100ml,10.95
2025-11-07,620154,Κάλτσες Τερλίκι Βαμβακερές Σετ 3 τεμαχίων Διάφορα Χρώματα,3.99
2025-11-07,705632,Men Perfect N50 Φυσικό Καστανό Ανοιχτό,9.55
2025-11-07,706193,Diadermine Cream Wrinkle Expert 3D Κρέμα Ημέρας 50ml,11.15
2025-11-07,719110,Durex Invisible Extra Sensitive Προφυλακτικά 12 Τεμ,12.84
2025-11-07,621179,Diana Slip Ανδρικό Λευκό Βαμβακερό Ελαστικό (S-M-L-XL),6.77
2025-11-07,620803,Diana Topaz Mousse 18D Καλσόν Γραφίτη Medium-Large,1.69
2025-11-07,620816,Diana Starlyn Καλσόν 15D Καραμελέ (S-M-L),3.23
2025-11-07,620422,Diana Starlyn 20D Καλσόν Μαύρο (S-M-L-XL),3.52
2025-11-07,620390,Diana Pancy Mousse 18D Καλσόν Μαύρο Ν(4-5),2.32
2025-11-07,620392,Diana Pancy Mous.18D Καλσόν Καραμελέ Ν4-5,2.32
2025-11-07,620175,BIC Medias Καλσόν Μελί 15D Medium,2.73
2025-11-07,620172,BIC Medias Καλσόν Μαύρο 15D Large,2.73
2025-11-07,719403,Duo G Pleasure Συσκευασία 12 Τεμ,13.33
2025-11-07,771567,Mea Natura Olive Strength & Softness Σαμπουάν Για Ξηρά 300ml,4.22
2025-11-07,756840,Mea Natura Olive Scrub Σώματος 200ml,6.76
2025-11-07,620142,BIC Vivant Καλσόν Ελαστικό Μελί 40D Medium,4.20
2025-11-07,620251,BIC Velvet Καλσόν Ελαστικό Μαύρο 50D Small,5.26
2025-11-07,620030,BIC Silhouette Καλσόν Ελαστικό Μελί 15D XLarge,5.93
2025-11-07,710822,STR8 Red Code Σετ After Shave Lotion 100ml + Αποσμητικό Spray 150ml,10.10
2025-11-07,620043,BIC Molas Καλσόν Ελαστικό Γραφίτη 20D Large,3.46
2025-11-07,707412,Nivea Men Gel Ξυρίσματος Cool Kick 200ml,6.30
2025-11-07,620040,BIC Silhouette Καλσόν Ελαστικό Μελί 15D Large,5.93
2025-11-07,620017,BIC Silhouette Καλσόν Ελαστικό Μαύρο 15D Small,5.93
2025-11-07,620019,BIC Silhouette Καλσόν Ελαστικό Μαύρο 15D Large,5.93
2025-11-07,710835,STR8 Original Σετ After Shave Lotion 100ml + Αποσμητικό Spray 150ml,10.10
2025-11-07,756891,Beauty Formula Scrub Προσώπου Μέλι Αμύγδαλο 150ml,3.67
2025-11-07,716506,Veet Αποτριχωτική Κρέμα Κανονικές Επιδερμίδες 100ml,5.99
2025-11-07,708101,Πινέλο Ξυρίσματος Με Θήκη Ν455,2.53
2025-11-07,620011,BIC Καλσόν Μη Ελαστικό Καραμελέ 20D (4),1.78
2025-11-07,711074,Colgate Οδοντόβουρτσα Total Action Prevention,2.70
2025-11-07,716461,Nivea Body Repair & Care Lotion Χωρίς Άρωμα Αντλία 400ml,5.62
2025-11-07,706574,Liposan Glowy Lips Mούρο SPF30 5-2gr,5.08
2025-11-07,706575,Liposan Glowy Lips Μανόλια Tube 5-2gr,5.08
2025-11-07,620456,Bic ltd Καλτσάκια Lace Effect gr,5.99
2025-11-07,620455,Bic Ltd Καλσόν Glitter Dot Panty 30d M/L gr,9.99
2025-11-07,620454,Bic Ltd Καλτσάκια Printed Zebra Gr,5.99
2025-11-07,620453,Bic Ltd Καλσόν Tatto Panty 30d S/M gr,8.99
2025-11-07,620452,Bic Καλσόν Glitter Dot Panty 30d S/M gr,9.99
2025-11-07,620451,Bic Ltd Καλτσάκια Opaque Ribbed gr,5.99
2025-11-07,620450,Bic Ltd Καλσόν Slim & Push Up 40d L/XL gr,8.99
2025-11-07,620445,Bic Ltd Καλσόν Slim & Push Up 40d S/M gr,8.99
2025-11-07,620444,Bic Ltd Καλτσάκια Glitter gr,4.98
2025-11-07,620443,bic Ltd Καλτσάκια Dots & Net gr,4.98
2025-11-07,620442,Bic Καλσόν Tattoo Panty 30d m/l gr,8.99
2025-11-07,706573,L'oreal Age Perfect Le Duo Ορός 30ml,29.90
2025-11-07,765091,Koleston Deluxe Βαφή Μαλλιών Light Blonde No 8 50ml,12.98
2025-11-07,765086,Koleston Deluxe Βαφή Μαλλιών Dark Blonde No 6 50ml,12.98
2025-11-07,765090,Koleston Deluxe Βαφή Μαλλιών Light Brown No 5 50ml,12.98
2025-11-07,765089,Koleston Deluxe Βαφή Μαλλιών Ext Lightash No 10 50ml,12.98
2025-11-07,765088,Koleston Deluxe Βαφή Μαλλιών Medium Blonde No 7 50ml,12.98
2025-11-07,765087,Koleston Deluxe Βαφή Μαλλιών Choco Gril No 6/7 50ml,12.98
2025-11-07,706572,Nivea Micellar Νερό Καθαρισμού 400ml,4.00
2025-11-07,756072,Nivea Men Sensitive Daily Protect Κρέμα Προσώπου 50ml,9.74
2025-11-07,710165,BU Σετ Δώρο ( Edt 50ml + Deo Sp150ml + Bag) 6τεμ,14.72
2025-11-07,702881,Pantene Κρέμα Aqua Light 230ml,3.52
2025-11-07,706564,Diadermine Lift Booster Radiante Κρέμα Ημέρας 50ml,11.21
2025-11-07,706563,Diadermine Lift + Booster Radiante Κρέμα Νυκτός 50ml,11.21
2025-11-07,832884,Mitsuko Καλτσοπαντόφλα Γυναικεία Πουά Νο 36-41,6.99
2025-11-07,832889,Mitsuko Παντόφλες Γυναιείες Καρό Φιογκάκι Νο 36-41,8.50
2025-11-07,832875,Mitsuko Παντόφλες Παιδικές Ταξί No 28-35,8.75
2025-11-07,832877,Mitsuko Καλτσοπάντοφλα Γυναικεία Love No 36-41,6.99
2025-11-07,832878,Mitsuko Γαλότσες Γυναικείες Δύσολες Ν.36-41,15.50
2025-11-07,832879,Mitsuko Καλτσοπαντόφλα Γυναικεία Good Νο 36-41,6.99
2025-11-07,832881,Mitsuko Παντόφλες Γυναικείες Μποτάκι 36-41,18.20
2025-11-07,832887,Mitsuko Παντόφλες Ανδρικές Καρό No 40,17.50
2025-11-07,832885,Mitsuko Παντόφλες Παιδικές Barbie No 28-35,8.75
2025-11-07,832862,Migato Γυναικεία Παντόφλα Λεοπάρ Καρδιά Χρωματιστή,8.70
2025-11-07,724575,Maybelline Foundation Προσώπου Νο 115,18.80
2025-11-07,724576,Maybelline Foundation Προσώπου Νο 126,18.80
2025-11-07,724560,maybelline Κραγιόν SS Teddy Tint 35,15.48
2025-11-07,724559,Maybelline Κραγιόν SS Teddy Tint No 45 Pink,15.48
2025-11-07,724556,Maybelline Μάσκαρα Φρυδιών Νο 257,9.38
2025-11-07,724554,Maybelline Μάσκαρα Φρυδιών Νο 255,9.38
2025-11-07,724552,Maybelline Foundation Προσώπου Νο 140,18.80
2025-11-07,724558,Maybelline Κραγιόν SS Teddy 25 baby,15.48
2025-11-07,724566,Maybelline Κραγιόν SS Teddy Tint,15.48
2025-11-07,724565,Maybelline Κραγιόν SS Teddy Tint 50 Wild,15.48
2025-11-07,620437,My Style Ανδρικό Μαγιό Σόρτς XXL,11.99
2025-11-07,705086,Syoss Color No 10-13 Κατάξανθο Σαντρέ Χρυσό 50ml,5.36
2025-11-07,526102,Cover Πάτος Δερμάτινος Ανατομικός Νο 40-45,6.90
2025-11-07,705082,Syoss Color Βαφή Μαλλιών Νο 5-1 Καστανό Ανοιχτό 50ml,5.36
2025-11-07,705071,Syoss Color Βαφή Μαλλιών Νο 7-1 Ξανθό 50ml,5.36
2025-11-07,705057,Syoss Color Βαφή Μαλλιών Νο 4-1 Καστανό 50ml,5.36
2025-11-07,754037,Got2B Gentleman Πηλός Texture 100ml,5.76
2025-11-07,719049,Hansaplast Sensitive Animals 6x7cm 10τεμ,3.82
2025-11-07,620366,Bic Panty Slim & Support 40L,5.99
2025-11-07,832717,Elenross Γαλότσες Γυναικείες Νο 37-41,17.99
2025-11-07,823942,My Style Ανδρική Φόρμα Παντελόνι,19.50
2025-11-07,823943,My Style Ανδρικό Φούτερ Με Τύπωμα,18.99
2025-11-07,710129,Gillette Venus Fig Daily Serum 50ml,16.28
2025-11-07,724529,Maybelline Mascara Lash Sens Firework,17.15
2025-11-07,765066,Excellence Nudes 8U Βαφή Μαλλιών Ξανθό Ανοιχτό 50ml,6.97
2025-11-07,526082,Cover Κορδόνια Υποδημάτων Καφέ,2.69
2025-11-07,526074,Cover Κοδόνια Υποδημάτων Λευκά,2.69
2025-11-07,706377,Nivea Body Ορός Anti Stretch Marks 125ml,8.79
2025-11-07,702725,Fructis Hairfood Μάσκα Μαλλιών Papaya 400ml,8.78
2025-11-07,754034,Wellaflex Gel Spray μαλλιών Full Boost 150ml,5.60
2025-11-07,620325,Βic Κολάν Comfort Φούξια L-XL,18.47
2025-11-07,620324,Bic Κολάν Comfort Φούξια S-M,18.46
2025-11-07,620323,Bic Κολάν Comfort Μπλέ Γκρί L-XL,18.46
2025-11-07,710107,STR8 Άρωμα 100ml +Αποσμητικό Σώματος Σπρέυ Game 150ml + Νεσεσέρ,15.52
2025-11-07,710109,STR8 Άρωμα 100ml +Αποσμητικό Σώματος Σπρέυ Red Code 150ml + Νεσεσέρ,15.52
2025-11-07,710106,STR8 Σετ After Shave Lotion 100ml + Αποσμητικό Σώματος Σπρέυ Game 150ml,10.05
2025-11-07,526062,Christou Anatonikoi πάτοι Σιλικόνης 36- 38,18.90
2025-11-07,724098,Maybelline Μάσκαρα Falsies Surreal 3τεμ,17.15
2025-11-07,716210,Veet For Men Κρέμα Αποτρίχωσης In Shower 150ml,7.99
2025-11-07,765054,Syoss Oleo Βαφή Μαλλιών Νο5-92 Φωτεινό Κόκκινο,5.79
2025-11-07,756021,Johnson's Micellar Τζελ Rose 150ml,3.84
2025-11-07,716581,Hellenia Aloe Vera Ρολέτα Σε Κουτάκι 100ml,2.65
2025-11-07,620319,Lotus Κάλτσα Ανδρική Βαμβακερή Κοφτή,3.45
2025-11-07,774003,Wella Deluxe Λάδι Μαλλιών Rich 100ml,13.12
2025-11-07,706097,Nivea Derma Skin Clear Νυχτερινό Απολέπ. Κατά Των Πόρων 40ml,4.72
2025-11-07,620316,DIANA Καλτσάκι Μονόχρωμο 2 Ζεύγη Λευκό-Μαύρο,3.33
2025-11-07,724072,Maybelline Brow Satin Duo 01 Dark Blonde,8.41
2025-11-07,724073,Maybelline Brow Satin Duo 02 Med Blonde,8.41
2025-11-07,724074,Maybelline Brow Satin Duo 025 Brunette,8.41
2025-11-07,724075,Maybelline Brow Satin Duo 04 Dark Blonde,8.41
2025-11-07,724063,Maybelline Tatto Brow 36h Blonde 02,8.61
2025-11-07,724067,Maybelline Tatto Brow 36H Soft Brown 03,8.61
2025-11-07,724068,Maybelline Tatto Brow 36h Medium Brown 05,8.61
2025-11-07,724071,Maybelline Tatto Brow 36h Blonde 06,8.61
2025-11-07,710083,B.U. Άρωμα 50ml + Αποσμητικό Σώματος One Love Spray 150ml + Νεσεσέρ,14.69
2025-11-07,526056,Christou Days Kids Fresh Oh Happy Day Blue Πάτοι Παπουτσιών 23-29,7.50
2025-11-07,526060,Christou Days Kids Thunderbolts Black Πάτοι Παπουτσιών 23-29,7.50
2025-11-07,526055,Christou Days Fresh Oh Happy Days Πάτοι Παπουτσιών 38-45,7.90
2025-11-07,711034,Hello Kitty Στοματικό Διάλυμα 300ml,3.67
2025-11-07,765023,HD Color Σετ Βαφής Μαλλιών Ν5 Καστανό Ανοικτό,4.15
2025-11-07,765029,HD Color Σετ Βαφής Μαλλιών Ν.8.1 Ανοικτό Σαντρέ,4.15
2025-11-07,526404,Scholl Πάτοι Gel Active Everyday Women,19.90
2025-11-07,526401,Scholl Πάτοι Gel Active Everyday Men,19.90
2025-11-07,620268,Diana Τερλίκι Με Αυτί Casual 2τεμ,3.99
2025-11-07,724058,Maybelline Μάσκαρα Colossa Curl Very Black,16.59
2025-11-07,774001,G2B Fibre Gum Chaotic 100ml,5.76
2025-11-07,716000,Mastic Origins Body Jelly Mastiholic 300ml,5.69
2025-11-07,832539,Mitsuko Γαλότσα Γυναικεία,13.78
2025-11-07,724066,Maybelline Μάσκαρα Sensational Sky Hgh,16.59
2025-11-07,705023,L'OREAL Excellence Βαφή Μαλλιών Κατανό Ανοιχτό Ψυχρό Ν.5.11,6.34
2025-11-07,832972,Mitsuko Αθλητικό Γυναικείο Με Γυαλινή Φτέρνα,12.14
2025-11-07,703003,Zan Sot Φίνο Λάστιχο Μαλλιών Μικρό,2.30
2025-11-07,703011,Zan Sot Πενσάκι Παρανυχίδων,8.62
2025-11-07,724037,Maybelline Fit Me Matte FDT 130 Beige Bl,15.99
2025-11-07,620968,Feel Good! Καλσόν Mousse 20D Γραφίτης M/L,1.39
2025-11-07,754029,Feel Good! Ultimate Power Gel Μαλλιών 200ml,2.69
2025-11-07,526159,Ringpoint Κορδόνια Στρογγυλά Ψιλά Μαύρα 60cm,2.50
2025-11-07,526169,Ringpoint Κορδόνια Στρογγυλά Χονδρά Καφέ 75cm,2.50
2025-11-07,526170,Ringpoint Κορδόνια Φαρδιά Μαύρα 150cm,4.12
2025-11-07,526168,Ringpoint Κορδόνια Στρογγυλά Χονδρά Μαύρα 75cm,2.31
2025-11-07,621140,Diana Classic Σλιπ Γυναικείο Tai Σετ 2τεμ,7.72
2025-11-07,762014,Oral-B Pro 2000 Επαναφορτιζόμενη Ηλεκτρική Οδοντόβουρτσα,48.74
2025-11-07,762004,Oral-B Pro 750 Black Επαναφορτιζόμενη Ηλεκτρική Οδοντόβουρτσα,35.72
2025-11-07,762003,Oral-B Pro 750 Pink Επαναφορτιζόμενη Ηλεκτρική Οδοντόβουρτσα,35.72
2025-11-07,705839,Syoss Oleo Βαφή Ξανθό Ανοιχτό Χρυσό 8-60,5.79
2025-11-07,620159,Κάλτσες Ανδρικές Βαμβακερές Σετ 2 Ζεύγων,3.28
2025-11-07,620701,BIC Κολάν Basic Μαύρο Small,16.99
2025-11-07,720457,Mea Natura Pomegranate Αντιγηραντική & Αντιρυτιδική Κρέμα 50ml,9.18
2025-11-07,724104,Maybelline Κραγιόν Matte Ink 50 Voyager,14.99
2025-11-07,705827,Syoss Color Βαφή Μαλλιών Ν4-8 Chocolate Brown 50ml,5.36
2025-11-07,719902,Demak'Up Duo Plus Δίσκοι Ντεμακιγιάζ 70 τεμάχια,2.06
2025-11-07,621997,Diana Γυναικείο Βαμβακερό Φανελάκι Μαύρο,6.56
2025-11-07,621989,Diana Γυναικείο Βαμβακερό Φανελάκι Άσπρο,6.56
2025-11-07,620070,BIC Opaque Καλσόν Ελαστικό Μαύρο 90D Small,8.45
2025-11-07,621361,Diana Σλιπ Γυναικείο Easy Minis S-M-L-XL,6.56
2025-11-07,620811,Diana Starlyn Καλσόν 15D Μαύρο Small-Medium-Large,3.23
2025-11-07,620813,Diana Starlyn Καλσόν 15D Γραφίτη (S-M-L),3.23
2025-11-07,620815,Diana Starlyn Καλσόν 15D Peppers (S-M-L),3.23
2025-11-07,620818,Diana Starlyn Καλσόν Μαύρο 40D (S-M-L-XL),3.64
2025-11-07,620682,Diana Καλτσάκι Πολύχρωμο Ριγέ Λιλά O/S,3.66
2025-11-07,620608,Diana Sting Κάλτσα Ανδρική Με Ρόμβους Μαύρη,4.19
2025-11-07,620611,Diana Sting Κάλτσα Ανδρική Με Ρόμβους Καφέ,4.19
2025-11-07,620605,Diana Sting Κάλτσα Ανδρική Βαμβακερή Μπλε,3.37
2025-11-07,620720,Diana Starlyn Καλσόν Κάραμελ 40D (S-M-L-XL),3.64
2025-11-07,620413,Diana Illum 18D Καλτσάκια Πέππερ 2τεμ,1.71
2025-11-07,620414,Diana Ottima F50d Opaque Καλσόν Μαύρο (SMLX),4.43
2025-11-07,620420,Diana Flert Strech 15D Καλσόν Γραφίτης,2.39
2025-11-07,620424,Diana Starlyn 20D Καλσόν Graphit,3.52
2025-11-07,620427,Diana Topaz Mousse 18D Καλσόν Φιμέ Medium-Large,1.69
2025-11-07,620403,Diana Lastex Smart Καλσόν Καραμελέ (XL),6.95
2025-11-07,620404,Diana Calzino 15D Καλτσάκι Μαύρο O/S,1.85
2025-11-07,620406,Diana Calzino 15D Καλτσάκι Γραφίτης O/S,1.85
2025-11-07,620394,Diana Pancy Mous 18D Καλσόν Γραφίτης (4-5),2.32
2025-11-07,620157,Diana Sting Κάλτσα Ανδρική Με Ρόμβους (Μπλε),4.19
2025-11-07,620185,Diana Sting Κάλτσα Ανδρική Βαμβακερή Οριζόντια Γραμμή Μπεζ,4.14
2025-11-07,620389,Diana Topaz Mousse 18D Καλσόν Πέππερ Medium-Large,1.69
2025-11-07,706939,Iris Στεφάνη Παιδική Ν. 847,1.79
2025-11-07,620166,BIC Opaque Καλσόν Ελαστικό Μαύρο 90D Large,8.45
2025-11-07,706964,Iris Κλικ Κλακ Καρτέλα 2τεμαχίων Ν.579,1.51
2025-11-07,706973,Iris Κλαμεράκια Συσκευασία 6τεμάχια,1.25
2025-11-07,706969,Iris Κλάμερ Μεσαίο Συσκευασία 2τεμάχια,1.45
2025-11-07,703476,La Follie Κλάμερ Σχέδιο 8-50cm,0.90
2025-11-07,703125,Iris Ρόλλευ Αυτοκόλλητα Μικρά 6τεμάχια,1.91
2025-11-07,703126,Iris Ρόλλευ Αυτοκόλλητα Μεσαία 5τεμάχια,1.91
2025-11-07,620190,BIC Velvet 50D Καλσόν Ελαστικό Mixed Medium,5.26
2025-11-07,620191,BIC Velvet 50D Καλσόν Ελαστικό Mixed Large,5.26
2025-11-07,620144,BIC Velvet Καλσόν Ελαστικό Μαύρο 50D Medium,5.26
2025-11-07,620137,BIC Vivant Καλσόν Ελαστικό Μαύρο 40D Small,4.20
2025-11-07,620141,BIC Vivant Καλσόν Ελαστικό Μελί 40D Small,4.20
2025-11-07,620498,BIC Velvet 50D Καλσόν Ελαστικό Mixed Small,5.26
2025-11-07,620053,BIC Mibas Καλτσάκι 3/4 15D Μαύρο,3.21
2025-11-07,620509,Lotus Κάλτσα Ανδρική Βαμβακερή Μερσεριζέ,4.48
2025-11-07,620510,Lotus Κάλτσα Ανδρική Αθλητική,4.41
2025-11-07,703637,Iris Στέκα Ταρταρούγα,1.47
2025-11-07,620045,BIC Molas Καλσόν Ελαστικό Μελί 20D Small,3.46
2025-11-07,620007,BIC Καλσόν Μη Ελαστικό Γραφίτης 20D (1-3),1.78
2025-11-07,620001,BIC Καλσόν Μη Ελαστικό Off Black 20D,1.78
2025-11-07,620055,BIC Mibas Καλτσάκι 3/4 15D Γραφίτης,3.21
2025-11-07,620446,BIC Medias Καλσόν Μαύρο 15D Medium,2.73
2025-11-07,620025,BIC Silhouette Καλσόν Ελαστικό Μελί 15D Small,5.93
2025-11-07,670809,Gillette King C Beard Trimmer,41.97
2025-11-07,620711,Diana Κολάν Push Up Μαύρο (S-M-L),19.18
2025-11-07,620072,BIC Molas Καλσόν Ελαστικό Γραφίτη 20D Small,3.46
2025-11-07,620029,BIC Silhouette Καλσόν Ελαστικό Γραφίτης 15D Small,5.62
2025-11-07,620540,Diana Ανδρικό Τερλίκι Με Αυτί,3.73
2025-11-07,608889,My Soft Lux Χαρτί Υγείας 3φυλλο 10αρι 1-200kg,5.45
2025-11-07,608794,My Soft Jumbo Χαρτοπετσέτες 100Φύλλα 0-175kg,0.70
2025-11-07,609411,My Soft Jumbo Ρολό Κουζίνας 1kg,4.77
2025-11-07,609410,My Soft Jumbo Ρολό Κουζίνας 600gr,2.90
2025-11-07,610760,My Soft Χαρτομάντιλα Επιτραπέζια 3φυλλα 100τεμ 200gr,1.50
2025-11-07,609448,My Soft Χαρτί Υγείας Γκοφρέ 8άρι 0-784kg,3.58
2025-11-07,608793,My Soft Χαρτοπετσέτες 70 Φύλλων 0-120kg,0.78
2025-11-07,511724,My Home Chloro Ultra Lemon 1250ml,1.07
2025-11-07,609738,My Soft Jumbo Ρολό Κουζίνας 3Φυλλο 800gr,3.46
2025-11-07,522856,My Home Σακούλες Απορριμμάτων Αρωματικές Mini 30τεμ,0.78
2025-11-07,609018,Daily Χαρτί Ρολό Κουζίνας 0-760gr,2.50
2025-11-07,608161,Softex Χαρτοπετσέτες Λευκές 56φύλλων 0-086kg,0.69
2025-11-07,607799,My Soft Premium Χαρτί Υγείας 4φυλλο 10άρι 1-230kg,5.95
2025-11-07,607018,Softex Classic Cotton Χαρτί Υγείας 3 Φύλλων 8αρι 0-624kg,2.77
2025-11-07,504260,Fairy Ultra Original Υγρό Πιάτων 900ml,2.93
2025-11-07,522691,Sanitas Flex Σακούλες Απορριμάτων Large Με Κορδόνι 52x75 45L 10τεμ,1.35
2025-11-07,608230,My Soft Χειροπετσέτες Ζικ Ζακ 0-285kg 200τεμ,1.59
2025-11-07,515603,Vileda Σφουγγαράκι Κουζίνας Tiptop 5τεμ,2.30
2025-11-07,522855,My Home Σακούλες Απορριμμάτων Mini 30τεμ,0.72
2025-11-07,522161,Sanitas Σακούλες Απορριμάτων Μικρές Με Χερούλια 46x50cm 30τεμ,1.12
2025-11-07,515312,Scotch Brite Σφουγγαράκι Κουζίνας Αντιβακτηριδιακό,1.24
2025-11-07,607019,Softex Classic Luxury Χαρτί Υγείας 4 Φύλλων 8αρι 0-720kg,3.23
2025-11-07,515621,Scotch Brite Σφουγγαράκι Κουζίνας Αντιβακτηριδιακό Δυνατό 3τεμ,2.48
2025-11-07,610249,Zewa Deluxe Χαρτί Υγείας Χαμομήλι 3φύλλων 8άρι 0-704kg,3.75
2025-11-07,522163,SANITAS Σακούλες Απορριμμάτων Easypack Μεσαίες 50x55cm 20τεμ.,1.32
2025-11-07,522860,My Home Σακούλες Απορριμμάτων Maxi 52x75cm Κορδόνι 10τεμ,1.43
2025-11-07,525357,My Home Απιονισμένο Νερό 4lt,1.21
2025-11-07,522852,Sanitas Σακούλες Απορ/των Εύκολο Κλείσιμο Μεγάλες 58x72cm 20τεμ,2.38
2025-11-07,610303,White Leaf Χαρτομάντιλα Νάυλον 0-126kg 100τεμ,0.79
2025-11-07,522061,My Home Σακούλες Απορριμάτων Με Χερούλια 60x72cm 20τεμ,1.79
2025-11-07,608146,My Soft Lux Χαρτοπετσέτες Decor 70 Φύλλων 0-130kg,0.92
2025-11-07,511198,Klinex ΧΛΩΡΙΝΗ Ultra Protection Παχύρρευστη Lemon 750ml,1.95
2025-11-07,609006,Endless Goodmood Ρολό Κουζίνας 2 Φύλλων 385gr,2.75
2025-11-07,506688,Lenor Μαλακτικό Ρούχων Joy Gold Orchid 82μεζ,5.29
2025-11-07,511334,Klinex ΧΛΩΡΙΝΗ Ultra Protection Παχύρρευστη Lemon 2lt,3.97
2025-11-07,522117,Sanitas Αρωματικές Σακούλες Απορριμμάτων Μικρές 46x56cm 30τεμ,0.95
2025-11-07,607118,Softex Velvet Χαρτί Υγείας 4φύλλων 8άρι 0-824kg,4.49
2025-11-07,514126,Klinex Χλωρίνη Πολλαπλών Χρήσεων Αντλία 750ml,2.58
2025-11-07,609094,My Soft Jumbo Ρολό Κουζίνας Λευκό 500gr (2 Τεμ.),4.60
2025-11-07,610967,My Soft Χαρτομάντιλα Τσέπης 4Φύλλων 10Άδα 0-256kg,1.59
2025-11-07,512072,Duck Υγρό Wc Φρεσκάδα Μέντας 750ml,1.58
2025-11-07,607796,My Soft Lux Χαμομήλι Χαρτί Υγείας 3Φ 1-030kg 10τεμ,4.95
2025-11-07,514266,Dettol Απολυμαντικό Spray Επιφανειών Υγιεινή & Ασφάλεια 500ml,2.54
2025-11-07,607029,My Soft Premium Χαρτί Υγείας 4Φυλλο Με Άρωμα Πούδρα 1-024kg,4.85
2025-11-07,610910,Zewa Wisch & Weg Extra Lang Ρολό Κουζίνας Με Σχέδια 2πλό 0-376Kg,4.58
2025-11-07,511964,Cif Kρέμα Λεμόνι 500ml,2.87
2025-11-07,609450,My Soft Lux Ρολό Κουζίνας Decor 400gr 2τεμ,3.25
2025-11-07,511723,My Home Chloro Ultra Lemon 750ml,0.78
2025-11-07,608004,Endless Goodmood Χειροπετσέτες Ζικ Ζακ 160 φύλλων 0-322kg,2.12
2025-11-07,522685,El-Ef Σακούλες Απορριμμάτων Αρωματικές Maxi 10 Τεμ. +Μινι 10Τεμ.,1.83
2025-11-07,512113,Ajax Λουλούδια Λίμνης Υγρό Καθαριστικό Πατώματος 1000ml,1.89
2025-11-07,610026,Zewa Softis Natural Χαρτομάντιλα Επιτραπέζια 80τεμ 0-199kg,2.43
2025-11-07,509302,Klinex WC Block Πράσινο Λεμόνι 2x50gr,2.41
2025-11-07,551659,Skip Wonder Wash Υγρό Απορρυπαντικό Πλυντηρίου Ultra Refresh 37μεζ 1-524lt,7.95
2025-11-07,607031,Kleenex Capitonne Χαρτί Υγείας 12άρι 0-867kg,5.75
2025-11-07,506786,Soupline Μαλακτικό Giga Pack Συμπυκνωμένο με Mistral 92μεζ. 1-932lt,5.29
2025-11-07,506720,Cajoline Συμπυκνωμένο Μαλακτικό Gold 1-725lt 82Μεζ,5.19
2025-11-07,610023,Zewa Softis Χαρτομάντηλα Επιτραπέζια 4φύλλων 80τεμ 0-193kg,2.43
2025-11-07,608008,My Soft Χαρτοπετσέτες Καρώ Μπλε 70Φ 33x33cm 0-133gr,0.90
2025-11-07,609011,Softex Pro Eco Ρολό Κουζίνας 2 Φύλλων 0-433kg,2.01
2025-11-07,610761,My Soft Χαρτομάντιλα Επιτραπέζια Λευκά 4Φ. 100τεμ 0-235Kg,2.19
2025-11-07,506741,Neomat Απορρυπαντικό Πλυντηρίου Gel Μαλαισιανή Ορχιδέα 72μεζ 3-35lt,7.95
2025-11-07,508027,Ajax Τζαμιών Classic Αντλία 500ml,1.88
2025-11-07,551663,Skip Υγρό Απορρυπανικό Πλυντηρίου Ρούχων Giga Pack 90μεζ 4-5lt,14.75
2025-11-07,515644,Swiffer Duster Ανταλλακτικά Ξεσκονόπανα 5τεμ,5.29
2025-11-07,504206,Fairy Max Power Υγρό Πιάτων Κανονικό 660ml,2.93
2025-11-07,509290,Bref WC Block Duo Pack Ocean 2x50gr,2.48
2025-11-07,515325,Practic Γάντια Latex Medium 100τεμ,3.98
2025-11-07,515601,Wettex Απορροφητικό Πετσετάκι Νο 1 3τεμ,2.50
2025-11-07,503243,Ava Action Ξίδι & Μήλο Υγρό Πιάτων 430ml,1.38
2025-11-07,503380,Fairy Ταμπλέτες Πλυντηρίου Πιάτων Original Λεμόνι XXL 84τεμ,14.99
2025-11-07,607026,My Soft Χαρτί Υγείας Γκοφρέ 8αρι 0-504gr,2.04
2025-11-07,607038,Evvasoft Χαρτί Υγείας 3Φύλλων 16άρι 1-648kg,5.51
2025-11-07,509232,Duck Deep Action Gel Φρεσκάδα Θαλάσσης 750 ml,1.85
2025-11-07,503013,Finish Εκθαμβωτικό Πλυντηρίου Πιάτων Λάμψη Λεμονιού 400ml,4.32
2025-11-07,515014,My Home Στεγνά Πανάκια Με Ηλεκτροστατική Δράση 20τεμ,1.75
2025-11-07,522681,Sanitas Flex & Strong Σακούλες Απορριμμάτων Γίγας Με Κορδόνι 70x95cm 8τεμ,2.88
2025-11-07,522060,My home Σακούλες Απορριμάτων Με Χερούλια 52x56 cm 30τεμ,1.49
2025-11-07,608009,My Soft Χαρτοπετσέτες Καρώ Κοκκινες 0-133kg,0.90
2025-11-07,514197,Viakal Καθαριστικό Αλάτων Αντλία 800ml,3.99
2025-11-07,607020,Softex Classic Pure Χαρτί Υγείας 2 Φύλλων 8αρι 0-496kg,2.20
2025-11-07,514191,Klinex Ενεργός Αφρός Μπάνιου Flor Αντλία 435ml,2.35
2025-11-07,504264,Fairy Ultra Λεμόνι Υγρό Πιάτων 900ml,2.93
2025-11-07,511215,Ajax Kloron Με Χλωρίνη Καθαριστικό Spray Αντλία 750ml,1.96
2025-11-07,515622,Scotch Brite Σφουγγαράκι Κουζίνας Πράσινο Αντιβακτηριδιακό Δυνατό 3τεμ,2.56
2025-11-07,515000,Vileda Πετσέτα Μικροΐνες Colors 4τεμ,2.30
2025-11-07,515302,Scotch Brite Σφουγγαράκι Κουζίνας Πράσινο,1.28
2025-11-07,522580,El-Ef Σακούλες Απορριμάτων Επαγγελματικές Γίγας 75X115cm 20Tεμάχια,3.99
2025-11-07,515604,Vileda Classic Σφουγγαράκι Κουζίνας multipack,1.35
2025-11-07,505090,K2R Colour Catcher Χρωμοπαγίδα 52 Φύλλα,5.08
2025-11-07,511118,Cif Kρέμα Pink 500ml,2.87
2025-11-07,515218,Vileda Classic Σφουγγαράκι Κουζίνας,0.59
2025-11-07,607033,Softex Pro Eco Xl Ρόλο Κούζινας 700gr,2.98
2025-11-07,511404,Ajax Boost Ξίδι και Μήλο Καθαριστικό Πατώματος 1000ml,1.82
2025-11-07,511970,Cif Κρέμα 500ml,2.87
2025-11-07,607350,Zewa Exclusive Ultra Soft Χαρτί Υγείας 4φύλλων 8άρι 0-888kg,5.30
2025-11-07,504221,Ava Perle Υγρό Πιάτων Πράσινο Σαπούνι & Μαστίχα Χίου 900ml,2.22
2025-11-07,608143,Zewa Plus Χαρτοπετσέτες 30x30cm 100φύλλων 0-153kg,1.35
2025-11-07,608000,My Soft Χαρτί Υγείας Γκοφρέ 10αρι 0-750kg,3.49
2025-11-07,522690,Sanitas Flex Σακούλες Απορριμάτων Αρωματικές Large Με Κορδόνι 52x75 45lt 10τεμ,1.88
2025-11-07,522853,My Home Σακούλες Απορριμμάτων Γίγας 70x100cm 10τεμ,2.34
2025-11-07,513579,Vileda Super Σφουγγαρίστρα,4.35
2025-11-07,607032,Kleenex Capitonne Χαρτί Υγείας 18άρι 1-268kg,8.41
2025-11-07,607119,Softex Silk Χαρτί Υγείας 3 φύλλων 8άρι 0-760kg,3.70
2025-11-07,533000,Klinex Υγρά Πανάκια Καθαρισμού Λεμόνι 30τεμ,1.88
2025-11-07,511598,Ajax Αγριολούλουδα Υγρό Καθαριστικό Πατώματος 1000ml,1.89
2025-11-07,503377,Fairy Ultra Υγρό Πιάτων 1-45L,4.49
2025-11-07,512096,Klinex Spray 4 σε 1 για το Μπάνιο 750ml,2.58
2025-11-07,506707,Lenor Μαλακτικό Ρούχων Jasmine & Rose 82μεζ,5.29
2025-11-07,506827,Soupline Μαλακτικό Συμπυκνωμένο Silk Musk 52Μεζ 730ml,2.98
2025-11-07,515594,Sanitas Σφουγγαράκι Κουζίνας Hygiene Fresh 5τεμ.,2.31
2025-11-07,502135,Omo Υγρό Απορρυπαντικό Πλυντηρίου Ρούχων Τροπικά Λουλούδια 68μεζ 3-4lt,7.60
2025-11-07,610022,Zewa Softis Χαρτομάντιλα Επιτραπέζια Αρωματικά 0-193kg 80τεμ,2.43
2025-11-07,608162,Softex Giga Χαρτοπετσέτες 100 Φύλλα 0-153kg,1.50
2025-11-07,506722,Cajoline Συμπυκνωμένο Μαλακτικό Blue Fresh 82μεζ 1-725lt,5.19
2025-11-07,509321,Klinex WC Block Popart Manolia 2τεμ,2.41
2025-11-07,609005,Regina Green Χαρτί Επιτραπέζιο Λευκό 2Φύλλων 0-105gr 80τεμ,0.90
2025-11-07,504162,My Home Ultra Υγρό Πιάτων 425ml,1.23
2025-11-07,503287,Ava Action Μήλο Υγρό Πιάτων Αντλία 650ml,2.23
2025-11-07,506702,Lenor Μαλακτικό Ocean Escape 82μεζ 1-70lt,5.29
2025-11-07,511364,Klinex Ultra Χλωρίνη Lemon 2x1250ml Giga Pack,4.47
2025-11-07,503158,My Home Ειδικό Αλάτι Πλυντηρίου Πιάτων 2kg,1.65
2025-11-07,507029,Planet Baby Υγρό Πιάτων 425ml,1.86
2025-11-07,515170,Sanitas Μεταλλικό Σύρμα Με Λαβή,1.11
2025-11-07,504427,Palmolive Original Υγρό Πιάτων 750ml,1.96
2025-11-07,503288,Ava Υγρό Πιάτων Perle Χαμομήλι 900ml,2.22
2025-11-07,514042,Overlay Ultra Λιποκαθαριστής Λεμόνι 650ml,4.97
2025-11-07,506780,Soupline Μαλακτικό Συμπυκνωμένο XXL Pack Τέλειο Σιδέρωμα 78μεζ. 1-638L,4.49
2025-11-07,530892,My Home Πανάκια Καθαρισμού Με Μικροΐνες 32x32cm 6τεμ,3.50
2025-11-07,515192,Practic Γάντια Νιτριλίου Μπλε Medium 50τεμ,1.98
2025-11-07,506781,Soupline Μαλακτικό Συμπυκνωμένο Mistral 78μεζ. 1-638lt,4.49
2025-11-07,533006,My Home Υγρά Πανάκια Καθαρισμού Γενικής Χρήσης Λεμόνι 50τεμ,1.17
2025-11-07,608789,My Soft Χαρτοπετσέτες Πολυτελείας Λευκές 80 Φύλλων 0-295kg,1.49
2025-11-07,514263,Dettol Καθαριστικό Spray Πράσινο Μήλο 500ml,2.24
2025-11-07,609007,Endless Goodmood Χαρτί Υγείας 3 φύλλων 0-680kg,4.75
2025-11-07,551588,Omo Υγρό Απορρυπαντικό Πλυντηρίου Τροπικά Λουλούδια 45μεζ 2-25lt,5.50
2025-11-07,607010,Zewa Deluxe Χαρτί Υγείας 8 Ρολά 3Φυλλων 8άρι Limited Edition 0-764kg,3.75
2025-11-07,652775,Υδροχλωρικό Οξύ 450ml,0.81
2025-11-07,511194,Klinex ΧΛΩΡΙΝΗ Ultra Protection Παχύρρευστη Lemon 1250ml,2.98
2025-11-07,522109,El-Ef Σακούλες Απορριμμάτων 58Χ78cm Μεγάλες Χερούλι 15τεμ,1.97
2025-11-07,908921,My Home Σφουγγαρίστρα Μικροϊνών,2.98
2025-11-07,506580,Tesori D'Oriente Μαλακτικό Ρούχων White Musk 38μεζ 760ml,3.83
2025-11-07,610962,Zewa Sensitive Υγρό Χαρτί Υγείας 42τεμ,1.96
2025-11-07,511127,Klinex Χλωρίνη Λεπτόρρευστη Λεμόνι 2lt,1.98
2025-11-07,511415,Ajax Απολυμαντικό Clean Fresh Καθαριστικό Πατώματος 1lt,1.98
2025-11-07,533008,Klinex Υγρά Πανάκια Καθαρισμού 30τεμ,1.88
2025-11-07,502143,Skip Υγρό Απορρυπαντικό Ρούχων Spring Fresh 70μεζ. 3-5lt,12.65
2025-11-07,511721,My Home Chloro Ultra Fresh 1250ml,1.07
2025-11-07,515522,My Home Συρματάκι Ασημί,0.45
2025-11-07,551660,Skip Υγρό Απορρυπαντικό Πλυντ. Ρούχων Wonder Wash Anti - Odor Protect 37μεζ,7.95
2025-11-07,609449,My Soft Lux Ρολό Κουζίνας Decor 800gr,3.31
2025-11-07,515300,Scotch-Brite Μαγική Γόμα Super Cleaner,1.40
2025-11-07,551535,Ariel Απορρυπαντικό Πλυντηρίου Ρούχων Υγρό Alpine 50μεζ,9.95
2025-11-07,661914,Sanitas Αρωματικές Σακούλες Απορ/των Easy Pack Μεγάλες 58x72 20τεμ,2.38
2025-11-07,515202,Wettex Απορροφητικό Πετσετάκι Νο 2,2.16
2025-11-07,506752,Finish Ειδικό Αλάτι Πλυντηρίου Πιάτων 1-5kg,3.69
2025-11-07,522854,My Home Σακούλες Απορριμμάτων Με Κορδόνι Γίγας 70x95cm 10τεμ,2.89
2025-11-07,509081,Harpic Υγρό WC Active Fresh Ocean 750ml,1.76
2025-11-07,607253,White Leaf Χειροπετσέτες Ζικ Ζακ 120τεμ 0-258kg,1.77
2025-11-07,609014,Endless Goodmood Ρολό Κουζίνας 3 Φύλλων 0-580kg,4.19
2025-11-07,522859,My Home Σακούλες Απορριμμάτων Αρωματικές 52x75 10τεμ,1.98
2025-11-07,502110,My Home Μασσαλίας Απορρυπαντικό Υγρό 50μεζ 3 lt,4.71
2025-11-07,509502,Αποσμίνη Υγρό Πολυκαθαριστικό 425ml,3.30
2025-11-07,522418,El-Ef Σακούλες Απορριμάτων Μεσαίες Με Κορδόνι 54x60cm 10τεμ,1.36
2025-11-07,612010,Zewa Softis Χαρτομάντιλα Τσέπης 4 Φυλλών 0-176kg,2.39
2025-11-07,506771,Soupline Μαλακτικό Συμπυκνωμένο Mistral 3D τεχνολογία αρώματος 42μεζ. 900ml,2.93
2025-11-07,970018,Zewa Deluxe Χαρτομάντηλα Επιτραπέζια 3φύλλων 90τεμ 0-162kg,2.67
2025-11-07,515640,Swiffer Ανταλλακτικά Πανάκια 30τεμ,8.61
2025-11-07,511333,Ajax Υγρό Καθαριστικό Πράσινο Σαπούνι Για Μάρμαρα & Πλακάκια 1lt,2.48
2025-11-07,552083,My Home Soft Σφουγγαρίστρα Κίτρινη,2.10
2025-11-07,514267,Dettol Surface Cleaner Lime & Mint Αντλία 500ml,2.54
2025-11-07,522077,Sanitas Flex Σακούλες Απορριμμάτων 30lt 10τεμ,1.45
2025-11-07,511509,Ajax Expert Καθαριστικό Μπάνιου Κατά Των Αλάτων Ανταλλακτικό 500ml,1.49
2025-11-07,506756,Aromatics Μαλακτικό Ρούχων Συμπυκνωμένο Musk 50μεζ 1L,7.16
2025-11-07,514001,Viakal Regular Κατά Των Αλάτων Υγρό 500ml,2.90
2025-11-07,552092,My Home Spring Απορρυπαντικό Πλυντηρίου Υγρό 25μεζ 1-25lt,3.27
2025-11-07,522958,El-Ef Σακούλες Απορριμάτων Με Χερούλι 54x60cm 20τεμ,1.95
2025-11-07,504153,Fairy Max Power Υγρό Πιάτων Regural 450ml,2.26
2025-11-07,511716,My Home Chloro Λεμόνι 2lt,1.07
2025-11-07,515487,My Home Σφουγγαράκι Κουζίνας,0.33
2025-11-07,506750,Endless Συμπυκνωμένο Μαλακτικό Ρούχων Ανταλλακτικό 1lt,2.69
2025-11-07,511007,Klinex Καθαριστικό Πατώματος Λεβάντα 1000ml,1.79
2025-11-07,502142,Skip Υγρό Απορρυπαντικό Ρούχων Active Clean 70μεζ. 3-5lt,12.65
2025-11-07,508040,Ajax Υγρό Καθ/κό Τζαμιών Crystal Clean Ανταλλακτικό 750ml,2.06
2025-11-07,509083,Harpic Υγρό WC Power Plus 750ml,1.92
2025-11-07,511032,Topine Απολυμαντικό Γενικής Χρήσης Αντλία 750ml,1.95
2025-11-07,504241,Fairy Clean & Fresh Με Άρωμα Μήλο Υγρό Πιάτων 900ml,2.93
2025-11-07,509080,Harpic Υγρό WC Active Fresh Pine 750ml,1.76
2025-11-07,515203,Wettex Απορροφητικό Πετσετάκι Νο 3,1.93
2025-11-07,551658,Skip Wonder Wash Υγρό Απορρυπαντικό Πλυντηρίου Color Protect 37μεζ 1-524lt,7.95
2025-11-07,511011,Klinex Καθαριστικό Πατώματος Λεμόνι 1000ml,1.79
2025-11-07,509865,Rex Σόδα Πλυσίματος Σκόνη 500gr,1.21
2025-11-07,551625,Dixan Gel Φρεσκάδα Ωκεανού 3-15lt,10.95
2025-11-07,502183,Persil Υγρό Απορρυπαντικό Πλυντηρίου Black 28μεζ 1-4lt,5.20
2025-11-07,551700,Ariel Απορρυπαντικό Πλυντηρίου Pούχων Υγρό Alpine 100μεζ 4-50lt,17.95
2025-11-07,506799,Lenor Μαλακτικό Ρούχων Joy Gold Orchid 59μεζ 1-20lt,3.99
2025-11-07,501066,My home 3 in 1 Αποσκληρυντικές Ταμπλέτες Πλυντηρίου Ρούχων 18τεμ,1.99
2025-11-07,609015,Zewa W&W Ρολό Κουζίνας 4πλο 0-440kg,5.38
2025-11-07,511355,Ajax Υγρό Καθαριστικό Πατώματος Λουλούδια Λίμνης 1-5lt,2.75
2025-11-07,515595,Sanitas Σφουγγαράκι Κουζίνας Wavy 4τεμ.,2.31
2025-11-07,512025,Klinex Ενεργός Αφρός Καθαριστικό Μπάνιου Artic 435ml,2.35
2025-11-07,610254,Zewa Deluxe Χαρτί Υγείας Jasmine 3φύλλων 8άρι 0-704kg,3.75
2025-11-07,506739,Neomat Υγρό Απορρυπαντικό Πλυντηρίου Ρούχων Λωτός Μπαλί 72μεζ 3-35lt,7.95
2025-11-07,501064,Εύρηκα Μασσαλίας Υγρό Απορρυπαντικό 42μεζ 1-663lt,5.49
2025-11-07,503801,Finish Καθαριστικό Πλυντηρίου Πιάτων Lemon Hygiene 250ml,5.99
2025-11-07,512348,Ajax Ultra Λεβάντα Καθαριστικό Πατώματος 1000ml,1.89
2025-11-07,505012,Dettol Απολυμαντικό Για Τα Ρούχα 2-5lt,7.88
2025-11-07,522102,El-Ef Σακούλες Απορριμάτων Αρωματικές 58Χ72Cm Με Χερούλι 20τεμ,2.37
2025-11-07,515303,Scotch Brite Σφουγγαράκι Κουζίνας Αντιβακτηριδιακό Γίγας,1.36
2025-11-07,503354,My Home All In 1 Ταμπλέτες Πλυντηρίου Πιάτων 40τεμ,4.60
2025-11-07,608163,Softex Giga Χαρτοπετσέτες 200 Φύλλα 0-306kg,2.15
2025-11-07,551649,Skip Απορρυπαντικό Πλυντηρίου Ρούχων Κάψουλες Active Clean 48μεζ 1-012-8kg,12.65
2025-11-07,512125,Dr Beckmann Λευκαντικό Ρούχων Glowhite 80gr,0.83
2025-11-07,514004,Klinex Spray Hygiene Γενικής Χρήσης Λεμόνι 750ml,2.58
2025-11-07,515611,Swiffer Duster Ανταλλακτικά Πανάκια Mega Pack 18τεμ,12.38
2025-11-07,551522,Essex Απορρυπαντικό Πλ. Ρούχων Multi Σκόνη 50μεζ 2-4Kg,5.95
2025-11-07,506811,Tesori D'oriente Mαλακτικό Ρούχων White Musk 58μεζ 1-160ml,4.93
2025-11-07,511391,Ajax Fete De Fleurs Uplifting Υγρό Καθαριστικό 750ml,1.99
2025-11-07,551709,Ariel All in 1 Απορρυπαντικό Πλυντηρίου Ρούχων Κάψουλες Alpine 60 Μεζ.,14.95
2025-11-07,610963,Zewa Almond Milk Χαρτί Υγείας Υγρό 42τεμ,1.96
2025-11-07,509201,Duck Block Για Καζανάκι 3 σε 1 50gr,2.73
2025-11-07,512093,Duck Deep Action Gel Λεβάντα 750ml,1.85
2025-11-07,501062,Εύρηκα Υγρό Απορρυπαντικό Care Black 38μεζ 1-538ml,4.95
2025-11-07,505074,Dettol Απολυμαντικό Για Τα Ρούχα 1-5lt,5.50
2025-11-07,503322,Finish Ultimate Caps Πλυντηρίου Πιάτων Lemon 25τεμ,6.86
2025-11-07,504245,Fairy Clean & Fresh Floral Υγρό Πιάτων 900ml,2.93
2025-11-07,514233,Klinex Power Foam Αφρός Καθαρισμού Μπάνιου Με Χλώριο 435ml,2.06
2025-11-07,561011,Dettol Power & Pure Καθαριστικό Μπάνιου Αντλία 750ml,2.53
2025-11-07,511499,Ajax Υγρό Καθαριστικό Kloron Λεμόνι 1lt,2.46
2025-11-07,511480,Fabuloso Φρεσκάδα Λεβάντας Καθαριστικό Πατώματος 1000ml,1.99
2025-11-07,511069,Ajax Ultra Fresh Καθαριστικό Πατώματος 1500ml,2.48
2025-11-07,514265,Dettol Καθαριστικό Spray Fresh Linen & Aqua Sky 500ml,2.12
2025-11-07,609741,My Soft Ρολό Κουζίνας Decor 600gr,2.94
2025-11-07,515825,Vileda Γάντια Κουζίνας Sensitive Μedium,2.70
2025-11-07,527014,Tuboflo Αποφρακτικό Σε Ζεστό 60gr Mega Pack,2.99
2025-11-07,506751,Aromatics Μαλακτικό Ρούχων Συμπυκνωμένο Love 50μεζ 1000ml,7.16
2025-11-07,504101,My Home Υγρό Πιάτων Βατόμουρο 425ml,1.04
2025-11-07,503372,Finish Mutlibenefit Gel Lemon 940ml,9.75
2025-11-07,515389,Vileda Ανταλλακτικό Turbo 100% Microfibre,6.95
2025-11-07,512914,Klinex Ultra Χλωρίνη Pink 2x1-25L,4.48
2025-11-07,610965,Softex Χαρτομάντηλα Επιτραπέζια 2φύλλων 100τεμ 0-126kg,1.74
2025-11-07,609443,Regina Green Χαρτοπετσέτες Καρώ 30x30cm 60Φύλλων 0-092kg,0.69
2025-11-07,511378,The pink Stuff Kρέμα Γενικού Καθαρισμού 850gr,3.95
2025-11-07,504261,Fairy Power Υγρό Πιάτων Σπρέυ Fresh 500ml,4.18
2025-11-07,515168,My Home Σφουγγαράκι Κουζίνας Αντιβακτηριδιακό 3τεμ,0.80
2025-11-07,511293,Klinex Pure Hygiene Υγρό Καθαριστικό Επιφανειών Κουζίνας Αντλία 750ml,2.58
2025-11-07,531811,Vileda Κοντάρι Σκούπας,1.48
2025-11-07,506790,Soupline Μαλακτικό Συμπυκνωμένο Βανίλια Μανταρίνι 92μεζ. 1-932lt,5.29
2025-11-07,515304,Scotch-Brite Σφουγγάρι Λευκό για το Μπάνιο Δεν Χαράζει,1.39
2025-11-07,531376,My Home Κοντάρι 130cm,1.10
2025-11-07,522132,Elef Σακούλες Απορριμμάτων Mini Αρωματικές 46x56cm 30τεμ,1.07
2025-11-07,508407,Ajax Classic Καθαριστικό Τζαμιών 450ml,1.66
2025-11-07,511107,Topine Ultra Λεμόνι Χλώριο 750ml,1.69
2025-11-07,506743,Soupline Αρωματικό Σπρέυ Υφασμάτων Mistral 300ml,3.00
2025-11-07,511346,Topine Ultra Gel Λεμόνι Με Ενεργό Χλώριο 2x750ml,3.15
2025-11-07,522054,Sanitas Easy Pack Σακούλες Απορριμάτων Χερούλια Γίγας 70x90cm 10τεμ,2.88
2025-11-07,505611,Εύρηκα Υπερλευκαντικό Ρούχων Σκόνη Κουτί 500gr,3.92
2025-11-07,505087,K2R Colour Catcher Χρωμοπαγίδα 10 Φύλλα,1.59
2025-11-07,511006,Ace Gentile 1lt,2.85
2025-11-07,501068,Dettol Υγρό Καθαριστικό Πλυντηρίου Ρούχων Λεβάντα 250ml,4.79
2025-11-07,522857,My Home Σακούλες Απορριμμάτων Maxi 52x78 10τεμ,1.25
2025-11-07,522959,El-Ef Σακούλες Απορριμάτων Μικρές Χερούλι 50x55cm 20τεμ,1.28
2025-11-07,504167,My Home Υγρό Πιάτων Συμπυκνωμένο Λεμόνι 900ml,1.85
2025-11-07,514262,Dettol Power & Fresh Pomegranate Αντλία 500ml,2.24
2025-11-07,837194,Klinex Spray Κατά Της Μούχλας 500ml,2.58
2025-11-07,506719,Cajoline Συμπυκνωμένο Μαλακτικό Orchid 1-725lt 82Μεζ,5.19
2025-11-07,504207,Fairy Max Power Υγρό Πιάτων Λεμόνι 660ml,2.93
2025-11-07,501885,Calgon Αποσκληρυντικό Πλυντηρίου Gel 750ml,6.95
2025-11-07,506725,Cajoline Συμπυκνωμένο Μαλακτικό Red Fruits 1-725lt 82Μεζ,5.19
2025-11-07,506370,My Home Deep Water Breeze Συμπυκνωμένο Μαλακτικό Ρούχων 60μεζ,2.82
2025-11-07,504123,Dettol Υγρό Καθαριστικό Πλυντηρίου Ρούχων Λεμόνι 250ml,4.79
2025-11-07,607036,Endless Χαρτί Υγείας 3φ 4άρι 0-340kg,1.31
2025-11-07,506712,Lenor Μαλακτικό Ρούχων Relax Floral 82μεζ 1-70lt,5.29
2025-11-07,515469,Sanitas Σφουγγαράκι Αντιβακτηριδιακό 1τμχ,0.76
2025-11-07,506779,Soupline Μαλακτικό Συμπυκνωμένο Καρύδα & Λευκά Άνθη 78μεζ. 1-638lt,4.49
2025-11-07,515077,Assos Γάντια Νιτριλίου Μαύρα Medium 100τεμ,3.98
2025-11-07,514129,Klinex Spray 4 Σε 1 750ml,2.58
2025-11-07,666367,Sanitas Γάντια Ενισχυμένα Medium,3.00
2025-11-07,515315,Practic Γάντια Latex Large 100τεμ,3.77
2025-11-07,508067,My Home Υγρό Τζαμιών Clear Αντλία 750ml,1.54
2025-11-07,503291,Ava Perle Υγρό Πιάτων Χαμομήλι 1-5lt,3.64
2025-11-07,515732,Sanitas Γάντια Νιτριλίου Μαύρα Medium 30τεμ,2.99
2025-11-07,511113,Klinex Classic ΧΛΩΡΙΝΗ Λεπτόρρευστη 2lt,1.98
2025-11-07,551707,Ariel Απορρυπαντικό Πλυντηρίου Ρούχων Yγρό Alpine 80μεζ.,14.95
2025-11-07,506810,Tesori D'oriente Μαλακτικό Ρούχων Vanilla & Ginger 38Μεζ 60ml,3.83
2025-11-07,514776,Dettol Απολυμαντικό Spray Orchand Blossom 400ml,3.70
2025-11-07,609016,Zewa Jumbo Ρολό Κουζίνας 2Φύλλων 0-638kg,3.90
2025-11-07,512433,Planet Baby Απολυμαντικό Αντλία 325ml,3.46
2025-11-07,508403,Ajax Classic Καθαριστικό Τζαμιών 750ml,2.43
2025-11-07,515508,My Home Φτερά Για Επιφάνειες Ανταλλακτικά 5τεμ,1.56
2025-11-07,607760,My Soft Jumbo Χαρτί Υγείας 8άρι 1-304kg,6.10
2025-11-07,551580,Omino Bianco Αφρός Μασσαλίας Απορρυπαντικό Πλυντηρίου Υγρό 37μεζ 1.480ml,4.94
2025-11-07,504191,Fairy Platinum Υγρό Πιάτων Quickw 520ml,2.39
2025-11-07,511015,Klinex Καθαριστικό Πατώματος Ευαίσθητες 1000ml,1.79
2025-11-07,551516,Skip Clean Power Απορρυπαντικό Πλυντηρίου Ρούχων Σκόνη 67μεζ 4-355Kg,12.65
2025-11-07,515184,Practic Γάντια Νιτριλίου Μπλε Small 50τεμ,1.98
2025-11-07,511381,The pink Stuff Για Τζάμια Με Ροδόξιδο Αντλία 750ml,2.85
2025-11-07,561012,Dettol Power & Pure Καθαριστικό Κουζίνας Αντλία 750ml,2.53
2025-11-07,551595,Skip Ultimate Υγρό Απορρυπαντικό Πλυντηρίου Ρούχων 60μεζ 3lt,12.65
2025-11-07,506718,Cajoline Συμπυκνωμένο Μαλακτικό Gold 1-096lt 52μεζ,3.73
2025-11-07,504426,Palmolive Υγρό Πιάτων Lemon Lime 750ml,1.96
2025-11-07,514049,Dettol Καθαριστικό Spray Λεμόνι & Λάιμ 500ml,2.24
2025-11-07,505088,K2R Colour Catcher Χρωμοπαγίδα 22 Φύλλα,3.11
2025-11-07,511431,Ajax WC Expert Καθαριστικό Spray Αντλία 500ml,2.05
2025-11-07,515208,Wettex Σπογγοπετσέτα Power Μαγικό Ρολό 1-5μ,3.49
2025-11-07,501069,Soflan Υγρό Απορρυπαντικό Classic 24μεζ 960ml,2.96
2025-11-07,522079,Αssos Σακούλες Απορριμμάτων Γίγας 70x100cm για μεγάλους Κάδους,1.79
2025-11-07,910423,Φαράσι Ορθοστατικό Γίγας,3.30
2025-11-07,506816,Soupline Αρωματικό Σπρέυ Υφασμάτων Για Ρούχα Χωρίς Σιδέρωμα 300ml,3.00
2025-11-07,531808,Vileda Super Κοντάρι Σφουγγαρίστρας,1.83
2025-11-07,508068,My Home Υγρό Τζαμιών Clear Ανταλλακτικό 750ml,1.21
2025-11-07,610251,Zewa Deluxe Χαρτί Υγείας Peach 3φύλλων 8άρι 0-704kg,3.75
2025-11-07,514780,Dettol Καθαριστικό Πατώματος Αντιβακτηριδιακό Λεμόνι 1lt,3.13
2025-11-07,517197,Aroxol Liquid Refill 45ml 2τεμ,5.59
2025-11-07,515037,My Home Γάντια Κουζίνας Medium,1.69
2025-11-07,503387,Αva Perle Υγρό Πιάτων Σόδα & Εκχύλισμα Λεμονιού 900ml,2.22
2025-11-07,511429,Ajax Ultra Υγρό Καθαριστικό Λεβάντα 2x1lt Mega Pack,3.32
2025-11-07,610006,Zewa Deluxe Χαρτομάντηλα Aroma Fa 3 Φυλλά 0-112kg,2.67
2025-11-07,514196,Viakal Express Bath Λευκά Άνθη Αντλία 800ml,4.11
2025-11-07,506794,Lenor Μαλακτικό Ρούχων Sensitive 59μεζ 1-20lt,3.99
2025-11-07,511292,Klinex Pure Hygiene Καθαριστικό Πατώματος 1lt,1.79
2025-11-07,610001,Kleenex Χαρτομάντηλα Κύβος Collection 3Φυλλo 0-080Kg,2.35
2025-11-07,610000,White Leaf Χαρτομάντηλα Επιτραπέζια 2 Φύλλων 150τεμ 192gr,1.95
2025-11-07,531485,Scotch Brite Κοντάρι Σκούπας-Σφουγγαρίστρας,2.35
2025-11-07,515602,Wettex Μαγικό Ρολό 1-5Μ Family Pack 2τεμ,6.99
2025-11-07,522960,ElEf Σακούλες Απορριμμάτων & Τροφίμων Mini 36x46cm 30τεμ,0.65
2025-11-07,505096,Dr Beckmann Χρωμοπαγίδα 20 φύλλα,2.15
2025-11-07,551669,Omo Υγρό Απορρυπαντικό Πλυντηρίου Ρούχων Λεβάντα 68μεζ 3-4lt,7.60
2025-11-07,511084,Klinex Spray Hygiene 4 σε 1 Κουζίνα 750ml,2.58
2025-11-07,512910,Klinex ΧΛΩΡΙΝΗ Ultra Protection Παχύρρευστη Pink Power 750ml,1.95
2025-11-07,551577,Essex Απορρυπαντικό Υγρό Multi 75μεζ 3-75lt,7.75
2025-11-07,511371,Topine Total Power Απολυμαντικό Σπρέυ Spring Valley 400ml,2.70
2025-11-07,609447,My Soft Χαρτί Υγείας Γκοφρέ 0-196kg 2τεμ,0.99
2025-11-07,508042,Ajax Υγρό Καθ/κό Τζαμιών Crystal Clean Αντλία 750ml,2.48
2025-11-07,504231,Planet Perle Υγρό Πιάτων Bio+ 425ml,1.34
2025-11-07,506682,Tesori D'Oriente Μαλακτικό Ρούχων Ayurveda 38μεζ 760ml,3.83
2025-11-07,509299,Bref WC Block Blue Active Floral Duo 2x50gr,2.71
2025-11-07,504099,My Home Υγρό Πιάτων Λεμόνι 425ml,1.04
2025-11-07,511070,Ajax Ultra Λεβάντα Υγρό Καθαριστικό 1500ml,2.48
2025-11-07,511401,Ajax Boost Μαγειρική Σόδα και Λεμόνι Καθαριστικό Πατώματος 1000ml,1.82
2025-11-07,502049,Rol Απορρυπαντικό Υγρό Για Πλύσιμο Στο Χέρι 750ml,1.88
2025-11-07,506823,Soupline Μαλακτικό Συμπυκνωμένο Elixir Mistral 52Μεζ 730ml,2.98
2025-11-07,554025,Lenor Beads Gold Orchid Ενισχυμένο Άρωμα 270gr,4.95
2025-11-07,508253,Ajax Καθαριστικό Απολυμαντικό Με Αιθέρια Έλαια Αντλία 500ml,1.76
2025-11-07,501124,My Home Απορρυπαντικό Πλυντηρίου Ρούχων Σακούλα Spring 14μεζ 700gr,1.89
2025-11-07,505721,Vanish Kαθαριστικό Λεκέδων Σκόνη 500gr,4.94
2025-11-07,531896,Vileda Σφουγγαρίστρα Classic Pack Σετ 2τεμ,4.78
2025-11-07,508202,Ajax Για Όλες Τις επιφάνειες Απολυμαντικά Πανάκια Καθαρισμού 50τεμ,1.81
2025-11-07,509982,Afroso Block Ocean Καζανάκι 50 gr,2.19
2025-11-07,610427,Zewa Deluxe Care Χαρτί Υγείας Delicate Care 3φύλλων 8άρι 0-704kg,3.75
2025-11-07,512069,Overlay Express Ξύλινα Πατώματα 1lt,3.01
2025-11-07,610008,Regina Χαρτομάντηλα Silk Facial 2Φ 131gr,0.99
2025-11-07,501186,Calgon Αποσκληρυντικό Πλυντηρίου Gel 1-5lt,11.17
2025-11-07,514012,Overlay Multi Λιποκαθαριστής 650ml,4.97
2025-11-07,511390,Ajax Fete De Fleurs Relaxing Υγρό Καθαριστικό 750ml,1.99
2025-11-07,511963,Klinex ΧΛΩΡΙΝΗ Advance 2lt,3.78
2025-11-07,515240,My Home Σπογγοπετσέτα 15-5x20-6cm N1,0.58
2025-11-07,514232,Klinex Power Foam Αφρός Καθαρισμού Μπάνιου Citrus 435ml,2.06
2025-11-07,506885,Εύρηκα Baby Μαλακτικό Ρούχων 700ml 35μεζ,2.87
2025-11-07,509405,My Home WC Gel Θαλασσινή Άυρα 750ml,1.53
2025-11-07,508046,Ajax Αntistatic Καθαριστικό Τζαμιών Αντλία 750ml,2.48
2025-11-07,504166,My Home Υγρό Πιάτων Συμπυκνωμένο Βατόμουρο 900ml,1.85
2025-11-07,530802,Waves Πανάκια Γενικού Καθαρισμού 32x38cm 10τεμ,2.08
2025-11-07,561007,Ajax 4 ΣΕ 1 Καθαριστικό Spray Ανταλλακτικό 500ml,1.49
2025-11-07,514716,Dettol Απολυμαντικό Spray Spring Waterfall 400ml,3.70
2025-11-07,515305,Scotch Brite Σφουγγαράκι Κουζίνας Μπλε,1.39
2025-11-07,612011,Zewa Soft menthol Χαρτομάντιλα Menthol Breeze 8 Αδα 0-0176gr,2.39
2025-11-07,531828,Vileda Σκούπα Style Universal,5.50
2025-11-07,612012,Softex Classic Χαρτομάντηλα Τσέπης 6άδα 0-138kg,2.00
2025-11-07,511071,Ajax Ultra Λεμόνι Καθαριστικό Πατώματος 1500ml,2.48
2025-11-07,506778,Soupline Μαλακτικό Συμπυκνωμένο XXL Pack Βανίλια & Μανταρίνι 78μεζ. 1-638lt,4.49
2025-11-07,531070,Scotch-Brite Σφουγγαρίστρα Μικροινών,7.10
2025-11-07,511287,Klinex ΧΛΩΡΙΝΗ Ultra Plus Gold 1200ml,2.99
2025-11-07,506581,Tesori D'Oriente Μαλακτικό Ρούχων Byzantium 38μεζ,3.83
2025-11-07,504222,Ava Perle Υγρό Πιάτων Πράσινο Σαπούνι & Μαστίχα Χίου 430ml,1.50
2025-11-07,509291,Bref WC Block Duo Pack Pine 2x50gr,2.48
2025-11-07,511338,My Home Χρωμοφυλακας Για Τα Ρούχα 25τεμ,1.99
2025-11-07,501052,Εύρηκα Baby Απορρυπαντικό Ρούχων Υγρό 36μεζ 1-8lt,7.98
2025-11-07,554028,Lenor Unstroppables Fresh Ενισχυτικό Αρώματος Ρούχων 270gr,4.95
2025-11-07,506789,Soupline Μαλακτικό Συμπυκνωμένο Αύρα Αιγαίου 78μεζ. 1-638lt,4.49
2025-11-07,503337,Fairy Ταμπλέτες Πλυντηρίου Πιάτων Original Λεμόνι 22τεμ,6.15
2025-11-07,503347,Fairy Platinum Ταμπλέτες Πλυντηρίου Πιάτων Λεμόνι 15τεμ,5.24
2025-11-07,612906,Zewa Softis Protect Χαρτομάντηλα Τσέπης 10άδα 0-220kg,2.71
2025-11-07,504229,Αρκάδι Υγρό Πιάτων Ρόδι & Σταφύλια Αντλία 550ml,3.31
2025-11-07,551587,Skip Υγρό Απορρυπαντικό Πλυντηρίου Ρούχων Fresh 40μεζ 2lt,8.30
2025-11-07,515518,Sanitas Πανάκια Microfiber Home Collection 4τεμ,2.45
2025-11-07,511161,Roli Σκόνη Καθαρισμού Λεμόνι 500gr,1.13
2025-11-07,502605,Αρκάδι Πλάκες Πράσινο Σαπούνι 4x150gr,2.92
2025-11-07,608727,My Soft Extra Χαρτοπετσέτες 250 Φύλλων 0-377kg,2.37
2025-11-07,503241,Ava Perle Χαμομήλι Υγρό Πιάτων 430ml,1.50
2025-11-07,506762,Soupline Μαλακτικό Συμπυκνωμένο Φρεσκάδα 60μεζ. 1-26lt,3.91
2025-11-07,551322,Omo Τροπικά Λουλούδια Απορρυπαντικό Πλυντηρίου Σκόνη 45μεζ 2-52Kg,6.65
2025-11-07,502907,Εύρηκα Απορρυπαντικό Πληντυρίου Ρούχων Oriental Powerwash White Musk 60Mεζ 2-4lt,7.98
2025-11-07,505093,Εύρηκα Υπερλευκαντικό Ρούχων Σκόνη ΧΧL 4x60gr,2.82
2025-11-07,506645,Neomat Eco Απορρυπαντικό Πλ. Gel Blue 38μεζ 1-71lt,4.25
2025-11-07,610002,Kleenex Χαρτομάντηλα Επιτραπέζια Balsam 3Φυλλo 0-121Kg,2.13
2025-11-07,608702,Elite Χαρτοπετσέτες Λευκές 28x30cm 63φύλλων 0-092kg,0.96
2025-11-07,503389,Finish Quantum All in 1 Ταμπλέτες Πλυντηρίου Πιάτων Λεμόνι 120τεμ,19.95
2025-11-07,514205,Viakal Καθαριστικό Αλάτων Fresh Αντλία 700ml,4.19
2025-11-07,512108,Ajax Fete Des Fleurs Υγρό Καθαριστικό Γαρδένια & Καρύδα 1 lt,1.89
2025-11-07,512848,My Home Μασσαλίας Υγρό Γενικού Καθαρισμού 1lt,1.66
2025-11-07,514781,Dettol Καθαριστικό Πατώματος Αντιβακτηριδιακό Πράσινο Μηλό 1lt,3.13
2025-11-07,506776,Soupline Μαλακτικό Συμπυκνωμένο Υποαλλεργικό 60μεζ. 1-26lt,3.91
2025-11-07,502182,Persil Υγρό Απορρυπαντικό Πλυντηρίου Black 56μεζ 2-8lt,9.95
2025-11-07,511502,Ajax Kloron Lila Καθαριστικό Πατώματος 1000ml,2.46
2025-11-07,511718,My Home Chloro 2lt,1.07
2025-11-07,505726,Vanish Gel Oxi Action Pink 750ml,5.24
2025-11-07,515447,Wettex Σφουγγαρίστρα,2.25
2025-11-07,511479,Fabuloso Φρεσκάδα Λουλουδιών Καθαριστικό Πατώματος 1000ml,1.99
2025-11-07,509319,Klinex WC Block Magic Flamingo 2x50gr,2.56
2025-11-07,513780,Vileda Σφουγγαρίστρα 100% Μικροΐνες,6.90
2025-11-07,511196,Klinex Lemon ΧΛΩΡΙΝΗ Λεπτόρρευστη 1lt,1.25
2025-11-07,501054,Εύρηκα Baby Απολυμαντικό Ρούχων 1lt,2.93
2025-11-07,509315,Bref WC Hawaii Duo 50gr 2τεμ,2.48
2025-11-07,652774,Υδροχλωρικό Οξύ Πανίσχυρο 500ml,1.23
2025-11-07,551321,Essex Multi Απορρυπαντικό Πλυντηρίου Ρούχων Υγρό 45μεζ,5.45
2025-11-07,511726,My Home Chloro Ultra Regular 1250ml,1.07
2025-11-07,503382,Fairy Platinum Plus Ταμπλέτες Πλυντηρίου Πιάτων Anti Dull XXL 48τεμ,13.57
2025-11-07,506775,Soupline Μαλακτικό Συμπυκνωμένο με Αύρα Δροσιάς 60μεζ. 1-26lt,3.91
2025-11-07,525057,My Home Υγρό Απορρυπαντικό Για Μαύρα 30μεζ 1-5lt,3.71
2025-11-07,514715,Dettol Απολυμαντικό Spray Crisp Linen 400ml,3.70
2025-11-07,551585,Omo Υγρό Απορρυπαντικό Πλυντηρίου Λεβάντα & Γιασεμί 45μεζ 2-25lt,5.50
2025-11-07,507578,Planet Υγρό Πιάτων Αloe Vera 625ml,2.17
2025-11-07,503284,Ava Υγρό Πιάτων Perle Χαμομήλι Αντλία 650ml,2.37
2025-11-07,527013,Tuboflo Αποφρακτικό Σε Kρύο Νερό 60gr Mega Pack,2.99
2025-11-07,512915,Klinex Ultra Χλωρίνη Lemon 2x750ml Giga Pack,3.18
2025-11-07,515210,Klinex Υγρά Πανάκια Πατώματος Λεμόνι 15τεμ,3.24
2025-11-07,515488,My Home Σφουγγαράκι Κουζίνας 3τεμ,0.93
2025-11-07,527202,Shout Mr. Muscle Καθαριστικό Λεκέδων Υγρό 500ml,5.45
2025-11-07,506891,Planet Μαλακτικό Ρούχων Ocean Breeze 45μεζ. 1000ml,2.95
2025-11-07,531379,My Home Κουβάς Με Στίφτη Σετ 16lt,5.50
2025-11-07,511246,Klinex Αιθέρια Έλαια 'Ανοιξη Καθαριστικό Πατώματος 1lt,1.79
2025-11-07,515351,Practic Γάντια Διαφανή Μιας Χρήσεως 100τεμάχια,0.91
2025-11-07,503374,Fairy Υγρό Πιάτων Original 350ml,2.49
2025-11-07,522072,Elef Σακούλες Απορριμμάτων Για Καλαθάκι Με Χερούλι 46x50cm 30τεμ,1.15
2025-11-07,524019,My Home Μανταλάκια Πλαστικά 24τεμ,1.80
2025-11-07,504428,Palmolive Original Υγρό Πιάτων 500ml,1.39
2025-11-07,508047,Ajax Antistatic Καθαριστικό Τζαμιών Ανταλλακτικό 750ml,2.06
2025-11-07,506826,Soupline Μαλακτικό Συμπυκνωμένο Floral Fusion 52Μεζ 730ml,2.98
2025-11-07,511387,The Pink Stuff Κρέμα & Kit Καθαρισμoύ,23.99
2025-11-07,515610,Swiffer Ανταλλακτικά Πανάκια Σκόνης 13τεμ,4.58
2025-11-07,515705,Vileda Πετσέτα Μικροΐνών Colors 8τεμ,6.89
2025-11-07,511832,Cif Kρέμα με Eνεργό Χλώριο 500ml,3.25
2025-11-07,506754,Cajoline Συμπυκνωμένο Μαλακτικό Άγρια Ορχιδέα & Σανδαλόξυλο 604ml 28Μεζ,2.48
2025-11-07,504258,Fairy Power Υγρό Πιάτων Σπρέυ Λεμόνι Ανταλλακτικό 500ml,3.82
2025-11-07,506784,Soupline Μαλακτικό Συμπυκνωμένο Λεβάντα 78μεζ. 1-638lt,4.49
2025-11-07,509275,Klinex WC Gel Λεμόνι 750ml,1.67
2025-11-07,522858,My Home Super Σακούλες Απορριμμάτων 52x75cm 10τεμ,1.88
2025-11-07,508055,Αjax Classic Για Τζάμια Ανταλλακτικό 500ml,1.56
2025-11-07,504226,Αρκάδι Υγρό Πιάτων Περγαμόντο & Γρέιπφρουτ Ανταλλακτικό 900ml,4.25
2025-11-07,511720,My Home Chloro Ultra Fresh 750ml,0.78
2025-11-07,531373,My Home Σκούπα Απλή,1.95
2025-11-07,531032,Scotch-Brite Κοντάρι Colori με Φαρδύ Βίδωμα,2.35
2025-11-07,515735,The Pink Stuff Πανί Μικροϊνών 3τεμ,4.42
2025-11-07,515612,Swiffer Maxi Ανταλλακτικά Πανάκια 12τεμ,9.58
2025-11-07,511339,Planet Baby Υγρό Καθαριστικό Πατώματος 1lt,2.16
2025-11-07,509278,Duck Aqua Blue 2 Θήκες 72gr,2.31
2025-11-07,511344,Ajax Απολυμαντικό Με Αιθέρια Έλαια Πολλαπλών Επιφανειών Λεβάντα 500ml,1.76
2025-11-07,509322,Klinex WC Block Aroma Lux 2x50gr,2.56
2025-11-07,515736,The Pink Stuff Υγρά Πανάκια Πατώματος 20τεμ,3.95
2025-11-07,506817,Cajoline Συμπυκνωμένο Μαλακτικό Ρούχων Sunfresh 82Μεζ 1-725lt,5.19
2025-11-07,511428,Ajax Fete Des Fleurs Ρόδο Της Αυγής 2x1lt Mega Pack,3.34
2025-11-07,506768,Soupline Μαλακτικό Συμπυκνωμένο Mistral 60μεζ. 1-26lt,3.91
2025-11-07,506738,Αρκάδι Baby Συμπυκνωμένο Μαλακτικό Ρούχων 45μεζ 1lt,4.69
2025-11-07,503289,Ava Υγρό Πιάτων Perle Χαμομήλι Λεμόνι 900ml,2.22
2025-11-07,520021,Vapona Σκοροκτόνες Ταμπλέτες Αρωματικές 20 τεμάχια,8.58
2025-11-07,511362,Klinex Χλωρίνη Silver 2x1200ml,4.48
2025-11-07,509283,Harpic WC Υγρό Active Fresh Exotic Fruits 750ml,1.79
2025-11-07,508125,Planet Υγρό Τζαμιών Crystal Ice 1000ml,2.32
2025-11-07,507123,Planet Blue Hygiene Υγρό Πιάτων 900ml,2.45
2025-11-07,511430,Fabuloso Υγρό Καθαριστικό Θαλάσσια Φρεσκάδα 2x1lt Mega Pack,3.35
2025-11-07,504266,Fairy Platinum Plus Ταμπλέτες Πλυντήριο Πιάτων Giga 88τεμ.,21.19
2025-11-07,515108,Assos Γάντια Νιτριλίου Μαύρα Large 100τεμ,3.98
2025-11-07,511836,My Home Λεβάντα Υγρό Γενικού Καθαρισμού 1lt,1.63
2025-11-07,506418,My Home Μαλακτικό Ocean Breeze 15μεζ 1-5 lt,2.11
2025-11-07,505077,Εύρηκα Υπερλευκαντικό Quick White Σκόνη 400gr,4.99
2025-11-07,509407,My Home WC Gel Πεύκο 750ml,1.53
2025-11-07,512094,Duck Deep Action Gel Φρεσκάδα Πεύκου 750ml,1.85
2025-11-07,511097,Topine Ultra Λεβάντα Χλώριο 750ml,1.69
2025-11-07,551702,Ariel All in 1 Απορρυπαντικό Πλυντηρίου Ρούχων Κάψουλες Alpine 76Μεζ.,17.95
2025-11-07,552099,Dixan Φρεσκάδα Ωκεανού Απορρυπαντικό Ρούχων Σκόνη 68μεζ 3-4kg,10.95
2025-11-07,502348,Rol Απορρυπαντικό Ρούχων Σκόνη Για Το Χέρι 380gr,1.71
2025-11-07,508142,Ajax Υγρό Καθ/κό Τζαμιών Triple Action Αντ/κό 750ml,2.06
2025-11-07,511349,Topine Ultra Gel Λεβάντα Με Ενεργό Χλώριο 2x750ml,3.15
2025-11-07,525253,Alfa Απιονισμένο Νερό Ορχιδέα 4lt,1.28
2025-11-07,515162,Brillant Σύρμα Χρυσό,0.69
2025-11-07,514190,Dettol Απολυμαντικό Σπρέι Lemon 400ml,3.70
2025-11-07,503331,Ava Perle Υγρό Πιάτων Αλάτι & Άνθη Νερατζιάς 900ml,2.22
2025-11-07,509271,Klinex WC Gel Φρεσκάδα Ωκεανού 750ml,1.67
2025-11-07,512432,Rol Quickguard Απολυμαντικό Υφασματων & Επιφανειών 680ml,3.93
2025-11-07,502007,Tide Απορρυπαντικό Σκόνη 450 gr,2.45
2025-11-07,505095,Dr Beckmann Χρωμοπαγίδα 40 φύλλα,3.33
2025-11-07,551533,Ariel Απορρυπαντικό Πλυντηρίου Ρούχων Υγρό Touch Of Lenor Color 50μεζ,9.95
2025-11-07,511507,Ajax Καθ/κό Επιφανειών Expert Κατά Των Αλάτων Αντλία 500ml,1.74
2025-11-07,511332,My Home Ταμπλέτες Χλωρίου 40τεμ,1.39
2025-11-07,551698,Ariel Απορρυπαντικό Πλυντηρίου Κάψουλες Touch Of Lenor Color All In 1 60μεζ.,14.95
2025-11-07,551672,Planet Aπορρυπαντικό Πλυντηρίου Ρούχων Υγρό 45Μεζ. 2-070ml,6.95
2025-11-07,506717,Cajoline Συμπυκνωμένο Μαλακτικό 52μεζ 1-096lt,3.73
2025-11-07,506753,Cajoline Μαλακτικό Συμπυκνωμένο Redfresh 28μεζ 604ml,2.48
2025-11-07,511403,Ajax Boost Ξίδι και Λεβάντα Καθαριστικό Πατώματος 1000ml,1.82
2025-11-07,515613,Swiffer Υγρά Πανάκια Mε Άρωμα Λεμόνι 10τεμ,5.58
2025-11-07,506796,Lenor Μαλακτικό Ρούχων Ocean Escape 59μεζ 1-20lt,3.99
2025-11-07,514208,Endless Υγρό Γενικού Καθαρισμού Wave 1lt,2.99
2025-11-07,551527,Rol Υγρό Πλυντηρίου Ρούχων Black 30μεζ 1440ml,3.70
2025-11-07,511335,Klinex ΧΛΩΡΙΝΗ Ultra Protection Παχύρρευστη Fresh 2lt,3.97
2025-11-07,561009,Ajax 4 ΣΕ 1 Καθαριστικό Spray Αντλία 500ml,1.76
2025-11-07,501814,Calgon Aqua Αποσκληρυντικό Πλυντηρίου 30 ταμπλέτες,12.06
2025-11-07,505606,Εύρηκα Υπερλευκαντικό Ρούχων Σκόνη Φακελάκι 60gr,0.94
2025-11-07,525356,Alfa Απιονισμένο Νερό Λεβάντα 4lt,1.33
2025-11-07,512111,Ajax Υγρά Πανάκια Καθαρισμού Με Χλωρίνη 50τεμ,1.81
2025-11-07,551475,Omo Τροπικά Λουλούδια Απορρυπαντικό Πλυντηρίου Σκόνη 65μεζ 3-64kg,8.90
2025-11-07,511115,Klinex Fresh ΧΛΩΡΙΝΗ Λεπτόρρευστη 2lt,1.97
2025-11-07,515599,Wettex Σφουγγαράκι Κουζίνας 4τεμ,2.20
2025-11-07,503318,Finish Ultimate Caps Πλυντηρίου Πιάτων Lemon 16τεμ,4.96
2025-11-07,511030,Topine Plus Απολυμαντικό Υγρό 1lt,1.90
2025-11-07,610234,Delica Big Χαρτομάντηλα Επιτραπέζια Λευκά 150φύλλων 0-199kg,2.74
2025-11-07,509436,Duck Fresh Discs Lime Zest 36ml,2.44
2025-11-07,508000,Planet Υγρό Tζαμιών Cryst. Ανταλλακτικό 750ml,1.82
2025-11-07,513301,Overlay Για Τα Έπιπλα Spray 250ml,3.63
2025-11-07,524000,Safari Μανταλάκια Σιλικόνης 24τεμ,2.83
2025-11-07,552022,Dixan Υγρό Απορρυπαντικό Πλυντηρίου Ρούχων Multicolor 70μεζ 3-260lt,10.95
2025-11-07,551586,Skip Υγρό Απορρυπαντικό Πλυντηρίου Active Clean 40μεζ 2lt,8.30
2025-11-07,551624,Dixan Gel Glean Hygiene Απορρυπαντικό Ρούχων 70μεζ 3-15lt,10.95
2025-11-07,533057,Ajax Υγρά Πανάκια Καθαρισμού Για τα Τζάμια 40τεμ,2.78
2025-11-07,517004,Aroxol Dual Action Για Βαδιστικά & Ιπτάμενα Έντομα Spray 300ml,4.09
2025-11-07,506824,Soupline Μαλακτικό Συμπυκνωμένο Elixir Mystic Amber 52Μεζ 730ml,2.98
2025-11-07,515606,Swiffer Dry Πανάκια Giga 54τεμ,9.79
2025-11-07,502196,Skip Υγρό Απορρυπαντικό Πλυντηρίου Black Velvet 30μεζ 1-5lt,5.17
2025-11-07,519600,Aroxol Mec Instant Κατσαριδοκτόνο Με Αντλία 400ml,4.66
2025-11-07,503383,Finish Ultimate Plus Ταμπλέτες Πλυντηρίου Πιάτων Λεμόνι 48τεμ,12.84
2025-11-07,503116,Finish All in 1 Max Lemon Ταμπλέτες Πλυντηρίου Πιάτων 27τεμ,7.22
2025-11-07,514199,Viakal Antibacterial Άντλια 750ml,3.84
2025-11-07,512347,Ajax Ultra Λεμόνι Καθαριστικό Πατώματος 1000ml,1.89
2025-11-07,515301,Scotch Brite Πετσετάκι Πράσινο,1.05
2025-11-07,515609,Swiffer Duster 9 Ανταλλακτικά Ξεσκονόπανα,8.95
2025-11-07,514202,Viakal Express Bath Φρεσκάδα Λουλουδιών Αντλία 800ml,4.11
2025-11-07,527009,Tu-Bo-Flo Αποφρακτικό Με Ζεστό Νερό 60gr,0.98
2025-11-07,522078,Assos Σακούλες Απορριμάτων 80x110cm 10τεμ,3.60
2025-11-07,511228,Pronto Yγρό Καθαριστικό Σαπούνι Ξύλινα Πατώματα 1lt,5.07
2025-11-07,503202,Finish Cleaner Καθαριστικό Πλυντηρίου Πιάτων 3 ταμπλέτες,5.99
2025-11-07,608771,Maxi Χαρτοπετσέτες Πολυτελείας Λευκές 38cm x 38cm 80 Φύλλων 0-392kg,1.72
2025-11-07,525301,Merito Spray 500ml,4.03
2025-11-07,515598,Vileda Πετσέτες Γενικού Καθαρισμού Σετ 4τεμ,2.42
2025-11-07,511420,Ajax Fete Des Fleurs Λουλούδια Άνοιξης 2x1lt Mega Pack,3.34
2025-11-07,506747,Soupline Αρωματικό Σπρέυ Υφασμάτων Βανίλια 300ml,3.00
2025-11-07,502184,Persil Υγρό Απορρυπαντικό Renew & Blossom 28μεζ 1-4lt,5.20
2025-11-07,511327,Planet Απολυμαντικό Πολυκαθαριστικό Αντλία 600ml,2.16
2025-11-07,511000,Ajax Υγρό Καθ/κό Ξύλο & Παρκέ 1 lt,2.48
2025-11-07,515467,Sanitas Σφουγγαράκι Κουζίνας 1τμχ,0.69
2025-11-07,517514,Practic Σκοροκτόνα Φακελάκια Λεβάντα 4τεμ,1.99
2025-11-07,504252,Planet Απορρυπαντικό Πλυντηρίου Πιάτων Gel 450ml,4.46
2025-11-07,506692,Lenor Μαλακτικό Joy Gold 126μεζ 2646ml,7.95
2025-11-07,511165,Klinex ΧΛΩΡΙΝΗ Ultra Protection Παχύρρευστη 750ml,1.95
2025-11-07,511634,Εύρηκα Senso Ειδικό Ενισχυτικό Πλύσης 1lt,2.65
2025-11-07,506729,Cajoline Συμπυκνωμένο Μαλακτικό Sunfresh 52μεζ 1-096ml,3.73
2025-11-07,503381,Fairy Platinum Ταμπλέτες Πλυντηρίου Πιάτων Λεμόνι XXL 66τεμ,15.99
2025-11-07,551597,Skip Υγρό Απορρυπαντικό Πλυντηρίου Black Velvet 48μεζ 2-4lt,7.69
2025-11-07,512740,My Home Υγρό Γενικού Καθαρισμού Με Πράσινο Σαπούνι 1lt,2.18
2025-11-07,515591,Swiffer Υγρά Πανάκια Για το Πάτωμα Giga Pack 24τεμ,8.54
2025-11-07,506643,Neomat Απορρυπαντικό Πλυντ. Ρούχων Μαλαισιανή Ορχιδέα 45μεζ 2-025lt,5.50
2025-11-07,505047,Dettol Απολυμαντικό Για Τα Ρούχα Χωρίς Άρωμα 1-5lt,5.50
2025-11-07,520207,Vapona Παγίδα Σκόρου Τροφίμων 3τμχ,5.69
2025-11-07,551706,Ariel Απορρυπαντικό Πληντυρίου Pούχων Υγρό Extra Clean 25μεζ.,7.45
2025-11-07,512346,Ajax Ultra Fresh Καθαριστικό Πατώματος 1000ml,1.89
2025-11-07,506828,Soupline Μαλακτικό Συμπυκνωμένο Ρούχων Musk Elegance 78Μεζ,4.49
2025-11-07,502906,Eύρηκα Απορρυπαντικά Πλυντηρίου Ρούχων Υγρό Oriental Gold Orchid 35Μεζ 1-4lt,4.94
2025-11-07,514195,Ajax Καθαριστικό Αλάτων Αντλία 750ml,2.07
2025-11-07,506721,Cajoline Συμπυκνωμένο Μαλακτικό Αγριολούλουδα & Περγαμόντο 52μεζ 1-096lt,3.73
2025-11-07,551679,Ariel Aπορρυπαντικό Πλυντηρίου Ρούχων Σκόνη Alpine 45Μεζ,9.95
2025-11-07,514200,Viakal Καθαριστικό Αλάτων Ξίδι Αντλία 800ml,3.99
2025-11-07,503333,Ava Perle Υγρό Πιάτων Λεμόνι 1-5lt,3.64
2025-11-07,503881,Finish Αρωματικό Πλυντηρίου Πιάτων Λεμόνι & Lime,5.99
2025-11-07,514782,Dettol Καθαριστικό Πατώματος Αντιβακτηριδιακό Atlantic Fresh 1lt,3.13
2025-11-07,515605,Vileda Ultra Fresh Σφουγγαρίστα Κουζίνας 3τεμ,2.40
2025-11-07,551584,Persil Υγρό Απορρυπαντικό Πλυντηρίου Dark Bloom 28μεζ 1-441lt,5.20
2025-11-07,511166,Klinex ΧΛΩΡΙΝΗ Ultra Protection Παχύρρευστη Fresh 750ml,1.95
2025-11-07,509287,Bref Delux Mindnight Bouquet Duo 2x50gr,2.71
2025-11-07,505711,Vanish Kαθαριστικό Λεκέδων Σκόνη 1kg,9.99
2025-11-07,506421,My Home Μαλακτικό Lavender 15μεζ 1-5lt,2.11
2025-11-07,509051,Kathrin Ultra Υδροχλωρικό Οξύ 450ml,1.20
2025-11-07,515403,Soranus Γάντια Latex Medium 100τεμ,3.45
2025-11-07,514217,Dettol Πολυκαθαριστικό 24 Ώρες Προστασία Ocean Fresh 460ml,2.49
2025-11-07,551323,Omo Λεβάντα Απορρυπαντικό Πλυντηρίου Σκόνη 45μεζ 2-520Kg,6.65
2025-11-07,504748,Palmolive Υγρό Πιάτων Original 1500ml,3.28
2025-11-07,506758,Εύρηκα Anti Kalk Αποσκληρυντικό Πλυντήριο Ρούχων Gel Eco 2x750ml,8.64
2025-11-07,508003,Planet Υγρό Τζαμιών Red Vinegar 1000ml,2.32
2025-11-07,511214,My Home Καθαριστικό Κατά Των Αλάτων Αντλία 750ml,2.13
2025-11-07,501458,My Home Σκόνη Απορρυπαντικό Χεριού 420gr,1.16
2025-11-07,509983,Afroso Block Passionate Rose Ανταλλακτικό 2τεμ 80 gr,2.16
2025-11-07,551708,Ariel Απορρυπαντικό Πληντυρίου Pούχων Υγρό Extra Clean 44Μεζ.,9.95
2025-11-07,506793,Aromatics Μαλακτικό Συμπυκνωμένα Ylang Ylang 50μεζ. 1lt,7.16
2025-11-07,512115,Ajax Γιορτή Λουλουδιών Γιασεμί Καθαριστικό Πατώματος 1000ml,1.89
2025-11-07,554026,Lenor Unstoppables Ariel Ενισχυτικό Αρώματος Ρούχων 270gr,4.95
2025-11-07,506785,Soupline Μαλακτικό Συμπυκνωμένο Μανόλια Λεβάντα 78Μεζ 1-638lt,4.49
2025-11-07,503376,Fairy Ultra Υγρό Πιάτων Λεμόνι 1-45L,4.49
2025-11-07,515255,Scrub Daddy Σφουγγαράκι Κουζίνας Original,3.99
2025-11-07,511361,Klinex Χλωρίνη Ultra Gold 2x1200ml Giga Pack,4.48
2025-11-07,505081,Vanish Extra Hygiene Ενισχυτικό Πλύσης Σκόνη 480gr,5.19
2025-11-07,515163,Brillant Σύρμα Ψιλό Νο12,0.90
2025-11-07,515374,Protect Γάντια Νιτριλίου Μπλε Large 100τεμ,4.05
2025-11-07,515329,Assos Γάντια Νιτριλίου Μαύρα Large 50τεμ,2.20
2025-11-07,512672,Pronto Καθαριστικό Επίπλων Aloe Αντλία 500ml,5.20
2025-11-07,506724,Cajoline Συμπυκνωμένο Μαλακτικό Blue Fresh 52μεζ 1-096lt,3.73
2025-11-07,514171,Εύρηκα Καθαρισμού Για Μάρμαρα & Πλακάκια 1lt,2.59
2025-11-07,609000,My Soft Ρολό Κουζίνας 3 Φύλλων Χάρτινη Συσκευασία 570gr,3.99
2025-11-07,505073,Dettol Απολυμαντικό Για τα Ρούχα Λεβάντα 1-5lt,5.50
2025-11-07,515167,My Home Σφουγγαράκι Κουζίνας Αντιβακτηριδιακό,0.40
2025-11-07,527751,Dr.Beckmann Διαβολάκος Του Λεκέ Λίπη & Σάλτσες 50gr,3.48
2025-11-07,511408,Ajax Υγρό Απορ/κο Ajax Άσπρος Σίφουνας 2lt,3.48
2025-11-07,551715,Ariel All in 1 Απορρυπαντικό Πλυντηρίου Ρούχων Κάψουλες Color 38 Μεζ.,9.95
2025-11-07,512568,My Home Αγριολούλουδα Υγρό Γενικού Καθαρισμού 1lt,1.63
2025-11-07,527908,Tuboflo Υγρό Αποφρακτικό Σωλήνων 500ml,3.44
2025-11-07,527211,Mr. Muscle Αποφρακτικό Gel 1000ml,5.09
2025-11-07,551716,Ariel All in 1 Απορρυπαντικό Πλυντηρίου Κάψουλες Alpine XXL Pack 38 Μεζ.,9.95
2025-11-07,515586,Practic Γαντια Βινυλίου Μπλέ Medium 100τεμ,2.98
2025-11-07,512068,Overlay Express Ακαταμάχητη Φρεσκάδα 1lt,2.91
2025-11-07,514981,Kathrin Υγρό Καθαριστικό Σκουριάς 550ml,3.68
2025-11-07,506821,Rol Μαλακτικό Ρούχων Χωρίο 45Mεζ 900ml,2.89
2025-11-07,506766,Soupline Μαλακτικό Συμπυκνωμένο Βανίλια 60μεζ. 1-26lt,3.91
2025-11-07,511341,Topine Pet Expert Υγρό Καθαριστικό Για Όλες Τις Χρήσεις 1lt,2.39
2025-11-07,551644,Skip Απορρυπαντικό Πλυντηρίου Ρούχων Σκόνη Cazoline Λίλιουμ 50μεζ 3-250lt,10.45
2025-11-07,506685,Εύρηκα Υγρό Απορρυπαντικό Ρούχων Sensitive 30Μεζ 1-5lt,6.68
2025-11-07,514170,Εύρηκα Υγρό Καθαρισμού Για Ξύλινες & Ευαίσθητες Επιφάνειες 1lt,2.73
2025-11-07,512524,Ajax Καθαριστικό Απολυμαντικό Με Αιθέρια Έλαια Αντλία 1 lt,1.98
2025-11-07,506798,Lenor Μαλακτικό Ρούχων Haute Couture La Magnifique 59μεζ 1-20lt,3.99
2025-11-07,509289,Klinex WC Block Πράσινο Λεμόνι 50gr,1.63
2025-11-07,551638,Αρκάδι Υγρό Απορρυπαντικό Πλυντηρίου Ρούχων Κλασσικό 32μεζ 1-465lt,9.50
2025-11-07,506620,Soupline Μαλακτικό Mistral 17μεζ 12/1-4lt,2.53
2025-11-07,509293,Bref WC Block Duo Deluxe Magnolia 2x50gr,2.71
2025-11-07,531038,Scotch-Brite Σκούπα Colori,4.70
2025-11-07,509435,Duck Fresh Discs Marine 36ml,2.44
2025-11-07,508043,Ajax Υγρό Καθ/κό Τζαμιών Triple Action Αντλία 750ml,2.48
2025-11-07,506809,Τesori D'oriente Μαλακτικό Ρούχων Ayurveda 58μεζ 1-160ml,4.93
2025-11-07,554027,Lenor Floral Bouquet Ενισχυμένο Άρωμα Ρούχων 270gr,4.95
2025-11-07,505092,Εύρηκα Bright Xl Λευκαντικό Σε Φάκελο 60gr 4τεμ,2.85
2025-11-07,517009,Aroxol Mat Ταμπλέτες Εντομοαπωθητικές 30+30τεμ Δώρο,3.46
2025-11-07,515625,Wettex Απορροφητική Πετσέτα Active Hygiene Νο 1 3τεμ,2.58
2025-11-07,506819,Rol Μαλακτικό Ρούχων Kαλντέρα 45Mεζ 900ml,2.89
2025-11-07,511392,Ajax Fete De Fleurs Comforting Υγρό Καθαριστικό 750ml,1.99
2025-11-07,506757,Εύρηκα Anti Klak Αποσκληρυντικές Ταμπλέτες Πλυντηρίου Ρούχων 2x15τεμ,6.91
2025-11-07,509266,Bref WC Block Blue Active Floral Trio 3x50gr,3.64
2025-11-07,511447,Ajax Απολυμαντικό Ocean Fresh Καθαριστικό Πατώματος 1000ml,1.98
2025-11-07,503366,Fairy Platinum Quickwash Υγρό Πιάτων 650ml,2.81
2025-11-07,515733,Sanitas Γάντια Νιτριλίου Μαύρα Large 30τεμ,2.99
2025-11-07,515826,Vileda Γάντια Κουζίνας Sensitive Large,2.70
2025-11-07,514213,Endless Υγρό Γενικού Καθαρισμού Fruity 1 lt,2.99
2025-11-07,514198,Viakal Express Ντουζιέρα Αντλία 800ml,4.11
2025-11-07,551404,Essex Touch Απορρυπαντικό Πλυντηρίου Ρούχων Υγρό 32μεζ,4.05
2025-11-07,505111,Vanish Extra Hygiene Gel 725ml,5.19
2025-11-07,554029,Lenor Beads Spring Awake Ενισχυτικό Αρώματος Ρούχων 270gr,4.95
2025-11-07,554020,Soupline Μαλακτικά Πανάκια Στεγνωτηρίου 20τεμ,4.98
2025-11-07,502106,Rol Απορρυπαντικό Πλυντηρίου Μασσαλίας Υγρό 32μεζ 1.600ml,3.84
2025-11-07,514757,Berill Καθαριστικό Φούρνου Αντλία 500ml,5.01
2025-11-07,551569,Neomat Απορρυπαντικό Πλυντηρίου Ρούχων Τριαντάφυλλο Σκόνη 55μεζ 2-75Kg,7.95
2025-11-07,501116,Calgon Αποσκληρυντικό Νερού Gel Hygiene Plus 750ml,7.50
2025-11-07,506818,Aromatics Μαλακτικό Ρούχων Συμπυκνωμένο Musk Refill 45Μεζ 900ml,5.95
2025-11-07,506801,Lenor Μαλακτικό Ρούχων Passion Jasmine & Rose 59μεζ 1-20lt,3.99
2025-11-07,506740,Neomat Απορρυπαντικό Πλυντηρίου Gel Μαλαισιανή Ορχιδέα 32μεζ 1-489lt,4.40
2025-11-07,533206,Rol Stains Out Spray Αφαίρεση Λεκέδων 325ml,3.66
2025-11-07,551563,Skip Απορρυπαντικό Πλ. Ρούχων Κάψουλες Active Clean 38τεμ,10.18
2025-11-07,514080,Overlay Inox Κεραμικές Εστίες Spray 500ml,4.15
2025-11-07,506822,Soupline Μαλακτικό Συμπυκνωμένο Zephyr Brust 52Μεζ 730ml,2.98
2025-11-07,506807,Tesori D'oriente Μαλακτικό Ρούχων Byzantium 58μεζ 1-160ml,4.93
2025-11-07,514218,Dettol Πολυκαθαριστικά 24 Ώρες Citrus B 460ml,2.49
2025-11-07,506765,Soupline Μαλακτικό Συμπυκνωμένο με άρωμα Βανίλια & Μανταρίνι 60μεζ. 1-26lt,3.91
2025-11-07,551664,Dixan Απορρυπαντικό Πλυντηρίου Φρεσκάδα Άνοιξης Σκόνη 68μεζ 3-4kg,10.95
2025-11-07,531378,My Home Φαράσι Πλαστικό Με Λάστιχο,1.10
2025-11-07,511193,Klinex Classic ΧΛΩΡΙΝΗ Λεπτόρρευστη 1lt,1.25
2025-11-07,551643,Skip Απορρυπαντικό Πλυντηρίου Ρούχων Σκόνη 50μεζ 3-250lt,10.45
2025-11-07,504980,Εύρηκα Υγρό Πιάτων 500ml,1.92
2025-11-07,506612,Soupline Μαλακτικό Mistral 50μεζ 4L,5.70
2025-11-07,511224,Pronto Glory Υγρό Καθαριστικό Για Μάρμαρα & Πλακάκια 1L,5.12
2025-11-07,511725,My Home Chloro Ultra Regular 750ml,0.78
2025-11-07,515406,Soranus Γάντια Latex Large 100τεμ,3.45
2025-11-07,513314,Overlay Κρέμα Καθαριστικό Επίπλων 250ml,3.63
2025-11-07,512217,Ajax Γιορτή Λουλουδιών Άνθη Πασχαλιάς Καθαριστικό Πατώματος 1000ml,1.89
2025-11-07,551678,Ariel Απορρυπαντικό Πλυντηρίου Ρούχων Σκόνη Touch of Lenor Color 73μεζ.,14.95
2025-11-07,506791,Soupline Μαλακτικό Συμπυκνωμένο Τριαντάφυλλο Παιώνια 60μεζ. 1-26lt,3.91
2025-11-07,506759,Εύρηκα Anti Kalk Αποσκληρυντικό Πλυντήριο Ρούχων Gel 2x750ml,8.64
2025-11-07,501067,Vanish Υγρό Καθαριστικό Πλυντηρίου Ρούχων 250ml,4.49
2025-11-07,511329,Astonish Πολυκαθαριστικό Με Σόδα 750ml,4.65
2025-11-07,511008,Klinex Καθαριστικό Πατώματος Φρεσκάδα Ωκεανού 1000ml,1.79
2025-11-07,515384,Practic Γάντια Βινυλίου Large 100τεμ,2.98
2025-11-07,531063,Practic Κοντάρι Χοντρή Βόλτα 130cm,1.65
2025-11-07,514219,Overlay Λιποκαθαριστής Κουζίνας Ανταλλακτικό 750ml,3.97
2025-11-07,515600,Wettex Ultra 3τεμ,2.96
2025-11-07,502191,Omo Υγρό Απορρυπαντικό Πλυντηρίου Ρούχων Λεβάντα 30Μεζ 1-5lt,4.45
2025-11-07,506802,Lenor Μαλακτικό Ρούχων Joy Gold Orchid 42μεζ 800ml,3.48
2025-11-07,506760,Soupline Μαλακτικό Συμπυκνωμένο με άρωμα Μανταρίνι & Βανίλια 42μεζ. 900ml,2.93
2025-11-07,505089,K2R Colour Catcher Χρωμοπαγίδα Extra Protect 18τεμ,3.18
2025-11-07,509328,Klinex WC Block Aroma Lux Τριαντάφυλλο 2τεμ,2.56
2025-11-07,551599,Persil Υγρό Απορρυπαντικό Πλυντηρίου Dark Bloom 56μεζ 2-8lt,9.95
2025-11-07,551705,Ariel All In 1 Απορρυπαντικό Πλυντηρίου Ρούχων Extra Clean Κάψουλες 65μεζ.,17.95
2025-11-07,551701,Ariel Απορρυπαντικό Πλυντηρίου Ρούχων Σκόνη Λευκά & Χρωματιστά 91μεζ.,17.95
2025-11-07,502195,Skip Υγρό Απορρυπαντικό Πλυντηρίου Fresh 30μεζ 1-5lt,6.52
2025-11-07,551581,Omino Bianco Αφρός Nature Fresh Απορρυπαντικό Πλυντηρίου Υγρό 37μεζ 1-480ml,4.94
2025-11-07,502075,Εύρηκα Express Υγρό Απορρυπαντικό Για Πλύσιμο Στο Χέρι 900ml,2.80
2025-11-07,502187,Εύρηκα Color Block 40 Φύλλα 65gr,3.91
2025-11-07,511357,Ajax Καθαριστικό Κουζίνας Power 500ml,2.05
2025-11-07,515499,Wettex 3in1 Πετσέτες Μικροϊνών Soft 2τεμ,4.69
2025-11-07,910603,Vileda Κουβάς Με Στίφτη,17.80
2025-11-07,551719,Skip Κάψουλες Απορρυπαντικό Πλυντηρίου Ρούχων Ultimate Fresh 48μεζ,12.65
2025-11-07,502905,Εύρηκα Απορρυπαντικό Πληντυρίου Ρούχων Oriental Gold Orchid 60Mεζ 2-4lt,7.98
2025-11-07,509223,WC Net Gel Crystal Blue Fresh 750ml,1.98
2025-11-07,515309,Practic Γάντια Latex Small 100τεμ,3.98
2025-11-07,665727,Sanitas Γάντια Ενισχυμένα Small,3.00
2025-11-07,503378,Fairy Υγρό Πιάτων Λεμόνι 350ml,2.49
2025-11-07,511358,Astonish Καθαριστικό Με ξίδι & Λέμονι 750ml,3.99
2025-11-07,523010,Practic Σακούλες Απορριμμάτων Με Χερούλι 80x110cm 10τεμ,3.49
2025-11-07,512016,Overlay Υγρό Καθαριστικό Για Μάρμαρα & Πλακάκια Σαπούνι Μασσαλίας 1lt,2.98
2025-11-07,508205,Ajax Απολυμαντικό Χωρίς Χλώριο Καθαριστικό Spray Αντλία 500ml,1.76
2025-11-07,524015,Ionion Μανταλάκια Ξύλινα 20τεμ,1.50
2025-11-07,511204,Klinex Χλωρίνη Ultra Lavender 1250ml,2.99
2025-11-07,531059,Scotch-Brite Σφουγγαρίστρα Μax 2 τμχ,7.70
2025-11-07,508017,Ajax Γιορτή Λουλουδιών Ρόδο Αυγής Καθαριστικό Τζαμιών Ανταλλακτικό 750ml,2.06
2025-11-07,504970,Proderm Υγρό Πιάτων 500ml,3.04
2025-11-07,503320,Finish Ultimate Plus Caps Πλυντηρίου Πιάτων Lemon 22τεμ,6.86
2025-11-07,512900,Klinex ΧΛΩΡΙΝΗ Advance Spring 2lt,3.78
2025-11-07,506782,Soupline Μαλακτικό Συμπυκνωμένο με εκχύλισμα από Λεβάντα 92μεζ. 1-932lt,5.29
2025-11-07,512030,Ajax Καθαριστικό Πατώματος Σαπούνι Μασσαλίας & Λεβάντα 1lt,2.48
2025-11-07,508070,My Home Υγρό Τζαμιών Blue Ανταλλακτικό 750ml,1.26
2025-11-07,531827,Vileda 3 Action Σκούπα 3 Σε 1,3.55
2025-11-07,508410,Ajax Classic Λεμόνι Καθαριστικό Τζαμιών 450ml,1.57
2025-11-07,551691,Ariel All in 1 Κάψουλες Απορρυπαντικό Πλυντηρίου Ρούχων Extra Clean 50Μεζ.,14.95
2025-11-07,512362,My Home Σφουγγαρίστρα Μπλε Καρώ,2.31
2025-11-07,608791,My Soft Χαρτοπετσέτες Πολυτελείας Κίτρινες 80 Φύλλων 0-295kg,2.82
2025-11-07,504430,Palmolive Fresh Lemon Υγρό Πιάτων 500ml,1.39
2025-11-07,663898,Sanitas Γάντια Ενισχυμένα Large,3.00
2025-11-07,506825,Soupline Μαλακτικό Συμπυκνωμένο Sparkling Rose 52Μεζ 730ml,2.98
2025-11-07,515593,Sanitas Σπογγοπετσέτα Ultra No1 3τεμ,2.85
2025-11-07,517190,Raid Moth Σκοροκτόνο Gel 12τεμ.,8.98
2025-11-07,506774,Soupline Μαλακτικό Συμπυκνωμένο Complete Care Άνθη 60μεζ. 1-26lt,3.91
2025-11-07,504220,Planet Platinum+ Υγρό Πιάτων 900ml,2.45
2025-11-07,551674,Ariel All In 1 Απορρυπαντικό Πλυντηρίου Ρούχων Κάψουλες Extra Clean 33Μεζ.,9.95
2025-11-07,501071,Αρκάδι Υγρό Απορρυπαντικό Πλυντηρίου Ρούχων Κλασσικό 52Μεζ. 2-34lt,12.35
2025-11-07,511268,Topine Χλωρίνη Ultra Gel Λεμόνι 2lt,2.84
2025-11-07,505076,Εύρηκα Αποσκληρυντικο Νερού Anti-Kalk Σκόνη 750gr,4.84
2025-11-07,531050,Scotch-Brite Σφουγγαρίστρα Κίτρινη 2 τμχ,7.20
2025-11-07,508038,Ajax Γιορτή Λουλουδιών Ρόδο Αυγής Καθαριστικό Τζαμιών Αντλία 750ml,2.48
2025-11-07,551792,Planet Απορρυπαντικό Πλυντηρίου Ρούχων Υγρό 30Μεζ 1-380ml,4.95
2025-11-07,506748,Soupline Αρωματικό Σπρέυ Υφασμάτων Λεβάντα 300ml,3.00
2025-11-07,509326,Klinex WC Block Water Ωκεανός 48gr,1.74
2025-11-07,506770,Tesori D'Oriente Μαλακτικό Ρούχων Hammam 38μεζ 760ml,3.83
2025-11-07,515632,Swiffer Έτοιμη Σκούπα (8 Στεγνά Πανάκια + 3 Υγρά Πανάκια),12.46
2025-11-07,531069,Scotch-Brite Σφουγγαρίστρα Ultra 2 τμχ,7.65
2025-11-07,512114,Ajax Γιορτή Λουλουδιών Ρόδο της Αυγής Καθαριστικό Πατώματος 1000ml,1.89
2025-11-07,506792,Soupline Μαλακτικό Συμπυκνωμένο Καρύδα Λευκά Άνθη 92μεζ 1-932lt,5.29
2025-11-07,551583,Omino Bianco Sensitive Υγρό 47μεζ 2lt,5.49
2025-11-07,531671,Κυκλώψ Βούρτσα Νο 7 Σκληρή (MIL),1.90
2025-11-07,503370,Finish Multibenefit Gel Lemon 600ml,7.79
2025-11-07,505722,Vanish Kαθαριστικό Λεκέδων Σκόνη White 500gr,5.39
2025-11-07,506727,Cajoline Συμπυκνωμένο Μαλακτικό Ορχιδέα 52μεζ 1-096lt,3.73
2025-11-07,511304,Topine Total Power Απολυμαντικό Υγρό Floral 1 lt,1.90
2025-11-07,511498,Ajax Kloron Fresh Καθαριστικό Πατώματος 1000ml,2.46
2025-11-07,504254,Fairy Power Υγρό Πιάτων Σπρευ Λεμόνι 500ml,4.18
2025-11-07,608010,Μy Soft Premium Xαρτί Υγείας Chamomile 8άρι 1-008gr,4.85
2025-11-07,503342,Fairy Ταμπλέτες Πλυντηρίου Πιάτων Original Λεμόνι 56τεμ,12.01
2025-11-07,515442,Assos Γάντια Νιτριλίου Πράσινο Χρώμα Aloe Large 50τεμ,3.24
2025-11-07,551704,Ariel Απορρυπαντικό Πλυντηρίου Pούχων Υγρό Extra Clean 86μεζ.,17.95
2025-11-07,506755,Cajoline Μαλακτικό Συμπυκνωμένο Bluefresh 28Μεζ 604ml,2.48
2025-11-07,511373,Klinex Ultra Χλωρίνη Regul 2x1-25L,4.48
2025-11-07,511337,Klinex Καθαριστικό Πατώματος Pure Hygiene 1lt,1.79
2025-11-07,509352,Klinex WC Gel Φρεσκάδα Λουλουδιών 750ml,1.67
2025-11-07,515597,Wettex No1 Υγρή Σπογγοπετσέτα 3τεμ,3.66
2025-11-07,505885,Vanish Σπρέυ Πολυκαθαριστικό Λεκέδων 750ml,8.49
2025-11-07,509307,Afroso Block Solid Forest Sensation 40gr,1.55
2025-11-07,509294,Bref WC Block Blue Active Hygiene Duo 2x50gr,2.71
2025-11-07,501816,Calgon Aqua Αποσκληρυντικό Πλυντηρίου 15 ταμπλέτες,6.98
2025-11-07,515042,My Home Γάντια Κουζίνας Large,1.69
2025-11-07,509385,Afroso Αποσμητικό Χώρου Fresh Γιασεμί Ανταλλακτικό,2.95
2025-11-07,515626,Wettex Απορροφητική Πετσέτα Active Hygiene No2,1.81
2025-11-07,531375,My Home Σκούπα Βεντάλια,2.85
2025-11-07,506806,Lenor Μαλακτικό Ρούχων Caresse Αύρα Άνοιξης 71μεζ 1-50lt,4.72
2025-11-07,509330,Duck Total Action Gel Mango Verse 750ml,2.05
2025-11-07,551589,Skip Υγρό Απορρυπαντικό Πλυντηρίου Ρούχων 52μεζ 2-6lt,10.45
2025-11-07,514051,Overlay Express Πολυκαθαριστής Και Χλώριο 650ml,4.17
2025-11-07,607133,Elite Premium Χαρτί Υγείας 3φύλλων 8άρι 0-600kg,4.60
2025-11-07,520751,Practic Λεβάντα Ταμπλέτες 12 τεμ,1.51
2025-11-07,515618,Swiffer Duster Kit Clean & Fresh Λαβή + 4 Ανταλλακτικά,4.34
2025-11-07,531897,Vileda Σφουγγαρίστρα Soft Pack 2 (Σετ 2τεμ),10.50
2025-11-07,517192,Vapona Αντικουνουπικό Υγρό Ανταλλακτικό 90 Νύχτες,11.50
2025-11-07,515587,Practic Γαντια Νιτριλίου Μπλέ XL 50τεμ,1.98
2025-11-07,502181,Persil Υγρό Απορρυπαντικό Πλυντηρίου Color 28μεζ 1-4lt,5.20
2025-11-07,959249,READY2U Classic Σφουγγαρίστρα Μικροινών,3.50
2025-11-07,506726,Cajoline Μαλακτικό Συμπυκνωμένο Λίλιου & Φρούτα του Δάσους 52μεζ 1-096lt,3.73
2025-11-07,504227,Αρκάδι Υγρό Πιάτων Περγαμόντο & Γρέιπφρουτ Αντλία 550ml,3.31
2025-11-07,506614,Soupline Μαλακτικό Υποαλλεργικό 50μεζ 4lt,5.70
2025-11-07,503000,Finish Εκθαμβωτικό Πλυντηρίου Πιάτων 400ml,4.32
2025-11-07,518025,Aroxol Bait Κατσαριδοκτόνο Δόλωμα 2τεμ,2.36
2025-11-07,506761,Soupline Μαλακτικό Συμπυκνωμένο με άρωμα Λεβάντα 42μεζ. 900ml,2.93
2025-11-07,506749,Endless Μαλακτικό Συμπυκνωμένο Dream 45Μεζ 1lt,2.94
2025-11-07,501020,Calgon Αποσκληρυντικό Πλυντηρίου 500gr,4.67
2025-11-07,503240,Ava Perle Χαμομήλι Λεμόνι Υγρό Πιάτων 430ml,1.50
2025-11-07,524003,Star Μανταλάκια Πλαστικά 24 Τεμάχια,1.66
2025-11-07,502015,Tide Απορρυπαντικό Σκόνη 900 gr,4.25
2025-11-07,509333,Duck Active Clean Mango Duo 2x38.6gr,1.95
2025-11-07,511396,Topine Απολυμαντικό 5ΙΝ1 Green Apple 750ml,2.07
2025-11-07,508204,Ajax Απολυμαντικό Antibacterial Μυκητοκτόνο Καθαριστικό Αντλία 500ml,1.76
2025-11-07,505727,Vanish Gel Oxi Action Crystal White 750ml,5.24
2025-11-07,511159,Roli Σκόνη Καθαρισμού Πεύκο 500gr,1.13
2025-11-07,515628,Sanitas Power Pearls Wipes 2τεμ,3.55
2025-11-07,506800,Lenor Μαλακτικό Ρούχων Fragrance Therapy Ameth & Floral 59μεζ 1-20lt,3.99
2025-11-07,511375,Klinex Χλωρίνη Ultra Laveder Giga Pack 1250ml 2τεμ,4.48
2025-11-07,551646,Skip Απορρυπαντικό Πλυντηρίου Ρούχων Σκόνη Spring Fresh 50μεζ 3-250lt,10.45
2025-11-07,551594,Skip Ultimate Υγρό Απορρυπαντικό Πλυντηρίου Ρούχων Color 60μεζ 3lt,12.65
2025-11-07,503324,Palmolive Υγρό Πιάτων Lemon Lime 1500ml,3.28
2025-11-07,511835,My Home Fresh Υγρό Γενικού Καθαρισμού 1lt,1.63
2025-11-07,999120,Ready2U Απλώστρα Plus,20.90
2025-11-07,507025,Planet Υγρό Καθαρισμού Φρούτων & Λαχανικών 450ml,3.29
2025-11-07,509580,WCnet Αποφρακτικό Gel Turbo 1lt,5.58
2025-11-07,503394,Finish Quantum All in 1 Ταμπλέτες Πλυντηρίου Πιάτων Λεμόνι 90τεμ,17.07
2025-11-07,551711,Ariel All in 1 Απορρυπαντικό Πλυντηρίου Ρούχων Κάψουλες Extra Clean 22 Μεζ.,8.03
2025-11-07,515590,Swiffer Υγρά Πανάκια Για το Πάτωμα Δροσιά Giga Pack 24τεμ,8.54
2025-11-07,503379,Fairy Max Power Υγρό Πιάτων Κανονικό 1-46L,5.99
2025-11-07,511360,Klinex Ultra Χλωρίνη Pink 2x750ml Giga Pack,3.18
2025-11-07,506746,Soupline Αρωματικό Σπρέυ Υφασμάτων Καρύδα 300ml,3.00
2025-11-07,551657,Dixan Απορρυπαντικό Πλ. Gel Ρούχων Φρεσκάδα Άνοιξης 32 Μεζ. 1-440lt,5.63
2025-11-07,515057,My Home Σκουπάκι Για Την Σκόνη,1.90
2025-11-07,504275,Palmolive Υγρό Πιάτων Hygiene 750ml,2.10
2025-11-07,551712,Ariel All In 1 Απορρυπαντικό Πλυντηρίου Ρούχων Υγρό Touch Of Lenor Color 80Μεζ.,14.95
2025-11-07,551703,Ariel All in 1 Απορρυπαντικό Πλυντηρίου Pούχων Κάψουλες Color 76Μεζ.,17.95
2025-11-07,520046,Baygon Υγρό Ανταλλακτικό 2x36ml 120 Νύχτες,8.68
2025-11-07,505086,Colour Catcher K2R Χρωμοπαγίδα 40 Φύλλα,4.46
2025-11-07,520019,Raid Αρωματικά Φακελάκια 18τεμ,2.95
2025-11-07,508069,My Home Υγρό Τζαμιών Blue Αντλία 750ml,1.59
2025-11-07,551710,Ariel Απορρυπαντικό Πλυντήριο Ρούχων Υγρό Extra Clean 70Μεζ,14.95
2025-11-07,503386,Finish Ultimate Caps Πλυντηρίου Πιάτων Λεμόνι 100τεμ,22.09
2025-11-07,525044,Oz Καθαριστικό Αλάτων Για Καφετιέρα & Βραστήρα 250ml,3.70
2025-11-07,551655,Dixan Υγρό Απορρυπαντικό Πλυντηρίου Ρούχων 32μεζ 1-440lt,5.63
2025-11-07,515578,Filoskin Γάντια Λάτεξ Γενικής Χρήσης Κίτρινα Small,1.09
2025-11-07,551582,Omino Bianco Black Wash Απορρυπαντικό Πλυντηρίου Ρούχων Υγρό 27μεζ 1-485lt,4.24
2025-11-07,502112,Bionol Κρέμα Γενικού Καθαρισμού 800gr,4.14
2025-11-07,524009,Μανταλάκια York Marine 10τεμ,2.15
2025-11-07,512004,Overlay Υγρή Παρκετίνη 1lt,5.95
2025-11-07,511414,Ajax Άσπρος Σίφουνας Classic Καθαριστικό Πατώματος 1lt,1.88
2025-11-07,551673,Planet Aπορρυπαντικό Πλυντηρίου Ρούχων Σκόνη 54Μεζ. 2-484kg,8.59
2025-11-07,503375,Fairy Platinum Quickwash Υγρό Πιάτων 1-250lt,4.49
2025-11-07,511348,Topine Ultra Gel Χλώριο Άρωμα Λεμόνι 1250ml 2τεμ,4.18
2025-11-07,501854,Calgon Αποσκληρυντικό Πλυντηρίου 950gr,8.24
2025-11-07,514722,Cillit Bang Δραστικό Πολυκαθαριστικό Πιστόλι 'Αλατα και Λάμψη 750ml,3.94
2025-11-07,502190,Skip Υγρό Απορρυπαντικό Πλυντηρίου Active Clean 30μεζ 1-5lt,6.52
2025-11-07,554030,Lenor Unstoppables Fresh Ενισχυτικό Αρώματος Ρούχων 495gr,8.85
2025-11-07,511354,Topine Ultra Gel Χλώριο Pink Grapefruit 1250ml 2τεμ,4.18
2025-11-07,509167,Duck Active Clean Marine Duopack 77-2gr,1.95
2025-11-07,910712,Et Plast Λεκάνη Νείλος Στρογγυλή 5lt,1.85
2025-11-07,608788,Maxi Χαρτοπετσέτες Πολυτελείας Μαύρες 33x33cm 80Φύλλα 0-295kg,2.82
2025-11-07,509517,Bref WC Block Power Activ Ocean 150gr,3.38
2025-11-07,509280,Bref WC Spa Moments Harmony 50gr,1.85
2025-11-07,551571,Skip Απορρυπαντικό Πλυντηρίου Ρούχων Κάψουλες Spring Fresh 26μεζ,9.24
2025-11-07,514807,Silvo Στιλβωτικό Μετάλλων 150ml,7.99
2025-11-07,551413,Skip Converse Απορρυπαντικό Πλυντηρίου Κουτί 20μεζ 1-3kg,6.72
2025-11-07,511108,Topine Ultra Λεμόνι Χλώριο 1250ml,2.59
2025-11-07,511372,Klinex Ultra Χλωρίνη Fresh 2x750ml Giga Pack,3.18
2025-11-07,509314,Klinex WC Block Magic Flamingo 50gr,1.73
2025-11-07,509286,Bref WC Block Power Activ Pine 3x50gr,3.38
2025-11-07,531672,Κύκλωψ Φαρασάκι Σκουπάκι Σετ Νεροχύτη,1.90
2025-11-07,512569,My Home Ρόδο Αυγής Υγρό Γενικού Καθαρισμού 1lt,1.63
2025-11-07,529530,Κύκλωψ Σκούπα Χαλιών Ν103,2.10
2025-11-07,530012,Vileda Σιδερόπανο Rapid,12.20
2025-11-07,501916,Omino Bianco Αφρός Καθαριστικό Χαλιών 300ml,6.95
2025-11-07,527753,Dr.Beckmann Διαβολάκος Του Λεκέ Αίμα & Πρωτείνες 50gr,3.48
2025-11-07,527755,Dr.Beckmann Διαβολάκος Του Λεκέ Στυλό & Μελάνι 50gr,3.48
2025-11-07,551670,Ariel All in 1 Απορρυπαντικό Πλυντηρίου Ρούχων Kάψουλες Alpine 26Μεζ.,8.03
2025-11-07,511380,Ajax Καθαριστικό Επιφανειών Shower Power 500ml,2.07
2025-11-07,506795,Lenor Μαλακτικό Ρούχων Haute Couture L'eclatante 59μεζ 1-20lt,3.99
2025-11-07,519008,Aroxol Car Αποθητική Λοσιόν Για Κουνούπια & Σκνίπες 100 ml,6.69
2025-11-07,504139,My Home Υγρό Πιάτων Perle Λεμόνι 425ml,1.15
2025-11-07,511389,Ajax Fete Des Fleurs Αγριολούλούδα Υγρό Καθαριστικό 1-5lt,2.75
2025-11-07,506797,Lenor Μαλακτικό Ρούχων Couture 59μεζ 1-20lt,3.99
2025-11-07,551590,Skip Υγρό Απορρυπαντικό Πλυντηρίου Ρούχων Spring Fresh 52μεζ 2-6lt,10.45
2025-11-07,527000,Mr Muscle Αποφρακτικό 500ml,2.81
2025-11-07,515257,Vileda Πετσετάκια Μικροινών 100% Ανακυκλωμένων PET Μπουκαλ.,2.03
2025-11-07,515647,Swiffer Duster XXL (Έτοιμη Λαβή + 2 Ανταλλακτικά Πανάκια),6.47
2025-11-07,509579,Wc Net Σωλήνες & Σιφώνια 1lt,6.98
2025-11-07,527758,Dr.Beckmann Διαβολάκος Του Λεκέ Σκουριά & Αποσμηητικό 50gr,3.48
2025-11-07,504276,Palmolive Υγρό Πιάτων Exotic Orchid 750ml,2.10
2025-11-07,551714,Ariel All In 1 Απορρυπαντικό Πλυντηρίου Ρούχων Κάψουλες,6.45
2025-11-07,554031,Lenor Unstoppables Gold Orchid Ενισχυτικό Άρωμα Ρούχων 495gr,8.85
2025-11-07,506773,Soupline Μαλακτικό Συμπυκνωμένο Mε Μανόλια & Λεβάντα 60μεζ. 1-26lt,3.91
2025-11-07,911381,Decorata Romantic Roses Χαρτοπετσετες 3Φύλλων 33x33cm 20τεμ,1.70
2025-11-07,503363,Ecos Απορρυπαντικό Πλυντηρίου Πιάτων Gel Λεβάντα 47μεζ 1-183lt,5.36
2025-11-07,506619,Soupline Μαλακτικό Υποαλλεργικό 17μεζ 12/1-4lt,2.53
2025-11-07,519944,Teza Εντομοαπωθητικό Υγρό Ανταλλακτικό 120 Νύχτες 2τεμ,8.30
2025-11-07,503323,Finish Quantum All In 1 Caps Πλυντηρίου Πιάτων Lemon 18τεμ,5.24
2025-11-07,551567,Neomat Απορρυπαντικό Πλυντ. Ρούχων Τριαντάφυλλο Σκόνη 40μεζ 2kg,5.95
2025-11-07,512036,Vanish Oxi Action Multi Sachet Ενισχυτικό Πλυσίματος 30gr,0.99
2025-11-07,608790,My Soft Χαρτοπετσετες Πολυτελείας Κόκκινες 80 Φύλλων 0-295kg,2.82
2025-11-07,910708,Scotch Brite Κουβάς Με Στίφτη 15 lt,13.60
2025-11-07,502188,Omo Υγρό Απορρυπαντικό Πλυντηρίου Ρούχων Τροπικά Λουλούδια 30Μεζ 1-5lt,4.45
2025-11-07,506803,Lenor Μαλακτικό Ρούχων Fresh Ocean Escape 42μεζ 800ml,3.48
2025-11-07,506582,Tesori D'Oriente Μαλακτικό Ρούχων Thalasso Therapy 38μεζ,3.83
2025-11-07,531377,My Home Κοντάρι Χρωμίου 130cm Χοντρή Βόλτα,2.20
2025-11-07,608721,My Soft Χαρτοπετσέτες Εστιατορίου 750 Φύλλων 0-730kg,4.31
2025-11-07,515422,Sanitas Γάντια Γενικής Χρήσης Medium,2.44
2025-11-07,511518,Ajax Γιορτή Λουλουδιών Λουλούδια της Άνοιξης Καθαριστικό Πατώματος 1000ml,1.89
2025-11-07,504279,Palmolive Υγρό Πιάτων GrapeFuit 750ml,2.10
2025-11-07,515614,Bytech Γάντια Νιτριλίου Μαύρα Medium 100τεμ,3.36
2025-11-07,511376,Pronto Υγρό Καθαριστικό Σαπούνι Για Ξύλινα Πατώματα 2x1lt,8.12
2025-11-07,531673,Κύκλωψ Λόλα Πλαστική Πιάτων Μεγάλη,1.70
2025-11-07,515158,Wettex Art Collection Σπογγοπετσέτα 3τεμ,2.70
2025-11-07,524016,Ionion Μανταλάκια Μεγάλα Σετ 2τεμ,0.99
2025-11-07,652716,Bref WC Block Power Activ Θήκη Escapes Hawaii 50gr,1.81
2025-11-07,502199,Εύρηκα Color Block 60 Φύλλα,4.86
2025-11-07,515615,Bytech Γάντια Νιτριλίου Μαύρα Large 100τεμ,3.36
2025-11-07,551689,Ariel Απορρυπαντικό Πλυντηρίου Ρούχων Touch of Lenor Υγρό 44Μεζ.,9.95
2025-11-07,520038,Baygon Crawling Κατσαριδοκτόνο 400ml,6.34
2025-11-07,506805,Lenor Μαλακτικό Ρούχων Λεβάντα & Χαμομήλι 71μεζ 1-5lt,4.72
2025-11-07,518018,Aroxol Pro Σύριγγα Gel Για Μυρμήγκια 10gr,7.76
2025-11-07,514188,Medix Expert Καθαριστικό Φούρνου Active Foam 500ml,3.79
2025-11-07,551591,Skip Ultimate Υγρό Απορρυπαντικό Πλυντηρίου Ρούχων 46μεζ 2-3lt,10.45
2025-11-07,502161,Skip Υγρό Απορρυπαντικό Πλυντηρίου Ultimate 35μεζ 1-75t,8.30
2025-11-07,503321,Finish Ultimate Plus Caps Πλυντηρίου Πιάτων Lemon 14τεμ,4.96
2025-11-07,503549,Finish Multibenefit Gel Πλυντηρίου Πιάτων Regular 940ml,9.75
2025-11-07,511837,My Home Λεμόνι Υγρό Καθαρισμού 1lt,1.63
2025-11-07,505613,Εύρηκα Quick White Φάκελα 4x50gr,2.92
2025-11-07,511456,Fabuloso Θαλλασινή Φρεσκάδα Καθαριστικό Πατώματος 1000ml,1.99
2025-11-07,515395,Vileda Utramax Ανταλλακτικό Σύστημα Καθαρισμού,7.50
2025-11-07,509980,Afroso Block Passionate Rose 40gr,1.85
2025-11-07,505091,Εύρηκα Υπερλευκαντικό Άνθη Πορτοκαλιάς 60gr 4τεμ,2.88
2025-11-07,506684,Εύρηκα New Born Μαλακτικό 2lt,3.97
2025-11-07,505730,Vanish Oxi Action Pink Gel 1-5lt,9.99
2025-11-07,959250,Ready2U Plus Σφουγγαρίστρα Μικροϊνών,3.90
2025-11-07,511377,Pronto Glory Υγρό Καθαριστικό Για Μάρμαρα & Πλακάκια 2x1lt,8.20
2025-11-07,501072,Αρκάδι 2 In 1 Υγρό Απορρυπαντικό Πλυντηρίου Ρούχων 52Μεζ. 2.250lt,12.35
2025-11-07,506763,Soupline Μαλακτικό Συμπυκνωμένο με άρωμα Λεβάντα 60μεζ. 1-26L,3.91
2025-11-07,612001,Peppa Pig Χαρτομάντιλα Τσέπης 4 Φυλλών 6άδα 0-166kg,2.10
2025-11-07,517066,Aroxol Mec Instant Εντομοκτόνο Pure & Strong 350ml,5.04
2025-11-07,505072,Ace Gentile Λευκαντικό Πλυντηρίου Ρούχων Με Άρωμα Λουλουδιών 1 lt,4.37
2025-11-07,515824,Vileda Γάντια Κουζίνας Sensitive Small,2.70
2025-11-07,514301,Fornet Καθαριστικό Φούρνου Spray 300ml,4.33
2025-11-07,511393,Ajax Υγρό Πολυκαθαριστικό Αντλία 3 σε 1 Relaxing 500ml,2.18
2025-11-07,502903,Εύρηκα Απορρυπαντικό Πληντυρίου Ρούχων Υγρό Oriental White Musk 35Mεζ 1-4lt,4.94
2025-11-07,515380,Assos Γάντια Νιτριλίου Πράσινο Χρώμα Aloe Medium 50τεμ,3.24
2025-11-07,515285,Practic Γάντια Latex Χωρίς Πούδρα Medium 10τεμ,1.18
2025-11-07,907104,Vileda Σιδερόπανο Universal Πορτοκαλί,8.90
2025-11-07,503450,Ecover Λεμόνι & Aloe Vera Υγρό Πιάτων 450ml,2.42
2025-11-07,509188,Bref WC Brilliant Gel Arctic Ocean 42gr,1.85
2025-11-07,518320,Vapona Invisible Λοσιόν Εντομοαπωθητικό Σώματος 100ml,6.49
2025-11-07,509292,Bref WC Block Purple Active Lavender 50gr,1.71
2025-11-07,511288,Klinex ΧΛΩΡΙΝΗ Ultra Plus Silver 1200ml,2.99
2025-11-07,511646,Εύρηκα Senso Ειδικό Ενισχυτικό Πλύσης 2lt,4.87
2025-11-07,501073,Αρκάδι Υγρό Απορρυπαντικό Πλυντηρίου Ρούχων Φρεσκάδα Άνοιξης 52Μεζ. 2-34lt,12.35
2025-11-07,515556,Filoskin Γάντια Νιτριλίου Μαύρα Μ 50τεμ,1.95
2025-11-07,518336,Autan Multi Insect Λοσιόν 100ml,8.45
2025-11-07,531154,Practic Κοντάρι Ψιλή Βόλτα 130cm,1.65
2025-11-07,504269,Fairy Platinum Tαμπλέτες Πληντυρίου Πιάτων Λεμόνι Giga 96τεμ,21.18
2025-11-07,554022,Soupline Μαλακτικά Πανάκια Στεγνωτηρίου Soft & Care 20τεμ,4.98
2025-11-07,509108,Bref WC Block Power Activ Θήκη Natura Pine 50gr,1.81
2025-11-07,503393,Finish Quantum All in 1 Ταμπλέτες Πλυντηρίου Πιάτων Λεμόνι 56τεμ,12.77
2025-11-07,506777,Soupline Μαλακτικό Συμπυκνωμένο Θαλασσινή Αύρα 60μεζ. 1-26lt,3.91
2025-11-07,506644,Neomat Απορρυπαντικό Πλυντ. Gel Αγρ. Τριαντάφυλλο 45μεζ 2-025lt,5.50
2025-11-07,511320,Bionol Outdoor Πολυκαθαριστικό Αντλία 600ml,2.86
2025-11-07,514725,Cillit Bang Δραστικό Πολυκαθαριστικό Πιστόλι Λίπη και Λάμψη 750ml,3.94
2025-11-07,515055,Vileda Γάντια Dermo Plus Medium,2.39
2025-11-07,517583,Raid Spiral Καπνογόνες Σπείρες Κατά Των Κουνουπιών 10τεμ,1.85
2025-11-07,527300,Wc Net Φρεάτια & Βόθροι 288gr,13.48
2025-11-07,506820,Rol Μαλακτικό Ρούχων Kάμπος 45Mεζ 900ml,2.89
2025-11-07,507124,Planet Blue Hygiene Υγρό Πιάτων 425ml,1.67
2025-11-07,504262,Fairy Max Power Υγρό Πιάτων Λεμόνι 1-46lt,5.99
2025-11-07,511374,Klinex Ultra Χλωρίνη Fresh 1250ml 2τεμ Giga Pack,4.48
2025-11-07,511356,Εύρηκα Ενεργό Χλώριο Πλυντηρίου Ρούχων Total White 2x1250ml,3.55
2025-11-07,519942,Τεζα Mega Pack Εντομοαπωθητικές Ταμπλέτες 60τεμ Χωρίς Άρωμα,6.76
2025-11-07,551622,Dixan Gel Απορρυπαντικό Φρεσκάδα Ωκεανού 48μεζ 2.16lt,7.95
2025-11-07,910107,Et Plast Στίφτης Κουβά Νείλου Super Press 20lt,1.95
2025-11-07,506769,Soupline Μαλακτικό Συμπυκνωμένο Λευκά Άνθη 60μεζ. 1-26lt,3.91
2025-11-07,509329,Duck Aqua Virtual Violet 2x36gr,2.31
2025-11-07,506576,Ecover Universal Απορυπαντικό Πλυντηρίου Ρούχων Υγρό Αγιόκλημα & Γιασεμί 1lt,7.11
2025-11-07,531043,Scotch Brite Σκούπα Extra Εξωτερικού Χώρου Λεπτό Βίδωμα,5.20
2025-11-07,515204,Wettex Απορροφητικό Πετσετάκι Νο 4,5.05
2025-11-07,515624,Wettex Απορροφητική Πετσέτα Active Hygiene Ρολό 1-5m,3.91
2025-11-07,551656,Dixan Υγρό Απορρυπαντικό Πλυντηρίου Ρούχων Φρεσκάδα Ωκεανου 32μεζ. 1-440lt,5.63
2025-11-07,908923,Ready2U Pro Σφουγγαρίστρα 250gr Μικροΐνών,4.45
2025-11-07,504223,Ava Perle Υγρό Πιάτων Αλάτι & Άνθη Νερατζιάς 430ml,1.50
2025-11-07,514047,Overlay Express Kατά Των Αλάτων 650ml,4.96
2025-11-07,515316,Practic Γάντια Latex Xlarge 100τεμ,3.77
2025-11-07,503390,Fairy Platinum Plus Ταμπλέτες Πλυντηρίου Πιάτων Anti Dull 30τεμ,10.45
2025-11-07,502197,Εύρηκα Color Block 20 Φύλλα,2.61
2025-11-07,518024,Aroxol Bait Δόλωμα Κατά Των Μυρμηγκιών 2τεμ,4.43
2025-11-07,503339,Fairy Platinum Ταμπλέτες Πλυντηρίου Πιάτων Λεμόνι 45τεμ,12.79
2025-11-07,511235,My Home Ολα Σε 1 Πολυκαθαριστικό Spray Αντλία 750 ml,2.39
2025-11-07,503061,Calgon Aqua Αποσκληρυντικό Πλυντηρίου 45τεμ,16.46
2025-11-07,519209,Raid Baits Κατσαριδοκτόνο Δόλωμα 6 Τεμάχια,6.47
2025-11-07,527012,Flup Αποφρακτικό Ζεστό Νερό Xl 3x80gr,2.00
2025-11-07,501070,Soflan Υγρό Απορρυπαντικό Πλυντηρίου Για Σκούρα Ρούχα 24Μεζ 960ml,2.96
2025-11-07,511347,Topine Ultra Gel Χλώριο Άρωμα Λεβάντα 1250ml 2τεμ,4.18
2025-11-07,506616,Soupline Μαλακτικό Βανίλια 50μεζ 4L,5.70
2025-11-07,551629,Dixan Ανοιξιάτικη Φρεσκάδα Απορρυπαντικό Ρούχων Σκόνη 44μεζ 2-2kg,7.95
2025-11-07,515045,My Home Γάντια Κουζίνας Extra Large,1.69
2025-11-07,515075,Practic Γάντια Νιτριλίου Μαύρα Medium 10 Τεμάχια,1.10
2025-11-07,511109,Topine Ultra Λεβάντα Χλώριο 1250ml,2.59
2025-11-07,512017,Overlay Σαπούνι Μασσαλίας Λεβάντα Καθαριστικό Πατώματος 1L,2.98
2025-11-07,515664,Swiffer 18 Πανάκια Που Παγιδεύουν Την Σκόνη Για Ξύλο & Παρκέ,7.55
2025-11-07,520039,Raid Gel Σκοροκτόνο Με Άρωμα Λεβάντας 6τεμ.,5.60
2025-11-07,506764,Soupline Μαλακτικό Συμπυκνωμένο Ιβίσκος 60μεζ. 1-26lt,3.91
2025-11-07,506772,Soupline Μαλακτικό Complete Care Συμπυκνωμένο 60μεζ. 1-26lt,3.91
2025-11-07,517007,Aroxol Εντομοαπωθητικό Υγρό Σετ 60 Νύχτες ( 1 συσκευή +1 Ανταλλακτικό),6.83
2025-11-07,503319,Finish Ultimate Plus Caps Πλυντηρίου Πιάτων 22τεμ,6.86
2025-11-07,999140,READY2U Σφουγγαρίστρα Νημάτινη Λευκή 230gr,2.80
2025-11-07,520360,Fuzi Ναφθαλίνη Ασφαλείας Κρεμαστή 80gr,2.80
2025-11-07,531285,Κύκλωψ Σκούπα Μαγνητική Ν105,2.70
2025-11-07,509627,Afroso Fresh Αποσμητικό Μπάνιου Βανίλια Ανταλλακτικό,2.95
2025-11-07,512130,Dr Beckmann Λευκαντικό Ρούχων Σκόνη Power White 400gr,4.89
2025-11-07,506804,Lenor Μαλακτικό Ρούχων Fresh Ocean Escape 126μεζ 2-650lt,7.95
2025-11-07,506615,Soupline Μαλακτικό Άνθη Μηλιάς 50μεζ 4lt,5.70
2025-11-07,551623,Dixan Gel Απορρυπαντικό Φρεσκάδα Άνοιξης 48μεζ 2.16lt,7.95
2025-11-07,505167,Vanish Kαθαριστικό Λεκέδων Σκόνη White 1kg,9.99
2025-11-07,517443,Vapona Αντικουνουπικό Υγρό Σετ 45 Νύχτες,6.62
2025-11-07,509578,WC Net Υγρό WC Intense Lime 750ml,1.98
2025-11-07,551671,Ariel Απορρυπαντικό Πληντυρίου Pούχων Σκόνη Platinum Extra Stain 62Μέζ.,14.95
2025-11-07,517189,Raid Υγρό Ανταλλακτικό 2x36ml 120 Νύχτες,7.74
2025-11-07,551653,Omino Bianco Υγρό Απορρυπαντικό Pink Lotus 37μεζ 1-480lt,4.94
2025-11-07,503338,Fairy Ταμπλέτες Πλυντηρίου Πιάτων Original Λεμόνι 35τεμ,9.03
2025-11-07,506621,Soupline Μαλακτικό Λεβάντα 17μεζ 12/1-4lt,2.53
2025-11-07,512390,Sweep Supercleaner Υγρό Καθαριστικό 950ml,3.28
2025-11-07,515646,Swiffer Duster Σύστημα Κατά Της Σκόνης (Έτοιμη Λαβή + 5 Ανταλλακτικά ),5.23
2025-11-07,526035,Camel Υγρό Βερνίκι Μαύρο Για Δέρμα 75ml,3.47
2025-11-07,514027,Glean Καθαριστικό Φούρνου Αντλία 750ml,3.92
2025-11-07,551713,Ariel All in 1 Απορρυπαντικό Πλυντηρίου Κάψουλες Color 15Μεζ.,6.45
2025-11-07,520036,Baygon Flying Ιπτάμενα 300ml,3.98
2025-11-07,509334,Duck Fresh Discs Blue 36ml,2.44
2025-11-07,506613,Soupline Μαλακτικό Λεβάντα 50μεζ 4L,5.70
2025-11-07,515394,Vileda Ultramax Σύστημα Καθαρισμού 10lt,39.95
2025-11-07,519269,Aroxol Εντομοκτόνο Ακάρεα & Σκόρος Αντλία 300ml,7.88
2025-11-07,515073,Practic Γάντια Νιτριλίου Μαύρα Large 10τεμ,1.10
2025-11-07,511187,Klinex ΧΛΩΡΙΝΗ Ultra Protection Παχύρρευστη Regular 1250ml,2.99
2025-11-07,509872,Bref WC Block Blue Active Θήκη Floral 50gr,1.85
2025-11-07,507761,Ecos Υπερσυμπυκνωμένο Υγρό Πλυντηρίου Μαν.&Κ 50μεζ 1-5lt,7.17
2025-11-07,503391,Fairy Platinum Plus Ταμπλέτες Πλυντυρίου Anti Dull 19τεμ,7.81
2025-11-07,517193,Vapona Zero Αντικουνουπικό Υγρό Ανταλλακτικό 45 Νύχτες,11.50
2025-11-07,612002,Scooby Doo Χαρτομάντηλα Τσέπης 4 Φύλλων 6άδα 0-166kg,2.10
2025-11-07,551628,Dixan Φρεσκάδα Ωκεανού Απορρυπαντικό Ρούχων Σκόνη 44μεζ 2-2kg,7.95
2025-11-07,524002,Κύκλωψ Φαράσι Κουμπωτό Με Σκουπάκι,2.70
2025-11-07,519236,Baygon Baits - Κατσαριδοκτόνο Δόλωμα 6Τεμάχια,6.96
2025-11-07,508028,Ecos Υγρό Καθαριστικό Πορτοκάλι Αντλία 650ml,3.24
2025-11-07,527752,Dr.Beckmann Διαβολάκος Του Λεκέ Φρούτα & Ποτά 50gr,3.48
2025-11-07,502606,Αρκάδι Πλάκες Λευκό Σαπούνι 4x150gr,2.92
2025-11-07,514207,Mr. Muscle Καθαριστικό Φούρνου Spray 300ml,5.36
2025-11-07,551676,Ariel Απορρυπαντικό Πλυντηρίου Ρούχων Yγρό Fiber Care 44Μεζ.,9.95
2025-11-07,509327,Klinex WC Block Pop Art Μανόλια 50gr,1.63
2025-11-07,526093,Cover Αποσμητικό Σπρέι Υποδημάτων Βανίλια,4.21
2025-11-07,519235,Baygon Crawling Με Σωληνάκι 400ml,7.52
2025-11-07,519212,Raid Ant Bait. Μυρμηγκοκτόνο Δόλωμα,3.88
2025-11-07,512100,Εύρηκα Carpet Care Σπρέι Χαλιών 750ml,7.51
2025-11-07,526091,Cover Καθαριστικό Για Πάνινα Αθλητικά Παπούτσια 100ml,4.45
2025-11-07,551647,Αρκάδι Πράσινο Σαπούνι Σκόνη 20μεζ 1kg,7.74
2025-11-07,910765,Παρκετέζα Με Κοντάρι 50εκ.,13.90
2025-11-07,509267,Bref WC Block Active Hygiene Trio 3x50gr,3.64
2025-11-07,515036,Vileda Γάντια Dermo Plus Small,2.39
2025-11-07,526086,Camel Σπόγγος Υποδημάτων Με Κερί Διάφανο,4.17
2025-11-07,517430,Raid Night & Day Εντομοαπωθητικό Διπλό Ανταλλακτικό,8.84
2025-11-07,509331,Duck Total Action Gel Virtual Violet 750ml,2.05
2025-11-07,503344,Fairy Platinum Κάψουλες Πλυντηρίου Πιάτων Λεμόνι 28τεμ,9.03
2025-11-07,514185,Glean 2 Σε 1 Λιποδιαλύτης & Καθαριστικό Απορροφητήρων 750ml,4.09
2025-11-07,514184,Alfa Super Energy Πολυκαθαριστικό 1lt,1.71
2025-11-07,511653,My Home Καθαριστικό Με Μαστιχόνερο 1lt,2.21
2025-11-07,515067,Vileda Γάντια Dermo Plus Large,1.99
2025-11-07,910714,Et Plast Φαράσι Πλαστικό Χωρίς Λάστιχο N11,1.10
2025-11-07,509947,Afroso Block Refresing Pine 40gr,1.85
2025-11-07,509070,Bref WC Block Power Activ Θήκη Lemon 50gr,1.81
2025-11-07,518300,Autan Multi Insect Dry Spray 100ml,8.19
2025-11-07,612601,Παιδικοί Ήρωες Χαρτομάντηλα Τσέπης 4φυλα 6άδα 0-143kg,2.56
2025-11-07,921623,Tai Ποντικοπαγίδα Με Κόλλα Μικρή 2Τεμ,2.75
2025-11-07,527760,Dr.Beckmann Διαβολάκος Του Λεκέ Λιπαντικά & Έλαια 50gr,3.48
2025-11-07,511394,Αjax Υγρό Πολυκαθαριστικό Αντλία 3 Σε 1 Uplifting 500ml,2.18
2025-11-07,512104,Sleepy Υγρά Πανάκια Γενικού Καθαρισμού Μπλε 100τεμ,4.65
2025-11-07,511359,Roli X-Pert Professional Bath Αντλία 600ml,3.02
2025-11-07,520000,Fego Σκοροαπωθητικό Geraniol Γιασεμί 10gr,3.43
2025-11-07,511336,Astonish Πάστα Καθαρισμού 400gr,3.16
2025-11-07,509316,Bref WC Turquoise Active Duo 2x50gr,2.71
2025-11-07,906787,Ready2U Σφουγγαρίστρα Με Αντιβακτηριδιακή Προστασία Μπλε,2.95
2025-11-07,529531,Κύκλωψ Βούρτσα Πλήσεως Α900,3.95
2025-11-07,607034,Softex Silky Χαρτί Yγείας Vanilla Breeze 0-760kg,5.75
2025-11-07,509340,Afroso Block Powerfull Ocean 2x40gr,2.22
2025-11-07,551699,Ariel All in 1 Απορρυπαντικό Πλυντηρίου Ρούχων Kάψουλες Fiber Care 33Μεζ.,9.95
2025-11-07,610005,Peppa Pig Επιτραπέζια Χαρτομάντηλα 2Φύλλων 100Φ 0-125kg,2.10
2025-11-07,501065,Εύρηκα Υγρό Απορρυπαντικό Care Black 18μεζ 729ml,3.14
2025-11-07,531878,Vileda Σκούπα Garden 2in1,6.90
2025-11-07,502179,Persil Υγρό Απορρυπαντικό Πλυντηρίου Color 56μεζ 2-800lt,9.95
2025-11-07,917623,Casa Basics Γάντι Καρώ Διάφορα Χρώματα 17x30cm,3.38
2025-11-07,551619,Dixan Gel Clean & Hygiene 48 Μεζούρες 2-16lt,7.95
2025-11-07,515399,Vileda Ανταλλακτικό Σύστημα Καθαρισμού SprayMax,8.95
2025-11-07,512497,Εύρηκα Carpet Care Σαμπουάν Καθαρίσμου Χαλιών 500ml,7.55
2025-11-07,503392,Finish Ultimate Ταμπλέτες Πλυντηρίου Πιάτων Λεμόνι 65τεμ,16.07
2025-11-07,512103,Sleepy Υγρά Πανάκια Καθαρισμού Επιφανειών Πράσινο 100τεμ,4.65
2025-11-07,503364,Ecos Υγρό Πιάτων Αμύγδαλο 500ml,2.55
2025-11-07,502163,Skip Υγρό Απορρυπαντικό Πλ. Ultra Fresh 35Mεζούρες 75lt,8.30
2025-11-07,515523,Practic Γάντια Νιτριλίου Μαύρα Small 10τεμ,1.10
2025-11-07,552330,Omino Bianco Black Care Υγρό 49 Mεζούρες 2-69 lt,6.99
2025-11-07,515398,Vileda Σύστημα Καθαρισμού Spray Max,39.95
2025-11-07,509206,Duck Active Clean Pine Duo 77-2gr,1.95
2025-11-07,508009,Εύρηκα Crystal Shine Υγρό Τζαμιών Ανταλλακτικό 750ml,1.85
2025-11-07,518634,Aroxol Εντομοκτονο 300ml,3.79
2025-11-07,512911,Klinex ΧΛΩΡΙΝΗ Ultra Protection Παχύρρευστη Pink Power 1250ml,2.99
2025-11-07,509117,Bref WC Block Blue Activ Hygiene 50gr,1.85
2025-11-07,551717,Ariel All in 1 Απορρυπαντικό Ρούχων Πλυντηρίου Κάψουλες Fiber Care 15Μεζ.,6.45
2025-11-07,517198,Aroxol Pure & Strong Liquid Refill 25ml 2τεμ,5.24
2025-11-07,517195,Aroxol Κατσαριδοκτόνο Imiprothrin 300ml,4.20
2025-11-07,511652,My Home Καθαριστικό Γενικής Χρήσης Με Ανθόνερο Αντλία 750ml,2.65
2025-11-07,519201,Raid Max Κατσαριδοκτόνο Spray 300ml,4.58
2025-11-07,830119,Estia Μυγοσκοτώστρα Τετράγωνη Πλαστική 44-5x11cm,0.90
2025-11-07,515596,Assos Πανιά Μικροϊνών Velvet 4τεμ,2.90
2025-11-07,999128,Vileda Σιδερόπανο Diamond,14.30
2025-11-07,526094,Cover Αυτογυαλιστικό Υγρό Βερνίκι Ουδέτερο 75ml,2.20
2025-11-07,509233,Duck Active Clean Citrus Splash 77-2gr,1.95
2025-11-07,910834,Κύκλωψ Κουβάς Νο 221,2.30
2025-11-07,517444,Vapona Spray Αντικουνουπικό 100ml,5.99
2025-11-07,607035,Softex Care Χαμομήλι 8άρι 0-624kg,4.78
2025-11-07,517196,Aroxol Κατσαριδοκτόνο 300ml 2τεμ,7.50
2025-11-07,519012,Aroxol Ακάρεα & Σκόρους Λεβάντα 300ml,5.99
2025-11-07,517081,Raid Liquid Υγρό Σετ Με Συσκευή Family 45 Νύχτες,5.88
2025-11-07,511188,Klinex ΧΛΩΡΙΝΗ Ultra Protection Παχύρρευστη Fresh 1250ml,2.99
2025-11-07,517821,Fighter Εντομοκτόνο Spray 300ml,2.11
2025-11-07,518331,Autan Family Care Soft Spray 100ml,8.08
2025-11-07,503384,Finish Quantum All in 1 Caps Πλυντηρίου Πιάτων Λεμόνι 36εμ,9.50
2025-11-07,515544,Scrub Daddy Σφουγγαράκι Scour Daddy XL,2.90
2025-11-07,509279,Bref WC Spa Moments Serenity 50gr,1.85
2025-11-07,503330,Αρκάδι Αγνό Σαπούνι Ελαιολάδου Σε Τρίμμα Vegan Product Γενικής Χρήσης 500gr,3.40
2025-11-07,503373,Finish Multibenefit Gel Regular 600ml,7.79
2025-11-07,512121,Pronto Καθαριστικό Επιφανειών Αντλία 500ml,5.17
2025-11-07,524005,Σπάγγος Multi Νο80 Πλαστικός,1.31
2025-11-07,507760,Ecos Υπερσυμπυκνωμένο Υγρό Πλυντηρίου Λεβάντα 50μεζ 1-5 lt,7.17
2025-11-07,509282,Clean Καθαριστικό Μπάνιου Αντλία 750ml,3.35
2025-11-07,517167,Raid Εssentials Κατσαριδοκτόνο Crawling 400ml,3.99
2025-11-07,999134,Vileda Σιδερόπανο Total Reflect,18.90
2025-11-07,512045,Vanish Carpete Care Υγρό Καθαριστιό Χαλιών 500ml,9.79
2025-11-07,508002,Εύρηκα Crystal Shine Υγρό Τζαμιών Αντλία 750ml,2.34
2025-11-07,520045,Baygon Υγρό Ανταλλακτικό Λεβάντα 2x27ml 90 Νύχτες,8.44
2025-11-07,552023,Dixan Υγρό Απορρυπαντικό Πλυντηρίου Ρούχων Multicolor 40μεζ 2-236lt,7.95
2025-11-07,518337,Autan Family Care Λοσιόν 2x100ml,10.25
2025-11-07,501061,Εύρηκα Μασσαλίας Υγρό Απορρυπαντικό 21μεζ 832ml,4.35
2025-11-07,515537,Scour Daddy Πλεκτό Σφουγγαράκια 3τεμ,4.19
2025-11-07,999131,Vileda Απλώστρα Aluminium 20 Medium,43.90
2025-11-07,529532,Κύκλωψ Σκούπα Για Αράχνες Μπάλα 41Χ49Χ72cm,2.70
2025-11-07,531374,My Home Σκούπα Πολυτελείας,3.10
2025-11-07,524004,Σπάγγος Βαμβακερός Κορδονέτο Νο50,1.24
2025-11-07,518326,Autan Family Care Λοσιόν 100ml,8.08
2025-11-07,512131,Dr Beckmann Ενισχυτικό πλύσης Stain Remover Οxi Power 400gr,3.98
2025-11-07,526107,Cover Υγρό Γυαλιστικό Βέρνικι Λευκό 75ml,2.12
2025-11-07,551697,Αriel Απορρυπαντικό Πλυντηρίου Ρούχων Υγρό Alpine 30μεζ,7.29
2025-11-07,519014,Aroxol Food Moth Paper 3τεμ,4.35
2025-11-07,610004,Scooby Doo Επιτραπέζια Χαρτομάντηλα 4Φύλλων 80τεμ 0-202kg,3.20
2025-11-07,528049,Tai Καθαριστικό Grill Φούρνου Τζάκι 500ml,6.99
2025-11-07,518202,Raid Multi Insects Εντομοκτόνο Spray 400ml,4.60
2025-11-07,512397,Berill Υπερκαθαριστικό Γενικής Χρήσης 1 lt,4.92
2025-11-07,910736,Et Plast Λεκάνη Νείλος 35 lt,5.95
2025-11-07,527270,Flup Αποφρακτικό 80gr,0.97
2025-11-07,509626,Afroso Fresh Αποσμητικό Μπανάνα Βανίλια,4.07
2025-11-07,551675,Ariel Απορρυπαντικό Πλυντηρίου Ρούχων Yγρό Tol Color 30μεζ.,7.29
2025-11-07,503385,Finish Quantum All in 1 Ταμπλέτες Πλυντηρίου Πιάτων Λεμόνι 77τεμ,17.53
2025-11-07,511363,Klinex Ultra Χλωρίνη Regular 2x750ml Giga Pack,3.18
2025-11-07,526079,Cover Βούρτσα Υποδήματα,2.73
2025-11-07,551593,Skip Ultimate Υγρό Απορρυπαντικό Πλυντηρίου Ρούχων Color 46μεζ 2-3lt,10.45
2025-11-07,515284,Practic Γάντια Latex Χωρίς Πούδρα Large 24/10τεμ,1.18
2025-11-07,517105,Raid Essentials Εντομοκτόνο Flying 400ml,3.42
2025-11-07,520001,Fego Σκοροαπωθητικό Geraniol Λεβάντα 4.5g,3.29
2025-11-07,999100,Ready2U Σιδερώστρα Classic 114x34cm,29.90
2025-11-07,514808,Brasso Στιλβωτικό Μετάλλων 150ml,7.99
2025-11-07,526033,Camel Σπόγγος Υποδημάτων Με Κερί Μαύρο,3.91
2025-11-07,511308,Glean Καθαριστικό Γενικής Χρήσης Σπρέι 750ml,2.99
2025-11-07,527761,Dr.Beckmann Διαβολάκος Του Λεκέ Γραφείο & Χρώματα 50gr,3.48
2025-11-07,526036,Camel Υγρό Βερνίκι Καφέ 75ml,3.47
2025-11-07,517191,Raid Food Moth 3τεμ,6.47
2025-11-07,520031,Baygon Mat Ταμπλέτες 30τεμ,3.58
2025-11-07,514189,Medix Multi Action Λιποκαθαριστικό Λεμόνι 750ml,3.98
2025-11-07,910739,Et Plast Λεκάνη Νείλος 10lt,2.95
2025-11-07,526031,Camel Κρέμα Υποδημάτων Αυτογυάλιστο Μαύρο 55ml,3.83
2025-11-07,505643,Εύρηκα Υπερλευκαντικό Ρούχων Σκόνη Κουτί 1kg,5.91
2025-11-07,515658,Αssos Σφουγγαράκι Αντιβακτηριδιακό 2τεμ,1.00
2025-11-07,518020,Autan Natural Afterbite Φυτικής Προέλευσης 20ml,4.25
2025-11-07,525043,Oz Καθαριστικό Αλάτων Για Ατμοσίδερο 250ml,3.54
2025-11-07,515580,Filoskin Γάντια Λάτεξ Γενικής Χρήσης Κιτρ. 12τεμ,1.09
2025-11-07,517693,Aroxol Σκοροκτόνο Gel Λεβάντα,9.08
2025-11-07,518201,Raid Εντομοκτόνο Spray 300ml,3.27
2025-11-07,607005,My Soft Χαρτί Υγείας 3Φύλλων 8άρι Χάρτινη Συσκευασία 0-736Kg,4.75
2025-11-07,515222,Assos Πανάκια Microfiber Με Σχέδια 6τεμ,4.55
2025-11-07,526040,Collonil Βούρτσα Επάλειψης Παπουτσιών,3.61
2025-11-07,514654,Berill Καθαριστικό Πολυελαίων 500ml,5.09
2025-11-07,910251,Et Plast Κουβάς Νείλος Οβάλ Με Ρόδες Και Σχάρα 20lt Χωρίς Στίφτη,5.90
2025-11-07,517102,Raid Night & Day Εντoμοαπωθητικό Για Μύγες & Κουνούπια Σετ,6.84
2025-11-07,551724,Skip Απορρυπαντικό Πλυντηρίου Kάψουλες Cajoline 39M 823gr,10.45
2025-11-07,551718,Ariel Απορρυπαντικό Πληντυρίου Pούχων Υγρό Fiber Care 25Μεζ,7.45
2025-11-07,518019,Autan Max Dry Spray Εντομοαπωθητικό 100ml,7.99
2025-11-07,518021,Aroxol Gel Pro Καταρίδες Σύριγγα,8.99
2025-11-07,520041,Baygon Ανταλλακτικό Dual Σετ 36ml 60 Νύχτες,7.89
2025-11-07,505085,Dr. Beckmann Υγρό Καθαριστικό Φούρνου 375ml,5.99
2025-11-07,652621,Vanish Αφρός Χαλιών 600ml,13.37
2025-11-07,551727,Skip Υγρό Απορρυπαντικό Πλυντηρίου Ρούχων Ultra Refresh Wonder 54Μεζ,10.65
2025-11-07,515715,Γίφα Συρμάτινο Σφουγγάρι Συνθετικό 2τεμ,2.09
2025-11-07,514284,Alfa Αφρός Καθαρισμού Κατά Των Αλάτων 500ml,2.69
2025-11-07,526076,Cover Πάστα Υποδημάτων Μαύρη 60gr,2.48
2025-11-07,526092,Cover Λουστράκι Πάστα Με Φυσικό Κερί Υποδημάτων Καφέ,2.48
2025-11-07,526097,Cover Αυτογυαλιστική Πάστα Υποδημάτων Μαύρο 55gr,2.60
2025-11-07,515572,Lifoplus Home Σφουγγαράκι Κουζίνας Από Λούφα Για Κατσαρόλες & Ταψιά 100% Bio,2.95
2025-11-07,515573,Lifoplus Home Σφουγγαράκι Κουζίνας 100% Bio Loofah,2.48
2025-11-07,999122,Ready2u Classic Απλώστρα Πλαστική 20m,48.90
2025-11-07,910766,Παρκετέζα Ανταλλακτικό 50εκ.,9.90
2025-11-07,526047,Camel Πάστα Υποδημάτων Μαύρο 40ml,3.56
2025-11-07,512038,Vanish Σαμπουάν Καθαρισμού για Χαλιά 1lt,15.41
2025-11-07,612602,Παιδικοί Ήρωες Χαρτομάντηλα Επιτραπέζια Κύβος 3φυλλα 0-100kg,3.40
2025-11-07,518026,Tai Fast Action Mec Κατσαριδοκτόνο 350ml,4.99
2025-11-07,517188,Raid Mat Tαμπλέτες 30τεμ.,3.17
2025-11-07,520044,Baygon Food Moth Paper 3τεμ,5.84
2025-11-07,520033,Baygon Mat Ταμπλέτες 60τεμ,6.98
2025-11-07,526095,Cover Αυτογυαλιστικό Υγρό Βερνίκι Υποδημάτων Καφέ 55ml,2.60
2025-11-07,526098,Cover Γυαλιστικό Σφουγγάρι Υποδημάτων Καφέ,2.64
2025-11-07,519013,Baygon Barrier Trigger 500 ml,7.68
2025-11-07,517080,Vapona Zero Εντομοαπωθητικό Σώματος Λοτιόν 100ml,6.68
2025-11-07,527915,Alfa White Spirit 450ml,1.98
2025-11-07,551726,Skip Απορρυπαντικό Πλυντηρίου Ρούχων Color Protect Wonder 54Mεζ,10.65
2025-11-07,514234,Endless Ultra Υγρό Καθαριστικό Πατώματος Κεράσι 4lt,5.20
2025-11-07,506848,Proderm Μαλακτικό Ρούχων 1-5lt,5.37
2025-11-07,515716,Γίφα Πανί Στεγνώματος Μικροϊνών,3.53
2025-11-07,515686,Γίφα Πανί Μικροϊνών Για Ποτήρια & Πάγκους 2τεμ,3.10
2025-11-07,518022,Aroxol Care & Protect Spray Aerozol 100ml,7.25
2025-11-07,526066,Collonil Στιλβωτικό Υποδημάτων Άχρωμο 125 ml,7.34
2025-11-07,517104,Boss Mat Εντομοαπωθητικά Πλακίδια 14τεμ,1.18
2025-11-07,519004,Baygon Μυρμηγκοκτόνο Δόλωμα Για Την Κουζίνα,4.73
2025-11-07,515223,Assos Πανάκια Microfiber 7τεμ,4.60
2025-11-07,837919,Klima Care Καθαριστικό Air Condition 750ml,5.40
2025-11-07,512102,Vanish White Sachet Ενισχυτικό Πλύσης 4x30gr,2.97
2025-11-07,520037,Raid MAT Ταμπλέτες 60τεμ,5.30
2025-11-07,517185,OFF! Εντομοαπωθητική Λοτιόν 100ml,4.75
2025-11-07,515317,Practic Γάντια Latex Χωρίς Πούδρα Small 24/10τεμ,1.18
2025-11-07,551338,Εύρηκα Baby Υγρό Απορρυπαντικό Πλυντήριο Ρούχων 19Μεζ 950ml,5.72
2025-11-07,518305,Autan Botanicals Εντομοαπωθητικό Spray 100ml,8.98
2025-11-07,518600,Aroxol Για Μυρμήγκια 250ml,4.09
2025-11-07,517845,Fighter Κατσαριδοκτόνο Spray 300ml,2.54
2025-11-07,524237,Vileda H2Pro Flat Σύστημα Καθαρισμού,61.50
2025-11-07,524239,Vileda Ανταλλακτικό H2Pro Flatmop,7.50
2025-11-07,524238,Vileda Ανταλλακτικό H2Pro Spinmop,7.95
2025-11-07,511397,Cleantonic Αφρός Καθαριστικό Σιφωνιών 450ml,4.65
2025-11-07,551723,Skip Απορρυπαντικό Πλυντηρίου Κάψουλες Ultimate Fresh 39Mεζ 823g,10.45
2025-11-07,515718,Γίφα Γάντι Μικροϊών One Size,4.01
2025-11-07,528085,Fornato Καθαριστικό Φούρνου & Grill 600ml,4.99
2025-11-07,961015,Ac 90 Bio Λιπαντικό Αντισκωριακό 400ml,10.70
2025-11-07,517187,Raid Liquid Σετ 30Ν 21ml,5.35
2025-11-07,526049,Cover Υγρό Γυαλιστικό Βερνίκι Καφέ 75ml,3.90
2025-11-07,526067,Collonil Λευκό Γαλάκτωμα Υποδημάτων 100ml,8.93
2025-11-07,517065,Aroxol Εντομοκτόνο Pure & Strong 300ml,4.40
2025-11-07,505622,Εύρηκα Υπερλευκαντικό Ρούχων Άνθη Πορτοκαλιάς Κουτί 500gr,3.92
2025-11-07,554007,Lenor Unstoppables Ενισχυτικό Άρωμα Fresh 210gr,4.95
2025-11-07,531516,Σκούπα Χόρτου Χειρός Ν.4,7.90
2025-11-07,518304,Autan Junior Gel 100ml,8.08
2025-11-07,523005,My Home Αντικολλητικο Χαρτί Ψησίματος 24 Φύλλα,1.35
2025-11-07,523442,My Home Σακούλες Τροφίμων Μεσαίες 28x33cm 50τεμ,0.81
2025-11-07,523791,My Home Αλουμινόχαρτο 10m (3 Τ.Μ.),1.45
2025-11-07,523443,My Home Σακούλες Τροφίμων Μεγάλες 28x43cm 50τεμ,0.96
2025-11-07,523441,My Home Σακούλες Τροφίμων Μικρές 17x24cm 50τεμ,0.47
2025-11-07,523779,My Home Αλουμινόχαρτο 30m (9 τ.μ.),3.25
2025-11-07,959859,Καλαμάκια Επαναχρησιμοποιούμενα Freddo 180mm x 4mm 40τεμ,0.49
2025-11-07,527986,Αλκοολούχα Λοσιόν "Το Πρώτο" 93° 420ml,1.25
2025-11-07,523772,My Home Μεμβράνη 20m (6 Τ.Μ.),1.05
2025-11-07,523255,Sanitas Κλασική Διαφανής Μεμβράνη Εύκολο Κόψιμο 30m,2.47
2025-11-07,523446,My Home Σακούλες Τροφίμων Zip Μεσαίες 26x30cm 15τεμ,1.72
2025-11-07,523444,My Home Σακούλες Τροφίμων Zip Μικρές 17x22cm 15τεμ,1.22
2025-11-07,527902,Alfa Οινόπνευμα Φωτιστικό 93° 425ml,1.02
2025-11-07,523153,My Home Αντικολλητικό Χαρτί 10m (3-8 Τ.Μ.),1.49
2025-11-07,521767,My Home Φιάλη Υγραερίου Gas Stop 190gr,1.25
2025-11-07,959860,Καλαμάκια Επαναχρησιμοποιούμενα Jumbo 220mm x 7mm 20τεμ,0.59
2025-11-07,523609,My Home Σκεύη Τροφίμων Με Καπάκι Νο162s Μερίδα Φαγητού 4τεμ,1.49
2025-11-07,523789,My Home Μεμβράνη 50m (15 Τ.Μ.),1.99
2025-11-07,528255,Αγγέλων Θυμίαμα Καρβουνάκια 2-7cm,1.50
2025-11-07,956688,Ready2u Συλλέκτης Υγρασίας Για Ντουλάπες Λεβάντα 210gr,1.49
2025-11-07,911841,Πιάτα Χάρτινα Kraft Μεσαία 20cm 10τεμ,1.10
2025-11-07,523204,Sanitas Αντικολλητικό Χαρτί Ψησίματος 8m (3-04 τ.μ.),2.90
2025-11-07,523795,My Home Παγοκυψέλες 10τεμ,0.57
2025-11-07,523205,Sanitas Αλουμινόχαρτο 30m (8-70 τ.μ.),4.76
2025-11-07,959794,My Home Ποτήρι Νερού Αναψυκτικού Διαφανές 270ml 50τεμ,1.39
2025-11-07,527786,Αλκοολούχος Λοσιόν "Το Πρώτο" 70° 425ml,1.25
2025-11-07,953018,Varta Energy Μπαταρία Αλκαλική ΑΑ 4 τεμ,2.09
2025-11-07,523623,Sanitas Αντικολλητικό Χαρτί Ψησίματος Κομμένα 18 Φύλλα (2-9 τ.μ.),3.13
2025-11-07,521019,Βάση Εστίας Ελ Γκρέκο CV470 Plus Μπεζ,7.15
2025-11-07,523445,My Home Σακούλες Τροφίμων Zip Μεγάλες 26x38cm 15τεμ,1.86
2025-11-07,523752,Sanitas Χάρτινες Σακούλες Τροφίμων Μικρές 12x19-5cm- 30τεμ,1.56
2025-11-07,959952,Oki Doki Ποτήρι Πλαστικό Διάφανο 36x430ml,2.10
2025-11-07,523201,Sanitas Αλουμινόχαρτο 10m (2-9 τ.μ.),1.85
2025-11-07,953059,Varta Energy Αλκαλικές Μπαταρίες AA 8τεμ,4.06
2025-11-07,953019,Varta Energy Μπαταρία Αλκαλική ΑΑΑ Συσκευασία 4 τεμ,2.09
2025-11-07,921978,Φυτόχωμα 20lt,1.49
2025-11-07,522284,My Home Σακούλες Παλτών & Φορεμάτων 70x130cm 4τεμ,0.73
2025-11-07,907115,Sanitas Σκεύη Αλουμινίου Μεσαίο Παραλληλόγραμμο Με Καπάκι 4 τεμ,1.88
2025-11-07,830901,Practic Πλαστικό Κάλυμμα WC Μιάς Χρήσης 15τεμ,1.84
2025-11-07,527001,Οινόπνευμα Βιοκτόνο 95° 350ml,2.55
2025-11-07,521064,Campingaz Βάση Ελ Γκρέκο CV 470 Magenta 450gr,7.15
2025-11-07,521203,Coral Gas Φιαλίδιο Υγραερίου ill 190gr,1.47
2025-11-07,523611,My Home Σκεύη Τροφίμων Νο134 Μεγάλο Ταψί 3τεμ,2.51
2025-11-07,911840,My Home Πιάτα Χάρτινα Λευκά 23cm 20 τεμ,1.89
2025-11-07,908097,Ready2U Οδοντογλυφίδες Σε Πλαστικό Βαρελάκι Συσκευασία 190 τεμ,0.45
2025-11-07,959953,Oki Doki Ποτήρι Πλαστικό 36x480ml,2.29
2025-11-07,917102,Soupline Φρεσκάδα Εξοχής Αρωματικά Φακελάκια Για Ντουλάπες (3τεμ),4.10
2025-11-07,523006,Sanitas Αντικολλητικό Χάρτι 30 Φύλλα 4-78μ²,4.89
2025-11-07,959869,Επαναχρησιμοποιούμενα Κουταλάκια 10τεμ,0.90
2025-11-07,959871,Επαναχρησιμοποιούμενα Πιρούνια 10τεμ,0.99
2025-11-07,953070,Varta Energy Αλκαλικές Μπαταρίες AAA 8τεμ,4.06
2025-11-07,523753,Sanitas Χάρτινες Σακούλες Τροφίμων Μεγάλες 12x25-5cm- 30τεμ,2.00
2025-11-07,956689,Ready2U Συλλέκτης Υγρασίας Μίας Χρήσης Κουτί 230gr,1.59
2025-11-07,523217,Sanitas Auto-Close Παγοκυψέλες 2σε1,1.81
2025-11-07,908096,Ready2U Οδοντογλυφίδες Σε Βαρελάκι Συσκευασία 500τεμ,0.69
2025-11-07,523612,My Home Σκεύη Τροφίμων No 149 3τεμ,1.91
2025-11-07,522283,My Home Σακούλες Κοστουμιών 5τεμ,0.73
2025-11-07,531372,My Home Κρεμάστρα Πλαστική Απλή 3τεμ,1.45
2025-11-07,912819,Matrix Καλαμάκια Βιοδιασπώμενα Σπαστά Χρωματιστά 25 τεμ,1.09
2025-11-07,915661,Hermina Οδοντογλυφίδες Στρογγυλές Βαρελάκι 200τεμ,0.59
2025-11-07,915014,My Home Κεριά Ρεσώ Λευκά 4 Ωρών 50 τεμ,3.70
2025-11-07,523001,Sanitas Σακούλες Τροφίμων Slide & Lock 10τεμ,2.73
2025-11-07,527900,Alfa Φωτιστικό Λάδι Παραφινέλαιο 1lt,3.72
2025-11-07,959797,My Home Ποτήρι Νερού Αναψυκτικού Λευκό 270ml 50τεμ,1.39
2025-11-07,527169,Οινόπνευμα Καθαρό "Βίκτωρ" 95° 200ml,7.09
2025-11-07,907010,Cook'n Eat Πλαστικά Σκεύη,1.69
2025-11-07,522285,My Home Σακούλες Πλεκτών 10τεμ,0.65
2025-11-07,917250,Cajoline Αρωματικά Φακελάκια Blue Fresh 3τμχ,3.77
2025-11-07,523709,Fino Σακούλες Τροφίμων Μεγάλες 28x43cn 7lt No300 50τεμ,1.58
2025-11-07,917106,Αρωματικά Λεβάντα Για Ρούχα & Κουβέρτες,1.69
2025-11-07,528082,Bic Maxi Αναπτήρας Ασφαλείας Li J26 2τεμ,2.77
2025-11-07,523004,Star Αλουμινόχαρτο 20m (5-8 τ.μ.),2.25
2025-11-07,516934,Airwick Ηλεκτρικό Ανταλ/κό Αποσμητικά Χώρου Smooth Satin & Moon Lilly,4.15
2025-11-07,999135,Ready2U Ρολό Αποχνουδωτικό 75Φύλλα,1.59
2025-11-07,523017,Sanitas Σακούλες Τροφίμων Zio 25τεμ,2.99
2025-11-07,956691,Ready2U Ανταλλακτικό Σακουλάκι Συλλέκτη Υγρασίας 400gr,1.29
2025-11-07,919066,Chef Basics Κλιπ Σακούλας Πολύχρωμα Μεγάλα (Συσκευασία 5 Τεμ.),1.59
2025-11-07,959630,Ποτήρι Χάρτινο Για Ζεστό & Καπάκι 350ml (12Oz) 10τεμάχια,1.60
2025-11-07,523708,Fino Σακούλες Τροφίμων Μεσαίες 28x33cm 4lt Νo200 50τεμ,1.38
2025-11-07,521063,Campingaz Βάση Ελ Γκρέκο Σκούρο Μωβ 450gr,7.15
2025-11-07,527987,Αλκοολούχα Λοσιόν "Το Πρώτο" 93° 245ml,0.99
2025-11-07,523008,Elef Σακούλες Τροφίμων Μικρές Ρολό 18x28 cm 100τεμ,1.12
2025-11-07,911362,My Home Πιρούνια Ξύλινα 10 τεμ,0.89
2025-11-07,999136,Ready2U Ανταλλακτικό Για Αποχνουδωτικό Ρολό 2τεμ,1.95
2025-11-07,911363,My Home Κουτάλια Ξύλινα 10 τεμ,0.89
2025-11-07,521002,Campingaz Φιαλίδιο Υγραερίου C206 Gls 190gr,1.98
2025-11-07,911843,Ready2u Πιάτα Χάρτινα Λευκά 16cm 20τεμ,1.49
2025-11-07,528019,BIC Αναπτήρας EZ Reach,2.29
2025-11-07,907004,Sanitas Σκεύη Αλουμινίου Κέικ S3 6τεμ,1.93
2025-11-07,521061,Campingaz Φιαλίδιο Υγραερίου 3x190gr -20%,4.75
2025-11-07,527167,Alfa Βενζίνη 450ml,1.84
2025-11-07,907170,Sanitas Σκεύη Αλουμινίου Μεγάλο Παραλληλόγραμμο Με Καπάκι 3 τεμ,2.53
2025-11-07,522255,My Home Σακούλες Χαλιών 1 Τεμάχιο,0.95
2025-11-07,528254,Αγγέλων Θυμίαμα Φυτιλάκι από Μελισσοκέρι,1.78
2025-11-07,528702,Σπίρτα Ασφαλείας Με Παραστάσεις 100,0.51
2025-11-07,521027,Βάση Εστίας Ελ Γκρέκο CV470 Plus Μαύρο,7.15
2025-11-07,914190,Home Comfort Κρεμάστρα Πλαστική 3 τεμ,1.95
2025-11-07,911839,MY HOME πιάτα χάρτινα λευκά 19-5cm 20τεμ,1.69
2025-11-07,523007,Sanitas Αλουμινόχαρτο 20m (5-8T.M.),3.54
2025-11-07,516896,Airwick Αποσμητικό Χώρου Βανίλια & Άνθη Λεύκου Τσαγιού Ανταλλακτικό,4.15
2025-11-07,523012,Izzy Αντικολλητικό Χαρτί Φριτέζα Αέρος 50τεμ 1-7M²,5.95
2025-11-07,914188,Home Comfort Κρεμάστρα Ρούχων Velvet Μαύρη 3 Τεμάχια,2.15
2025-11-07,516402,Glade Αποσμητικό Χώρου Vanilla Blossom Spray 300ml,4.95
2025-11-07,914187,Home Comfort Κρεμάστρα Ρούχων Velvet Φούξια 3 Τεμάχια,2.15
2025-11-07,913166,Chef Pro Μαχαίρι Κρέατος Με Ξύλινη Λαβή 12-5cm,1.95
2025-11-07,521060,Βάση Εστίας Ελ Γκρέκο CV300Plus Μαύρο 240g,4.80
2025-11-07,908079,Χάρτινα Βιοδιασπώμενα Ποτήρια Λευκά 200ml 10τεμ,2.89
2025-11-07,516028,Airwick Freshmatic Ανταλλακτικό Vanilla & Orchid 250ml,4.89
2025-11-07,521062,Campingaz Βάση Ελ Γκρέκο Πράσινο Ανοιχτό 450gr,7.15
2025-11-07,523018,Sanitas Αντικολλητικά Φύλλα Ψησίματος Για Air Fryer 25τεμ 1-3M²,3.12
2025-11-07,913169,Chef Pro Μαχαίρι Ξεφλουδίσματος Με Ξύλινη Λαβή 9cm,1.95
2025-11-07,522036,Ecocasa Θήκη Φύλαξης Διάφανη 60x45x30cm,4.49
2025-11-07,956685,UHU Συλλέκτης Υγρασίας Ανταλλακτικό 450gr,1.94
2025-11-07,959816,Ποτήρι Χάρτινο 12 Μαύρο 25τεμ,2.59
2025-11-07,528035,BIC Mini Αναπτήρας Ασφαλείας J25 3τεμ,3.57
2025-11-07,959881,Συσκευασία Με Ποτήρι Διαφανές-Καπάκι & Καλαμάκι 10τεμ,2.29
2025-11-07,953148,Varta Longlife Power Alkaline AAA 6τεμ,4.19
2025-11-07,980054,My market Τσάντα Πολλαπλών Χρήσεων 42x36x19cm,0.94
2025-11-07,920922,Filtrex Φίλτρο Απορροφητήρα Άφλεκτο 15Τ,1.99
2025-11-07,520608,Fleriana Πλακέτα Φυσική Λεβάντα 3τεμ,2.38
2025-11-07,921687,Algoflash Φυτόχωμα 10lt,4.79
2025-11-07,908561,Κύκλωψ Αντλία Λαδιού Πλαστική,3.59
2025-11-07,911836,My Home Ποτήρι Ελληνικού Καφέ 130ml 50 τεμ,1.24
2025-11-07,959870,Επαναχρησιμοποιούμενα Κουταλάκια 10τεμ,0.99
2025-11-07,523610,My Home Σκεύη Τροφίμων No510 3 Tεμάχια,1.80
2025-11-07,523707,Fino Σακούλες Τροφίμων Μικρές 17x24cm 1lt No100 50τεμ,0.77
2025-11-07,911831,My Home Ποτήρι Αναψυκτικού Λευκό 350ml Νο4 50 τεμ,2.24
2025-11-07,528242,Cover Καρβουνάκια Γίγας 3cm 10τεμ,1.65
2025-11-07,516075,Airwick Freshmatic Ανταλλακτικό Magnolia & Cherry Blossom 250ml,4.89
2025-11-07,523721,Revan Λαδόχαρτο Αντικολλητικό 10m (3-85 τ.μ.),1.69
2025-11-07,532165,Tesa Ταινία Συσκευασίας Διαφανής 38ΜΜx66M N64014,2.86
2025-11-07,527011,Healthy Care Οινόπνευμα 70° 350ml,2.10
2025-11-07,959873,Ready2u Χάρτινα Πιάτα Τετράγωνα Σε Λευκό Χρώμα 23x23 20τεμ,2.65
2025-11-07,956690,Ready2U Συλλέκτης Υγρασίας Κουτί & 2 Ανταλλακτικά 400gr,3.49
2025-11-07,908069,Κοκλίκο Οδοντογλυφίδες Σε Χάρτινο Κουτί(Συσκευασία 250Τεμ),0.79
2025-11-07,528800,Tai Προσάναμμα Κύβοι Λευκοί 320gr,1.63
2025-11-07,521072,Energas Φιαλίδιο Υγραερίου 3x190gr,3.41
2025-11-07,521071,Energas Φιαλίδιο Υγραερίου Gbs 90gr,1.25
2025-11-07,516261,Glade Auto Spray Ανταλλακτικό Αποσμητικό Χώρου 2πλο Vanilla,8.35
2025-11-07,911377,My Home Καλαμάκια Χάρτινα Ίσια Πολύχρωμα 25τεμ,0.79
2025-11-07,517141,Glade Automatic Spray Αποσμητικό Χώρου Bali Sandalwood & Jasmine Αντ/κo 269ml,4.87
2025-11-07,523020,Sanitas Διαφανής Μεμβράνη 100 φύλλα (8-7Μ²),2.31
2025-11-07,913149,Τάπα Σιφωνιού Από Λάστιχο 15Φ,2.20
2025-11-07,908108,Φίλτρο Νεροχύτη Inox 7cm,0.90
2025-11-07,953149,Varta Longlife Power Alkaline AA 6τεμ,4.19
2025-11-07,521115,Camper Gaz Φιαλίδιο Με Βαλβίδα Ασφαλείας Πεταλούδες 500gr,5.14
2025-11-07,913692,Tabletop Pro Diana Ποτήρι Γυάλινο Νερού 360ml,0.99
2025-11-07,904208,Selena Στραχτοδοχεία Γυάλινα Διάφανο 10-5cm,1.40
2025-11-07,949920,Ποτήρι Νερού Texas Line 380ml,1.83
2025-11-07,907006,Sanitas Σκεύη Αλουμινίου Ορθογώνιο S32 2τεμ,3.94
2025-11-07,522043,Ecocasa Σακούλα Αποθήκευσης Κενό Αέρος 70x50 2Τεμάχια,3.82
2025-11-07,908076,Κοκλίκο Ξύλινα Πηρούνια 8τεμ,1.09
2025-11-07,901251,Chef Basics Φαγητοδοχείο Τετράγωνο 900ml,5.99
2025-11-07,955813,Tabletop Pro Orpheus Κουτάλι Φαγητού Inox 3Τεμάχια,4.49
2025-11-07,989102,Tabletop Pro Picnic 4 Χρωμάτων Μπωλ 480ml,0.99
2025-11-07,959798,Ποτήρι Χάρτινο Διπλότοιχο 8οz Μαύρο 25τεμ,2.09
2025-11-07,953116,Kodak Xtralife Μπαταρία Αλκαλική ΑΑΑ 4 τεμ,3.68
2025-11-07,912818,Matrix Καλαμάκια Χάρτινα Σπαστά Jumbo Χρωματιστά 7x230 25 τεμ,1.19
2025-11-07,516901,Airwick Essential Oils Συσκευή + Ανταλ/κό Βανίλια+Ορχιδέα 250ml,6.45
2025-11-07,528250,Αγγέλων Θυμίαμα 18gr No3 Διάφορα Αρώματα,0.99
2025-11-07,523208,Sanitas Παγοκυψέλες Απλές Δενόμενες,1.38
2025-11-07,516235,Glade Αρωματικό Χώρου Oil Διπλό Vanilla Ανταλλακτκό 90ml,8.03
2025-11-07,516892,Airwick Essential Oils Ηλ/κή Συσκευή + Ανταλ/κό Βανίλια+Ορχιδέα 19ml,4.89
2025-11-07,953007,Energizer Max Αλκαλικές Μπαταρίες ΑΑ 4τεμ,5.88
2025-11-07,516014,Glade Αποσμητικό Χώρου Relaxing Zen 300ml,4.95
2025-11-07,863228,Scotch Ταινία Συσκευασίας Αθόρυβη Καφέ 48mmx50m,2.02
2025-11-07,515584,Optical Wipes Πανάκια Γυαλιών 30τεμ,1.19
2025-11-07,901410,Tabletop Pro Cadmus Ποτήρι Γυάλινο Νερού 372ml,1.29
2025-11-07,918917,Κύκλωψ Θήκη Οδοντόβουρτσας Διάφορα Χρώματα,1.16
2025-11-07,911842,Πιάτα Χάρτινα Kraft Μεγάλα 23cm 10 τεμ,1.25
2025-11-07,521116,Camper Gaz Φιαλίδιο Με Βαλβίδα Ασφαλείας 500gr,5.14
2025-11-07,929002,Pierre Cardin Πιάτο βαθύ Sand 21cm,6.32
2025-11-07,908089,Κοκλίκο Ξύλινα Κουτάλια 8τεμ,1.09
2025-11-07,909209,Ready2U Pro Καλαμάκια Για Σουβλάκια 21-5cm 200 τεμ,1.39
2025-11-07,516062,Airwick Essentials Mist Αποσμητικό Χώρου Vanilla & Cherry Blossom Αντ/κο 20ml,5.93
2025-11-07,522223,Ionion Κουτί Αποθήκευσης Non Woven 60x40x35cm,11.10
2025-11-07,901263,Chef Basics Φαγητοδοχείο Παραλληλόγραμμο 1600ml,8.59
2025-11-07,956679,UHU Συλλέκτης Υγρασίας Λεβάντα 40gr,2.35
2025-11-07,528256,Αγγέλων Θυμίαμα Σετ (Μοσχοθυμίαμα-Λουμινάκια-Καρβουνάκια),2.29
2025-11-07,913168,Chef Pro Μαχαίρι Γενικής Χρήσης Με Ξύλινη Λάβη 9-8cm,1.88
2025-11-07,914299,Home Comfort Κρεμάστρα Μεταλλική Μωβ 5 τεμ,3.10
2025-11-07,517123,Botanica Αρωματικά Stick Βανίλια & Μανόλια Ιμαλαίων 80ml,8.99
2025-11-07,953117,Kodak Xtralife Μπαταρία Αλκαλική ΑΑ 4 τεμ,3.68
2025-11-07,516207,Glade Touch & Fresh Αποσμητικό Χώρου Σανταλόξυλο Γιασεμί Ανταλλακτικό,4.79
2025-11-07,516039,Airwick Freshmatic Αποσμητικό Χώρου Λεβάντα Ανταλλακτικό 250ml,4.89
2025-11-07,907009,Cook & Grill Σκεύη Αλουμινίου R50gr 2τεμ,3.74
2025-11-07,917400,Home Comfort Μαξιλάρι Βαμβακοσατέν 800gsm 50x70cm,12.95
2025-11-07,918951,Home Comfort Μαξιλαροθήκες 50x70cm Μέντα Σετ 2τεμ,5.99
2025-11-07,987002,Tabletop Pro Μπουκάλι Λαδιού Με Πώμα 500ml,2.99
2025-11-07,917101,Soupline Αρωματικά Φακελάκια Λεβάντα 3τεμ,4.10
2025-11-07,956680,UHU Συλλέκτης Υγρασίας Βανίλια 40gr,2.35
2025-11-07,914189,Home Comfort Κρεμάστρα Ξύλινη 3τεμ,3.70
2025-11-07,528001,Αγγέλων Θυμίαμα Λιβάνι Διάφορα Χρώματα,1.88
2025-11-07,913918,Chef Pro Μαχαίρι Γενικής Χρήσης Inox 9cm,2.49
2025-11-07,517765,Airwick Freshmatic Ανταλλακτικό Turquoise Oasis 250ml,4.89
2025-11-07,521042,Βάση Εστίας Ελ Γκρέκο CV470 Plus Λευκό,7.15
2025-11-07,918248,Home Basics Τηλέφωνο Μπάνιου-Σπιράλ-Βάση 3 Λειτουργιών,5.99
2025-11-07,901252,Chef Basics Φαγητοδοχείο Παραλληλόγραμμο 580ml,5.39
2025-11-07,901254,Chef Basics Φαγητοδοχείο Στρογγυλό 330ml,4.99
2025-11-07,901250,Chef Basics Φαγητοδοχείο Τετράγωνο 650ml,5.59
2025-11-07,915026,Saitis Κερί Αρωματικό Ποτήρι Βανίλια 165ml,3.30
2025-11-07,915023,Saitis Κεριά Αρωματικά Ρεσώ Βανίλια 4ωρών 25τεμ,3.99
2025-11-07,516003,Airwick Essential Mist Αποσμητικό Χώρου Παιώνια & Γιασεμί Ανταλλακτικό 20ml,5.93
2025-11-07,523207,Sanitas Roast In It Σακούλες Ψησίματος 35x43cm 8τεμ,3.25
2025-11-07,528034,BIC Megalighter Multi Αναπτήρας Πολλαπλών Χρήσεων - Μαυρο ή Μπλε 1τεμ,4.15
2025-11-07,517291,Glade Scented Oil Αποσμητικό Sand Ανταλλακτικό,3.98
2025-11-07,918077,Κύκλωψ Πιγκάλ Βούρτσα WC Λευκή,1.44
2025-11-07,522049,Ecocasa Σακούλες Αποθήκευσης Κενό Αέρος 100x70cm 2Τεμάχια,5.84
2025-11-07,910610,Et Plast Πιγκάλ WC Πλαστικό Ρηχό Στρογγυλό,3.30
2025-11-07,521081,Brat Gas Φιαλίδιο Υγραερίου Με Βαλβίδα Ασφαλείας 500gr,4.74
2025-11-07,516805,Airwick Stick-Up Αποσμητικό Χώρου,6.98
2025-11-07,918122,Home Comfort Κάδος Μπάνιου Στρογγυλός Μεταλλικός 5lt,6.54
2025-11-07,517290,Glade Scented Oil Vanilla Blossom Αποσμητικό Χώρου Ηλεκτρικό Σετ,4.78
2025-11-07,953027,Energizer Max Αλκαλικές Μπαταρίες ΑΑΑ 4τεμ,5.88
2025-11-07,901408,Tabletop Pro Cadmus Ποτήρι Γυάλινο Σφηνάκι 30ml,0.59
2025-11-07,955814,Tabletop Pro Orpheus Πιρούνι Φαγητού Inox 3τεμ,4.49
2025-11-07,910887,Home Basics Σαπουνοθήκη Λευκή,1.68
2025-11-07,516316,Airwick Freshmatic Ανταλλακτικό Vanilla & Orch 2τεμ,8.02
2025-11-07,959943,Ready 2U Ποτήρι Χάρτινο DW 120Z Κάπακι 10τεμ,2.50
2025-11-07,953067,Energizer Μπαταρίες Max Plus ΑΑ 6τεμ,6.83
2025-11-07,520005,Boss Καμφόρα σε Πλακέτα 12τεμ,2.90
2025-11-07,901438,Tabletop Pro Aria Γυάλινο Ποτήρι Νερού 365ml,2.10
2025-11-07,520004,Fleriana Φυσικό Σκοροαπωθητικό 5τεμ,2.74
2025-11-07,929006,Pierre Cardin Πιάτο Φρούτου 21cm,5.98
2025-11-07,915268,Memorial Light Κερί Αφιέρωσης 60Τ Κόκκινο,4.19
2025-11-07,917620,Casa Basics Πιάστρα Ριγέ Διάφορα Χρώματα 18x30cm,2.19
2025-11-07,830156,Καρέκλα Πλαστική Χωρίς Μπράτσα Μαργαρίτα Λευκή,8.99
2025-11-07,654977,Tesa Ταινία Συσκευασίας Διάφανη 66mm x 50mm,3.95
2025-11-07,901255,Chef Basics Φαγητοδοχείο Στρογγυλό 780ml,5.69
2025-11-07,955815,Tabletop Pro Orpheus Κουτάλι Τσαγιού Inox 3Τεμάχια,4.39
2025-11-07,910882,Home Basics Αντλία Σαπουνιού Μαύρη,2.52
2025-11-07,959944,Ready2u Ποτήρι Χάρτινο Dw 16OZ Kαπάκι 10τεμ,2.80
2025-11-07,906597,Chef Basic Ψαλίδι Οικιακής Χρήσης,2.09
2025-11-07,953105,Varta Μπαταρίες CR2032 Συσκ. 2 τεμ,2.25
2025-11-07,532161,Tesa Ταινία Διπλής Κολλητικής Οψης Ν56170 50mmx5m,4.19
2025-11-07,918352,Home Comfort Πετσέτα 100% Βαμβάκι Γκρι 50x90cm,3.57
2025-11-07,528157,Samba Προσάναμμα Κύβοι Λευκοί 270gr 32τεμ,1.61
2025-11-07,913167,Chef Μαχαίρι Γενικής Χρήσης Με Ξύλινη Λαβή 8-8cm,1.88
2025-11-07,917459,Κύκλωψ Σαπουνοθήκη Με Καπάκι Διάφορα Χρώματα,1.29
2025-11-07,516012,Glade Touch & Fresh Αποσμητικό Μπάνιου Ocean Adventure Σετ,5.76
2025-11-07,953119,Kodak Xtralife Μπαταρία Αλκαλική C 2 τεμ,4.39
2025-11-07,954709,Philips Λάμπα Led Κερί Θερμού Φωτός 25W B35 Ε14 WW FR ND 1SR,3.25
2025-11-07,516270,Airwick Active Fresh Σανδαλόξυλο & Βετιβέρ Ανταλλακτικό 228ml,6.29
2025-11-07,516276,Airwick Active Fresh Βανίλια & Ορχιδέα Ανταλλακτικό 228ml,6.29
2025-11-07,906599,Chef Basics Αυγοκόπτης Πλαστικός,1.79
2025-11-07,917622,Casa Basics Πιαστρα Καρώ Διάφορα Χρώματα 19x25cm,2.09
2025-11-07,919465,Chef Basic Σπάτουλα Διάτριτη Bamboo 30cm,1.25
2025-11-07,980910,Remington Ισιωτική Μαλλιών Shea Soft Straightener,49.90
2025-11-07,989103,TabletoP Pro Picnic Πλυντηρίου Πιάτων 4 Χρωμάτων 18.5cm,1.09
2025-11-07,963751,Conceptum Μιξεράκι Φραπέ Μπαταρίας 2ΑΑ,7.99
2025-11-07,516197,Airwick Αρωματικό Κερί Φρεσκοψημένο Μπισκότο,4.26
2025-11-07,532055,Tesa Ταινία Μασκαρίσματος (Χαρτοταινία) 30mmX50mm,3.81
2025-11-07,919033,Chef Basics Ανοιχτήρι Φελού Με Πτερύγια,4.98
2025-11-07,917181,Good Life Αρωματικά Φακελάκια 1τμχ,1.29
2025-11-07,939011,Tabletop Basics Κούπα Teracota Twist 420ml,2.84
2025-11-07,999733,Baker's Secret Πλαστικός Δοσομετρητής 600ml,2.99
2025-11-07,980055,Μy market Τσάντα Πολλαπλών Χρήσεων Κόκκινη 36x38x21cm,0.79
2025-11-07,517086,Glade Automatic Spray Romantic Vanilla Blossom Ανταλλακτικό,4.51
2025-11-07,830114,Νέκταρ Καρέκλα Πλαστική Απλή Με Μπράτσα Μπεζ - Πράσινη,8.99
2025-11-07,954006,Happy House Φωτάκι Νυχτός 5W,4.27
2025-11-07,516109,Airwick Freshmatic Ανταλλακτικό Satin & Moon Lily 250ml,4.89
2025-11-07,516134,Airwick Electrical Essential Oils Αντ/κό Lavender 19ml,4.15
2025-11-07,953036,Energizer Μπαταρίες Λιθίου CR2032 3V 2τεμ,3.98
2025-11-07,516019,Glade Sense & Spray Relaxing Zen Αποσμητικό Χώρου Ανταλλακτικό 18ml,5.58
2025-11-07,989101,Tabletop Pro Picnic 4 Χρωμάτων Ποτήρια Νερού 480ml,0.99
2025-11-07,830165,Καρέκλα Πλαστική Χωρίς Μπράτσα Χρωματιστή,8.99
2025-11-07,954013,Kodak Λάμπα Led Warm G45 E27 6W,3.96
2025-11-07,913782,Tabletop Pro Perseus Πιάτο Πιρούνι Φαγητού Inox 3Τεμάχια,4.29
2025-11-07,962065,Lariplast Ποτήρι Διαφανές Γρανίτας ΡΡ 36τεμ,2.19
2025-11-07,532057,Tesa Ταινία Μασκαρίσματος (Χαρτοταινία) 50mmX50m,4.82
2025-11-07,908483,Κύκλωψ Δοχείο Ροής Σάλτσας/Λαδιού 500 ml,2.19
2025-11-07,953118,Kodak Xtralife Μπαταρία Αλκαλική 9V,4.73
2025-11-07,953212,Energizer Μπαταρία Power Αλκαλική AΑΑ 8 τεμ,7.77
2025-11-07,955816,Tabletop Pro Orpheus Πιρουνάκι Γλυκού Inox Σετ 3τεμ,4.39
2025-11-07,910886,Home Basics Σαπουνοθήκη Μαύρη,1.68
2025-11-07,917628,Chef Basics Σετ Φαγητοδοχείων 5τεμ.,5.24
2025-11-07,516266,Airwick Active Fresh Θαλασσινή Αύρα & Μανόλια Ανταλλακτικό 228ml,6.29
2025-11-07,963578,Bianco Μιξεράκι Χειρός Μαύρο,10.96
2025-11-07,516063,Airwick Essentials Mist Αποσμητικό Χώρου Mand. & Orange Αντ/κο 20ml,5.93
2025-11-07,915013,My Home Κεριά Ρεσώ Λευκά 4 Ωρών 100 τεμ,6.95
2025-11-07,915022,Saitis Κεριά Αρωματικά Ρεσώ Φρούτα Δάσους 4ωρών 25τεμ,3.99
2025-11-07,954705,Philips Λάμπα Led Κλασσική Θερμού Φωτός 40W E27,4.20
2025-11-07,999739,Baker's Secret Πλαστικές Πολύχρωμες Επιφάνειες Κοπής 4τεμ,5.99
2025-11-07,999730,Bakers Secret Πλαστικός Αποφλοιωτής 3τεμ,3.99
2025-11-07,516293,Glade Αρωματικό Κερί Honey & Chocolate 112gr,5.08
2025-11-07,966708,Chef Pro Σπάτουλα Μαύρη 32cm,2.09
2025-11-07,921034,Ψεκαστήρι 900 CC 100T.,1.66
2025-11-07,917959,Ionion Πετσέτες Κουζίνας 40x60cm 400GSM (2 Τεμάχια),5.99
2025-11-07,516004,Airwick Essential Mist Αποσμητικό Χώρου Λεβάντα Ανταλλακτικό 20ml,5.93
2025-11-07,954892,Crystal Πολύμπριζο Ασφαλείας 3Θέσεων Διακόπτης Μαύρο,10.99
2025-11-07,962812,Home Comfort Premium Πάπλωμα Micro Διαφ Χρώματα 220x240cm 300gsm,19.99
2025-11-07,523016,Silver Fun Αλουμινόχαρτο 60m 17-4Μ²,8.43
2025-11-07,516280,Airwick Κερί Με Αιθέρια Έλαια Βανίλια & Αμύγδαλο 185ml,6.39
2025-11-07,906617,Chef Basics Μπρίκι Inox 340ml,4.99
2025-11-07,908510,Κύκλωψ Λεμονοστίφτης Πλαστικός Με Καρφί,3.22
2025-11-07,522048,Ecocasa Σακούλα Αποθήκευσης Κενό Αέρος 80x60cm 2Τεμάχια,4.69
2025-11-07,521302,Βάση Εστίας Ελ Γκρέκο CV470 Plus Special,7.15
2025-11-07,522296,Ionion Θήκη Οικονομίας Χώρου 75x110cm,2.90
2025-11-07,954218,Philips Λάμπα Led Κλασσική Θερμού Φωτός 11W Ε27,5.58
2025-11-07,910883,Home Basics Αντλία Σαπουνιού Λευκή,2.52
2025-11-07,910884,Home Basics Ποτήρι Μπάνιου Μαύρο,2.03
2025-11-07,527785,Αλκοολούχος Λοσιόν "Το Πρώτο" 70° 250ml,0.89
2025-11-07,517143,Glade Automatic Spray Relaxing Zen Αποσμητικό Χώρου Σετ,6.39
2025-11-07,516291,Airwick Active Fresh Αρρωματικό Χώρου Cotton 237ml,5.03
2025-11-07,966704,Chef Basics Σουρωτήρι Με Πλαστική Λαβή 23cm,2.02
2025-11-07,528079,Tai Κάρβουνα 3kg,6.75
2025-11-07,955016,Terra Ζυγαριά Κουζίνας Black,9.99
2025-11-07,516272,Airwick Active Fresh Σανδαλόξυλο & Βετιβέρ Συσκευή,7.69
2025-11-07,953066,Energizer Μπαταρίες Max Plus ΑΑΑ 6τεμ,6.83
2025-11-07,919019,Chef Basics Αποφλειωτής Μαύρος,1.74
2025-11-07,956671,Ariasana Συλλέκτης Υγρασίας Λεβάντα 450gr Ανταλλακτικό,4.05
2025-11-07,913907,Chef Pro Μαχαίρι Παπαγαλάκι Επαγγελματικό Inox 9cm,3.49
2025-11-07,517140,Glade Automatic Spray Bali Sandalwood & Jasmine Αποσμητικό Χώρου Σετ,6.39
2025-11-07,911321,Tefaco Θήκες Κέικ Νο 2 2-7Χ2cm 200τεμ,2.55
2025-11-07,528852,Fino Λιβάνι Κασετίνα 30gr,1.36
2025-11-07,918948,Home Comfort Μαξιλαροθήκες 50x70cm Εμπριμέ Πράσινο Σετ 2τεμ,5.99
2025-11-07,910894,Home Comfort Κουρτίνα Μπάνιου Υφασμάτινη Με Φύλλα 180cm,5.48
2025-11-07,989257,Home Comfort Πιγκαλ Στρογγυλό Μαύρο,5.94
2025-11-07,921233,Happy House Γάντια Κήπου Νιτριλίου Medium,1.20
2025-11-07,953122,Kodak Ultra Μπαταρίες Λιθίου CR2025 2τεμ,2.98
2025-11-07,953211,Energizer Μπαταρία Power Αλκαλική AA 8 τεμ,7.77
2025-11-07,954708,Philips Λάμπα Led Σφαιρική Θερμού Φωτός 25W P45 Ε14 WW FR ND,3.30
2025-11-07,955611,Chef Basics Κατσαρόλα Αλουμινίου Πράσινη 26cm,21.97
2025-11-07,901637,Tabletop Pro Olympus Κουτάλι Γλυκού Inox Σετ 3 Τεμ,2.99
2025-11-07,954055,Philips Λάμπα Led Κλασσική 8W E27 4t,4.59
2025-11-07,528080,Ronson Υγρό Αναπτήρων 133ml,2.27
2025-11-07,966718,Chef Basics Βάση Κουτάλας Σιλικόνης,1.14
2025-11-07,966723,Chef Basics Αυγοδάρτης Με Πλαστική Λαβή 23cm,3.50
2025-11-07,516269,Airwick Active Fresh Λεβάντα & Κρίνο Ανταλλακτικό 228ml,6.29
2025-11-07,954051,Happy House Λαμπάκι Ψυγείου 15w E14 2τεμ,1.96
2025-11-07,959872,Επαναχρησιμοποιούμενα Μαχαίρια 10τεμ,0.99
2025-11-07,516259,Glade T&F Αποσμητικό Χώρου Romatic Vanilla Blossom,4.55
2025-11-07,528022,Ronson Universal Αέριο Αναπτήρα Ανταλλακτικό,3.29
2025-11-07,901609,Home Comfort Ποτήρι Οδοντόβουρτσας Κεραμικό Λευκό 10.8x9x11,2.70
2025-11-07,906978,Pal Μπρίκι Αντικολλητικό Colors Νο10 500ml,8.99
2025-11-07,919017,Chef Basics Χωνί Inox,2.09
2025-11-07,901262,Chef Basics Φαγητοδοχείο Παραλληλόγραμμο 1300ml,7.69
2025-11-07,528251,Αγγέλων Θυμίαμα 45gr No2 Διάφορα Αρώματα,2.35
2025-11-07,528703,Σπίρτα Ασφαλείας BBQ 10cm Συσκευασία 50τεμαχίων,1.86
2025-11-07,939006,Tabletop Basics Μπωλ Πορς Λευκό Ματ 650ml,3.70
2025-11-07,918155,Home Comfort Καθρέφτης Επιτραπέζιος Ορθογώνιος Διπλής Όψης,5.53
2025-11-07,929003,Pierre Cardin Πιάτο Φρούτου Sand 21cm,5.98
2025-11-07,999699,Baker's Secret Πρέσα Σκόρδου Από Ανοξείδωτο Ατσάλι,4.99
2025-11-07,966710,Chef Pro Κουτάλα Τρυπητή Μαύρη,2.09
2025-11-07,966720,Chef Basics Σπάτουλες Ζαχαροπλαστικής Σετ 3τεμ,2.19
2025-11-07,516275,Airwick Active Fresh Βανίλια & Ορχιδέα Συσκευή,7.69
2025-11-07,999554,Baker's Secret Αποφλειωτής Σε Σχήμα Υ,4.49
2025-11-07,830774,Πολυθρόνα Μεταλλική Χρωματιστή Ραττάν 44x68x82cm,29.69
2025-11-07,919015,Chef Basics Κόφτης Πίτσας Inox,1.91
2025-11-07,921003,Όμορφος Κήπος Υγρό Λίπασμα Για Πράσινα Φυτά 500ml,3.93
2025-11-07,654000,WD-40 Σπρέι Smart Straw 250ml,7.57
2025-11-07,908084,Κύκλωψ Φαγητοδοχείο Πλαστικό Τετράγωνο Σετ 3τεμ,5.29
2025-11-07,914421,Ready2U Βιοδιασπόμενα Χάρτινα Καλαμάκια Με Ρίγες 25 Τεμάχια,0.95
2025-11-07,517118,Botanica Αρωματικό Κερί Βανίλια & Μανόλια Ιμαλαίων,7.98
2025-11-07,910612,Et Plast Πιγκάλ WC Τετράγωνο Κλειστό,6.46
2025-11-07,953123,Kodak Xtralife Μπαταρία Αλκαλική ΑΑ 24τεμ,11.99
2025-11-07,915030,Saitis Κερί Κορμός Αρωματικός Κανέλλα Πορτοκάλι 6cm,2.50
2025-11-07,516129,Glade Aromatherapy Diffuser Αρωματικό Stick Pure Happiness 80ml,7.22
2025-11-07,528853,Fino Μοσχολίβανο Κασετίνα 30gr,1.53
2025-11-07,962803,Home Comfort Μπουρνούζι Flannel Διάφορα Χρώματα One Size,14.95
2025-11-07,516315,Airwick Freshmatic Ανταλλακτικό Lavender & Cha Duo Pack,8.02
2025-11-07,516313,Glade Αποσμητικό Χώρου Pet Refresh Air 300ml,4.95
2025-11-07,516311,Glade Pet Automatic Σπρέυ Refresh Ανταλλακτικό 260ml,4.89
2025-11-07,928009,Tabletop Pro Orpheus Ποτήρι Cocktail Milk 300ml,1.35
2025-11-07,966711,Chef Basics Πλαστικός Δοσομετρητής 1lt,1.99
2025-11-07,949921,Ποτήρι Ουίσκι Texas Line 270ml,1.58
2025-11-07,959843,Καλαμάκια Ροφήματος Πολλαπλών Χρήσεων 20x0.73cm 6τεμ,2.30
2025-11-07,901599,Home Basic Πατάκι Microfiber Mat 1650gsm Μπλε 12/40x60cm,4.14
2025-11-07,921001,Όμορφος Κήπος Μπλε Λίπασμα Κοκκώδες 2kg,5.21
2025-11-07,911378,My Home Καλαμάκια Χάρτινα Ίσια Πολύχρωμα 25 τεμ,0.89
2025-11-07,521311,Εστία Ελ Γκρέκο Primal,23.97
2025-11-07,908892,Pal Titanium Φαγητοδοχείο Ανοξείδωτο Ορθογώνιο 600ml,8.39
2025-11-07,908893,Pal Titanium Φαγητοδοχείο Ανοξείδωτο Ορθογώνιο 1100ml,10.49
2025-11-07,919016,Chef Basics Τρίφτης Τετράγωνος Ανοξείδωτος,2.70
2025-11-07,908482,Κύκλωψ Δοχείο Ροής Σάλτσας/Λαδιού 1000ml,3.29
2025-11-07,908082,Κύκλωψ Φαγητοδοχείο Πλαστικό Ορθογώνιο Ταψί,4.99
2025-11-07,919461,Chef Basics Κουτάλα Bamboo 30cm,1.25
2025-11-07,953458,Energizer Power Μπαταρία Αλκαλική ΑΑΑ 4τεμάχια,4.43
2025-11-07,528004,BIC Megalighter Flex Relax Αναπτήρας Πολλαπλών Χρήσεων Μπλε 1 τεμ,4.80
2025-11-07,917319,Kreta Τραπεζομάντηλο Ν.2035 150x220cm,4.22
2025-11-07,528855,Fino Λουμινάκια Κασετίνα 14-5gr,1.12
2025-11-07,962829,Pierre Cardin Πετσέτα Κουζίνας Πετρόλ Μπεζ Σετ 2τεμ 40x70cm,5.03
2025-11-07,918158,Home Comfort Πλαστική Θήκη 3 θέσεων Με Bamboo Καπάκι,2.73
2025-11-07,999723,Baker's Secret Σπάτουλα Σιλικόνης 27cm,3.99
2025-11-07,999724,Baker's Secret Μαριζ Σιλικόνης 27cm,4.99
2025-11-07,918963,Home Comfort Μαξιλαροθήκες 50x70cm Σιέλ Σετ 2τεμ,5.99
2025-11-07,953142,Duracell Μπαταρίες Simply Alc Duracell MN-1500 AA 5τεμ,6.35
2025-11-07,906619,Chef Basics Σουρωτήρι Ανοξείδωτο 26cm,5.99
2025-11-07,954014,Kodak Λάμπα Led Day G45 E27 6W,3.96
2025-11-07,963695,Τerra Τοστιέρα 2 Θέσεων Μαύρη 750W,16.13
2025-11-07,908671,Σουρωτήρι Ρυζιού Με Δύο Χέρια Πλαστικό Ν.922,1.51
2025-11-07,918245,Home Basics Σπιράλ Μπάνιου 1.5m Με Επικάλυψη PVC,3.90
2025-11-07,921693,Φτυαράκι Μικρό Κήπου,2.97
2025-11-07,999137,Ready2U XL Ανταλλακτικό Ρολό Αποχνουδωτικό Για Μεγάλες Επιφάνειες 60Φύλλα,4.99
2025-11-07,906877,Pal Μπρίκι Αντικολλητικό Colors No 8 250ml,7.59
2025-11-07,919032,Chef Basics Σίτα Τηγανιού 29cm,2.79
2025-11-07,914423,Ready2U Βιοδιασπόμενα Χάρτινα Καλαμάκια Μαύρα 25 Τεμάχια,0.95
2025-11-07,908358,Cerve Lemonade Ποτήρια Νερού Γυαλίνα 250ml 6τεμ,5.25
2025-11-07,901405,Tabletop Pro Orpheus Ποτήρι Γυάλινο Κολωνάτο Κρασιού 315ml,1.62
2025-11-07,955002,Color Ταψί Ορθογώνιο Αντικολλητικό 41x33cm,15.49
2025-11-07,964036,Αλκοτέστ Μιας Χρήσης 2 τεμ,4.99
2025-11-07,955610,Chef Basics Κατσαρόλα Αλουμινίου Πράσινη 16cm,13.99
2025-11-07,918152,Home Basics Δοχείο Οργάνωσης Μπάνιου Σε Διάφορα Χρώματα,2.10
2025-11-07,999738,Baker's Secret Χάρτινες Θήκες Για Κεκάκια 150τεμ,1.99
2025-11-07,999722,Baker's Secret Πινέλο Σιλικόνης 24cm,3.99
2025-11-07,926009,Decorata Ποτήρια Χάρτινα Multicolor Bright Stars 8τεμ 200ml,2.49
2025-11-07,918947,Home Comfort Σεντόνι 240x260cm Εμπριμέ Πράσινο,11.99
2025-11-07,910893,Home Basics Κουρτίνα Μπάνιου Πλαστική Γαλάζια 180cm,4.14
2025-11-07,931013,Home Comfort Πετσέτες Λευκές 30x50cm 100% Βαμβάκι Σετ 2τεμ,2.94
2025-11-07,949922,Ποτήρι Μπίρας Billy Becer 370ml,1.59
2025-11-07,906598,Chef Basics Σουρωτήρι Πλαστικό Πτυσσόμενο,2.79
2025-11-07,919064,Chef Basics Λαβίδες Bamboo 12cm,1.89
2025-11-07,963687,Conceptum Μίξερ Χειρός Inox CIX-HM001,19.99
2025-11-07,830111,Νέκταρ Καρέκλα Πλαστική Απλή Χωρίς Μπράτσα Μπεζ Πράσινη,8.99
2025-11-07,963584,Bianco Πολυκόφτης 4 Λεπίδες Μαύρος 400W,25.99
2025-11-07,921232,Happy House Γάντια Κήπου Νιτριλίου Large,1.26
2025-11-07,837942,Unique Breeze Άρωμα Μπουκαλάκι Αυτοκινήτου 7ml,3.99
2025-11-07,522895,Ionion Θήκη Vacuum 2 Τεμαχίων 90x70cm,3.75
2025-11-07,918080,Κύκλωψ Αποφρακτήρας Νο 2,4.26
2025-11-07,517061,Glade Scented Oil Ηλεκτρικό Αποσμητικό Romantic Vanilla Ανταλλακτικό,3.98
2025-11-07,915094,Tabletop Basics Diana Πιρούνι Φαγητού Inox 3τεμ,5.56
2025-11-07,901528,Chef Basics Επιφάνεια Κοπής Bamboo 35x20cm,5.99
2025-11-07,906856,Baker's Secret Ταψί Muffin Αλουμινίου Αντικολλητικό 6 Θέσεων,4.95
2025-11-07,528257,Αγγέλων Θυμιατό Κεραμικό 7-5cm,3.47
2025-11-07,528815,Foco Ξυλοκάρβουνο 5kg,7.85
2025-11-07,532006,Pattex Ταινία Διπλής Όψεως 25x1-5cm,3.99
2025-11-07,917878,Command Ταινίες Κάδρων Επαν/νες Μεσαίες 8τεμ,5.20
2025-11-07,918159,Home Comfort Πλαστική Θηκή Τετράγωνη Με Bamboo Καπάκι,2.51
2025-11-07,999704,Bakers Secret Πρέσα Burger,4.99
2025-11-07,999686,Baker's Secret Ανοξείδωτο Αποφλοιωτής Πλαστική Λαβή,2.99
2025-11-07,999688,Baker's Secret Αυγοδάρτης Nylon 32-5cm,3.99
2025-11-07,902346,Tabletop Basics Κούπα Πορσελάνης Home 240ml,2.59
2025-11-07,966703,Chef Basics Ανοξείδωτη Κουτάλα Παγωτού Με Πλαστική Λαβή,2.49
2025-11-07,917076,Αρωματικές Πέρλες Με Άρωμα Λεβάντας,1.69
2025-11-07,910892,Home Basics Κουρτίνα Μπάνιου Πλαστική Ροδακινί 180cm,4.14
2025-11-07,955018,Terra Πολυκόπτης Με Δοχείο 400w,14.99
2025-11-07,931010,Home Comfort Πετσέτες Silver Sand 30x50cm 100% Βαμβάκι Σετ 2,2.94
2025-11-07,989256,Home Comfort Κάδος Μπάνιου Στρογγυλός Μεταλλικός Μαύρος 5lt,6.54
2025-11-07,516267,Airwick Active Fresh Δροσερό Λευκό Γιασεμί Ανταλλακτικό 228ml,6.29
2025-11-07,516253,Glade Αρωματικό Χώρου Ηλεκτρική Συσκευή Cappuccino Vanilla Ανταλλακτικό,5.75
2025-11-07,521117,Camper Gaz Deluxe Piezo Καμινέτο Υγραερίου,21.19
2025-11-07,528012,Artemis Προσάναμμα Ξύλινο 2kg,3.44
2025-11-07,919814,Chef Basics Ανοιχτήρι Κονσέρβας,2.10
2025-11-07,906454,Pal Granite Μπρίκι Νο 10 500ml,9.19
2025-11-07,522673,Quality Ταινία Αφρώδης Διπλής Όψεως Συγκράτησης Χαλιών 25ΜΜΧ5Μ,3.15
2025-11-07,953214,Energizer Μπαταρία Αλκαλική Α76 2 τεμ,2.64
2025-11-07,524012,Σπάγγος Βαμβακερός Για Ψησταριά Ν.150,2.56
2025-11-07,919462,Chef Basics Σπάτουλα Bamboo 30cm,1.25
2025-11-07,528008,BIC Sleeve Αναπτήρας Ασφαλείας J23 2τεμ,3.10
2025-11-07,953455,Energizer Power Μπαταρία Αλκαλική ΑΑ 4τεμάχια,4.42
2025-11-07,521018,Campingaz Καφέ εστία Ελ Γκρέκο N1003000,35.69
2025-11-07,901638,Tabletop Pro Olympus Πιρούνι Γλυκού Inox Σετ 3τεμ,2.99
2025-11-07,939005,Tabletop Basics Κουπορς Μπεζ Ματ 180ml,2.48
2025-11-07,918157,Home Comfort Καλάθι Οργάνωσης Μπάνιου Υφασμάτινο Medium,4.45
2025-11-07,516302,Glade Αρωματικό Κερί Anti-Tabac,5.08
2025-11-07,516290,Airwick Active Fresh Αρωματικό Χώρου Σπρέυ Fresh 237ml,5.03
2025-11-07,918955,Home Comfort Σεντόνι Με Λάστιχο 110x200+30cm Dusty Pink,9.99
2025-11-07,966719,Chef Basics Ανοιχτήρι Μπουκαλιών 4 Μεγέθη,1.79
2025-11-07,966716,Chef Basics Σουρωτήρι Ανοιξείδωτο 7cm,1.18
2025-11-07,918085,Home Comfort Παιδικό Πάπλωμα Διάφορα Σχέδια 110x150cm,15.90
2025-11-07,953143,Duracell Μπαταρίες Simply Alc MN-2400 AAA 5τεμ,6.35
2025-11-07,915265,Ηλεκτρικό Πλαστικό Κερί Σε Σχήμα Σταυρού XL Διάρκεια 150 Ημέρες,5.20
2025-11-07,840015,Ομπρέλα Βροχής RD-7512 25gr,4.95
2025-11-07,999556,Baker's Secret Λαβίδα 30cm,4.49
2025-11-07,913783,Tabletop Pro Perseus Κουταλάκι Τσαγιού Inox 3τεμάχια,3.99
2025-11-07,901074,Tabletop Basics Μπουκάλι Νερού Γυάλινο Βιδωτό Καπάκι 1lt,3.29
2025-11-07,921287,Florian Πράσινο Λίπασμα 950gr,2.95
2025-11-07,837939,Unique Coconut Άρωμα Μπουκαλάκι Αυτοκινήτου 7ml,3.99
2025-11-07,522784,Ionion Θήκη Αποθήκευσης Non Woven 65x100cm,2.25
2025-11-07,953043,Energizer Max Αλκαλική Μπαταρία Πλακέ 9V,5.58
2025-11-07,906512,Chef Basics Τηγάνι Αλουμινίου Αντικολλητικό 24cm,12.99
2025-11-07,837924,Ucare Αρωματικό Αυτοκινήτου Organic Can Cologne 35ml,4.35
2025-11-07,837914,Ucare Αντιψυκτικό Ψυγείου -25C 1lt,2.77
2025-11-07,913908,Chef Pro Μαχαίρι Ξεφλουδίσματος Επαγγελματικό Inox 7-5cm,3.49
2025-11-07,955812,Tabletop Pro Orpheus Μαχαίρι Φαγητού Inox 2 τεμ,4.49
2025-11-07,917108,Papstar Ισοθερμική Τσάντα 47x33cm 12L,1.74
2025-11-07,910868,Home Comfort Κουρτίνα Μπάνιου Υφασμάτινη 180cm,6.57
2025-11-07,962831,Pierre Cardin Σετ Γάντι Πιάστρα Πετρόλ,5.03
2025-11-07,901635,Tabletop Pro Olympus Πιρούνι Φαγητού Inox Σετ 3 Τεμ,3.59
2025-11-07,909230,Ready 2U Μπωλ Παγωτού 50Z 10τεμ,0.95
2025-11-07,959527,Papstar Σακούλες Κορνέ Διαφανείς 1.8lt 46x23cm +3Στόμια 10 Σακoύλες,3.40
2025-11-07,999732,Baker's Secret Πλαστικές Μεζούρες 4τεμ,2.99
2025-11-07,516299,Glade Reed Diffuser Refreshing Energy 80ml,7.30
2025-11-07,915009,Terra Keri Σιτρονέλα Μεταλλικό Δοχείο,2.99
2025-11-07,907208,Chef Classics Κατσαρόλα Μπεζ 16cm,16.99
2025-11-07,915266,Memorial Light Κερί Αφιέρωσης Κόκκινο,2.99
2025-11-07,906616,Chef Basics Μπρίκι Inox 227ml,4.49
2025-11-07,954017,Kodak Λάμπα Led A60 E27 Day 15W,6.01
2025-11-07,963685,Conceptum Τοστιέρα Inox,20.16
2025-11-07,954003,Happy House Προέκταση 3m Σούκο,7.51
2025-11-07,921005,Όμορφος Κήπος Θειικός Σίδηρος 1kg,2.27
2025-11-07,963732,Bianco Τοστιέρα Grill 750W,27.11
2025-11-07,921694,Κλαδευτήρι Κήπου,3.92
2025-11-07,532186,Tesa Ηλεκτρομονωτική Ταινία Μαύρη 20x19mm,3.08
2025-11-07,532312,Tesa Σελοτέιπ Ν.37345 BL 33x15mm,2.58
2025-11-07,919026,Chef Basics Πινέλο Σιλικόνης,2.79
2025-11-07,912104,Papstar Καλαμάκια Για Σουβλάκια 2-5mm x 20cm 200 τεμ,1.49
2025-11-07,911010,Pap Star Θήκες Κέικ Διάφορα Σχέδια Χάρτινες 2-5x6cm 60τεμ,2.29
2025-11-07,908085,Κύκλωψ Fresco Φαγητοδοχείο Ορθογώνιο Σετ 8τεμ,11.99
2025-11-07,919813,Chef Basics Πρέσα Σκόρδου,2.97
2025-11-07,915092,Tabletop Basics Diana Κουτάλι Φαγητού Inox 3τεμ,5.55
2025-11-07,522247,Ionion Κουτί Αποθήκευσης Non Wooven 40x40x25cm,8.58
2025-11-07,953127,Kodak Xtralife Μπαταρία Αλκαλική ΑΑΑ 24τεμ,11.99
2025-11-07,918191,Home Basic Κουρτίνα Μπάνιου Πλαστική Γκρί 180cm,4.14
2025-11-07,528801,Tai Ξύλινο Προσάναμμα Οικολογικό 180gr,1.41
2025-11-07,906868,Baker's Secret Φόρμα Κέικ Στρογγυλή Αλουμινίου Αντικολλητική 28cm,9.99
2025-11-07,955809,Tabletop Pro Hercules Κουτάλι Espresso Inox Σετ 3 τεμαχίων,1.99
2025-11-07,915029,Saitis Κερί Κορμός Αρωματικός Γιασεμί 6cm,2.50
2025-11-07,954212,Philips Λάμπα Led Filament Κλασσική 60W Ε27,6.20
2025-11-07,955609,Chef Basics Aluminun Tηγάνι Πράσινο 20cm,9.97
2025-11-07,964035,Terra Φουρνάκι 1800W 30lt Μαύρο,69.34
2025-11-07,921059,Γλάστρα No 4,3.99
2025-11-07,918156,Home Comfort Καλάθι Όργάνωσης Μπάνιου Υφασμάτινο Small,3.82
2025-11-07,966713,Chef Basics Λαβίδα Σαλάτας Πλαστική 30cm,0.95
2025-11-07,966722,Chef Basics Αυγοδάρτης Με Πλαστική Λαβή 23cm,2.99
2025-11-07,910891,Home Basics Πατάκι Μπάνιου Σενιλ Ροδακινί 40x60cm,3.57
2025-11-07,931011,Home Comfort Πετσέτα Silver Sand 50x90cm 100% Βαμβάκι,4.17
2025-11-07,906615,Chef Basics 1+1 Φαγητοδοχεία + Δώρο Τρίφτης,7.99
2025-11-07,918256,Tabletop Pro Jason Ποτήρι Νερού 290ml,1.70
2025-11-07,522062,Αφρώδης Ταινία Διπλής Όψεως Λευκή 19mm x 5m,4.99
2025-11-07,910938,Home Comfort Παιδική Velvet 3T,2.20
2025-11-07,901737,Home Comfort Αντλία Κεραμική Γκρι,3.06
2025-11-07,963677,Conceptum Κουρευτική Μηχανή CP-M020 Μπλε,12.25
2025-11-07,921007,Όμορφος Κήπος Λίπασμα Κρυσταλλικό 500gr,3.93
2025-11-07,918244,Home Basics Σπιράλ Μπάνιου 1-5m,3.60
2025-11-07,963586,Bianco Βραστήρας Μαύρος 2200W,22.96
2025-11-07,953104,Varta Μπαταρίες CR2025 Συσκ. 2 τεμ,2.25
2025-11-07,532126,Tesa Ταινία Συσκευασίας Καφέ 50mmX66m N57168,3.95
2025-11-07,914427,Ready2U Green 1/1 Χάρτινα Καλαμάκια Χρωματιστά 6x200 25 Τεμάχια,1.09
2025-11-07,954900,Bianco Πολύπριζο 3 Θέσεων Σούκο Λευκό,4.96
2025-11-07,837940,Unique Jasmine Άρωμα Μπουκαλάκι Αυτοκινήτου 7ml,3.99
2025-11-07,517136,Botanica Αρωματικά Stick Τριαντάφυλλο & Αφρικανικό Γεράνι,8.99
2025-11-07,901406,Tabletop Pro Orpheus Ποτήρι Γυάλινο Κολωνάτο Κρασιού 415ml,2.34
2025-11-07,528155,Δαδί Φυσικό Προσάναμμα Πεύκου 0-006Μ3 2kg,5.23
2025-11-07,517144,Glade Automatic Spray Relaxing Zen Αποσμητικό Χώρου Ανταλλακτικό 269ml,4.84
2025-11-07,910866,Home Basics Πατάκι Μπάνιου Σενίλ Γκρι 40x60cm,3.57
2025-11-07,901272,Kyvos Ποτήρι Κρασιού Γυάλινο 15.5cl Σετ 6 τεμαχίων,4.80
2025-11-07,953144,Tesla Black Μπαταρία Αλκαλική ΑAA 4τεμ,3.60
2025-11-07,939003,Tabletop Basics Κούπα Λευκό Ματ 180ml,2.48
2025-11-07,919136,Baker's Secret Κουτάλα Σιλικόνης 32cm,4.99
2025-11-07,918952,Home Comfort Σεντόνι 170x260cm Floral,9.99
2025-11-07,964018,Home Comfort Μπουρνούζι Fleece One Size Διάφορα Χρώματα,14.95
2025-11-07,966706,Chef Pro Σπάτουλα Διάτρητη Μαύρη 32cm,2.09
2025-11-07,966707,Chef Pro Κουτάλα Σερβιρίσματος Μαύρη 33cm,2.09
2025-11-07,966715,Chef Basics Κόσκινο Με Μηχανισμό,4.49
2025-11-07,907209,Chef Classics Κατσαρόλα Μπεζ 20cm,23.99
2025-11-07,931012,Home Comfort Πετσέτα Silver Sand 70x140cm 100% Βαμβάκι,7.63
2025-11-07,931004,Home Comfort Πετσέτες Σοκολά 30x50cm 100% Βαμβάκι Σετ 2τεμ,2.10
2025-11-07,911680,Tabletop Ισοθερμικό Δοχείο Με Μαύρο Καπάκι 380ml,9.90
2025-11-07,830153,Τραπεζάκι Πλαστικό Λευκό 45x45cm,9.99
2025-11-07,901738,Home Comfort Ποτήρι Οδοντόβουρτσας Κεραμικό Γκρι 10.8x9x11,2.70
2025-11-07,901604,Home Comfort Αντλία Σαπουνιού Κεραμική Λευκή 6.3x6.3x19.5,3.06
2025-11-07,963680,Estia Σίδερο Ατμού Κεραμική Πλάκα 2200W,24.99
2025-11-07,830124,Estia Βούρτσα Καθαρισμού Διπλή BBQ,2.55
2025-11-07,999558,Baker's Secret Ανοιχτήρι Πολλαπλών Χρήσεων,1.75
2025-11-07,954002,Happy House Σταυρός Σούκο,3.46
2025-11-07,921004,Όμορφος Κήπος Υγρός Σίδηρος 500ml,3.93
2025-11-07,962066,Lariplast Ποτήρι Διαφανές Νερού PET Συσκευασία 24τεμ,1.69
2025-11-07,830150,Mr.Grill Αντικολλητική Μεμβράνη,7.99
2025-11-07,532054,Tesa Ταινία Αυτοκόλλητη Διάφανη 15mmX66mm,3.07
2025-11-07,954901,Bianco Πολύπριζο Σούκο 3 Θέσεων Με Διακόπτη Λευκό,6.90
2025-11-07,837943,Unique Cherry Άρωμα Μπουκαλάκι Αυτοκινήτου 7ml,3.99
2025-11-07,516005,Airwick Essential Mist Αποσμητικό Χώρου Λεμόνι & Θυμάρι 20ml,5.93
2025-11-07,908894,Pal Titanium Φαγητοδοχείο Ανοξείδωτο Ορθογώνιο 1900ml,13.09
2025-11-07,906513,Chef Basics Τηγάνι Αλουμινίου Αντικολλητικό 26cm,14.99
2025-11-07,906514,Chef Basics Τηγάνι Αλουμινίου Αντικολλητικό 28cm,16.99
2025-11-07,954767,Kodak Λάμπα Led G45 E14 6W Warm,4.18
2025-11-07,954772,Kodak Λάμπα Led A60 E27 10W Warm,4.60
2025-11-07,953121,Kodak Xtralife Μπαταρία Αλκαλική D 2 τεμ,6.57
2025-11-07,913900,Chef Pro Μαχαίρι Σεφ Επαγγελματικό Inox Με Λάμα 20cm,5.99
2025-11-07,906859,Baker's Secret Φόρμα Κέικ Αλουμινίου Αντικολλητική 26cm,8.99
2025-11-07,954220,Philips Λάμπα Led Filament Κερί 40W E14,5.79
2025-11-07,954706,Philips Λάμπα Led Κερί Θερμού Φωτός 5W Ε14,4.10
2025-11-07,527907,Alfa Φωτιστικό Πετρέλαιο 1L,5.53
2025-11-07,528148,Artemis Ξυλοκάρβουνο 10kg,16.99
2025-11-07,917879,Command Ταινίες Κάδρων Επαν/νες Μεγάλες 8τεμ,5.82
2025-11-07,516314,Airwick Ηλεκτρικό Ανταλλακτικό Vanilla Duo Pac,8.99
2025-11-07,921058,Γλάστρα No 2,2.35
2025-11-07,939010,Tabletop Basics Kούπα Γκρι Twist 420ml,2.84
2025-11-07,920001,Filtrex Φίλτρο Απορροφιτικό 45x73cm 50τεμ,5.90
2025-11-07,516300,Glade Αρωματικό Κερί Pure Happiness 170gr,9.18
2025-11-07,918957,Home Comfort Μαξιλαροθήκες 50x70cm Dusty Pink Σετ 2τεμ,5.99
2025-11-07,966705,Chef Basics Κουτάλα Ζυμαρικών Μαύρη 32cm,2.09
2025-11-07,862053,Bison Double Fix Ταινία Διπλή 1-5m x 19xx,4.15
2025-11-07,955021,Terra Black Φρυγανιέρα,16.49
2025-11-07,830168,Πολυθρόνα Πλαστική Καφέ Rattan,25.37
2025-11-07,516277,Airwick Active Fresh Λεβάντα-Νυχτολούλουδο Αρωματικό Χώρου Σπρέι 237ml,4.52
2025-11-07,963927,Remington Σεσουάρ My Stylist 1900W,23.60
2025-11-07,980300,Ready2U Καρότσι Λαικής 33lt,8.90
2025-11-07,914257,Saitis Κερί Ποτήρι Πλαστικό Γκρί Pumpkin Spice 180gr,4.60
2025-11-07,516227,Airwick Αρωματικό Κερί Frosted Roses & Snowberry 105gr,4.26
2025-11-07,528021,Tai Paraffin Παραφινέλαιο 500ml,3.80
2025-11-07,953141,Varta Μπαταρίες Eαπαναφ. ΑΑΑ 800mah 2 τεμάχια,4.89
2025-11-07,954019,Kodak Λάμπα Led Day A60 B22 12W,4.79
2025-11-07,654631,Ucare Καθαριστικό Ταπετσαρίας 500ml,6.29
2025-11-07,961011,Λουκέτο Μπρούτζινο Απλό 25mm,3.31
2025-11-07,963699,Hycleaning Σακούλες Ηλεκτρικής Σκούπας 12 Εταιρειών 5τεμ,6.50
2025-11-07,963747,Hycleaning Σακούλες Ηλεκτρικής Σκούπας 4 Εταιρειών 5τεμ,6.50
2025-11-07,901600,Home Basic Πατάκι Microfiber Mat 1650gsm Γκρι 12/40x60cm,4.14
2025-11-07,901525,Chef Basics Εργαλεία Κουζίνας Bamboo (Συσκευασία 6Τεμ),4.89
2025-11-07,521005,Εστία Ελ Γκρέκο Master,36.78
2025-11-07,999571,Baker's Secret Κλιπ Σακούλας Σετ 6 Τεμάχια,6.99
2025-11-07,999568,Baker's Secret Μεγάλο Σουρωτήρι 36-5 cm,7.99
2025-11-07,659929,Pal Μπρίκι Αντικολλητικό No 9 380ml Colors,8.49
2025-11-07,963587,Bianco Σίδερο Ατμού 2000W,24.35
2025-11-07,963577,Bianco Στυπτήριο Μαύρο 25W,17.99
2025-11-07,517109,Botanica Αρωματικό Stick Ανανάς & Δενδρολίβανο Τυνησίας 80ml,8.99
2025-11-07,516147,Airwick Αρωματικό Κερί Apple & Cinnamon 105gr,4.26
2025-11-07,516856,Airwick Αρωματικό Κερί Vanilla & Brown Sugar 105gr,4.26
2025-11-07,516041,Glade Touch & Fresh Αποσμητικό Μπάνιου Ocean Adventure Ανταλλακτικό,4.79
2025-11-07,837926,Ucare Αποσμητικό Αυτοκινήτου Spray Fresh 75ml,4.13
2025-11-07,910857,Et Plast Πεντάλ Κουζίνας Ορθογώνιο 35lt,17.90
2025-11-07,915093,Tabletop Basics Diana Μαχαίρι Φαγητού Inox 3τεμ,5.99
2025-11-07,954766,Kodak Λάμπα Led GU10 5W Day,3.86
2025-11-07,906453,Pal Granite Μπρίκι Νο 9 380ml,8.29
2025-11-07,840080,Rainy Days Ομπρέλα Μίνι 54cm Εμπριμέ,4.32
2025-11-07,918365,Home Comfort Πετσέτα 100% Βαμβάκι Λευκό 70x140cm,7.63
2025-11-07,913904,Chef Pro Μαχαίρι Κρέατος Επαγγελματικό Inox 20cm,6.99
2025-11-07,904592,Tabletop Basic Σετ Κανάτας 1-1lt Με 6 Ποτήρια Γυάλινη,7.49
2025-11-07,919123,HomeComfort Κάδος Μεταλλικός Απορριμμάτων Στρογγυλός 12lt,23.90
2025-11-07,954219,Philips Λάμπα Led 35W GU10 White,6.10
2025-11-07,516018,Glade Sense & Spray Αποσμητικό Χώρου Relaxing Zen Σετ,6.98
2025-11-07,910865,Home Basics Πατάκι Μπάνιου Σενίλ Μωβ 40x60cm,3.57
2025-11-07,917882,Command Γαντζάκι Διαφανές 6τεμ,5.42
2025-11-07,917871,Command Γαντζάκι Μπάνιου Μεσαίο 2τεμ,4.62
2025-11-07,521068,Καλημέρα Φιαλίδιο Υγραερίου Κίτρινο 500gr,3.95
2025-11-07,955054,Conceptum Home Σεσουάρ Ιόντων,44.99
2025-11-07,918160,Ηome Comfort Πλαστική Θηκή Στρογγυλή Με Bamboo Καπάκι,1.95
2025-11-07,918153,Home Βasics Καλάθι Οργάνωσης Μπάνιου Γκρί,4.13
2025-11-07,919139,Baker's Secret Σπάτουλα Σιλικόνης Διάτρητη 34cm,5.05
2025-11-07,999685,Baker's Secret Ανοξείδωτο Τρίφτης Μικρός,7.50
2025-11-07,999684,Baker's Secret Ανοιξείδωτος Τρίφτης Μεγάλος,7.50
2025-11-07,918946,Home Comfort Σεντόνι 170x260cm Εμπριμέ Πράσινο,9.99
2025-11-07,928008,Tabletop Pro Hercules Ποτήρι Γυάλινο Νερού 290ml,1.12
2025-11-07,919455,Chef Basics Πιρούνα Bamboo 30cm,1.25
2025-11-07,955009,Happy House Σεσουάρ Λευκό 2000w,17.99
2025-11-07,516271,Airwick Active Fresh Δροσερό Λευκό Γιασεμί Συσκευή,7.69
2025-11-07,528024,Dragon Καθαριστικός Κορμός Τζακιού,4.89
2025-11-07,914261,Saitis Κεριά Ρεσώ Φούξια Baby Powder 6x40gr,5.50
2025-11-07,516236,Glade Αρωματικό Χώρου Fresh Lemon 300ml,4.77
2025-11-07,999584,Baker's Secret Τηγάνι Αντικολλητικό 24cm,19.99
2025-11-07,528020,Alfa Gold Φωτιστικό Λάδι 1lt,3.25
2025-11-07,954018,Kodak Λάμπα Led Warm A60 B22 12W,4.79
2025-11-07,999563,Baker's Secret Μεγάλο Γάντι Σιλικόνης 38cm,11.99
2025-11-07,516002,Airwick Essential Mist Armonia Παιώνια & Γιασεμί Σετ Συσκευή + Ανταλλακτικό 20ml,7.52
2025-11-07,917890,Command Γατζάκι Clear Μεσσαίο Μέγεθος Οβάλ Διάφανο,4.17
2025-11-07,919638,Tabletop Pro Μύλος Πιπεριού Ακρυλικός 13x5cm,6.67
2025-11-07,963688,Conceptum Λεμονοστίφτης Inox 40W 12τεμ,18.17
2025-11-07,522008,Quality Αφρώδης Μόνωση Πόρτας Premum Γκρι 95cm,6.81
2025-11-07,963407,Izzy Σίδερο Ατμού Atlas Ceramic 2200 IZ-1104,31.43
2025-11-07,963585,Bianco Τοστιέρα & Grill Μαύρη,23.19
2025-11-07,963429,Bianco Καφετιέρα Μαύρη,29.99
2025-11-07,837941,Unique Bubble Gum Άρωμα Μπουκαλάκι Αυτοκινήτου 7ml,3.99
2025-11-07,837938,Unique Vanilla Άρωμα Μπουκαλάκι Αυτοκινήτου 7ml,3.99
2025-11-07,906515,Chef Basics Τηγάνι Αλουμινίου Αντικολλητικό 30cm,17.99
2025-11-07,837916,Ucare Πανάκι Επαγγελματικό Microfibre 60x40cm,2.92
2025-11-07,956669,Ariasana Συλλέκτης Υγρασίας 450gr,12.80
2025-11-07,910611,Et Plast Δοχείο Απορριμάτων WC 10 lt,11.99
2025-11-07,521789,Brat Gas Καμινέτο Υγραέριο Πλαστικό,12.96
2025-11-07,963082,Remington Ισιωτικό Μαλλιών Τιτανίου,26.15
2025-11-07,917889,Command ΑνταλλακτικέςΤαινίες Γενικής Χρήσης Διπλής Οψεως 10Τεμ,4.12
2025-11-07,918665,Deco Ταπέτο Γενικής Χρήσης Αντιολισθητικό 53x80cm,13.50
2025-11-07,837197,Bison Σιλικόνη Γενικής Χρήσης Διάφανο 60ml,3.61
2025-11-07,830796,Τραπέζι Μεταλλικό Στρογγυλό Μαύρο 60cm,23.98
2025-11-07,528816,Foco Ξυλοκάρβουνο 10kg,14.63
2025-11-07,906994,Color Ταψί Στρογγυλό Αντικολλητικό Νο 30,11.49
2025-11-07,953454,Energizer Power Μπαταρία Αλκαλική 9v 12t,4.18
2025-11-07,917877,Command Ταινίες Κάδρων Επαν/νες Μικρές 8τεμ,4.68
2025-11-07,964040,Conceptum Home Καφετιερα Eλληνικού Καφέ,34.89
2025-11-07,901636,Tabletop Pro Olympus Κουτάλι Φαγητού Inox Σετ 3 Τεμ,3.59
2025-11-07,913691,Tabletop Pro Jason Γυάλινο Ποτήρι Wiskey 300ml,1.76
2025-11-07,919138,Bakers Secret Κουτάλα Σιλικόνης Βαθιά 32cm,5.05
2025-11-07,955033,Conceptum Σύστημα Σιδερώματος CCS-DG199 2700W,54.99
2025-11-07,966709,Chef Pro Κουτάλα Σούπας Μαύρη 31cm,2.09
2025-11-07,966717,Chef Basics Σουρωτήρι Ανοιξοίδωτο 18cm,3.54
2025-11-07,987005,Tabletop Pro Μεταλλική Φρουτιέρα 25x13cm,4.98
2025-11-07,987009,Tabletop Pro Προσ. Βάση Pl 25x18cm Σετ 2τεμ,6.99
2025-11-07,966712,Chef Basics Κόσκινο Μεταλλικό 21cm,9.99
2025-11-07,955015,Estia Φραπεδιέρα Ivory 100w,24.99
2025-11-07,955010,Happy House Τοστιέρα 700W,15.96
2025-11-07,915264,Το Βυζαντινό Εξωκλήσι Ηλεκτρικό Κερί Με Διακόπτη,5.50
2025-11-07,918452,Ready2u Ταπέτο Εξώπορτας 45x75cm,7.63
2025-11-07,919989,Ισοθερμική Κούπα Pal Colors 350ml,8.49
2025-11-07,963916,Conceptum Ηλεκτρική Εστία Inox,13.27
2025-11-07,914256,Saitis Κερί Ποτήρι Πλαστικό Λίλα Wild Fig 180gr,4.60
2025-11-07,963000,Conceptum Αφυγραντήρας 1800ml,54.99
2025-11-07,954023,Kodak Λάμπα Led Warm A60 E27 1W 3τεμ,10.84
2025-11-07,954015,Kodal Λάμπα Led Warm C37 E14 6W Σετ 3τεμ,9.73
2025-11-07,913781,Tabletop Pro Perseus Κουτάλι Φαγητού Inox 3Τεμάχια,4.29
2025-11-07,963683,Conceptum Home Ηλεκτρικός Βραστήρας Inox 1-8 lt,20.15
2025-11-07,830123,Estia Πιρούνα BBQ 42cm,3.29
2025-11-07,921168,It's Magic Επεκτεινόμενο Λάστιχο Κήπου 7.5 Medium,18.93
2025-11-07,963583,Bianco Φραπιέρα Μαύρη,24.99
2025-11-07,528828,Tai "My BBQ" Μπρικέτες 4kg,8.03
2025-11-07,532187,Tesa Ηλεκτρομονωτική Ταινία Λευκή 20mx19mm,3.08
2025-11-07,516029,Airwick Freshmatic Ανταλλακτικό Αποσμητικό Χώρου Freesia & Jasmine 250ml,4.98
2025-11-07,521059,Εστία Ελ Γκρέκο Classic,26.99
2025-11-07,906511,Chef Basics Τηγάνι Αλουμινίου 20cm,10.99
2025-11-07,908107,Κύκλωψ Πιατοθήκη Πλαστική 37x28-5x9cm,5.69
2025-11-07,529534,Κύκλωψ Κάδος Με Αιωρούμενο Καπάκι Γκρι/Μαύρο 55lt,22.89
2025-11-07,517059,Glade Scented Oil Sandalwood & Jasmine Αποσμητικό Χώρου Ηλεκτρικό Σετ,4.78
2025-11-07,517135,Botanica Αρωματικά Stick Βετιβερ Καραϊβικής & Σανδαλόξυλο 80 ml,8.99
2025-11-07,837922,Ucare Αρωματικό Αυτοκινήτου Can Coconut 35ml,4.35
2025-11-07,913905,Chef Pro Μαχαίρι Ψωμιού Επαγγελματικό Inox 20cm,6.49
2025-11-07,906860,Chef Basics Φόρμα Λυόμενη Αλουμινίου Αντικολλητική 26cm,10.99
2025-11-07,918666,Deco Ταπέτο Γενικής Χρήσης Αντιολισθητικό 53x120cm,19.50
2025-11-07,521788,Brat Gas Φιάλη Βουτανίου Mε Gas Stop 500gr,4.72
2025-11-07,532007,Pattex Power Tape Black 50mm x 5m,3.42
2025-11-07,522665,Quality Αεροστόπ Αφρώδες Αυτοκόλλητο Λευκό 15mmx6mmx10m,2.09
2025-11-07,832925,Baker's Secret Αντικολλητικό Ταψί Muffin 26cm,5.69
2025-11-07,832923,Baker's Secret Belle Τηγάνι Γκριλιέρα 26cm,31.98
2025-11-07,521069,Καλημέρα Φιαλόδιο Υγραερίου Μπεζ 500ml,3.95
2025-11-07,921071,Επιτοιχία Βάση Για Λάστιχο Ποτίσματος Μεταλλική,4.90
2025-11-07,862058,HP Αριθμομηχανή 8 Ψηφία,9.99
2025-11-07,921057,Γλάστρα Νο 3,3.17
2025-11-07,913755,Aquaphor Jasper Blue Κανάτα Φιλτραρίσματος Νερού Maxfor 1-4lt,21.90
2025-11-07,999742,Baker's Secret Θερμόμετρο Κρέατος 13cm,3.49
2025-11-07,966701,Chef Basics Καρυδοσπάστης 15-5cm,3.90
2025-11-07,987001,Tabletop Pro Τραπεζομάντηλο Pol 140x200cm Διάφανο Χρώμα,8.50
2025-11-07,516278,Airwick Κερί Με Αιθέρια Έλαια Φρεσκοψημένο Μπισκότο 185ml,6.39
2025-11-07,915267,Memorial Light Κερί Αφιέρωσης 50Τ Κόκκινο,3.59
2025-11-07,918453,Ready2u Ταπέτο Εξώπορτας Σχήματα 45x75cm,7.63
2025-11-07,516262,Airwick Freshmatic Αρωματικό Χώρου Mystical Garden Ανταλλακτικό,4.89
2025-11-07,901799,Tabletop Ισοθερμικό Δοχείο Με Μαύρο Καπάκι 380ml,9.90
2025-11-07,963915,Conceptum Home Ηλεκτρικός Βραστήρας Γυάλινος 1500w,22.79
2025-11-07,914264,Saitis Ρεσώ Πολυκαρβονικά Γκρί Pumpkin Spice 6x40gr,5.50
2025-11-07,914262,Saitis Κεριά Ρεσώ Πολυκαρβονικά Σομόν Orangina 6x40gr,5.50
2025-11-07,914255,Saitis Κερί Ποτήρι Πλαστικό Σομόν Organgina 180gr,4.60
2025-11-07,864142,Tesa Invisible Φιλμ HFB 33m x 19mm,2.45
2025-11-07,528000,My Lighting Stories Προσάναμμα Υγρό 500ml,3.59
2025-11-07,914002,Velcro Δεματικά Καλωδίων Ρολό Μαύρο 10mm x 5m,7.90
2025-11-07,963750,Conceptum Φραπιέρα Χρωμίου 100W,24.99
2025-11-07,954009,Kodak Λάμπα Πυρακτώσεως Clear Led A60 E27 8W,5.76
2025-11-07,954016,Kodak Λάμπα Led Warm A60 E27 15W,6.01
2025-11-07,654632,Ucare Γυαλιστικό Ελαστικών 500ml,6.99
2025-11-07,961010,Λουκέτο Μπρούτζινο Απλό 30mm,4.92
2025-11-07,961012,Λουκέτο Μπρούτζινο Μακρύλαιμο 25mm,4.07
2025-11-07,963697,Hycleaning Σακούλες Ηλεκτρικής Σκούπας 4 Εταιρειών 5τεμ,6.50
2025-11-07,963698,Hycleaning Σακούλες Ηλεκτρικής Σκούπας 4 Εταιρειών 5τεμ,6.50
2025-11-07,830161,Mr Σπάτουλα BBQ,4.45
2025-11-07,516196,Airwick Κερί Ελαίου Κεχριμπαριού & Τριαντάφυλλου,4.26
2025-11-07,522057,Quality Premium Αφρώδης Μόνωση Πόρτας Καφέ 95cm,6.82
2025-11-07,830121,Estia Γάντι BBQ,5.29
2025-11-07,830122,Estia Σπάτουλα BBQ 44cm,4.99
2025-11-07,954005,Happy House Προέκταση 5m Σούκο,12.10
2025-11-07,980856,Cristal D'Arques Ποτήρια Νερού (σετ 2 τεμάχια),4.99
2025-11-07,980855,Cristal D'Arques Μπολ (σετ 2 τεμάχια),3.99
2025-11-07,980859,Cristal D'Arques Ποτήρια Kόκκινου Κρασιού (σετ 2 τεμάχια),5.99
2025-11-07,830073,Mr. Grill Σχάρα Στρογγυλή,7.25
2025-11-07,830091,Δίσκος Ανοξείδωτος BBQ 34x24cm,5.68
2025-11-07,528014,Κλήμης Πυρηνοκάρβουνο 10Kg,19.99
2025-11-07,901437,Tabletop Pro Aria Γυάλινο Ποτήρι Whiskey 280ml,1.76
2025-11-07,830050,Σχάρα Ψησίματος 50x31cm,7.69
2025-11-07,532053,Tesa Ταινία Υφασμάτινη 50mm x 10mm Γκρί,6.34
2025-11-07,532056,Tesa Ταινία Μαρκαρίσματος 38mmx50 m,4.58
2025-11-07,980849,Nutrifresh Αεροστεγές Δοχείο Φύλαξης Τροφίμων 3-50L,4.99
2025-11-07,954902,Bianco Πολύπριζο 4 Θέσεων Σούκο Λευκό,6.11
2025-11-07,954903,Bianco Πολύπριζο Σούκο 4 Θέσεων Με Διακόπτη Λευκό,7.50
2025-11-07,516665,Airwick Αποσμητικό Χώρου Λεβάντα Ηλεκτρική Συσκευή,4.89
2025-11-07,908077,Κοκλίκο Ξύλινα Μαχαίρια 8τεμ,1.09
2025-11-07,840083,Rainy Days Ομπρέλα Βροχής Διάφορα Σχέδια Απλή 54cm,4.88
2025-11-07,840082,Figaro Ομπρέλα Γυναικεία Mini Αυτόματη 55cm Με Σχέδια,10.41
2025-11-07,917595,Casa Basics Ποδιά Μπλε Καρό 100% Βαμβάκι,2.99
2025-11-07,917433,Κουρελού Δελχί 60x140cm,7.20
2025-11-07,517154,Glade Automatic Spray Αποσμητικό Χώρου Tranquil Lavender Ανταλλακτικό,4.84
2025-11-07,528258,Αγγέλων Καντήλι Κεραμικό 14cm,7.99
2025-11-07,654640,Ucare Δέρμα Συνθετικό Στεγνώματος,10.91
2025-11-07,516127,Glade Aromatherapy Difuser Αρωματικό Stick Moment Of Zen 80ml,7.22
2025-11-07,521787,Brat Gas Εστία Καμινέτο Υγραερίου Βίδωτή Βαλβίδα Ασφαλείας,12.85
2025-11-07,522662,Quality Αεροστόπ Λευκό 9ΜΜΧ5-5ΜΜΧ6Μ,3.20
2025-11-07,516265,Glade Microspray Lavender Αποσμητικό Μπάνιου Σετ,5.76
2025-11-07,840007,Balzarotti Ομπρέλα Ανδρική Αυτόματη Μαύρη,7.99
2025-11-07,964048,Izzy Βραστήρας Creme 3012,34.95
2025-11-07,953151,Duracell Plus Powerboost AA 20 4τεμ,7.17
2025-11-07,832926,Baker's Secret Belle Τηγάνι 28cm,26.98
2025-11-07,832928,Bakers Secret Φόρμα Μακρόστενη 35cm,6.64
2025-11-07,832929,Baker's Secret Φόρμα Με Κώνο 22cm,9.49
2025-11-07,832932,Baker's Secret Belle Τηγάνι 24cm,21.98
2025-11-07,832927,Βaker's Secret Belle Κατσαρόλα + Καπάκι 16cm,23.98
2025-11-07,832930,Βaker's Secret Belle Τηγάνι 20cm,17.98
2025-11-07,964043,Izzy Σαντουιτσιέρα Smart,23.90
2025-11-07,964037,Conceptum Home Κουζινομηχανή Μαύρη 1300W,158.92
2025-11-07,901634,Tabletop Pro Olympus Μαχαίρι Φαγητού Inox Σετ 2 Τεμ,3.79
2025-11-07,964030,Ariete Παρασκευαστής Hot Dog,45.99
2025-11-07,964032,Ariete Παρασκευαστής Pop Corn Maker Κόκκινος,44.99
2025-11-07,964033,Ariete Παρασκευαστής Για Βάφλες Κόκκινος,40.99
2025-11-07,964034,Ariete Cotton Candy Κόκκινος,81.50
2025-11-07,955058,Ακουστικά Κεφαλής Βt Music Sound Maxi,16.99
2025-11-07,809022,Playmobil Promopacks,9.99
2025-11-07,809023,Playmobil Σύλληψη Διαρρήκτη Χρηματοκιβωτίου,14.99
2025-11-07,809026,Stitch Mini Collectible Κάψουλες,8.99
2025-11-07,809027,Ηello Kitty Φιγούρες,3.99
2025-11-07,809025,Καρδουλίνι Love and Tell,14.99
2025-11-07,809024,Duckalooz Παπάκια Disney,2.99
2025-11-07,809036,Europrice Puzzles 50τεμ,7.50
2025-11-07,909231,Ready 2U Μπωλ Παγωτού 80Z 10τεμ,1.25
2025-11-07,523019,Tesa Standard Film Σε Flow Pack 10x15mm,1.31
2025-11-07,516310,Clade Pet Electric Scented Oil Ανταλλακτικό 50ml,4.11
2025-11-07,919338,Piere Cardin Μαξιλάρι Ταξιδίου Βελουτέ Μαύρο 30x30cm,9.90
2025-11-07,953146,Tesla Silver + Μπαταρία Αλκαλική ΑΑΑ 4τεμ,5.80
2025-11-07,953145,Tesla black + Mπαταρία Αλκαλική ΑΑ 4τεμ,3.60
2025-11-07,953147,Tesla Silver + Αλκαλική ΑΑ 4τεμ,5.80
2025-11-07,830830,Bbq Guru Σετ Εργαλείων 3τεμ,12.99
2025-11-07,955052,Terra Ψησταριά Yγραερίου 45cm,49.99
2025-11-07,516309,Lion Αρωματικό Κερί Color Xmas Edition,5.08
2025-11-07,919137,Baker's Secret Κουτάλα Σιλικόνης Διάτρητη 32cm,5.05
2025-11-07,516307,Glade Αρωματικό Κερί Moment Of Zen,9.18
2025-11-07,516295,Glade Αρωματικό Κερί Pumpkin Spice Latte,5.83
2025-11-07,955037,Raf Αποχυμωτής 350ml 600w,42.99
2025-11-07,918959,Home Comfort Σεντόνι 240x260cm Εμπριμέ,11.99
2025-11-07,840016,Ομπρέλα Figaro Super Mini Μαύρη,9.50
2025-11-07,961000,Bison Cleaner Σπρέυ 400ml,5.75
2025-11-07,980882,Pal Caldera Ultimate Τηγάνι Αντικολλητικό 24cm,14.99
2025-11-07,907210,Chef Classics Κατσαρόλα Μπεζ 24cm,29.99
2025-11-07,921049,Bio Soil Tabs Λίπασμα 145gr,3.90
2025-11-07,830176,Ομπρέλα Κήπου 3m Πανί Σε Χρώμα Της Άμμου,59.89
2025-11-07,830167,Τραπέζι Μεταλλικό Με Μεταλλική Επιφάνεια Μαύρο 60cm,30.79
2025-11-07,963925,Pyrex Ηλεκτρικό Μπρίκι,35.10
2025-11-07,959865,Πώμα Χάρτινο Λευκό 50τεμ 20x50,2.80
2025-11-07,914263,Satis Κεριά Pεσώ Πολυκαρβονικά Λιλά Wild Fig 40gr,5.50
2025-11-07,914254,Saitis Κερί Ποτήρι Πλαστικό Φούξια Baby Powder 180gr,4.60
2025-11-07,516258,Lion Αρωματικό Κερί Μπωλ Foil Xmas N9-87,4.08
2025-11-07,516257,Lion Αρωματικό Κερί Luxury Γυάλα Color N.7-46,4.30
2025-11-07,918253,Πιατέλα Τυριών Bamboo Με Μαχαίρια,13.99
2025-11-07,904470,Τυριέρα Ξύλινη Terrestrial 28cm,13.80
2025-11-07,532008,Tesa Άγκιστρο Ρυθμιζόμενο Καρφί Σε Πλακάκια Εως 3kg 2τεμ,8.50
2025-11-07,532012,Tesa Άγκιστρο Καρφί Για Πλακάκια Έως 3kg 2τεμ,6.71
2025-11-07,532000,Tesa Άγκιστρο Καρφί Έως 1kg 2τεμ,6.71
2025-11-07,522064,Ceys Αυτοκόλλητη Υφασμάτινη Ταινία Ασημί 50mm x 10m 12τεμ,4.99
2025-11-07,830052,Λαβίδα Ανοξείδωτη 38cm,4.26
2025-11-07,658664,Ομπρέλα Super Mini Απλή Ανδρική 55cm x 8 Ακτίνες Γκρι-Μαύρο,9.69
2025-11-07,917888,Command Γαντζάκι Clear Διαφανές Εξωτερικού Χώρου,6.42
2025-11-07,963746,Hycleaning Σακούλες Ηλεκτρικής Σκούπας 6 Εταιρειών 5τεμ,6.65
2025-11-07,963748,Hycleaning Σακούλες Ηλεκτρικής Σκούπας 6 Εταιρειών 5τεμ,6.50
2025-11-07,902183,Tabletop Pro Jason Πιατέλα Πορσελάνινη Σαλάτα 35-5cm,13.98
2025-11-07,913780,Tabletop Pro Max Pers. Φαγητοδοχείο Inox 2τεμάχια,4.29
2025-11-07,830159,MR Grill Πιρούνα ΒΒQ,4.45
2025-11-07,830162,Mr Grill Τσιμπίδα BBQ,4.45
2025-11-07,830361,Ομπρέλα Κήπου 3μ Γκρι Πανί,37.00
2025-11-07,830106,MR Grill Σετ Ραψίματος Κοιλιάς,3.34
2025-11-07,963686,Conceptum Φρυγανιέρα Inox CIX-TS601,25.29
2025-11-07,963673,Conceptum Ηλεκτρικό Επίστρωμα Μονό 150x80cm,18.99
2025-11-07,840003,Ομπρέλα Ανδρική Rainy Times Super Mini Μαύρη Ξύλινη,4.80
2025-11-07,921021,Quality Οικολογικές Εντομοπαγίδες Κήπου Κϊτρινο Σετ 10τεμ,4.99
2025-11-07,830078,Mr. Grill Ψησταριά Συρταρωτή Γαλβανιζέ 1.40x52εκ.,57.63
2025-11-07,830097,Mr. Grill Σούβλα Για Κοκορέτσι,22.11
2025-11-07,830099,Mr. Grill Μοτέρ Για Αρνί,44.53
2025-11-07,830103,Mr Grill Σούβλα Σπαστή Αρνιού,25.45
2025-11-07,980860,Cristal D'Arques Καράφα,23.99
2025-11-07,980858,Cristal D'Arques Ποτήρια Λευκού Κρασιού (σετ 2 τεμάχια),5.99
2025-11-07,980857,Cristal D'Arques Ποτήρια Κοκτέιλ (σετ 2 τεμάχια),5.99
2025-11-07,830064,Mr. Grill Θερμόμετρο,11.99
2025-11-07,830074,Mr. Grill Σχάρα Ψαριού,7.52
2025-11-07,830309,Σχάρα Ψησίματος Με Ξύλινη Λαβή 60x41x1-5cm,7.99
2025-11-07,830310,Σχάρα Ψησίματος Ξύλινη Λαβή 66-5x50x1-5cm,11.95
2025-11-07,830087,Μεταλλικά BBQ Sticks 45cm 6τεμ,4.86
2025-11-07,666080,Mr.Grill Σετ Εργαλείων Με Ξύλινη Λαβή,10.99
2025-11-07,528013,Κλήμης Πυρινοκάρβουνο 3Kg,8.01
2025-11-07,830051,Εργαλεία BBQ (σετ 3 τεμάχια),6.29
2025-11-07,830056,Δοχείο Εκκίνησης Για Κάρβουνα,12.87
2025-11-07,840039,Rainy Days Times Ομπρέλα Γυναικεία Super Mini Σε Διάφορα Σχέδια,5.88
2025-11-07,954909,Bianco Πολύπριζο 5 Θέσεων Με Διακόπτη Λευκό,12.16
2025-11-07,963581,Izzy Κουρευτική Μηχανή Με Βάση PG150,36.83
2025-11-07,963930,Izzy Ισιωτικό Μαλλιών Με Κεραμική Πλάκα,27.26
2025-11-07,516046,Airwick Freshmatic Max Αποσμητικό Χώρου Λεβάντα & Χαμομήλι Συσκευή,6.45
2025-11-07,527914,Alfa Olympic Flame Υγρό Προσάναμμα 1000ml,3.12
2025-11-07,517132,Botanica Αρωματικό Κερί Βετιβέρ Καραϊβικής & Σανδαλόξυλο,7.98
2025-11-07,517124,Botanica Αρωματικό Κερί Τριαντάφυλλο & Αφρικανικό Γεράνι,7.98
2025-11-07,915087,Tabletop Basic Hera Μαχαίρι Φαγητού Inox 3τεμ,3.79
2025-11-07,958223,Dal Negro Τράπουλα Πλαστική Μπλε Ruote,3.60
2025-11-07,958224,Dal Negro Τράπουλα Πλαστική Κόκκινη Ruote,3.60
2025-11-07,919411,Chef Basics Πλάστης Ξύλινος 50-8x5cm,7.99
2025-11-07,901134,Tabletop Proffesional Ποτήρι Milkshake Γυάλινο 390ml,2.99
2025-11-07,901221,Tabletop Pro Atalanta Ποτήρι Γυάλινο Κολωνάτο Κρασιού 355ml,1.90
2025-11-07,901223,Tabletop Pro Atalanta Ποτήρι Γυάλινο Κολωνάτο Κρασιού 440ml,1.92
2025-11-07,837525,Ucare Αντιψυκτικό Ψυγείου -15C Πράσινο 4lt,6.84
2025-11-07,837524,Ucare Αντιψυκτικό Ψυγείου -15C Πράσινo 1lt,1.98
2025-11-07,528147,Artemis Ξυλοκάρβουνo 5Kg,9.50
2025-11-07,292753,Best Price Κονσέρβα Γάτας Κοτόπουλο-Γαλοπούλα 405gr,0.69
2025-11-07,292025,My Friends Πατέ Γάτας Κοτόπουλο & Γαλοπούλα 100gr,0.45
2025-11-07,292022,My Friends Δισκάκι Γάτας Πατέ Με Κοτόπουλο & Κουνέλι 100gr,0.45
2025-11-07,292023,My Friends Δισκάκι Γάτας Πατέ Με Σολωμό 100gr,0.45
2025-11-07,292751,Best Price Κονσέρβα Γάτας Κρέας 405gr,0.69
2025-11-07,292024,My Friends Πατέ Γάτας Βοδινό & Καρδιά 100gr,0.45
2025-11-07,838004,Best Price Άμμος Υγιεινής για Γάτες 5kg,3.70
2025-11-07,292752,Best Price Κονσέρβα Γάτας Ψάρι 405gr,0.70
2025-11-07,290017,My Friends Πατέ Σκύλου Με Βοδινό & Καρότα 300gr,0.90
2025-11-07,292389,Gourmet Gold Πατέ Κουνέλι 85gr,0.89
2025-11-07,292261,Gourmet Gold Μους Κοτόπουλο 85gr,0.89
2025-11-07,292037,Felix Agail Υγρή Τροφή Γάτας Κοτόπουλο Σε Ζελέ 85gr,0.58
2025-11-07,290011,My Friends Πατέ Σκύλου Με Κοτόπουλο 300gr,0.90
2025-11-07,292046,My Friends Κονσέρβα Γάτας Κοτόπουλο Γαλοπούλα 400gr,0.79
2025-11-07,292670,Gourmet Gold Μους Με Ψάρια Ωκεανού 85gr,0.89
2025-11-07,292550,Sheba Δισκάκι Γάτας Γαλοπούλα Λευκή Σάλτσα 85gr,0.87
2025-11-07,292551,Sheba Δισκάκι πατέ Με Μοσχάρι & Κοτόπουλο 85gr,0.87
2025-11-07,292755,Best Price Κονσέρβα Γάτας Κουνέλι 405gr,0.70
2025-11-07,292155,My Friends Κονσέρβα Γάτας Μους Με Κοτόπουλο 85gr,0.55
2025-11-07,292077,Felix Agail Φακελάκι Τροφή Γάτας Βοδινό Σε Ζελέ 85gr,0.58
2025-11-07,290040,Whiskas Pure Delight Junior Υγρή Τροφή Για Γατάκια Κοτόπουλο Σε Ζελέ 85gr,0.77
2025-11-07,290751,Best Price Κονσέρβα Σκύλου Κρέας 405gr,0.65
2025-11-07,292260,Gourmet Gold Kitten Μους Με Μοσχάρι 85gr,0.89
2025-11-07,290753,Best Price Κονσέρβα Σκύλου Κοτόπουλο-Γαλοπούλα 405gr,0.65
2025-11-07,292152,My Friends Κονσέρβα Γάτας Με Μοσχάρι 400gr,0.79
2025-11-07,292756,Best Price Κονσέρβα Γάτας Σολομός 405gr,0.70
2025-11-07,292154,My Friends Κονσέρβα Μους Γάτας Με Μοσχάρι 85gr,0.55
2025-11-07,292043,My Friends Κονσέρβα Γάτας Σολομός Γαρίδα 400gr,0.79
2025-11-07,292074,Gourmet Gold Μους Με Βοδινό 85gr,0.89
2025-11-07,292027,Felix Sensation Jellies με Βοδινό-Κοτόπουλο (4x85g),2.18
2025-11-07,290061,Pedigree Dentastix Μπισκότα Large 154gr,2.99
2025-11-07,290247,Cesar Δισκάκι Σκύλου Μοσχάρι 150gr,1.64
2025-11-07,292158,Kitekat Τροφή Γάτας Με Μοσχάρι Σε Σάλτσα Φακελάκι 85gr,0.64
2025-11-07,292026,Felix Agail Υγρή Τροφή Γάτας με Σολομό-Τόνο σε Ζελέ 4x85gr,2.17
2025-11-07,292271,Gourmet Gold Duo Casserole Βοδινό & Κοτ/λο Σε Σάλτσα Ντομάτας 85gr,0.89
2025-11-07,292159,Kitekat Τροφή Γάτας Με Κοτόπουλο Σε Σάλτσα Φακελάκι 85gr,0.63
2025-11-07,292176,Sheba Δισκάκι Γάτας Σε Σάλτσα Με Κοτόπουλο 58gr,0.87
2025-11-07,292079,Felix Agail Φακελάκι Τροφή Γάτας Κουνέλι 85gr,0.58
2025-11-07,290105,Pedigree Biscrok Γευστικά Μπισκότα Σκύλου 500gr,3.99
2025-11-07,292185,Whiskas Duo Υγρή Τροφή Γάτας 12τεμ 85gr,6.78
2025-11-07,290762,Best Price Κονσέρβα Σκύλου Κυνήγι 1250gr,1.67
2025-11-07,290018,My Friends Δισκάκι Πατέ Σκύλου Με Αρνί & Συκώτι 300gr,0.90
2025-11-07,290053,My Friends Κονσέρβα Σκύλου Με Κοτόπουλο & Γαλοπούλα 400gr,0.73
2025-11-07,292078,Felix Agail Junior Τροφή Γάτας Κοτόπουλο 85gr,0.58
2025-11-07,292691,Gourmet Gold Με Σολομό & Κοτόπουλο 85gr,0.89
2025-11-07,292124,Whiskas Adult Πλήρης Υγρή Τροφή Γάτας Μοσχάρι 85gr,0.77
2025-11-07,290752,Best Price Κονσέρβα Σκύλου Κρέας-Λαχανικά 405gr,0.65
2025-11-07,292206,Sheba Fillets Δισκάκι Γάτας Κοτόπουλο Τόνος 60gr,1.15
2025-11-07,838027,Friskies PicNic Βοδινό 42gr,0.97
2025-11-07,292156,My Friends Κονσέρβα Γάτας Μους Με Τόνο 85gr,0.55
2025-11-07,292092,My Friends Κροκέτες Γάτας Κοκτέιλ 2Kg,4.49
2025-11-07,290324,Cesar Δισκάκι Σκύλου Κοτόπουλο & Ρύζι 150gr,1.64
2025-11-07,292343,Sheba Φακελάκι Κοτόπουλο σε Σάλτσα 85gr,0.87
2025-11-07,290020,My Friends Δισκάκι Πατέ Σκύλου Με Αρνί & Πατσά 300gr,0.90
2025-11-07,290756,Best Price Κονσέρβα Σκύλου Κοτόπουλο-Γαλοπούλα 1250gr,1.66
2025-11-07,292044,My Friends Κονσέρβα Γάτας Τόνος Ψάρι Ωκεανού 400gr,0.79
2025-11-07,290063,Pedigree Dentastix Μπισκότα Medium 128gr,2.99
2025-11-07,292108,Whiskas Κονσέρβα Για Γάτες Κοτόπουλο 400gr,2.14
2025-11-07,290055,My Friends Κονσέρβα Σκύλου Με Αρνί 400gr,0.73
2025-11-07,290755,Best Price Κονσέρβα Σκύλου Βοδινό-Λαχανικά 1250gr,1.66
2025-11-07,292405,Whiskas Adult Ξηρά Τροφή Γάτας Κοτόπουλο 300gr,2.26
2025-11-07,292200,My Friends Υγρή Τροφή Γάτας Κοτόπουλο-Γαλοπούλα & Βοδινό-Καρότα 4x100gr,1.85
2025-11-07,292153,My Friends Κονσέρβα Γάτας Με Κουνέλι 400gr,0.79
2025-11-07,292305,Gourmet Gold Πέτροφα 85gr,0.89
2025-11-07,292054,Sheba Φακελάκι Απολαύσεις Με Πουλερικά (4x85gr),2.95
2025-11-07,292081,Felix Soups Βοδινό Κοτόπουλο Αρνί 6x48gr,2.15
2025-11-07,292052,Friskies Ξηρά Τροφή Για Γάτες Κουνέλι - Κοτόπουλο & Λαχανικά 400gr,2.47
2025-11-07,290943,Catisfactions Ξηρά Τροφή Γάτας Τυρί 60gr,1.99
2025-11-07,290049,My Friends Κονσέρβα Σκύλου Με Μοσχάρι 400gr,0.73
2025-11-07,669890,Purina One Sterlicat Βοδινό Και Σιτάρι 1-5kg,8.62
2025-11-07,292123,Whiskas 1+ Advance Υγρή Τροφή Γάτας Πολυσ/σία Τόνος Σε Ζελέ 85gr,0.78
2025-11-07,290043,Pedigree Snack Rodeo Με Μοσχάρι 70gr,2.25
2025-11-07,290007,Catisfaction Σνακ Γάτας Με Catnip 60gr,1.99
2025-11-07,290041,Whiskas 1+ Pure Delight Υγρή Τροφή Γάτας Πολυσ/σία Πουλερικά Σε Ζελέ 4x13x85gr,2.76
2025-11-07,292207,Sheba Fillets Υγρή Τροφή Γάτας Κοτόπουλο Σε Δισκάκι 60gr,1.15
2025-11-07,290101,Pedigree Tastybites Minis Με Τυρί Και Μοσχάρι 140gr,2.22
2025-11-07,290092,Catisfactions Σνακ Γάτας Shakeups Πουλερικά 55gr,1.93
2025-11-07,290003,Pedigree Τροφή Με Κοτόπουλο & Μοσχάρι 300gr,2.12
2025-11-07,290065,Pedigree Dentastix Μπισκότα 110gr,2.90
2025-11-07,292208,Sheba Fillets Δισκάκι Υγρή Τροφή Γάτας Ψάρι 60gr,1.18
2025-11-07,292184,Purina One Υγρή Τροφή Για Γάτες Κοτόπουλο Βοδινό Καρότο 4x85gr,2.80
2025-11-07,290038,Whiskas Pure Delight Adult Υγρή Τροφή Γάτας Κοτόπουλο Σε Ζελέ 85gr,0.83
2025-11-07,290940,Catisfaction Ξηρά Τροφή Γάτας Κοτόπουλο 60gr,1.99
2025-11-07,292190,Friskies Adult Υγρή Τροφή Σκύλου Βοδινό Κοτόπουλο Αρνί 4x85gr,2.79
2025-11-07,292186,Felix Agail Υγρή Τροφή Γάτας Doubly Delicious Κρέας 4x85gr,2.20
2025-11-07,292259,Friskies Υγρή Τροφή Γάτας Θαλασσινά Σε Σάλτσα 4x85gr,2.26
2025-11-07,292180,Gourmet Revelations Υγρή Τροφή Γάτας Κοτόπουλο 4x57gr,3.54
2025-11-07,292038,Felix Agail Υγρή Τροφή Γάτας με Βοδινό-Καρότα-Ντομάτα 4x85gr,2.25
2025-11-07,290022,Friskies Funtastix Σνακ Σκύλου 175gr,2.50
2025-11-07,292068,Sheba Δισκάκι Τόνος Σε Σάλτσα 85gr,0.87
2025-11-07,292349,Sheba Δισκάκι Γάτας Πατέ Με Σολωμό 85gr,0.87
2025-11-07,292007,Friskies Ξηρά Τροφή Στειρωμένες Γάτες Γαλοπούλα Λαχανικά 1-5kg,8.40
2025-11-07,292086,Eco Diana Δισκάκι Γάτας Πατέ Με Βοδινό 100gr,0.47
2025-11-07,290587,Best Price Ξηρά Τροφή Σκύλου 10kg,9.99
2025-11-07,292072,Sheba Φακελάκι Τόνος Σε Σάλτσα 85gr,0.87
2025-11-07,292215,Gourmet Gold Ταρτάρ Βοδινό Και Κοτόπουλο 4x85gr,3.48
2025-11-07,290090,Pedigree Markies Γευστικά Μπισκότα Με Μεδούλι 500gr,3.98
2025-11-07,838035,ΜΕΓΑ Υγρά Μαντηλάκια Κατοικιδίων Rispet Coconut & Keratin 54τεμ,2.36
2025-11-07,292075,Felix Sensation Sauces Σολωμός & Σαρδέλα (4x85gr),2.18
2025-11-07,292073,Felix Sensation Φακελάκι Υγρή Τροφή Γάτας Γαλοπούλα & Σπανάκι 85gr,0.62
2025-11-07,292067,Sheba Φακελάκια Επιλεγμένα Με Θαλασσινά (4x85gr),2.99
2025-11-07,292102,Felix Party Mix Snack Τροφή Γάτας Τυρί Cheddar Gouda Edam 60gr,2.00
2025-11-07,292039,Felix Agail Υγρή Τροφή Γάτας Ποικιλία Ψαρικών σε Ζελέ 4x85gr,2.18
2025-11-07,290071,Adventuros Strips Με Ελάφι 90gr,1.69
2025-11-07,292183,Purina One Τροφή Για Στειρωμένες Γάτες Σολομός Γαλοπούλα 4x85gr,2.80
2025-11-07,292177,Sheba Υγρή Τροφή Γάτας Σε Σάλτσα Με Κρέας Φακελάκι 4τεμ x 85gr,2.95
2025-11-07,290754,Best Price Κονσέρβα Σκύλου Βοδινό 1250gr,1.66
2025-11-07,292195,Whiskas Dentabites Τροφή Για Γάτες Με Κοτόπουλο 40gr,1.70
2025-11-07,292193,Purina One Φακελάκια Υγρή Τροφή Γάτας Πάπια 4x85gr,2.80
2025-11-07,292001,Friskies Ξηρή Τροφή Junior Για Γάτες Κοτόπουλο Γάλα & Λαχανικά 375gr,2.54
2025-11-07,292148,Whiskaw Duo Adult Υγρή Τροφή Γάτας Ζελέ 4x85gr,2.72
2025-11-07,292222,Gourmet Perle Φιλετάκια Σε Σάλτσα Με Κοτόπουλο 85gr,0.90
2025-11-07,290037,Whiskas Adult Πλήρης Υγρή Τροφή Γάτας Σολωμός 85gr,0.83
2025-11-07,292216,Gourmet Gold Ταρτάρ Τόνος Και Σολομός 4x85gr,3.48
2025-11-07,292017,Friskies Ξηρά Τροφή Για Γάτες Hairball Βοδινό Κοτόπουλο & Λαχανικά 2kg,9.80
2025-11-07,292098,Purina One Steril Hairball Κοτόπουλο & Δημητριακά Ολικής Άλεσης 800gr,5.75
2025-11-07,290338,Pedigree Μοσχάρι Κοτόπουλο & Λαχανικά 4x100gr,2.99
2025-11-07,290050,My Friends Κονσέρβα Σκύλου Με Κοτόπουλο & Κουνέλι 400gr,0.73
2025-11-07,292268,Friskies Υγρή Τροφή Γάτας Κοτόπουλο Σε Σάλτσα 85gr,0.56
2025-11-07,290103,Pedigree Tastybite Chewy Cubes 130gr,2.22
2025-11-07,290131,Pedigree Κονσέρβα Σκύλου Μοσχάρι Καρότα 400gr,2.44
2025-11-07,292101,Felix Party Mix Snack Τροφή Γάτας Κοτόπουλο Τυρί Γαλοπούλα 60gr,2.01
2025-11-07,292093,My Friends Κροκέτες Για Στειρωμένες Γάτες 2Kg,5.51
2025-11-07,290937,Pedigree Κοτόπουλο & Λαχανικά σε Σάλτσα 100gr,0.89
2025-11-07,292729,Migliorgatto Φακελάκι Στειρωμένη Γάτα Μοσχ.-Ζαμπόν-Λαχ/κά 85gr,0.72
2025-11-07,292094,My Friends Κροκέτες Σκύλου Κοτόπουλου 21% Πρωτείνης 4Kg,6.58
2025-11-07,292182,Gourmet Revelations Υγρή Τροφή Γάτας Βοδινό 4x57gr,3.54
2025-11-07,292149,Gourmet Nature's Creation Υγρή Τροφή Γάτας Κοτόπουλο Σπανάκι & Ντομάτα 85gr,1.17
2025-11-07,290333,Pedigree Jumbone Μοσχάρι Πουλερικά Mini 160gr,2.99
2025-11-07,292018,Friskies Ξηρά Τροφή Για Γάτες Adult Κοτόπουλο Γαλοπούλα & Ελιές 2kg,9.80
2025-11-07,292143,Gourmet Nature's Creation Υγρή Τροφή Γάτας Ψάρι Σπανάκι Ρύζι 85gr,1.17
2025-11-07,292406,Whiskas Adult Μοσχάρι Ξηρά Τροφή Γάτας 300gr,2.32
2025-11-07,838453,Purina Dentalife Small 7-12kg 115gr,2.49
2025-11-07,838012,Catsan Άμμος Υγιεινής Για Γάτες 4-4kg,8.48
2025-11-07,290070,Adventuros Mini Sticks Με Βούβαλο 90gr,1.69
2025-11-07,290042,My Friends Μπισκότα Για Σκύλους Κοτόπουλο Βοδινο Λαχανικά 600gr,2.88
2025-11-07,290079,Pedigree Κονσέρβα Σκύλου Με Κοτόπουλο & Καρότο 400gr,2.24
2025-11-07,292673,Gourmet Gold Duo Βοδινό & Κοτόπουλο 85gr,0.89
2025-11-07,292594,Gourmet Gold Βοδινό - Κοτόπουλο 4x85gr,3.48
2025-11-07,292080,Felix Soups Βοδινό Κοτόπουλο Τόνος 6x48gr,2.15
2025-11-07,292299,Friskies Υγρή Τροφή Γάτας Βοδινό 85gr,0.56
2025-11-07,292056,Friskies Ξηρά Τροφή Για Γάτες Indoor Κουνέλι- Κοτόπουλο & Λαχανικά 2kg,9.80
2025-11-07,292136,Whiskas Adult Πλήρης Ξηρά Τροφή Γάτας Κροκέτες Γεμιστές Κοτόπουλο 1-9kg,10.95
2025-11-07,290083,Friskies Ξηρή Τροφή Γάτας Κοτόπουλο Λαχανικών 400gr,2.59
2025-11-07,290080,Pedigree Mini Adult Ξηρή Τροφή Σκύλου Με Κοτόπουλο 500gr,2.98
2025-11-07,292408,Whiskas Junior Κοτόπουλο Ξηρά Τροφή 300gr,2.39
2025-11-07,292407,Whiskas Adult Τόνος Ξηρά Τροφή Γάτας 300gr,2.39
2025-11-07,292090,My Friends Κροκέτες Γάτας Βοδινό 400gr,1.52
2025-11-07,292091,My Friends Κροκέτες Γάτας Κοκτέιλ 400gr,1.52
2025-11-07,292082,Felix Soups Μπακαλιάρο Τόνο Γλώσσα 6x48gr,2.15
2025-11-07,292100,Felix Party Mix Snack Τροφή Γάτας Πάπια Γαλοπούλα Κουνέλι 60gr,2.01
2025-11-07,292085,Eco Diana Δισκάκι Γάτας Πατέ Με Ψάρι 100gr,0.47
2025-11-07,292664,Purina One Sterilcat Πλούσιο σε Βοδινό & Σιτάρι 800gr,5.75
2025-11-07,292194,Whiskas Temptations Τροφή Γάτας Κοτόπουλο & Τυρί 60gr,2.25
2025-11-07,290941,Catisfactions Ξηρά Τροφή Γάτας Σολομός 60gr,1.99
2025-11-07,292000,Friskies Ξηρά Τροφή Για Γάτες Junior Κοτόπουλο-Γάλα & Λαχανικά 1-5kg,8.40
2025-11-07,292144,Migliorgatto Τροφή Στειρωμένες Γάτες 6x100gr,3.99
2025-11-07,292191,Friskies Υγρή Τροφή Σκύλου Κοτόπουλου Καρότο 4x85gr,2.79
2025-11-07,292125,Whiskas Duo Advance Υγρή Τροφή Γάτας Κλασικοί Συνδυασμοί 4x13x85gr,2.72
2025-11-07,290045,Cesar Special Adult Γαλοπούλα & Μοσχάρι Για Σκύλους 4x150gr,5.99
2025-11-07,292164,Gourmet Nature's Creation Υγρή Τροφή Γάτας Με Βοδινό & Αρακά 85gr,1.17
2025-11-07,292107,Perfect Fit Ξηρή Τροφή Στειρωμένες Γάτες Κοτόπουλο 750gr,6.43
2025-11-07,292595,Gourmet Gold Σολομός & Τόνος 4x85gr,3.35
2025-11-07,290339,Cesar Δισκάκι Σκύλου Κοτόπουλο - Λαχανικά 150gr,1.64
2025-11-07,292135,Whiskas Adult Πλήρης Ξηρά Τροφή Γάτας Κροκέτες Μοσχάρι 1-9kg,10.95
2025-11-07,838009,Purina Dentalife Activfresh Snack Σκύλου Small 115gr,2.94
2025-11-07,290645,Pedigree Dentastix Medium Dog 77gr,1.79
2025-11-07,290586,Best Price Ξηρά Τροφή Σκύλου Mix 10kg,10.39
2025-11-07,290464,Pedigree Ξηρά Τροφή Σκύλου Mini Μοσχάρι & Λαχανικά 1-4kg,7.38
2025-11-07,292105,Whiskas Κονσέρβα Πατέ Μοσχάρι 400gr,2.24
2025-11-07,292197,Gourmet Perle Φιλέτα "Θρίαμβος" Με Σολομό & Τόνο Σε Σάλτσα 4x85gr,3.48
2025-11-07,292173,Perfect Fit Τροφή Για Στειρωμένες Γάτες Sensitive 1+ 4x85 gr,3.83
2025-11-07,292181,Gourmet Revelations Υγρή Τροφή Γάτας Ωκεανού 4x57gr,3.54
2025-11-07,292175,Purina One Τροφή Για Στειρωμένες Γάτες Πέστροφα Σιτάρι 1-5kg,8.79
2025-11-07,290062,Pedigree Dentastix Μπισκότα Large 3x270gr,10.91
2025-11-07,290064,Pedigree Dentax Μπισκότα Medium 4x180gr,10.87
2025-11-07,290759,Best Price Κονσέρβα Σκύλου Κυνήγι 405gr,0.66
2025-11-07,290300,Cesar Δισκάκι Σκύλου Βοδινο Κοτόπουλο 150gr,1.64
2025-11-07,664571,Pedigree Πατέ Σκύλων Γαλοπούλα & Κοτόπουλο 300gr,2.28
2025-11-07,292171,Perfect Fit Adult 1+ Ξηρή Τροφή Με Μοσχάρι Για Στειρωμένες Γάτας 1-4kg,9.95
2025-11-07,290089,Catisfaction Σνακ Γάτας Celebration 55gr,2.00
2025-11-07,292187,Whiskas Core Υγρή Τροφή Γάτας Με Ψάρι Ζελέ 4x85gr,2.70
2025-11-07,292174,Perfect Fit Υγρή Τροφή Για Στειρωμένες Γάτες Meat 4x85 gr,3.83
2025-11-07,292147,Whiskas Adult Ξηρή Τροφή Γάτας Γεμιστές Κροκέτες Με Τόνο 1-9kg,10.95
2025-11-07,290024,Pedigree Σνακ Σκύλου Κοτόπουλο Chewy Chunx Mini 68gr,2.22
2025-11-07,838016,Friskies Shapes Μπισκότα 400gr,3.12
2025-11-07,292145,Migliorgatto Μους Βοδινό Στειρωμένες Γάτες 85gr,0.89
2025-11-07,290436,Pedigree Τροφή Με Μοσχάρι & Συκώτι 300gr,2.28
2025-11-07,838036,ΜΕΓΑ Επιδαπέδιο Στρώμα Κατοικιδίων Rispet 60x60cm 14τεμ,5.91
2025-11-07,292161,Purina One Junior Ξηρά Τροφή Γάτας Κοτόπουλο & Δημητριακά 800gr,5.75
2025-11-07,290335,Pedigree Schmackos Multi 36gr,1.47
2025-11-07,292032,Friskies Ξηρά Τροφή Για Γάτες Hairball Με Βοδινό Κοτόπουλο Λαχ/κά 20kg,72.22
2025-11-07,290039,Friskies Balance Για Ενήλικους Σκύλους Κοτόπουλο & Λαχανικά 1-5kg,6.00
2025-11-07,290391,Whiskas Sterile Ξηρά Τροφή Γατοτροφή Κοτόπουλο 1-4kg,9.08
2025-11-07,290085,Pedigree Υγρή Τροφή Αρνάκι Γαλοπούλα Κοτόπουλο για Σκύλους 4x100gr,2.99
2025-11-07,838015,Pet Natura Κόκαλο Συμπαγές,1.39
2025-11-07,290059,My Friends Κονσέρβα Σκύλου Με Αρνί 1-230kg,1.99
2025-11-07,292188,Purina One Adult Ξηρή Τροφή Γάτας Κοτόπουλο & Δημητριακά Ολικής Άλεσης 1-5gr,8.79
2025-11-07,838037,ΜΕΓΑ Επιδαπέδιο Στρώμα Κατοικιδίων Rispet 60x90cm 14τεμ,7.77
2025-11-07,838008,Purina Dentalife ActiveFresh Snack Σκύλου Medium 115gr,2.94
2025-11-07,292006,Friskies Ξηρά Τροφή Στειρωμένες Γάτες Γαλοπούλα Λαχανικά 375gr,2.55
2025-11-07,294003,8in1 Delights Chewy Braids XS/S Λιχουδιές 5τεμ 75gr,4.58
2025-11-07,292157,Purina One Ξηρά Τροφή Γάτας Σολομό & Σιτάρι 800gr,5.73
2025-11-07,290056,My Friends Κονσέρβα Σκύλου Με Μοσχάρι 1-230kg,1.99
2025-11-07,294002,Vitakraft Kracker Duo Με Βερίκοκο-Σύκο Για Καναρίνια 2τεμ,2.07
2025-11-07,292160,Purina One Τροφή Για Στειρωμένες Γάτες Μοσχάρι Χωρίς Γλουτένη 1-1kg,9.25
2025-11-07,292089,My Friends Κροκέτες Για Κουτάβια Κοτόπουλου4Kg,7.79
2025-11-07,290051,Friskies Active Ξηρή Τροφή Για Ενήλικους Σκύλους Βοδινό 1-5kg,6.00
2025-11-07,838029,Petline Κόκκαλο Κόμπος 2τεμ,1.74
2025-11-07,290588,Best Price Ξηρά Τροφή Σκύλου 20Kg,19.65
2025-11-07,292179,Felix Υγρή Τροφή Γάτας Σε Ζελέ Σολομός-Τόνος 4x80gr,2.45
2025-11-07,290030,Josidog Ξηρά Τροφή Σκύλου Κοτόπουλο Για Μικρούς Σκύλους 900gr,3.99
2025-11-07,290087,Friskies Balance Ξηρά Τροφή Για Ενήλικους Σκύλους Κοτόπουλο & Λαχανικά 4kg,15.81
2025-11-07,292097,Purina One Adult Σολομός & Δημητριακά Ολικής Άλεσης 1-5Kg,8.79
2025-11-07,292199,Gourmet Perle Φιλετάκια Κοτόπουλο Βοδινό 4x85gr,3.48
2025-11-07,290078,Cesar Δισκάκι Υγρή Τροφή Σκύλου Με Βοδινό & Καρότο 300gr,2.90
2025-11-07,290060,Pedigree Dentastix Μπισκότα Small 5x110gr,10.99
2025-11-07,290336,Pedigree Romeo Duos Μοσχάρι Τυρί 123gr,2.97
2025-11-07,838024,Pet Natura Πουράκια Χρωματιστά 10τεμ,0.99
2025-11-07,290077,Pedigree Adult Ξηρή Τροφή Σκύλου Κοτόπουλο & Λαχνικά 2.6kg,12.96
2025-11-07,290069,Adventuros Nuggets Mε Αγριόχοιρο 90gr,1.69
2025-11-07,290036,My friends Κροκέτες Σκύλου Βοδινό 21% Πρωτεΐνη 4 kg,5.99
2025-11-07,292133,Whiskas Core Adult Υγρή Τροφή Γάτας Κοτόπουλο Γαλοπούλα Φακελάκια 4x85gr,2.99
2025-11-07,290021,Pedigree Μπισκότα Σκύλου Biscrok Gravy Bones 450gr,3.99
2025-11-07,292087,Eco Diana Δισκάκι Σκύλου Πατέ Με Βοδινό 300gr,1.09
2025-11-07,838314,Pet Natura Φτυαράκι Για Άμμο Γάτας,2.17
2025-11-07,292146,Migliorgatto Μους Ψάρι Στειρωμένες Γάτες 85gr,0.89
2025-11-07,290035,Purina One Mini Active Ξηρά Τροφή Σκύλου Με Κοτόπουλο & Ρύζι 800gr,4.47
2025-11-07,838454,Purina Dentalife Medium 12-25kg 115gr,2.71
2025-11-07,290046,Cesar Classic Selection Adult Κοτόπουλο Βοδινό Για Σκύλους 4x150gr,5.99
2025-11-07,292036,Friskies Ξηρά Τροφή Για Γάτες Indoor Με Κοτόπουλο Κουνέλι Λαχ/κά 20kg,72.22
2025-11-07,292225,Gourmet Perle Φιλετάκια Με Ψάρια Ωκεανού & Γαρίδες 85gr,0.90
2025-11-07,290058,My Friends Κονσέρβα Σκύλου Με Κοτόπουλο & Γαλοπούλα 1-230kg,1.99
2025-11-07,290047,Pedigree Rodeo Duos Chicken & Bac. 123gr,3.09
2025-11-07,838007,Purina Dentalife Active Fresh Snack Σκύλου Large 115gr,3.15
2025-11-07,292192,Friskies Adult Υγρή Τροφή Σκύλου Βοδινό Πατάτες 4x85gr,2.79
2025-11-07,292178,Felix Υγρή Τροφή Γάτας Σε Ζελέ Βοδινό-Κοτόπουλο 4x80gr,2.45
2025-11-07,290082,Purina One Ξηρή Τροφή Σκύλου Delicate Σολομός-Ρύζι 800gr.,4.57
2025-11-07,294103,Vitakraft Τροφή Με Μέλι Για Καναρίνια 500gr,3.15
2025-11-07,838034,ΜΕΓΑ Υγρά Γάντια Κατοικιδίων Rispet 8τεμ,3.61
2025-11-07,292163,Gourmet Gold Κονσέρβα Γάτας Ζουμερός Πειρασμός Με Βοδινό 4x85gr,3.48
2025-11-07,290652,Friskies Ξηρά Τροφή Mini Menu Κοτόπουλο & Λαχανικά 1-5kg,7.77
2025-11-07,290075,Pedigree Adult Ξηρή Τροφή Σκύλου Μοσχάρι & Λαχανικά1.4kg,7.55
2025-11-07,290052,Friskies Active Ξηρά Τροφή Σκύλων Βοδινό 4kg,15.94
2025-11-07,292132,Purina One Adult Ξηρά Τροφή Για Γάτες Κοτόπουλο & Δημητριακά Ολικής Άλεσης 800gr,5.64
2025-11-07,290023,Pedigree Σνακ Σκύλου Κοτόπουλο Chewy Chunx Maxi 68gr,2.22
2025-11-07,838030,ΜΕΓΑ Σαμπουάν Κατοικιδίων Rispet Coconut & Keratin 370ml,3.91
2025-11-07,838313,Pet Natura Παιχνίδι Σκύλου Small,2.69
2025-11-07,290098,Cesar Ξηρά Τροφή Σκύλου Μοσχάρι Πουλερικά Λαχανικά 800gr,5.28
2025-11-07,290066,Pedigree Dentastix Daily Fresh Small 5-10kg 110gr,3.06
2025-11-07,290512,Friskies Active Ξηρά Τροφή Βοδινό 9Kg,28.88
2025-11-07,838326,Pet Natura Μπωλ Ανοξείδωτο 900ml,3.72
2025-11-07,838316,Pet Natura Shampoo & Conditioner 3in1 500ml,4.13
2025-11-07,838041,8in1 Triple Flavour Ribs 6τεμ,6.00
2025-11-07,292202,Purina Ξηρή Τροφή Σκύλου One Med Max Active Βοδινό - Ρύζι 2-5kg,11.92
2025-11-07,290057,My Friends Κονσέρβα Σκύλου Με Κοτόπουλο & Κουνέλι 1-230gr,1.99
2025-11-07,838031,ΜΕΓΑ Σαμπουάν Κατοικιδίων Rispet Avocado & Silk 370ml,4.71
2025-11-07,290081,Pedigree Junior Mini Ξηρή Τροφή Σκύλου Με Πουλερικά 500gr,2.98
2025-11-07,294001,Vitakraft Kracker Duo Με Βερίκοκο Σύκο Για Παπαγαλάκια 2τεμ,2.07
2025-11-07,294105,Vitakraft Τροφή Για Κουνέλια 500gr,2.92
2025-11-07,290086,8in1 Triple Flavour Rolls Για Σκύλους 113gr,6.00
2025-11-07,290074,Pedigree Adult Ξηρή Τροφή Σκύλου Κοτόπουλο & Λαχνικά 1.4kg,7.55
2025-11-07,292172,Perfect Fit Ξηρά Τροφή Γάτας Active Μοσχάρι 750gr,7.56
2025-11-07,292267,Friskies Υγρή Τροφή Γάτας Σολομός Σε Σάλτσα 85gr,0.58
2025-11-07,838028,Purina Dentalife Small 7-12kg 21τεμ,6.96
2025-11-07,290500,Friskies Active Ξηρά Τροφή Κρέας 18kg,61.82
2025-11-07,294101,Vitakraft Τροφή Για Παπαγαλάκια Με Μέλι 500gr,2.70
2025-11-07,290054,Friskies Junior Για Κουτάβια Με Κοτόπουλο- Γάλα & Λαχανικά 1-5kg,8.23
2025-11-07,290067,Pedigree Dentastix Fresh Medium 10-25kg 128gr,3.06
2025-11-07,290118,Catisfaction Σνακ Γάτας Κοτόπουλου 180gr,4.69
2025-11-07,290096,Cesar Ξηρά Τροφή Σκύλου Κοτόπουλο Σολωμο Λαχανικά 800gr,5.28
2025-11-07,290072,Pedigree Adult Ξηρή Τροφή Σκύλου Μοσχάρι & Λαχνικά 2.6kg,12.96
2025-11-07,290073,Pedigree Junior Ξηρή Τροφή Σκύλου Κοτόπουλο & Λαχανικά 2kg,9.98
2025-11-07,290031,Josidog Ξηρά Τροφή Σκύλου Κοτόπουλο 900gr,3.29
2025-11-07,290337,Pedigree Κοτόπουλο & Αρνί Ζελέ 4x100gr,2.99
2025-11-07,290501,Friskies Balance Για Ενήλικους Σκύλους Κοτόπουλο & Λαχανικά 18kg,61.82
2025-11-07,838312,Pet Natura Παιχνίδι Σκύλου Medium,3.02
2025-11-07,292211,Prevital Υγρή Τροφή Γάτας Φακελάκια 100gr,49.99
2025-11-07,292201,Purina Ξηρή Τροφή Σκύλου One Med Max Active Κοτόπουλο 2-5kg,11.92
2025-11-07,292189,Friskies Adult Υγρή Τροφή Αρνί Καρότο 4x85gr,2.79
2025-11-07,290068,Pedigree Dentastix Daily Fresh Mπισκότα Large 154gr,3.06
2025-11-07,294109,Vitakraft Τροφή Για Χελώνες 250gr,3.43
2025-11-07,294108,Vitakraft Τροφή Για Τροπικά Ψάρια 100ml,2.20
2025-11-07,838040,Vitakraft Μικρά Ζωάκια Με Catnip 20gr,5.52
2025-11-07,292134,Whiskas Adult Πλήρης Υγρή Τροφή Γάτας Επεξεργασμένο Κρέας 4x13x85gr,2.99
2025-11-07,294104,Vitakraft Kracker Duo Για Καναρίνια 2τεμ,2.28
2025-11-07,838306,Pet Natura Περιλαίμιο Σκύλου 2-5x45cm,4.63
2025-11-07,290178,Friskies Junior Για Κουτάβια Με Κοτόπουλο- Γάλα & Λαχανικά 3kg,14.11
2025-11-07,290326,Friskies Ξηρά Τροφή Mini Menu Βοδινό 1-5kg,7.77
2025-11-07,292212,Kitekat Φακελάκια Γάτας Ανάμεικτα 85gr,5.82
2025-11-07,838323,Flexi Πτυσσόμενος Οδηγός Μαύρος Medium,16.66
2025-11-07,294102,Vitakraft Kracker Duo Για Παπαγαλάκια 2τεμ,2.28
2025-11-07,294107,Vitakraft Τροφή Για Χρυσόψαρα 100ml,2.11
2025-11-07,838308,Pet Natura Πιάτο Πλαστικό Διπλό 2x230ml,2.58
2025-11-07,838305,Pet Natura Οδηγός Σκύλου Νάυλον 2-5x110cm,6.41
2025-11-07,838317,Pet Natura Shampoo & Conditioner Fly Away 500ml,4.13
2025-11-07,838319,Pet Natura Παιχνίδια Γάτας 2τεμ,3.47
2025-11-07,838298,Pet Natura Μπανιέρα Για Κλουβί Πουλιών,1.07
2025-11-07,838303,Pet Natura Περιλαίμιο Σκύλου 1-5x30cm,3.31
2025-11-07,838304,Pet Natura Οδηγός Σκύλου 1-5x110cm,5.17
2025-11-07,838299,Pet Natura Ποτίστρα Για Κλουβί Πουλιών,0.79
2025-11-07,864378,Τετράδιο Cosmos Σπιράλ Α4 2 Θέματα,2.69
2025-11-07,864375,Τετράδιο Cosmos Σπιράλ Β5 2 Θέματα,1.93
2025-11-07,862603,Primo Τετράδιο Μπλε 17x25 50 φύλλα,0.81
2025-11-07,864379,Τετράδιο Cosmos Σπιράλ Α4 3 Θέματα,3.77
2025-11-07,864382,Τετράδιο Cosmos Σπιράλ Β5 1 Θέμα,1.34
2025-11-07,864377,Τετράδιο Cosmos Σπιράλ Α4 1 Θέμα,1.81
2025-11-07,863179,Φωτοτυπικό Χαρτί Α4 80gr/Μ 500φ,5.70
2025-11-07,864376,Τετράδιο Cosmos Σπιράλ Β5 3 Θέματα,2.86
2025-11-07,863660,Φάκελλος ΡΡ με Κουμπί Α4-Διάφορα Χρώματα,0.68
2025-11-07,833637,BIC Evolution Original HB Μολύβι Γραφίτη Με Γόμα 4τεμ,1.19
2025-11-07,864441,Pritt Διορθωτική Ταινία Mini 4-2mm,2.39
2025-11-07,864435,Pritt Διορθωτική Ταινία Mini 4-2m 2+1 Δώρο,4.78
2025-11-07,862041,Skag Διαφανείς Θήκες Α4 Π Με 11 Τρύπες Νο4,0.67
2025-11-07,862111,BIC Galet Γόμα - Pack of 1,0.85
2025-11-07,833008,Carioca Joy Ecofamily Μαρκαδόροι,2.05
2025-11-07,864361,Bic Ξύστρα,1.21
2025-11-07,862028,Pritt Στυλό Διορθωτικό Blanco 2τεμ,3.17
2025-11-07,863293,Roma Συνδετήρες Νο 3,0.54
2025-11-07,864470,Bic Cristal Στυλό Med Box 10τεμ Blue,2.75
2025-11-07,959877,Πιάτα Μεσαία Next Generation Big Star 8τεμ,2.19
2025-11-07,833017,Loctite Super Attak Κόλλα Στιγμής Power Flex 3τεμ,2.45
2025-11-07,926014,Κεριά Γενεθλίων Νούμερα Με Αστέρια Νο 1,0.79
2025-11-07,833033,Logo Στιγμής Regular 3gr +3gr,2.70
2025-11-07,926012,Κεριά Γενεθλίων Decorata 20+10 Βάσεις,1.29
2025-11-07,863161,Carioca Ψαλίδι 13cm,1.70
2025-11-07,926023,Μπαλόνια Metal Decorata Συσκ. 8τεμ,1.89
2025-11-07,833296,Post Ιt Αυτοκόλλητες Σημειώσεις Κύβος Mίνι 51x51mm 400 τεμ,3.19
2025-11-07,862628,Skag Μπλόκ Σπιράλ Ριγέ 50Φύλλων Ν.3,0.91
2025-11-07,863333,Bic Highlighter Flat Bl2 Pastel 4τεμ,3.48
2025-11-07,926016,Κεριά Γενεθλίων Νούμερα Με Αστέρια Νο 3,0.79
2025-11-07,959876,Χαρτοπετσέτες 2φυλ Multic Brigh Star 33x33,2.35
2025-11-07,926017,Κεριά Γενεθλίων Νούμερα Με Αστέρια Νο 4,0.79
2025-11-07,926015,Κεριά Γενεθλίων Νούμερα Με Αστέρια Νο 2,0.79
2025-11-07,863651,Skag Μπλοκ Overlap Ριγέ 113x194 No.4 50 φύλλα,0.94
2025-11-07,863292,Roma Συνδετήρες Νο 4,0.60
2025-11-07,824074,Italian Brainrot Skifidol 7 Συλλεκτικές Κάρτες Φακελάκι,2.99
2025-11-07,863326,Bic Highlighter Flat Bl2 Yellow 2τεμ,2.02
2025-11-07,823911,Superthings Secret Spies Φιγούρα,1.00
2025-11-07,926061,Κεριά Γενεθλίων Happy Birthday Με Οδοντογλυφίδες,2.79
2025-11-07,863341,BIC Evolution Stripes HB Μολύβι Γραφίτη Με Γόμα Διάφορα Χρώματα 3τεμ,1.21
2025-11-07,863114,Reycopy Χαρτί Φωτοτυπικού A4 80G/Μ² 500Φ,5.70
2025-11-07,926041,Μπαλόνια Party Διάφορα Χρώματα Συσκ. 50τεμ,3.89
2025-11-07,863776,Bic Cristal Στυλό Up Blu Box 4Eu,1.44
2025-11-07,926018,Κεριά Γενεθλίων Νούμερα Με Αστέρια Νο 5,0.79
2025-11-07,864085,Tesa Basic Transparent Φιλμ 33mx15cm 1τεμάχιο,0.98
2025-11-07,833315,Carioca Joy Μαρκαδόροι Συσκευασία 12τεμαχίων,3.79
2025-11-07,862061,Pritt Διορθωτικό Στυλό 8ml,2.11
2025-11-07,840017,Terra Μεταλλική Καρέκλα Θαλάσσης 45x46.5cm,13.50
2025-11-07,926010,Καπέλα Μονόχρωμα Decorata Party Συσκ. 6τεμ,1.89
2025-11-07,926050,Χάρτινη Μεταλλική Γιρλάντα Happy Birthday,2.25
2025-11-07,532302,Tesa Σελοτέιπ Ν. 57381 33x15mm,1.18
2025-11-07,823922,Στρουμφάκια Φιγούρες Σε Φακελάκι,3.99
2025-11-07,863650,Skag Overlap Μπλοκ Ριγέ 105x178 No3 50 φύλλα,0.77
2025-11-07,833707,UHU Κόλλα Stick Blister 8-2gr,1.68
2025-11-07,864434,BIC HB 0.7 mm Μύτες Μηχανικού Μολυβιού - 2τεμ x 12 Μύτες,1.71
2025-11-07,926019,Κεριά Γενεθλίων Νούμερα Με Αστέρια Νο 7,0.79
2025-11-07,862032,Pritt Κόλλα Stick 22gr Blue 2τεμ,3.22
2025-11-07,959875,Κεριά Γενεθλίων Νούμερο Με Αστέρια,0.79
2025-11-07,926032,Μπαλόνια Foil Χρυσά 32εκ. Νο 2,1.29
2025-11-07,926021,Κεριά Γενεθλίων Νούμερα Με Αστέρια Νο 9,0.79
2025-11-07,863175,Pritt Διορθωτική Ταινία Micro Roll Blue & Green 2τεμ,2.68
2025-11-07,862030,Pritt Διορθωτική Ταινία 4-2mm 2τεμ,4.99
2025-11-07,863550,UHU Κόλλα Super Strong & Safe 7gr,4.71
2025-11-07,926024,Μπαλόνια Party Διάφορα Χρώματα Συσκ. 30τεμ,2.29
2025-11-07,864369,Bic Ξύστρα Mini,0.93
2025-11-07,863031,UHU Patafix Αυτοκόλλητα Ν. 11846 80τεμ,2.33
2025-11-07,833012,UHU Κόλλα Renature 8.2gr (2+1 Δώρο),3.40
2025-11-07,833010,UHU Κόλλα Renature 8.2gr,1.70
2025-11-07,833633,BIC Matic Fun 0.7mm HB Μηχανικό Μολύβι - Διάφορα Χρώματα- 3τεμ,1.58
2025-11-07,926013,Κεριά Γενεθλίων Νούμερα Με Αστέρια Νο 0,0.79
2025-11-07,862029,Pritt Διορθωτική Ταινία 4-2mm,3.41
2025-11-07,926022,Κεριά Γενεθλίων Νούμερα Με Αστέρια Νο 6,0.79
2025-11-07,863033,UHU Βενζινόκολλα Γενικής Χρήσης 33ml,3.28
2025-11-07,958214,Τράπουλα Χάρτινη Πλαστικοποιημένη Νο 222,0.64
2025-11-07,863273,Pattex Βενζινόκολλα 50gr,3.53
2025-11-07,864417,Loctite Κόλλα SA Power Gel 2x3gr,3.48
2025-11-07,863410,Bic Στυλό 4C Pastel Bl1,2.11
2025-11-07,863242,Post-it Αυτοκόλλητα Σημειώσεων Mini Κύβος Ν205,3.07
2025-11-07,863335,UHU Patafix Αυτοκόλλητα Home Deco 80τεμ,2.55
2025-11-07,862711,UHU Κόλλα Stick Magic 8-2gr 1+1Δώρο,1.83
2025-11-07,863301,Χαρτί Φωτοτυπικού Α4 80gr/Μ² 500 Φύλλα,5.70
2025-11-07,926020,Κεριά Γενεθλίων Νούμερα Με Αστέρια Νο 8,0.79
2025-11-07,833235,Carioca Joy Μαρκαδόροι Λεπτοί Συσκευασία 12τεμαχίων,1.90
2025-11-07,862629,Skag Μπλοκ Σπιράλ Ριγέ 50Φύλλων Ν.4,0.98
2025-11-07,864386,Bic Μηχανικό Μολύβι Matic Pastel 07 PO5 5τεμ,2.87
2025-11-07,926011,Καραμούζες Μονόχρωμες Decorata Συσκ. 4τεμ,2.10
2025-11-07,926031,Μπαλόνια Foil Χρυσά 32εκ. Νο 0,1.29
2025-11-07,926034,Μπαλόνια Foil Χρυσά 32εκ. Νο 5,1.29
2025-11-07,833005,Carioca Jumbo Ecofamily Μαρκαδόροι,4.90
2025-11-07,833003,Carioca Mini Μαρκαδόροι Υπογραμμίσεως 4τεμ,3.71
2025-11-07,828251,Ψάθα Θαλάσσης Sunscape Mirage 86x180cm,4.95
2025-11-07,926037,Μπαλόνια Foil Χρυσά 32εκ. Νο 4,1.29
2025-11-07,864363,Bic Χάρακας Double,1.35
2025-11-07,862034,Pritt Κόλλα Stick Fun Colors 10gr 4τεμ,4.07
2025-11-07,863719,UHU Correction Roller Mini Blister 2τεμ,4.95
2025-11-07,863967,UHU Ταινία Invisible 25mmx19mm,2.70
2025-11-07,863696,Skag Κλασέρ Eco P.P. Μαύρο,2.48
2025-11-07,816070,Hot Wheels Αυτοκινητάκια,1.99
2025-11-07,833294,Post Ιt Αυτοκόλλητες Σημειώσεις Κύβος,6.62
2025-11-07,833034,Uhu Stick 3x8-2gr,2.99
2025-11-07,823495,Travel Games Παιχνίδια Ταξιδιού,3.99
2025-11-07,863232,BIC Velocity Pro 0.5mm Μηχανικό Μολύβι Διάφορα Χρώματα & Δώρο BIC HB 12 Μύτες,1.83
2025-11-07,833004,Carioca Ecofamily Tita Ξυλομπογιές,2.10
2025-11-07,863778,Bic Στυλό 4 Colours Smooth Gradient Eu,2.41
2025-11-07,863346,Bic Ξυλομπογιές Evol Form,2.69
2025-11-07,823342,Minnie Mouse Φιγούρα 6cm,2.99
2025-11-07,926062,Μπαλόνια Happy Birthday Decorata Συσκ. 6τεμ,2.79
2025-11-07,926035,Μπαλόνια Foil Χρυσά 32εκ. Νο 9,1.29
2025-11-07,926033,Μπαλόνια Foil Χρυσά 32εκ. Νο 3,1.29
2025-11-07,862037,Pritt Κόλλα Χειροτεχνίας 100gr,2.69
2025-11-07,657168,UHU Ταινία Rollafix 25mX19mm + Αόρατη Βάση,3.28
2025-11-07,863289,Sax Συρραπτική Μηχανή + Σύρματα Διάφορα Χρώματα,3.97
2025-11-07,819010,Hot Wheels Αυτοκινητάκια 90's Street Sports,2.99
2025-11-07,823924,Σετ Ζωγραφικής Pocket Fantasy Dreams,2.46
2025-11-07,864222,Skag Τετράδιο Α4 2 Θέματα Adventure N.402,3.10
2025-11-07,926039,Μπαλόνια Foil Χρυσά 32εκ. Νο 7,1.29
2025-11-07,864317,Pritt Κόλλα Stick 11gr 2+1 Δώρο,3.54
2025-11-07,864313,BIC Evolution Original Μολύβι Γραφίτη HB-3 τεμ+1 Μικρή Γόμα+1 Μικρή Ξύστρα,1.77
2025-11-07,863336,UHU Κόλλα Twist & Glue Οικολογική Blister 35ml,3.42
2025-11-07,862627,Skag Μπλοκ Σπιράλ Ριγέ 50Φύλλων Ν.2,0.79
2025-11-07,864433,BIC HB 0.5 mm Μύτες Μηχανικού Μολυβιού - 2τεμ x12 Μύτες,1.74
2025-11-07,816071,Hot Wheels Αυτοκινητάκια Σετ 5 Tεμ.,9.99
2025-11-07,863777,Bic Στυλό 4c Decor Hydro Bl1,2.11
2025-11-07,809017,Nεράϊδα Των Δοντιών,4.99
2025-11-07,959790,Swan Νερόμπομπες Συσκευασία 50τεμ,1.69
2025-11-07,830154,Βάση Ομπρέλας Πλαστική Λευκή,9.99
2025-11-07,823341,Mickey Mouse Φιγούρα 6cm,2.99
2025-11-07,864130,Tesa Basic Transparent Φιλμ 33mx15cm Mε Dispenser,1.99
2025-11-07,845185,Agatha Christie Αστυνομικά Μυθιστορήματα,11.10
2025-11-07,657171,Κόλλα UHU GLitter 6x10ml Blister,3.19
2025-11-07,823038,Cars 3 Αυτοκινητάκια,6.99
2025-11-07,833009,Carioca Pastel Μαρκαδόροι Υπογραμμίσεως 4τεμ,3.56
2025-11-07,833001,Carioca Λαδομπογιές Maxi,1.80
2025-11-07,863649,Skag Μπλοκ Overlap Ριγέ 90x148 No.2 50 φύλλα,0.66
2025-11-07,823998,Πλαστική Φιγούρα Italian Brain Rot,3.00
2025-11-07,823999,Τυχερή Σακούλα Lucky Bag Για Αγόρια,3.00
2025-11-07,823984,Ψηφιακό Ρόλοι Πρότζεκτορας Μονόκερος,5.99
2025-11-07,819000,Μatchbox Αεροπλανάκια,4.50
2025-11-07,845532,Βιβλίο: Πινόκιο Με Αναδιπλούμενες Εικόνες,9.90
2025-11-07,823940,Hot Wheels Συλλεκτικά Αυτοκινητάκια Αγωνιστικά,8.99
2025-11-07,823921,Σετ Ζωγραφικής Pocket Dinosaurs,2.46
2025-11-07,823876,Playmobil Γοργόνα Με Χταπόδι 8pcs,4.99
2025-11-07,845521,Βιβλίο Τα Χρώματα Που Εσείς Μου Μάθατε,14.45
2025-11-07,864387,Bic Στυλό 4C Wood Bl1,2.89
2025-11-07,864209,Skag Adventure Τετράδιο 2 Θεμάτων 17x25 No.452,1.05
2025-11-07,833650,Tippex Foam Διορθωτικό Yγρό Σε Blister,1.27
2025-11-07,926040,Μπαλόνια Foil Χρυσά 32εκ. Νο 8,1.29
2025-11-07,862031,Pritt Κόλλα Stick 22gr,2.13
2025-11-07,823574,Hot Wheels Χρωμοκεραυνοί,3.99
2025-11-07,825902,Papstar Χαρτοπετσέτες Χριστουγεννιάτικες 33x33 108gr 20τεμάχια,2.65
2025-11-07,820148,Hot Wheels Αυτοκινητάκια Σετ 3τεμαχίων,5.99
2025-11-07,863699,Skag Κλασέρ Eco P.P. Πράσινο,2.48
2025-11-07,823997,Τυχερή Σακούλα Lucky Bag Για Κορίτσια,3.00
2025-11-07,845540,Βιβλίο Κόκκινη Γράμμη,19.90
2025-11-07,823970,Φιγούρα Χλαπάτσα Spiderman 16 Σχέδια,2.99
2025-11-07,823972,Jelly Πορτοφολάκι 4 Σχέδια,3.99
2025-11-07,819013,Hot Wheels Αυτοκινητάκια Tooned Gulf Racing,2.99
2025-11-07,823956,Teenage Mutant Ninja Mayhem Φιγούρες,13.00
2025-11-07,823941,Hot Wheel Νέες Νταλίκες 1:64,5.99
2025-11-07,862000,Umu Κόλλα Power Σπρέυ 200ml,5.99
2025-11-07,823916,Προτζέκτορας Mini Spiderman,4.00
2025-11-07,823888,Barbie Νέα Γοργόνα 4 Σχέδια,10.99
2025-11-07,823891,Frozen Mini Κούκλες CDU 2 Σχέδια,6.49
2025-11-07,823879,Playmobil Νίντζα Εξοπλισμός Μάχης 8pcs,4.99
2025-11-07,823872,Europrice Puzzles Βαλιτσάκι,2.99
2025-11-07,823688,Gigantosaurus Φιγούρες Με Αυγό Slime 5cm,6.99
2025-11-07,864223,Skag Τετράδιο Α4 Adventure 3 Θέματα N.403,4.10
2025-11-07,864226,Skag Τετράδιο Geometric 2 Θεμάτων 17x25 Νο. 422,2.10
2025-11-07,823356,Playmobil Mr Pizza,4.99
2025-11-07,823487,Hot Wheels City Mini Πίστες,9.98
2025-11-07,862046,Αριθμομηχανή 12 Ψηφίων,9.75
2025-11-07,916029,Estia Φορητό Ψυγείο Διάφορα Χρώματα 24 lt,43.99
2025-11-07,926038,Μπαλόνια Foil Χρυσά 32εκ. Νο 6,1.29
2025-11-07,823436,RMZ City Φορτηγό 1:64 Μεταλλικό,5.81
2025-11-07,823820,Hot Wheels Trucks Οχήματα,5.99
2025-11-07,823615,Barbie Mini Φορέματα,7.98
2025-11-07,807021,Burago Street Fire Μινιατούρες Διάφορες,12.22
2025-11-07,657157,Uhu Διορθωτικό Correction Pen 8ml Blister,2.45
2025-11-07,863697,Skag Κλασέρ Eco P.P. Μπλε,2.48
2025-11-07,825037,Χριστουγεννιάτικες Χαρτοπετσέτες Christmas Shine 20 Φύλλα 170gr,3.50
2025-11-07,824082,Αυτοκινητάκι Block,3.57
2025-11-07,824079,Sprunki Volume Two Vol 2,2.00
2025-11-07,824077,Kreaturex Predatori Alati,3.00
2025-11-07,824075,Italian Brainrot Φιγούρα Μπρελόκ & Κάρτα,9.99
2025-11-07,824064,Τυχερή Σακούλα Lucky Bag Για Αγόρια Mad Max,5.00
2025-11-07,823983,Sonic Ψηφιακό Ρολόϊ Προτζέκτορας,5.99
2025-11-07,823982,Teamsterz Αυτοκινητάκια 1:64 Die Cast 5τεμ,6.99
2025-11-07,823987,Marvel Συλλεκτική Φιγούρα Boomez W4,4.98
2025-11-07,823977,As Ατζέντα Μεγάλη Με Κλειδαριά - 3 Σχέδια,5.99
2025-11-07,845541,Βιβλίο Βουτιά στην Αγάπη,19.90
2025-11-07,823969,Happi Hobbi Magnet Tins,5.99
2025-11-07,845537,Βιβλίο Ο Κήπος Των Μικρών Θεών,19.90
2025-11-07,845536,Βιβλίο Ψάχνω Και Βρίσκω Οχήματα,6.60
2025-11-07,845539,Βιβλίο Για πάντα μαζί!,19.90
2025-11-07,809018,Playmobile Duopack Συλλογή,6.99
2025-11-07,809019,Playmobil Με Άλογο Ιππασίας,14.99
2025-11-07,809021,Playmobil Βικινγκ Σε Σκύλο,4.99
2025-11-07,819006,Polly Mini Ο Κόσμος Της Polly Σετάκια,14.99
2025-11-07,819002,Monster Trucks Νταλίκες,9.99
2025-11-07,819004,Hot Wheels Συλλογή Αυτοκινητάκια Fast & Furious,8.99
2025-11-07,823953,Gormiti Φιγούρες,6.99
2025-11-07,845523,Bίβλιο Χρωματίζω Μαγικά - Ωκεανός,4.90
2025-11-07,823905,Πλαστελίνη σε Πλαστική Κουπάτ Frozen-Spiderman 2τεμ,2.46
2025-11-07,823907,Προτζέκτορας Mini Frozen,4.00
2025-11-07,823894,Barbie Νέα Πριγκίπισσα Ροζ Ανταύγιες,10.99
2025-11-07,823885,Barbie Νέα Μπαλαρίνα,7.50
2025-11-07,823880,Playmobil Μπαλαρίνα 8pcs,4.93
2025-11-07,823881,Playmobil Ζαχαροπλάστρια 8pcs,4.93
2025-11-07,823875,RMZ City Αυτοκίνητα 1:64,2.50
2025-11-07,823871,Europrice Puzzles 4in1 Βαλιτσάκι,10.17
2025-11-07,823592,Cat Οχήματτα Έργων 8cm Single Pack,2.99
2025-11-07,823696,Plus-Plus Τουβλάκια Δημιουργίας 100τεμ,7.99
2025-11-07,823509,Hot Wheels Αυτοκινητάκια Neon Speeders,2.99
2025-11-07,864227,Skag Τετράδιο Geometric 3 Θεμάτων 17x25 Νο. 423,3.10
2025-11-07,823357,Playmobil Αστυνομικός Με Σκύλο-Ανιχνευτής,4.99
2025-11-07,823496,Magic Mixies Mixlings Μικρό Καζάνι,9.99
2025-11-07,862930,Κάρτες Ευχςτήριες Διάφορες Νο 375,1.67
2025-11-07,862939,Καρτακια Ευχετήρια Διάφορα,0.89
2025-11-07,845508,Βιβλίo "Παίζω Και Εξερευνώ",8.99
2025-11-07,823338,Goo Jit Zu Mini Single Pack,3.99
2025-11-07,825011,Φωτάκια 100Led Βροχή Επέκταση Θερμόλευκο - Λευκό Εξωτερικού Χώρου 31V,10.17
2025-11-07,825012,Φωτάκια 180Led Πρόγραμμα Εξωτ. Χώρου Θερμά - Λευκά- Πολύχρωμα,11.34
2025-11-07,825015,Φωτάκια 300Led Πρόγραμμα Εξωτ. Χώρου Θερμολευκα- Λευκά- Πολύχρωμα 31V,15.31
2025-11-07,919058,Tabletop Ισοθερμικό Δοχείο Ζεστό Κρύο Ρόφημα Διπλότοιχο Άσπρο 380ml,6.90
2025-11-07,823435,RMZ Aυτοκινητάκι 1:32 Μεταλλικό,6.89
2025-11-07,820018,Barbie Wellness Ημέρα Ομορφιάς 3 Σχέδια,15.99
2025-11-07,823830,Playmobil Βαλιτσάκι Go-Kart,11.82
2025-11-07,823770,Barbie Λουλουδάτα Φορέματα,6.99
2025-11-07,823048,Playmobil Βαλιτσάκι Αστυνόμος Με Μοτοσυκλέτα,11.82
2025-11-07,823044,Playmobil Φίλοι Αγόρια,3.42
2025-11-07,823045,Playmobil Φίλοι Κορίτσια,3.42
2025-11-07,823058,Playmobil Duo Pack Αγοριών,5.98
2025-11-07,657178,Uhu Στυλόκολλα Glue Pen 50ml Blister,2.20
2025-11-07,862480,UHU STICK 21gr UHU Κόλλα 35ml UHU Glue Pen 50 Δώρο,5.12
2025-11-07,823194,Barbie Fashionistas Σε Νεα Σχέδια,12.99
2025-11-07,657154,UHU Ταινία Rollafix Διαφανή 25m Με Βάση,3.23
2025-11-07,863700,Skag Κλασέρ Eco P.P. Κίτρινο,2.48
2025-11-07,823484,Barbie Τσέλτσι & Φίλες (6 Σχέδια),5.99
2025-11-07,816057,Matchbox Αυτοκινητάκια,1.99
