2025-06-05,1589354,Τσιπούρα Φιλέτο Ελληνικής Εκτροφής 200g,5.0
2025-06-05,1275022,Τσιπούρα Καθαρισμένη Ελληνικής Εκτροφής 400g έως 600g,5.4
2025-06-05,1230383,Λαβράκι Καθαρισμένο Ελληνικής Εκτροφής 400g έως 600g,5.16
2025-06-05,1228680,Σολομός Φιλέτο με δέρμα Εκτροφής Νορβηγίας,7.65
2025-06-05,1228682,Σολομός Φέτα Νορβηγικής Εκτροφής,5.67
2025-06-05,1488886,Φαγκρί Καθαρισμένο Ελληνικής Eκτρoφής 400g έως 600g,7.8
2025-06-05,1228679,Πέστροφα Καθαρισμένη Ελληνικής Εκτροφής,3.56
2025-06-05,1629700,Παναρισμένα Μπιφτέκια Σολομού Αποψυγμένα Εκτροφής Νορβηγίας 300g,6.26
2025-06-05,1275152,Γαρίδες Vannamei Αποψυγμένες Εισαγωγής,3.82
2025-06-05,1228686,Πέρκα Φιλέτο Eισαγωγής,7.02
2025-06-05,1594421,Σολομός Φιλέτο Εκτροφής Νορβηγίας με Τσιμιτσούρι,7.47
2025-06-05,1578057,Θράψαλo Αποψυγμένo Εισαγωγής,3.38
2025-06-05,1646372,Χταπόδι Αποψυγμένο Μαρόκου,11.55
2025-06-05,1448543,Κοτόπουλο ΑΓΡΟΖΩΗ Ελληνικό,5.4
2025-06-05,1467636,Κιμάς Λάπα Νεαρού Μόσχου ΣΚΛΑΒΕΝΙΤΗΣ Ολλανδίας 500g,6.1
2025-06-05,1441510,Κοτομπουκιές Πανέ ΣΚΛΑΒΕΝΙΤΗΣ με Νιφάδες Καλαμποκιού προψημένες ,4.92
2025-06-05,1563294,Κιμάς Ανάμεικτος ΣΚΛΑΒΕΝΙΤΗΣ Ολλανδίας 500g,5.5
2025-06-05,1519422,Κοτόπουλο Στήθος MIMIKOS φιλέτο 650g +20% Δωρεάν Προϊόν,11.85
2025-06-05,1636093,Κοτομπουκιές Πανέ ΣΚΛΑΒΕΝΙΤΗΣ προψημένες 400g,3.94
2025-06-05,1467619,Κιμάς Νεαρού Μόσχου ΣΚΛΑΒΕΝΙΤΗΣ Άπαχος Ολλανδίας 500g,8.6
2025-06-05,1467644,Κιμάς Σπάλας Νεαρού Μόσχου ΣΚΛΑΒΕΝΙΤΗΣ Ολλανδίας 500g,7.85
2025-06-05,2649663,Κοτόπουλο Στήθος ΝΙΤΣΙΑΚΟΣ φιλέτο Ελληνικό 700g,11.2
2025-06-05,1467641,Κιμάς Χοιρινός ΣΚΛΑΒΕΝΙΤΗΣ Άπαχος Ολλανδίας 500g,4.0
2025-06-05,1467126,Κύβοι Νεαρού Μόσχου ΣΚΛΑΒΕΝΙΤΗΣ Ολλανδίας 700g,10.95
2025-06-05,1252963,Λαιμός Χοιρινός ΣΚΛΑΒΕΝΙΤΗΣ με οστό Ολλανδίας,6.77
2025-06-05,1467128,Τηγανιά Χοιρινή ΣΚΛΑΒΕΝΙΤΗΣ Ολλανδίας 700g,5.3
2025-06-05,1231032,Σνίτσελ Κοτόπουλου Πανέ ΣΚΛΑΒΕΝΙΤΗΣ προψημένο,4.9
2025-06-05,1252962,Μπριζόλα Χοιρινή ΣΚΛΑΒΕΝΙΤΗΣ με οστό Ολλανδίας ,5.58
2025-06-05,1377283,Κεφτεδάκια ΣΚΛΑΒΕΝΙΤΗΣ 420g,3.15
2025-06-05,2649689,Κοτόπουλο Μπούτι ΝΙΤΣΙΑΚΟΣ φιλέτο Ελληνικό 700g,10.5
2025-06-05,1464647,Μπιφτέκια Κοτόπουλου Ελληνικά MEATKA,6.84
2025-06-05,1467127,Μπιφτέκια Νεαρού Μόσχου ΣΚΛΑΒΕΝΙΤΗΣ Ολλανδίας 720g,7.9
2025-06-05,6094593,Κοτόπουλο Μπούτι ΝΙΤΣΙΑΚΟΣ Ελληνικό 850g +50% Δωρεάν Προϊόν,7.58
2025-06-05,1055522,Σνίτσελ MIMIKOS Κοτολιχουδιές 470g,4.3
2025-06-05,2649721,Κοπανάκι Κοτόπουλο ΝΙΤΣΙΑΚΟΣ Ελληνικό 650g,6.74
2025-06-05,1250648,Κοτόπουλο ΝΙΤΣΙΑΚΟΣ ολόκληρο,8.82
2025-06-05,1252970,Μπιφτέκια Ανάμεικτα ΣΚΛΑΒΕΝΙΤΗΣ Ολλανδίας 660g,5.6
2025-06-05,1464018,Κοτομπουκιές ΝΙΤΣΙΑΚΟΣ 400g,4.66
2025-06-05,1055523,Nuggets MIMIKOS Κοτολιχουδιές 480g,7.05
2025-06-05,1466688,Κοτόπουλο Μπούτι ΑΓΡΟΖΩΗ Ελληνικό,4.36
2025-06-05,1252971,Πανσέτα Χοιρινή ΣΚΛΑΒΕΝΙΤΗΣ με οστό Ολλανδίας ,3.9
2025-06-05,1225793,Σουβλάκια Χοιρινά ΣΚΛΑΒΕΝΙΤΗΣ Μαριναρισμένα Ολλανδίας,6.99
2025-06-05,1055517,Κοτόπουλο Μπούτι MIMIKOS φιλέτο 650g,11.95
2025-06-05,1467129,Μπιφτέκια Πολίτικα Ανάμεικτα ΣΚΛΑΒΕΝΙΤΗΣ 400g,3.6
2025-06-05,1588521,Κοτόπουλο Μπούτι ΠΙΝΔΟΣ Ελεύθερης Βοσκής Ελληνικό,5.9
2025-06-05,1463851,Μπιφτέκια Κοτόπουλου ΜΙΜΙΚΟΣ 320g,4.38
2025-06-05,1467119,Μπιφτέκια Χοιρινά ΣΚΛΑΒΕΝΙΤΗΣ 720g,4.64
2025-06-05,1588562,Κοτόπουλο ΠΙΝΔΟΣ Ελεύθερης Βοσκής ολόκληρο Ελληνικό,16.2
2025-06-05,1634381,Σουτζουκάκι ΜEATKA 600g,6.45
2025-06-05,1585671,Κοτόπουλο MIMIKOS 65% ολόκληρο Ελληνικό,10.2
2025-06-05,1468579,Cordon Bleu ΝΙΤΣΙΑΚΟΣ με αλλαντικό Κοτόπουλο 380g,3.73
2025-06-05,1545118,Κοτόπουλο Μπούτι MIMIKOS ολόκληρο 800g +35% Δωρεάν Προϊόν,8.4
2025-06-05,1494768,Χτένι Σπάλας Νεαρού Μόσχου ΣΚΛΑΒΕΝΙΤΗΣ Ολλανδίας,10.98
2025-06-05,1055513,Κοτόπουλο Μπουτάκι MIMIKOS 590g,7.7
2025-06-05,1252966,Σπάλα Χοιρινή ΣΚΛΑΒΕΝΙΤΗΣ άνευ οστού Ολλανδίας ,5.47
2025-06-05,1545123,Κοτόπουλο Φτερούγα MIMIKOS 650g,4.2
2025-06-05,1389716,Γαλοπούλα Στήθος ΝΙΤΣΙΑΚΟΣ φιλέτο Ελληνικό,15.34
2025-06-05,1494773,Σπαλομίτα Νεαρού Μόσχου ΣΚΛΑΒΕΝΙΤΗΣ Ολλανδίας,12.68
2025-06-05,1252952,Ποντίκι Νεαρού Μόσχου ΣΚΛΑΒΕΝΙΤΗΣ  άνευ οστού Ολλανδίας,10.14
2025-06-05,1231040,Ρολό κοτόπουλο ΠΙΝΔΟΣ Γεμιστό,11.94
2025-06-05,1636143,Μπούτι Κατσικίσιο με Παϊδάκι VESTA FOODS Ελληνικό,25.65
2025-06-05,1252950,Ελιά Νεαρού Μόσχου ΣΚΛΑΒΕΝΙΤΗΣ άνευ οστού  Ολλανδίας,11.78
2025-06-05,1561868,Σνίτσελ Βιενουά MIMIKOS Κοτολιχουδιές Limited Edition 320g,4.95
2025-06-05,1636131,Μπούτι Αρνίσιο με Παϊδάκι VESTA FOODS Ελληνικό,23.75
2025-06-05,1588537,Κοτόπουλο Στήθος ΠΙΝΔΟΣ Ελεύθερης Βοσκής φιλέτο Ελληνικό,11.0
2025-06-05,1442538,Κοντοσούβλι Χοιρινό ΣΚΛΑΒΕΝΙΤΗΣ με Πιπεριές Ολλανδίας,5.37
2025-06-05,1607743,Τραγανά Nuggets MIMIKOS Κοτολιχουδιές Limited Edition 400g,6.0
2025-06-05,1252948,Σπάλα Νεαρού Μόσχου ΣΚΛΑΒΕΝΙΤΗΣ άνευ οστού Ολλανδίας,11.78
2025-06-05,1494563,Γαλοπούλα Μπούτι ΝΙΤΣΙΑΚΟΣ Ελληνικό,4.72
2025-06-05,1227957,Ρολό Κοτόπουλο IFANTIS Γεμιστό,11.58
2025-06-05,1551815,Cordon Bleu ΠΙΝΔΟΣ 370g,5.06
2025-06-05,1636139,Χεράκι Αρνίσιο με Παϊδάκι VESTA FOODS Ελληνικό,23.75
2025-06-05,1252955,Σπαλομπριζόλα Νεαρού Μόσχου ΣΚΛΑΒΕΝΙΤΗΣ με οστό Ολλανδίας,14.62
2025-06-05,1252965,Μπούτι Χοιρινό ΣΚΛΑΒΕΝΙΤΗΣ με οστό Ολλανδίας,5.52
2025-06-05,1636135,Χεράκι Κατσικίσιο με Παϊδάκι VESTA FOODS Ελληνικό,25.65
2025-06-05,1230668,Μπιφτέκια Γαλοπούλας MEATKA,9.76
2025-06-05,1512597,Cordon Bleu MIMIKOS Κοτολιχουδιές 480g,7.3
2025-06-05,1532460,Μπριζόλα Rib Eye Βόεια DEVESA άνευ οστού Αργεντινής 240g,12.65
2025-06-05,1454391,Φιλέτο Χοιρινό Ολλανδίας,5.4
2025-06-05,1252953,Νουά Νεαρού Μόσχου ΣΚΛΑΒΕΝΙΤΗΣ άνευ οστού Ολλανδίας,11.28
2025-06-05,1532462,Μπριζόλα Angus Βόεια DEVESA άνευ οστού Αργεντινής 240g,9.7
2025-06-05,5239074,Κοτόπουλο ΠΙΝΔΟΣ μισό Βιολογικό ,12.86
2025-06-05,2649598,Κοτόπουλο Φτερούγα ΝΙΤΣΙΑΚΟΣ Ελληνικό 800g,4.5
2025-06-05,1494771,Κότσι Χοιρινό ΣΚΛΑΒΕΝΙΤΗΣ με οστό Ολλανδίας,3.9
2025-06-05,1252957,Στρογγυλό Νεαρού Μόσχου ΣΚΛΑΒΕΝΙΤΗΣ άνευ οστού Ολλανδίας,10.32
2025-06-05,1494770,Φιλέτο Νεαρού Μόσχου ΣΚΛΑΒΕΝΙΤΗΣ Ολλανδίας,18.15
2025-06-05,1636137,Συκωταριά Αρνίσια VESTA FOODS Ελληνική,3.92
2025-06-05,1532461,Μπούτι Κιλότο DEVESA Αργεντινής 240g,7.8
2025-06-05,5017918,Κοτόπουλο ΠΙΝΔΟΣ Εγχώριο ,12.78
2025-06-05,1636140,Συκωταριά Κατσικίσια VESTA FOODS Ελληνική,3.92
2025-06-05,4756649,Κοτόπουλο ΠΙΝΔΟΣ ολόκληρο Βιολογικό ,26.95
2025-06-05,1620105,Premium Burger Βόειο Angus DEVESA Αργεντινής 2x150g,7.3
2025-06-05,1646654,Τσιπούρα Ψημένη ΣΚΛΑΒΕΝΙΤΗΣ Παραγωγής μας 360g,7.6
2025-06-05,1646655,Σολομός Φιλέτο με Δέρμα Ψημένος ΣΚΛΑΒΕΝΙΤΗΣ Παραγωγής μας 280g,12.3
2025-06-05,1646653,Λαβράκι Ψημένο ΣΚΛΑΒΕΝΙΤΗΣ Παραγωγής μας 330g,7.6
2025-06-05,1232350,Γεμιστά με Ρύζι ΣΚΛΑΒΕΝΙΤΗΣ Παραγωγής μας 450g,5.2
2025-06-05,1232352,Παστίτσιο ΣΚΛΑΒΕΝΙΤΗΣ Παραγωγής μας 400g,5.2
2025-06-05,1453946,Σαλάτα Caesar&#39;s ΦΡΕΣΚΟΥΛΗΣ με Κοτόπουλο 260g,4.25
2025-06-05,1433910,Σαλάτα Κινόα με Κοτόπουλο ΣΚΛΑΒΕΝΙΤΗΣ Παραγωγής μας 280g,3.7
2025-06-05,1232342,Μουσακάς ΣΚΛΑΒΕΝΙΤΗΣ Παραγωγής μας 400g,6.2
2025-06-05,1022035,Αραβική Πίτα με Κοτόπουλο &amp; Τσένταρ ΣΤΕΡΓΙΟΥ 155g,2.0
2025-06-05,1232449,Φακές ΣΚΛΑΒΕΝΙΤΗΣ Παραγωγής μας 400g,2.7
2025-06-05,1478367,Σαλάτα Ζυμαρικών Πένες με Κοτόπουλο &amp; Μοτσαρέλα ΣΚΛΑΒΕΝΙΤΗΣ Παραγωγής μας 280g,3.4
2025-06-05,1232358,Μπιφτέκια Σχάρας με Πατάτες Φούρνου ΣΚΛΑΒΕΝΙΤΗΣ Παραγωγής μας 400g,5.8
2025-06-05,1275412,Κοτόπουλο στο Φούρνο με Πατάτες ΣΚΛΑΒΕΝΙΤΗΣ Παραγωγής μας 400g,5.3
2025-06-05,1232450,Σουφλέ με Ταλιατέλες ΣΚΛΑΒΕΝΙΤΗΣ Παραγωγής μας 350g,4.4
2025-06-05,1232448,Ρεβίθια ΣΚΛΑΒΕΝΙΤΗΣ Παραγωγής μας 400g,2.7
2025-06-05,1022224,Αραβική Πίτα με Γαλοπούλα &amp; Τσένταρ ΣΤΕΡΓΙΟΥ 130g ,1.78
2025-06-05,1448974,Μπιφτέκια Γαλοπούλας με Ρύζι &amp; Λαχανικά ΣΚΛΑΒΕΝΙΤΗΣ Παραγωγής μας 400g,5.2
2025-06-05,1232357,Χόρτα ΣΚΛΑΒΕΝΙΤΗΣ Παραγωγής μας 400g ,4.1
2025-06-05,2404275,Cheeseburger με Ένταμ &amp; Sauce ΣΤΕΡΓΙΟΥ 150g,1.9
2025-06-05,1232353,Μακαρόνια με Κιμά ΣΚΛΑΒΕΝΙΤΗΣ Παραγωγής μας 480g,5.1
2025-06-05,1232355,Γιουβέτσι ΣΚΛΑΒΕΝΙΤΗΣ Παραγωγής μας 440g,6.8
2025-06-05,1269867,Αρακάς Λαδερός με Πατάτες ΣΚΛΑΒΕΝΙΤΗΣ Παραγωγής μας 400g,3.7
2025-06-05,1534266,Ψαρόσουπα ΣΚΛΑΒΕΝΙΤΗΣ Παραγωγής μας 450g,3.9
2025-06-05,1071726,Φάβα ΣΚΛΑΒΕΝΙΤΗΣ Παραγωγής μας 300g,2.1
2025-06-05,1250469,Μακαρόνια με Σάλτσα Ντομάτας ΣΚΛΑΒΕΝΙΤΗΣ Παραγωγής μας 480g,2.5
2025-06-05,1389962,Πένες Ολικής με Σάλτσα Μανιταριών ΣΚΛΑΒΕΝΙΤΗΣ Παραγωγής μας 450g,2.9
2025-06-05,1581050,Νουντλς Ρυζιού (Πλατιά) με Λαχανικά ΣΚΛΑΒΕΝΙΤΗΣ Παραγωγής μας 280g,2.9
2025-06-05,1232385,Ψάρι με Λαχανικά στον Ατμό ΣΚΛΑΒΕΝΙΤΗΣ Παραγωγής μας 400g,5.3
2025-06-05,1617450,Σπανάκι με Ρεβίθια Γιαχνί ΣΚΛΑΒΕΝΙΤΗΣ Παραγωγής μας 400g,2.7
2025-06-05,1269864,Φασολάκια Λαδερά ΣΚΛΑΒΕΝΙΤΗΣ Παραγωγής μας 400g,3.7
2025-06-05,2404382,Σάντουιτς με Καπνιστή Γαλοπούλα &amp; Τυρί Ένταμ ΣΤΕΡΓΙΟΥ 165g,1.65
2025-06-05,2446565,Κρουασάν με Καπνιστή Γαλοπούλα &amp; Ένταμ ΣΤΕΡΓΙΟΥ 170g,2.2
2025-06-05,4748760,Τοστ με Τυρί Edam &amp; Καπνιστή Γαλοπούλα ΣΤΕΡΓΙΟΥ 105g ,1.2
2025-06-05,1232390,Λαχανικά στον Ατμό ΣΚΛΑΒΕΝΙΤΗΣ Παραγωγής μας 450g,3.1
2025-06-05,1453948,Σαλάτα Caprese ΦΡΕΣΚΟΥΛΗΣ με Μοτσαρέλα 250g,3.98
2025-06-05,1273213,Μαυρομάτικα Σαλάτα ΣΚΛΑΒΕΝΙΤΗΣ Παραγωγής μας 400g,2.7
2025-06-05,1433909,Σαλάτα Κινόα με Ρεβίθια ΣΚΛΑΒΕΝΙΤΗΣ Παραγωγής μας 280g,2.9
2025-06-05,1534265,Σούπα Λαχανικών Βελουτέ ΣΚΛΑΒΕΝΙΤΗΣ Παραγωγής μας 450g,2.5
2025-06-05,4748893,Σάντουιτς με Ψωμί Ολικής Άλεσης Καπνιστή Γαλοπούλα &amp; Τυρί Ένταμ ΣΤΕΡΓΙΟΥ 150g,2.4
2025-06-05,1232392,Πατάτες Φούρνου ΣΚΛΑΒΕΝΙΤΗΣ Παραγωγής μας 400g,3.3
2025-06-05,1453954,Σαλάτα Italian ΦΡΕΣΚΟΥΛΗΣ με Τυρί &amp; Ντοματίνια 220g,3.58
2025-06-05,1269870,Πατατοσαλάτα ΣΚΛΑΒΕΝΙΤΗΣ Παραγωγής μας 350g,2.9
2025-06-05,1274590,Σάντουιτς με Ψωμί Ολικής Άλεσης με Καπνιστό Σολομό Κάπαρη &amp; Τυρί Κρέμα ΣΤΕΡΓΙΟΥ Premium 145g ,2.9
2025-06-05,1624613,Σαλάτα Cobb ΦΡΕΣΚΟΥΛΗΣ με Κοτόπουλο 280g,4.25
2025-06-05,1276091,Σαλάτα Quinoa ΦΡΕΣΚΟΥΛΗΣ με Ξηρούς Καρπούς &amp; Κράνμπερις Vegan 250g,3.4
2025-06-05,1021960,Σάντουιτς με Τυρί Cheddar &amp; Στήθος Κοτόπουλου σε Φρατζολάκι ΣΤΕΡΓΙΟΥ 180g,2.2
2025-06-05,1232363,Γίγαντες ΣΚΛΑΒΕΝΙΤΗΣ Παραγωγής μας 400g,3.5
2025-06-05,1269863,Κολοκυθάκια Γεμιστά με Αυγολέμονο ΣΚΛΑΒΕΝΙΤΗΣ Παραγωγής μας 450g,5.8
2025-06-05,1292027,Μακαρόνια Καρμπονάρα ΣΚΛΑΒΕΝΙΤΗΣ Παραγωγής μας 450g,3.7
2025-06-05,1269865,Κεφτεδάκια με Σάλτσα Ντομάτας &amp; Πουρέ ΣΚΛΑΒΕΝΙΤΗΣ Παραγωγής μας 450g,5.3
2025-06-05,1453952,Σαλάτα Tuna ΦΡΕΣΚΟΥΛΗΣ με Καλαμπόκι  250g,3.48
2025-06-05,1273212,Κοτόπουλο Σχάρας με Λαχανικά ΣΚΛΑΒΕΝΙΤΗΣ Παραγωγής μας 380g,5.2
2025-06-05,1021959,Burger Brioche με Σάλτσα Barbeque ΟΙΚΟΓΕΝΕΙΑ ΣΤΕΡΓΙΟΥ 220g,2.9
2025-06-05,1219980,Sushi MY SUSHI Rolled To Go 200g,5.3
2025-06-05,1578029,Σαλάτα ΦΡΕΣΚΟΥΛΗΣ Super Bowl με Γαρίδες &amp; Μαύρο Ρύζι 190g +20% Δωρεάν Προϊόν,3.5
2025-06-05,1578031,Σαλάτα ΦΡΕΣΚΟΥΛΗΣ Super Bowl με Πληγούρι &amp; Καρότο Vegan 180g +20% Δωρεάν Προϊόν,3.5
2025-06-05,1021834,Burger Brioche Classic ΟΙΚΟΓΕΝΕΙΑ ΣΤΕΡΓΙΟΥ 210g,2.9
2025-06-05,1329605,Μελιτζάνες Παπουτσάκια ΣΚΛΑΒΕΝΙΤΗΣ Παραγωγής μας 400g,6.5
2025-06-05,1490664,Χοιρινό Κότσι TULIP σιγομαγειρεμένο 600g,5.9
2025-06-05,1339862,Κοτόπουλο Κοκκινιστό με Μπάμιες ΣΚΛΑΒΕΝΙΤΗΣ Παραγωγής μας 400g,5.6
2025-06-05,1269868,Μπριάμ ΣΚΛΑΒΕΝΙΤΗΣ Παραγωγής μας 400g,4.7
2025-06-05,1219979,Sushi MY SUSHI Classic To Go 200g,5.85
2025-06-05,1555079,Χοιρινό με Πλεξούδες Ζυμαρικών ΣΚΛΑΒΕΝΙΤΗΣ Παραγωγής μας 450g,4.5
2025-06-05,1269866,Μπάμιες Λαδερές ΣΚΛΑΒΕΝΙΤΗΣ Παραγωγής μας 350g,4.5
2025-06-05,1271145,Sushi MY SUSHI Rainbow To Go 200g,5.75
2025-06-05,1478368,Σαλάτα Ζυμαρικών Φαρφάλες με Καπνιστό Σολομό ΣΚΛΑΒΕΝΙΤΗΣ Παραγωγής μας 280g,4.1
2025-06-05,1537090,Πένες Τρίχρωμες με Σολομό ΣΚΛΑΒΕΝΙΤΗΣ Παραγωγής μας 300g,5.2
2025-06-05,1490662,Χοιρινά Παϊδάκια Spareribs ΤULIP σιγομαγειρεμένα 550g,7.75
2025-06-05,1573705,Σαλάτα Caesar&#39;s ΦΡΕΣΚΟΥΛΗΣ Vegan 260g,4.25
2025-06-05,1572434,Noodles με Βραστές Γαρίδες &amp; Σάλτσα Yakisoba MY SUSHI 230g ,5.4
2025-06-05,1572433,Noodles με Ψητό Σολομό &amp; Σάλτσα Teriyaki MY SUSHI 230g,5.4
2025-06-05,1529607,Σαλάτα ΦΡΕΣΚΟΥΛΗΣ Super Bowl με Πλιγούρι &amp; Καρότο Vegan 180g,3.5
2025-06-05,1615757,PRESIDENT Βούτυρο Ανάλατο 60% 200g,2.76
2025-06-05,1223818,Αυγά ΤΣΑΟΥΣΗ Μεσαία 15τεμ 53-63g ,3.05
2025-06-05,5163068,Αυγά ΧΡΥΣΑ ΑΥΓΑ Μεγάλα 6τεμ 63-73g,1.95
2025-06-05,1303066,Αυγά Ελευθέρας Βοσκής ΒΛΑΧΑΚΗ Μεσαία 6τεμ ,3.32
2025-06-05,1223799,Αυγά ΤΣΑΟΥΣΗ Μεγάλα 6τεμ 63-73g,1.95
2025-06-05,1120239,Αυγά ΒΛΑΧΑΚΗ Διάφορα Μεγέθη Βιολογικά 6τεμ,4.28
2025-06-05,1560454,SUPER FRESCO Μαργαρίνη Κλασικό 200g,0.75
2025-06-05,1114666,Αυγά Αχυρώνα ΒΛΑΧΑΚΗ Μεσαία 10τεμ 53-63g,2.78
2025-06-05,1560460,ΒΙΤΑΜ Μαργαρίνη Κλασικό Vegan 200g,1.38
2025-06-05,1223800,Αυγά ΤΣΑΟΥΣΗ Μεσαία 30τεμ 53-63g ,6.08
2025-06-05,1629284,ΜΑΡΑΤΑ Βούτυρο Αγελάδος 250g,2.85
2025-06-05,1078421,LURPAK Light Μείγμα Λιπαρών Υλών για Επάλειψη με Μειωμένα Λιπαρά Ανάλατο 225g,2.7
2025-06-05,1560451,ΒΙΤΑΜ Μαργαρίνη Soft 70% Vegan 200g,1.68
2025-06-05,1223815,Αυγά ΤΣΑΟΥΣΗ Διάφορα Μεγέθη Βιολογικά 4τεμ 212g ,2.0
2025-06-05,1209209,Αυγά Ελευθέρας Βοσκής ΧΡΥΣΑ ΑΥΓΑ με Ω3 Μεσαία 6τεμ 53-63g ,3.74
2025-06-05,1560458,ΒΙΤΑΜ Μαργαρίνη Soft 70% Vegan 400g,2.67
2025-06-05,1093106,Αυγά ΤΣΙΜΠΡΑΓΟΣ Βιολογικά Μεσαία 6τεμ ,2.98
2025-06-05,9241027,LURPAK Βούτυρο Ανάλατo 250g,4.93
2025-06-05,1098073,Αυγά ΑΜΕΡΙΚΑΝΙΚΗΣ ΓΕΩΡΓΙΚΗΣ ΣΧΟΛΗΣ Μεγάλα 6τεμ,3.72
2025-06-05,1132607,LURPAK Soft Μείγμα Λιπαρών Υλών για Επάλειψη Ανάλατο 225g,3.55
2025-06-05,1576464,ΦΑΣΤ Soft Μαργαρίνη 440g,1.92
2025-06-05,9241068,Αυγά ΑΜΕΡΙΚΑΝΙΚΗΣ ΓΕΩΡΓΙΚΗΣ ΣΧΟΛΗΣ Μεσαία 6τεμ ,3.46
2025-06-05,1483720,Αυγά Αχυρώνα ΧΡΥΣΑ ΑΥΓΑ με Βιταμίνη D+Ω3 6τεμ 53-63g ,2.7
2025-06-05,6542054,KNORR Σπιτικός Ζωμός Λαχανικών Vegan Χωρίς γλουτένη 224g,2.83
2025-06-05,1556366,Αυγά Ελευθέρας Βοσκής ΠΙΝΔΟΣ Ηπειρώτικα Μεγάλα 6τεμ 63g-73g,4.42
2025-06-05,1222139,Ασπράδι Αυγού ΗΠΕΙΡΩΤΙΚΑ ΑΥΓΑ Χωρίς γλουτένη 500ml,3.62
2025-06-05,1300076,Ασπράδι Αυγού ΒΛΑΧΑΚΗ Παστεριωμένο 500ml,3.84
2025-06-05,1576460,ΦΑΣΤ Classic Μαργαρίνη 225g,1.01
2025-06-05,5317516,ΟΛΥΜΠΟΣ Βούτυρο Αγελάδος 250g,4.5
2025-06-05,1505264,LURPAK Light Μείγμα Λιπαρών Υλών για Επάλειψη με Μειωμένα Λιπαρά Ανάλατο 400g,3.73
2025-06-05,1193256,ΝΟΥΝΟΥ Βούτυρο Ανάλατο 250g,3.73
2025-06-05,1451968,Αυγά Αχυρώνα ΤΣΑΟΥΣΗ Διάφορα Μεγέθη 6τεμ 318g,1.9
2025-06-05,1596739,POP BAKERY Ζύμη για Πίτσα Αφράτη 400g,3.65
2025-06-05,1612319,SUPER FRESCO Soft Μαργαρίνη 200g,0.83
2025-06-05,1591045,ΟΛΥΜΠΟΣ Βούτυρο Soft Αγελάδος Ανάλατο 200g,3.7
2025-06-05,1589724,BECEL ProActiv Μαργαρίνη Κλασικό Vegan 450g,4.88
2025-06-05,5099478,KNORR Σπιτικός Ζωμός Λαχανικών Vegan Χωρίς γλουτένη 4x28g,1.61
2025-06-05,1560452,ΒΙΤΑΜ Μαργαρίνη Soft Light Vegan 225g,1.73
2025-06-05,1615580,SUPER FRESCO Soft Μαργαρίνη 400g,1.62
2025-06-05,1078418,LURPAK Soft Μείγμα Λιπαρών Υλών για Επάλειψη με Ελαιόλαδο με Μειωμένα Λιπαρά 225g,2.7
2025-06-05,1223807,Αυγά ΤΣΑΟΥΣΗ Πολύ Μεγάλα 6τεμ 73+gr,2.84
2025-06-05,1132606,LURPAK Soft Μείγμα Λιπαρών Υλών για Επάλειψη Αλατισμένο 225g,3.55
2025-06-05,4188355,ΓΙΩΤΗΣ Μαγιά Φρέσκια Χωρίς γλουτένη 2x25g,0.6
2025-06-05,1032278,ΤΟ ΧΕΛΙΔΟΝΙ Μαγιά 2x25g,0.7
2025-06-05,5099064,KNORR Σπιτικός Ζωμός Κότας Χωρίς γλουτένη 112g,1.61
2025-06-05,1610760,Ασπράδι Αυγού ΧΡΥΣΑ ΑΥΓΑ από Ελληνικά Αυγά 500ml,3.68
2025-06-05,9241043,LURPAK Βούτυρο Ανάλατo 500g,7.67
2025-06-05,1406148,Αυγά Ημέρας ΧΡΥΣΑ ΑΥΓΑ Βιολογικά 6τεμ,4.58
2025-06-05,1560453,ΒΙΤΑΜ Μαργαρίνη Soft 70% Vegan 800g,5.16
2025-06-05,1597842,BECEL ProActiv Μαργαρίνη Light Vegan 250g,3.26
2025-06-05,1223847,Αυγά ΧΡΥΣΑ ΑΥΓΑ Ελαιών Σκούρτη με Ω3 Βιολογικά 4τεμ 53+gr,3.58
2025-06-05,1556365,Αυγά Αχυρώνα ΠΙΝΔΟΣ Ηπειρώτικα Μεγάλα 6τεμ 63g-73g,3.32
2025-06-05,2078574,ADORO Βούτυρο 250g,3.84
2025-06-05,1174584,Αυγά Αχυρώνα ΒΛΑΧΑΚΗ Διάφορα Μεγέθη 6τεμ 320g ,2.65
2025-06-05,1203507,Ασπράδι Αυγού ΧΡΥΣΑ ΑΥΓΑ 500ml,3.72
2025-06-05,1506634,LURPAK Light Βούτυρο Ανάλατο 200g,3.02
2025-06-05,6541999,KNORR Σπιτικός Ζωμός Κότας Χωρίς γλουτένη 224g ,2.83
2025-06-05,1576462,ΦΑΣΤ Soft Μαργαρίνη 220g,1.15
2025-06-05,1597870,BECEL Μαργαρίνη Light 28% Vegan 400g,1.98
2025-06-05,9269176,LURPAK Βούτυρο Ανάλατο 125g,2.97
2025-06-05,9494972,ΒΙΤΑΜ Culinesse Μαργαρίνη Vegan 500ml,2.78
2025-06-05,1581072,Νιόκι Πατάτας RANA 400g,2.58
2025-06-05,1576463,ΦΑΣΤ Soft Μαργαρίνη 850g,3.96
2025-06-05,1596679,POP BAKERY Ζύμη για Κρουασάν 240g,3.18
2025-06-05,1589736,BECEL ProActiv Μαργαρίνη με Ελαιόλαδο Vegan 450g,5.97
2025-06-05,1164720,ΟΛΥΜΠΟΣ Βούτυρο Αγελάδος Βιολογικό 200g,4.22
2025-06-05,1603319,ARISTON Soft Μαργαρίνη 60% 500g,1.9
2025-06-05,1632012,Αυγά Χωριάτικων Φυλών ΤΣΑΚΙΡΗ Καλημέρα Διαφόρων Μεγεθών Βιολογικά 10τεμ ,5.98
2025-06-05,1411543,ΒΙΤΑΜ Μαργαρίνη με Γιαούρτι 225g,1.73
2025-06-05,1587220,FLORA Μαργαρίνη 250g,2.58
2025-06-05,2771293,LURPAK Soft Μείγμα Λιπαρών Υλών για Επάλειψη Ανάλατο 500g,5.4
2025-06-05,1414269,ΧΩΡΙΟ Soft Με Βούτυρο τύπου Κερκύρας 225g,3.3
2025-06-05,1446314,ΧΩΡΙΟ Soft Μαργαρίνη με Ελαιόλαδο Χωρίς λακτόζη 225g,1.6
2025-06-05,1467206,ROYAL Βούτυρο Αγελάδος 250g,3.98
2025-06-05,4568820,ΔΩΔΩΝΗ Βούτυρο Πρόβειο 250g,4.22
2025-06-05,1534582,KNORR Σπιτικός Ζωμός για Βοδινό Χωρίς γλουτένη 4x28g 112g,1.61
2025-06-05,8504870,KANAKI Φρέσκο Φύλλο Κρούστας 450g,3.94
2025-06-05,1079506,LURPAK Βούτυρο Ανάλατο 225g,4.96
2025-06-05,1446758,ΧΩΡΙΟ Soft Μαργαρίνη με Ελαιόλαδο Χωρίς λακτόζη 450g,3.24
2025-06-05,1142468,Ραβιόλια RANA με Ricotta &amp; Σπανάκι 250g,4.75
2025-06-05,1588034,BECEL ProActiv Μαργαρίνη Κλασικό Vegan 225g,3.6
2025-06-05,1267654,Ασπράδι Αυγού ΧΡΥΣΑ ΑΥΓΑ με Σοκολάτα 500ml,3.59
2025-06-05,1631909,ΣΑΒΟΪ Soft με Βούτυρο τύπου Κερκύρας 225g,3.66
2025-06-05,1645328,ΒΙΤΑΜ Λιπαρή Ύλη για Επάλειψη 225g\t,2.67
2025-06-05,1595555,BECEL ProActiv Μαργαρίνη με Ελαιόλαδο Vegan 225g,3.05
2025-06-05,7698483,ΣΑΒΟΪ Βούτυρο τύπου Κερκύρας 125g,2.6
2025-06-05,1632010,Αυγά Αχυρώνα ΤΣΑΚΙΡΗ Μεγάλα 6τεμ 63-73g,2.48
2025-06-05,2771285,LURPAK Βούτυρο Ανάλατο μερίδες 10x10g,3.22
2025-06-05,1297635,ΔΙΒΑΝΗΣ Βούτυρο Γάλακτος Λιωμένο 500g,8.44
2025-06-05,1133943,ΗΠΕΙΡΟΣ Βούτυρο τύπου Κερκύρας 250g,4.14
2025-06-05,1191020,Ραβιόλια RANA με 4 Τυριά 250g,4.75
2025-06-05,1465518,LURPAK Βούτυρο Ανάλατο 4x50g,4.87
2025-06-05,1260213,ΧΩΡΙΟ Soft με Ελαιόλαδο Βιολογικό 225g,2.48
2025-06-05,1576465,ΣΑΒΟΪ Βούτυρο τύπου Κερκύρας 225g,4.4
2025-06-05,1532450,ΧΩΡΙΟ Soft Λιπαρή Ύλη για Επάλειψη Ανάλατο 225g,3.48
2025-06-05,1587219,FLORA Soft Μαργαρίνη 225g,2.34
2025-06-05,1534576,KNORR Σπιτικός Ζωμός για Βοδινό Χωρίς γλουτένη 8x28g 224g,2.83
2025-06-05,1576466,ΦΑΣΤ Soft Ημιμαργαρίνη Light 220g,1.28
2025-06-05,1645335,ΒΙΤΑΜ Λιπαρή Ύλη 250g,3.0
2025-06-05,1604956,Τορτελόνια RANA με Μανιτάρια Porcini 250g,4.75
2025-06-05,2878411,KANAKI Σφολιάτα 700g,4.4
2025-06-05,1615774,KNORR Σπιτικός Ζωμός Λαχανικών Βιολογικός Vegan Χωρίς γλουτένη 104g,2.14
2025-06-05,4127593,PRESIDENT Βούτυρο Ανάλατο 200g\t,4.28
2025-06-05,1223710,ΖΥΜΗ ΨΑΧΝΩΝ Φρέσκο Φύλλο Κρούστας 500g,3.16
2025-06-05,1225545,ΖΥΜΗ ΨΑΧΝΩΝ Φρέσκο Φύλλο Χωριάτικο 500g,3.26
2025-06-05,1298668,ΟΛΥΜΠΟΣ  Βούτυρο Κατσικίσιο Βιολογικό 200g,6.28
2025-06-05,1133944,ΗΠΕΙΡΟΣ Βούτυρο τύπου Κέρκυρας Αγελαδινό 250g,4.14
2025-06-05,1226131,ARISTON Βούτυρο τύπου Κερκύρας 250g,4.32
2025-06-05,7363591,ΔΩΔΩΝΗ Βούτυρο Αγελάδος 250g,4.52
2025-06-05,1603363,POP BAKERY Κρουασάν Σοκολάτας 6τεμ 275g,4.95
2025-06-05,1531216,Τορτελόνια RANA Parmigiano Reggiano 250g,4.75
2025-06-05,2097350,ΧΩΡΙΟ Κλασικό Μαργαρίνη με Ελαιόλαδο 250g,1.43
2025-06-05,1223826,Αυγά Ορτυκιού ΑΥΓΟΔΙΑΤΡΟΦΙΚΗ 12τεμ,3.55
2025-06-05,1528002,ΚΑΝΑΚΙ Φρέσκο Φύλλο Παραδοσιακό 500g,3.54
2025-06-05,1634789,Ραβιόλι με γέμιση Καπνιστού Σολομού 300g,3.2
2025-06-05,1634792,Τορτελόνι με γέμιση Ρικότα &amp; Σπανάκι 500g,4.75
2025-06-05,1648544,PRESIDENT Soft Βούτυρο για Επάλειψη με Μειωμένα Λιπαρά Ανάλατο 200g,2.62
2025-06-05,1428558,BENECOL Μαργαρίνη 225g,2.72
2025-06-05,1634791,Ραβιόλι με γέμιση Τυριών 500g,4.75
2025-06-05,1514079,MILBA Ghee Βούτυρο Γάλακτος Αγελάδος 300g,5.48
2025-06-05,1631908,ΦΑΣΤ Soft Μαργαρίνη με Ελαιόλαδο Χωρίς λακτόζη 220g,1.3
2025-06-05,4022489,ΒΙΤΑΜ Μαργαρίνη Soft 70% Vegan 2kg,11.35
2025-06-05,1632011,Αυγά Αχυρώνα ΤΣΑΚΙΡΗ Μεσαία 6τεμ 53-63g,2.28
2025-06-05,1222817,ΚΑΡΑΛΗΣ Βούτυρο Αιγοπρόβειο Λιωμένο 300g,6.2
2025-06-05,1645331,ΒΙΤΑΜ Λιπαρή Ύλη 500g,5.4
2025-06-05,5550033,ΓΙΑΝΝΙΩΤΗ Φύλλο Χωριάτικο 500g,3.44
2025-06-05,1411919,ΓΙΑΝΝΙΩΤΗ Φύλλο Κρούστας 450g,3.17
2025-06-05,1574690,Τορτελίνια MEGRELI με 4 Τυριά 400g,4.3
2025-06-05,1223708,ΓΙΑΝΝΙΩΤΗ Φύλλο Καταΐφι 500g,3.7
2025-06-05,1227257,ΖΥΜΗ ΨΑΧΝΩΝ Φρέσκο Φύλλο Σφολιάτας 650g ,4.28
2025-06-05,1226098,LABEYRIE Blinis Καναπεδάκια 20τεμ 168g,3.52
2025-06-05,1172576,Μπανάνες BAJELLA Εισαγωγής,1.64
2025-06-05,9186743,Μπανάνες CHIQUITA Εισαγωγής,2.22
2025-06-05,1168271,Μπανάνες DOLE Εισαγωγής,2.4
2025-06-05,8428567,Αγγούρι Εγχώριο,0.4
2025-06-05,1168286,Πορτοκάλια Βαλέντσια Χυμού συσκευασμένα Εγχώρια,2.0
2025-06-05,1165872,Πατάτες  Κύπρου συσκευασμένες,4.65
2025-06-05,8430001,Πατάτες Εγχώριες,0.73
2025-06-05,1569024,Ντομάτες Εγχώριες,1.45
2025-06-05,1121348,Ντοματίνια τύπου Βελανίδι Εγχώρια συσκευασμένα,2.55
2025-06-05,8428310,Καρότα Εγχώρια,0.18
2025-06-05,8429243,Αγγουράκια Εγχώρια,0.6
2025-06-05,8430506,Μαρούλι Εγχώριο,0.56
2025-06-05,8430654,Πορτοκάλια Βαλέντσια Εγχώρια,1.04
2025-06-05,8429383,Κολοκύθια Εγχώρια,0.62
2025-06-05,8737595,Φράουλες Εγχώριες,2.05
2025-06-05,1250340,Μπανάνες DOLE Βιολογικές Εισαγωγής,2.34
2025-06-05,8806937,Μπανάνες CHIQUITA Βιολογικές Εισαγωγής,2.34
2025-06-05,1267635,Σαλάτα Μαρούλι Άισμπεργκ Ραντίτσιο 200g,1.0
2025-06-05,8430530,Λάχανο Άσπρο Εγχώριο,2.21
2025-06-05,8430761,Μήλα Στάρκιν Εγχώρια,0.72
2025-06-05,4194973,Κρεμμύδια Ξερά Ξανθά Εγχώρια,0.48
2025-06-05,8431199,Αχλάδια Κρυστάλλια Εγχώρια,0.79
2025-06-05,8427700,Μαϊντανός Εγχώριος 100g,0.6
2025-06-05,8427924,Μπρόκολο Πράσινο Εγχώριο,1.26
2025-06-05,8428401,Άνηθος Εγχώριος 100g,0.6
2025-06-05,7081938,Γλυκοπατάτες Κόκκινες Εγχώριες,2.28
2025-06-05,8427874,Μελιτζάνες Φλάσκες Εγχώριες,1.75
2025-06-05,8430787,Μήλα Γκραν Σμιθ Εγχώρια,0.82
2025-06-05,8429433,Κουνουπίδι Εγχώριο,2.37
2025-06-05,6650923,Ντοματίνια Snack τύπου Βελανίδι Εγχώρια 250g,1.48
2025-06-05,8429920,Πιπεριές τύπου Φλωρίνης Εγχώριες,1.25
2025-06-05,1268715,Σαλάτα Λάχανο Καρότο 300g,1.07
2025-06-05,5054895,Ντομάτες Τσαμπί Εγχώριες,1.0
2025-06-05,1411922,Αβοκάντο Ώριμα Εισαγωγής 2τεμ 400g,3.65
2025-06-05,4561700,Πορτοκάλια Βαλέντσια Βιολογικά Εγχώρια,3.4
2025-06-05,1268712,Σαλάτα Γαλλική Μαρούλι &amp; Ιντίβια 200g,1.15
2025-06-05,9460270,Σαλάτα Γαλλική Εγχώρια,0.78
2025-06-05,8241952,Καρότα Βιολογικά Εγχώρια,1.78
2025-06-05,1250428,Σκόρδα Εισαγωγής 3τεμ,1.18
2025-06-05,1233993,Πατάτες Μίνι Φούρνου Γαλλίας συσκευασμένες,2.97
2025-06-05,1223184,Μανιτάρια Λευκά Εισαγωγής 500g,2.03
2025-06-05,8430910,Ανανάς Εισαγωγής,2.38
2025-06-05,8429391,Πιπεριές Πράσινες Εγχώριες,0.94
2025-06-05,1267643,Σαλάτα Λόλα Άγρια Ρόκα 160g,1.25
2025-06-05,1222851,Άισμπεργκ Εγχώριο,1.32
2025-06-05,1153405,Σαλάτα Ιταλική ΦΡΕΣΚΟΥΛΗΣ 200g,1.65
2025-06-05,1204092,Μανιτάρια Πλευρώτους Εγχώρια 500g,2.47
2025-06-05,8242216,Αγγουράκια Βιολογικά Εγχώρια,1.98
2025-06-05,8429441,Πράσα Εγχώρια,0.48
2025-06-05,7377005,Πιπεριές Πολύχρωμες Εγχώριες 400g,2.75
2025-06-05,1224496,Παντζάρι Ελληνικό ΑΓΡΟΚΗΠΟΣ ΧΑΛΒΑΤΖΗ στον ατμό 500g,2.15
2025-06-05,8215071,Πατάτες Βιολογικές Εγχώριες,5.24
2025-06-05,1268716,Σαλάτα Σπανάκι 350g,1.75
2025-06-05,1223326,Δυόσμος Εγχώριος 50g,0.87
2025-06-05,1268714,Σαλάτα Άγρια Ρόκα 80g,1.03
2025-06-05,1222859,Παντζάρια Βρασμένα στον Ατμό Γαλλίας 500g,1.1
2025-06-05,1222864,Σαλάτα Πράσινη Κατσαρή Εγχώρια,0.78
2025-06-05,1373838,Μανιτάρια Λευκά Εγχώρια 400g,2.2
2025-06-05,8430951,Μάνγκο Εισαγωγής,1.42
2025-06-05,1250628,Καρότα συσκευασμένα Εγχώρια,0.44
2025-06-05,1267636,Σαλάτα Ανάμεικτη 200g,1.63
2025-06-05,7373483,Πιπεριές  Ξανθές Εγχώριες,0.94
2025-06-05,1273252,Καρπούζι Εγχώριο ,5.25
2025-06-05,1442109,Χουρμάδες Φυσικοί Βασιλικοί Εισαγωγής 250g,3.4
2025-06-05,7368640,Πεπόνι Εγχώριο,4.94
2025-06-05,8429565,Πιπεριές Κέρατο Εγχώριες,0.88
2025-06-05,8190480,Ντομάτες Βιολογικές Εγχώριες,2.92
2025-06-05,1632008,Σαλάτα Κλασική ΜΠΑΡΜΠΑ ΣΤΑΘΗΣ 250g,2.25
2025-06-05,1275705,Μύρτιλα Εγχώρια 125g,2.05
2025-06-05,8417511,Κρεμμυδάκια Φρέσκα Εγχώρια,0.22
2025-06-05,8078495,Ράσμπερις (Σμέουρα) Εγχώρια 125g,2.64
2025-06-05,1225086,Βανίλιες Εισαγωγής,2.48
2025-06-05,1532047,Σαλάτα Δροσάτη ΜΠΑΡΜΠΑ ΣΤΑΘΗΣ 200g,1.78
2025-06-05,8428302,Παντζάρια Εγχώρια,0.68
2025-06-05,1223187,Μανιτάρια Λευκά Γίγας Εισαγωγής 500g,2.5
2025-06-05,8202988,Λεμόνια Βιολογικά Εγχώρια,2.84
2025-06-05,1223383,Σαλάτα Άγρια Ρόκα ΒΕΖΥΡΟΓΛΟΥ Baby φύλλα100g,1.1
2025-06-05,1466641,Σπαράγγια Πράσινα Εγχώρια 300g,3.6
2025-06-05,7236128,Κρεμμύδια Ξερά Κόκκινα Βάτικα Λακωνίας,0.62
2025-06-05,8806911,Μήλα Στάρκιν Βιολογικά Εγχώρια,4.35
2025-06-05,8428690,Σπανάκι Εγχώριο,0.91
2025-06-05,1153392,Σαλάτα Καπριτσιόζα ΦΡΕΣΚΟΥΛΗΣ 160g,1.52
2025-06-05,1067916,Καλαμπόκι Ελληνικό ΑΓΡΟΚΗΠΟΣ ΧΑΛΒΑΤΖΗ στον ατμό 400g,3.1
2025-06-05,8077687,Γκρέιπφρουτ Κόκκινα Εγχώρια,0.57
2025-06-05,1202224,Σπανάκι ΒΕΖΥΡΟΓΛΟΥ Baby φύλλα 100g,1.25
2025-06-05,1223399,Σκόρδα Βιολογικά Εισαγωγής 3τεμ,1.95
2025-06-05,7124464,Βατόμουρα Μαύρα Εισαγωγής 125g,2.58
2025-06-05,8430944,Αβοκάντο Εισαγωγής,1.23
2025-06-05,1450934,Σαλάτα Τραγανή ΜΠΑΡΜΠΑ ΣΤΑΘΗΣ 300g,1.72
2025-06-05,8428484,Σέλερι Εγχώριο,0.87
2025-06-05,1267637,Σαλάτα με Εσκαρόλ Βαλεριάνα &amp; Ραντίτσιο 160g,1.52
2025-06-05,1463672,Ρεβίθια Πέλλας ΑΓΡΟΚΗΠΟΣ ΧΑΛΒΑΤΖΗ στον ατμό 300g,2.65
2025-06-05,1450191,Σαλάτα Ιταλική ΜΠΑΡΜΠΑ ΣΤΑΘΗΣ 140g,1.8
2025-06-05,1250630,Αγγουράκια Εγχώρια συσκευασμένα,1.19
2025-06-05,1450197,Σαλάτα Μαρουλένια ΜΠΑΡΜΠΑ ΣΤΑΘΗΣ 200g,2.05
2025-06-05,1223370,Σαλάτα Λάχανο Καρότο ΦΡΕΣΚΟΥΛΗΣ 300g,1.58
2025-06-05,8429375,Μελιτζάνες τύπου Τσακώνικες Εγχώριες,3.25
2025-06-05,1223443,Βασιλικός Εγχώριος 25g,1.85
2025-06-05,7114028,Πιπεριές Κόκκινες Εγχώριες,2.2
2025-06-05,7114135,Ντοματίνια Minion LUCIA&#39;S FARM Εγχώρια 250g,1.68
2025-06-05,1297841,Γλυκοπατάτες Βιολογικές Εγχώριες,5.7
2025-06-05,1225451,Σαλάτα Ελληνική ΒΕΖΥΡΟΓΛΟΥ Baby φύλλα 100g,0.85
2025-06-05,1221939,Μανιτάρια Λευκά Εγχώρια 250g,1.38
2025-06-05,8079857,Μήλα Γκόλντεν Εισαγωγής,0.98
2025-06-05,4194338,Σαλάτα Κόκκινη Κατσαρή Εγχώρια,0.78
2025-06-05,8448110,Αβοκάντο Βιολογικά Εγχώρια,7.24
2025-06-05,1223331,Κόλιανδρος Εγχώριος 100g,0.6
2025-06-05,8592644,Κρεμμύδια Ξερά Ξανθά Βιολογικά Εγχώρια,4.24
2025-06-05,1467165,Σαλάτα Ιταλική ΦΡΕΣΚΟΥΛΗΣ 425g,2.98
2025-06-05,1223183,Μανιτάρια Portobello Εισαγωγής 500g,2.78
2025-06-05,7377229,Ντομάτες Πομοντόρι Εγχώριες,0.96
2025-06-05,8448128,Ακτινίδια Βιολογικά Εγχώρια,4.98
2025-06-05,1223186,Μανιτάρια Brown Εισαγωγής 500g,2.76
2025-06-05,1589468,Σαλάτα Δροσερή ΜΠΑΡΜΠΑ ΣΤΑΘΗΣ 400g,2.98
2025-06-05,1225757,Ντοματίνια Baby Τσαμπί LUCIA&#39;S FARM 500g,2.85
2025-06-05,1574031,Παντζάρι ολόκληρο ΑΓΡΟΚΗΠΟΣ ΧΑΛΒΑΤΖΗ  στον ατμό Βιολογικό 400g +25% Δωρεάν Προϊόν,3.12
2025-06-05,1223373,Ραπανάκια Εγχώρια 125g,0.8
2025-06-05,7554330,Χόρτα Άγρια Εγχώρια,0.96
2025-06-05,8431827,Χόρτα Ραδίκια Ιταλικά Εγχώρια,0.85
2025-06-05,1401119,Σαλάτα Ιταλιάνα ΦΡΕΣΚΟΥΛΗΣ 100g,1.12
2025-06-05,1223350,Μανιτάρια Πλευρώτους Βιολογικά Εγχώρια 400g,2.75
2025-06-05,1250478,Κολοκύθα Ελληνική ΑΓΡΟΚΗΠΟΣ ΧΑΛΒΑΤΖΗ στον ατμό 400g,3.15
2025-06-05,1157397,Σκόρδα Εγχώρια,0.6
2025-06-05,1223375,Σαλάτα Παραδοσιακή ΦΡΕΣΚΟΥΛΗΣ 250g ,2.25
2025-06-05,1225755,Λάιμ Εισαγωγής,0.71
2025-06-05,1646379,Σαλάτα Iceberg ΦΡΕΣΚΟΥΛΗΣ 200g\t,1.38
2025-06-05,7114002,Πιπεριές Κίτρινες Εγχώριες,2.2
2025-06-05,1438222,Βερίκοκα Κόκκινα Εγχώρια,3.95
2025-06-05,1223378,Σαλάτα Πολίτικη ΦΡΕΣΚΟΥΛΗΣ 250g,1.73
2025-06-05,1530877,Σαλάτα Καπριτσιόζα ΦΡΕΣΚΟΥΛΗΣ 335g,2.8
2025-06-05,7554488,Χόρτα Βλίτα Εγχώρια,1.28
2025-06-05,8417149,Σέλινο Εγχώριο,0.18
2025-06-05,1593232,Σαλάτα Αλέγκρα ΜΠΑΡΜΠΑ ΣΤΑΘΗΣ 250g,2.12
2025-06-05,1202237,Σαλάτα Μεσογειακή ΦΡΕΣΚΟΥΛΗΣ 150g,2.0
2025-06-05,7553704,Πιπεριές Πορτοκαλί Εγχώριες,2.2
2025-06-05,8430514,Πιπερόριζα (Τζίντζερ) Εισαγωγής,1.11
2025-06-05,1155626,Ανανάς ΦΡΕΣΚΟΥΛΗΣ 220g,2.25
2025-06-05,1587797,Σαλάτα Σπανάκι ΜΠΑΡΜΠΑ ΣΤΑΘΗΣ 250g,2.22
2025-06-05,1225756,Σταφύλια Φράουλα Εισαγωγής,4.85
2025-06-05,1550220,Σπαράγγια Πράσινα Βιολογικά Εγχώρια 300g,4.12
2025-06-05,5754114,Σαλάτα Γουστόζα ΦΡΕΣΚΟΥΛΗΣ 100g,1.12
2025-06-05,1132599,Ροδάκινo Ημαθίας ΑΓΡΟΚΗΠΟΣ ΧΑΛΒΑΤΖΗ σε φέτες σε Χυμό Φρούτων 400g,3.85
2025-06-05,7113707,Λάχανο Κινέζικο Εγχώριο,2.64
2025-06-05,8298879,Χόρτα Αλμύρα Εγχώρια,1.52
2025-06-05,8203044,Κολοκύθια Βιολογικά Εγχώρια,4.5
2025-06-05,4195459,Καρότα Μίνι ΦΡΕΣΚΟΥΛΗΣ 200g,1.18
2025-06-05,1575306,Σαλάτα Τρυφερά Μαρουλάκια ΦΡΕΣΚΟΥΛΗΣ 425g,2.98
2025-06-05,1223188,Μανιτάρια Πλευρώτους Φιλέτο Εγχώρια 500g,3.82
2025-06-05,1223461,Σέλινο Βιολογικό Εγχώριο,1.1
2025-06-05,1223412,Σχοινόπρασο Εγχώριο 25g,1.85
2025-06-05,1223417,Θυμάρι Εγχώριο 25g,1.85
2025-06-05,8080806,Ρόδια Εισαγωγής,3.82
2025-06-05,1250530,Σελινόριζα Εισαγωγής,1.47
2025-06-05,1343875,Σαλάτα Ιταλική ΦΡΕΣΚΟΥΛΗΣ Βιολογική 200g,2.7
2025-06-05,7677115,Πιπεριές Καυτερές Εγχώριες,0.72
2025-06-05,4629747,Κολοκύθια στρογγυλά Εγχώρια,1.01
2025-06-05,1132600,Τροπικά Φρούτα ΑΓΡΟΚΗΠΟΣ ΧΑΛΒΑΤΖΗ σε Χυμό Φρούτων 400g,3.85
2025-06-05,1590450,Σαλάτα Ιταλική ΜΠΑΡΜΠΑ ΣΤΑΘΗΣ 320g,3.4
2025-06-05,1528584,Σαλάτα Kale Mix ΒΕΖΥΡΟΓΛΟΥ Baby φύλλα 150g,1.32
2025-06-05,1153385,Σαλάτα Πανδαισία ΦΡΕΣΚΟΥΛΗΣ 160g,1.98
2025-06-05,1223453,Δενδρολίβανο Εγχώριο 25g,1.85
2025-06-05,1274082,Λαχανίδα Κέιλ Εγχώρια 220g,1.93
2025-06-05,1461747,Σαλάτα Σπανάκι ΦΡΕΣΚΟΥΛΗΣ 375g,2.2
2025-06-05,1158254,Δυόσμος Εγχώριος 25g,1.25
2025-06-05,1223132,Φρέσκα Χορταρικά ΦΡΕΣΚΟΥΛΗΣ για Χορτόπιτα 400g,3.45
2025-06-05,1343072,Σαλάτα Καπριτσιόζα ΦΡΕΣΚΟΥΛΗΣ Βιολογική 150g,2.68
2025-06-05,7554058,Αρακάς Εγχώριος,1.22
2025-06-05,1357923,Ακτινίδια Κιτρινόσαρκα ZESPRI Εισαγωγής,3.24
2025-06-05,1153409,Σαλάτα Δροσερή ΦΡΕΣΚΟΥΛΗΣ 200g,1.9
2025-06-05,7063431,Αχλάδια Πάκαμς Εισαγωγής,1.3
2025-06-05,7553134,Φινόκιο Εγχώριο,0.71
2025-06-05,8428617,Φασολάκια Μπαρμπούνια Εγχώρια,1.8
2025-06-05,1223295,Κάστανα Βρασμένα Εισαγωγής 400g,6.5
2025-06-05,1493571,Κάστανα Βρασμένα Βιολογικά Εισαγωγής 200g,4.2
2025-06-05,8805293,Αχλάδια Φέτελ Βιολογικά Εισαγωγής,5.4
2025-06-05,1223377,Ρίγανη Εγχώρια 25g,1.85
2025-06-05,7113558,Καρύδα Εισαγωγής,1.12
2025-06-05,7038649,Πιπεριές τύπου Φλωρίνης Βιολογικές Εγχώριες,2.66
2025-06-05,1223456,Μέντα Εγχώρια 25g,1.85
2025-06-05,7377443,Φασολάκια Τσαουλιά Εγχώρια,2.25
2025-06-05,8190514,Πιπεριές Πράσινες Βιολογικές Εγχώριες,2.28
2025-06-05,8190530,Μελιτζάνες Φλάσκες Βιολογικές Εγχώριες,2.56
2025-06-05,1251178,Χόρτα Βλίτα Βιολογικά Εγχώρια,4.62
2025-06-05,7125248,Ραντίτσιο Εισαγωγής,1.76
2025-06-05,1589741,Ακτινίδια ZESPRI Εισαγωγής,2.85
2025-06-05,1225751,Καλαμπόκι Εγχώριο,0.98
2025-06-05,8430621,Λεμόνια Εισαγωγής,1.18
2025-06-05,8848293,Ροδάκινα Βιολογικά Εγχώρια,5.98
2025-06-05,8016578,Κρεμμύδια για Στιφάδο Βάτικα Λακωνίας,0.28
2025-06-05,1472172,Βερίκοκα Κόκκινα Βιολογικά Εγχώρια,6.17
2025-06-05,1183482,Καλαμπόκι Εγχώριο 2τεμ,2.18
2025-06-05,1647738,BUENAS Λουκάνικα τύπου Φρανκφούρτης με Κοτόπουλο &amp; Τυρί Χωρίς γλουτένη 140g,0.9
2025-06-05,1650659,NIKAS Σαλάμι Πεπερόνε με γεύση Πάπρικας Χωρίς γλουτένη 450g\t,3.15
2025-06-05,1650660,NIKAS Σαλάμι Σκορδάτο με γεύση Σκόρδου Χωρίς γλουτένη 700g\t,4.9
2025-06-05,1221801,BUENAS Καπνιστή Γαλοπούλα σε φέτες Χωρίς γλουτένη 300g,2.4
2025-06-05,1220877,TOSTAKI Καπνιστή Γαλοπούλα Φιλέτο σε φέτες Χωρίς γλουτένη 160g,1.8
2025-06-05,7512585,CRETA FARMS Εν Ελλάδι Καπνιστή Γαλοπούλα με Ελαιόλαδο σε φέτες Χωρίς γλουτένη 160g,3.7
2025-06-05,1221822,BUENAS Βραστή Γαλοπούλα σε φέτες Χωρίς γλουτένη 300g,2.4
2025-06-05,1429958,CRETA FARMS Χωρίς Γαλοπούλα Ψητή σε φέτες με Ελαιόλαδο Χωρίς γλουτένη 200g,4.54
2025-06-05,6263180,CRETA FARMS Εν Ελλάδι Βραστή Γαλοπούλα με Ελαιόλαδο σε φέτες Χωρίς γλουτένη 160g,3.62
2025-06-05,1221767,BUENAS Σαλάμι Αέρος σε φέτες Χωρίς γλουτένη 200g,1.98
2025-06-05,1560379,TOSTAKI Κοτόπουλο Ψητό σε Φέτες Χωρίς γλουτένη 160g,1.49
2025-06-05,1221817,IFANTIS Fouantre Καπνιστή Γαλοπούλα σε φέτες Χωρίς γλουτένη 300g,5.48
2025-06-05,1210849,TOSTAKI Πάριζα Χωρίς γλουτένη 160g,0.95
2025-06-05,1221788,BUENAS Βραστή Πάριζα σε φέτες 300g,1.52
2025-06-05,1221448,BUENAS Ζαμπόν σε φέτες Χωρίς γλουτένη 300g,1.95
2025-06-05,1270721,CRETA FARMS Εν Ελλάδι Καπνιστό Μπέικον με Ελαιόλαδο σε φέτες Χωρίς γλουτένη 100g,2.8
2025-06-05,1583546,ΕΔΕΣΜΑ Καπνιστή Γαλοπούλα Χωρίς γλουτένη 160g,1.68
2025-06-05,1276201,CRETA FARMS Εν Ελλάδι Σαλάμι Αέρος με Ελαιόλαδο σε φέτες Χωρίς γλουτένη 100g,2.45
2025-06-05,1221769,BUENAS Λουκάνικα τύπου Φρανκφούρτης Χωρίς γλουτένη 280g,1.3
2025-06-05,1210891,CRETA FARMS Εν Ελλάδι Ψητό Κοτόπουλο με Ελαιόλαδο σε φέτες Χωρίς γλουτένη 160g  ,2.98
2025-06-05,1493863,BUENAS Μπέικον Καπνιστό σε φέτες Χωρίς γλουτένη,3.88
2025-06-05,1864248,CRETA FARMS Εν Ελλάδι Λουκάνικα τύπου Φρανκφούρτης Χωρίς γλουτένη 300g,3.85
2025-06-05,1491881,CRETA FARMS Χωρίς Ζαμπόν Καπνιστό σε φέτες με Ελαιόλαδο Χωρίς γλουτένη 200g,4.26
2025-06-05,1630917,ALLANTON Καπνιστή Γαλοπoύλα σε φέτες Χωρίς γλουτένη 300g,1.97
2025-06-05,1223630,IFANTIS Καπνιστό Μπέικον σε φέτες 300g,4.52
2025-06-05,1584111,BUENAS Λουκάνικα Κοτόπουλου τύπου Φρανκφούρτης Χωρίς γλουτένη 140g,0.7
2025-06-05,1145548,IFANTIS Καπνιστό Μπέικον Χωρίς γλουτένη 100g,2.52
2025-06-05,1221782,IFANTIS Βραστή Μορταδέλα Έξτρα σε φέτες 200g,1.96
2025-06-05,1268828,CRETA FARMS Εν Ελλάδι Καπνιστή Γαλοπούλα με Ελαιόλαδο σε φέτες Χωρίς γλουτένη 300g,6.38
2025-06-05,1221450,BUENAS Χοιρινή Ωμοπλάτη Χωρίς γλουτένη 300g,1.9
2025-06-05,1139297,IFANTIS Fouantre Ζαμπόν Καπνιστό σε φέτες Χωρίς γλουτένη 300g,4.98
2025-06-05,1200741,IFANTIS Καπνιστή Γαλοπούλα Φιλέτο σε φέτες Χωρίς γλουτένη 160g,3.28
2025-06-05,1594052,TOSTAKI Βραστή Γαλοπούλα Φιλέτο σε φέτες Χωρίς γλουτένη 160g,1.8
2025-06-05,1226567,CRETA FARMS Εν Ελλάδι Γαλοπούλα Καπνιστή σε φέτες Χωρίς γλουτένη 200g,3.42
2025-06-05,2670636,CRETA FARMS Εν Ελλάδι Πάριζα σε φέτες Χωρίς γλουτένη 160g,1.98
2025-06-05,1203424,IFANTIS Ferrano Σαλάμι Αέρος σε φέτες Χωρίς γλουτένη 70g,1.56
2025-06-05,1200683,IFANTIS Πάριζα σε φέτες Χωρίς γλουτένη 160g,1.78
2025-06-05,1226563,CRETA FARMS Εν Ελλάδι Γαλοπούλα Βραστή σε φέτες Χωρίς γλουτένη 200g,3.42
2025-06-05,1200753,IFANTIS Ζαμπόν Μπούτι σε φέτες Χωρίς γλουτένη 160g,2.98
2025-06-05,1540374,BUENAS Παριζάκι Χωρίς γλουτένη 600g,1.98
2025-06-05,1207156,IFANTIS Βραστή Γαλοπούλα Φιλέτο σε φέτες Χωρίς γλουτένη 160g,3.28
2025-06-05,1221775,ΜΑΡΑΤΑ Λουκάνικα Χοιρινά με Πράσο Χωρίς γλουτένη 360g,2.74
2025-06-05,1221793,NIKAS Μπέικον Καπνιστό σε φέτες Χωρίς γλουτένη 150g,2.48
2025-06-05,1227243,ΜΑΔΕΡΑΚΗΣ Λουκάνικα Κοκτέιλ 300g,1.76
2025-06-05,7096084,IFANTIS Fouantre Καπνιστή Γαλοπούλα σε φέτες Χωρίς γλουτένη 120g,3.48
2025-06-05,1223714,BUENAS Καπνιστή Γαλοπούλα &amp; Ένταμ Μειωμένων Λιπαρών σε φέτες Χωρίς γλουτένη 360g,3.36
2025-06-05,1221772,ΜΑΡΑΤΑ Λουκάνικα Χοιρινά Κλασικά Χωρίς γλουτένη 360g,2.65
2025-06-05,1221791,NIKAS Καπνιστή Μπριζόλα Χοιρινή Χωρίς γλουτένη 190g,3.55
2025-06-05,1223822,CASA MODENA Προσούτο Crudo 80g,3.12
2025-06-05,1221798,IFANTIS Καπνιστή Γαλοπούλα Φιλέτο σε φέτες 200g,2.78
2025-06-05,1471337,IFANTIS Σαλάμι Αέρος Πικάντικο σε φέτες Χωρίς γλουτένη 100g,2.48
2025-06-05,1469396,NIKAS Ψητή Γαλοπούλα σε φέτες Χωρίς γλουτένη 200g,4.14
2025-06-05,1540386,BUENAS Παριζάκι Χωρίς γλουτένη 330g,1.1
2025-06-05,8787855,IFANTIS Σαλάμι Αέρος σε φέτες Χωρίς γλουτένη 100g,2.42
2025-06-05,1223625,ΘΡΑΚΗΣ ΓΕΥΣΕΙΣ Μορταδέλα σε φέτες Χωρίς γλουτένη 160g,1.88
2025-06-05,1635814,TOSTAKI Λουκάνικα Ριγανάτα Χωρίς γλουτένη 320g,1.74
2025-06-05,1589722,ΘΡΑΚΗΣ ΓΕΥΣΕΙΣ Καπνιστή Γαλοπούλα Χωρίς γλουτένη 160g,2.88
2025-06-05,4695425,AIA Wudy Λουκάνικα Κοτόπουλο &amp; Γαλοπούλα με Τυρί Χωρίς γλουτένη 150g,1.3
2025-06-05,1630919,ALLANTON Βραστή Γαλοπoύλα σε φέτες Χωρίς γλουτένη 300g,1.97
2025-06-05,1558636,CRETA FARMS Μορταδέλα σε φέτες Χωρίς γλουτένη 200g,1.94
2025-06-05,1223595,ΜΑΡΑΤΑ Λουκάνικα Χοιρινά Πικάντικα Χωρίς γλουτένη 360g,2.68
2025-06-05,1223047,ΝΤΕΛΗΜΑΡΗ Σαλάμι Αέρος Λευκάδος 225g,4.55
2025-06-05,1195037,IFANTIS Ferrano Ζαμπόν σε φέτες Χωρίς γλουτένη 70g,1.76
2025-06-05,1223583,ΜΑΔΕΡΑΚΗΣ Λουκάνικα τύπου Φρανκφούρτης 270g,1.66
2025-06-05,7512494,CRETA FARMS Εν Ελλάδι Λουκάνικα Κοκτέιλ Χωρίς γλουτένη 240g,3.36
2025-06-05,1645614,NIKAS Βραστή Γαλοπούλα σε φέτες Χωρίς γλουτένη 30% Λιγότερο αλάτι 230g,3.25
2025-06-05,1268826,CRETA FARMS Εν Ελλάδι Ψητό Κοτόπουλο με Ελαιόλαδο σε φέτες Χωρίς γλουτένη 300g,4.95
2025-06-05,1177797,IFANTIS Παριζάκι Χωρίς γλουτένη 500g,3.15
2025-06-05,1436367,CASA MODENA Μορταδέλα Bologna με Φιστίκι ΠΓΕ 125g,3.05
2025-06-05,1645616,NIKAS Βραστό Κοτόπουλο σε φέτες Χωρίς γλουτένη 230g,2.86
2025-06-05,1295563,IFANTIS Τα Λοκάνικα της Μάρως Χωριάτικα Χωρίς γλουτένη 340g,4.03
2025-06-05,1485855,CRETA FARMS Εν Ελλάδι Καπνιστή Γαλοπούλα με Ελαιόλαδο &amp; Τυρί Ένταμ σε φέτες Χωρίς γλουτένη 280g,4.38
2025-06-05,1559849,CRETA FARMS Λουκάνικα Γαλοπούλας τύπου Φρανκφούρτης 30% Λιγότερο αλάτι Χωρίς γλουτένη 270g,4.58
2025-06-05,1221823,IFANTIS Πάριζα σε φέτες 200g,1.92
2025-06-05,7571185,AIA Wudy Λουκάνικα Κοτόπουλο &amp; Γαλοπούλα Χωρίς γλουτένη Χωρίς λακτόζη 1kg,4.7
2025-06-05,1195034,IFANTIS Ferrano Μορταδέλα σε φέτες Χωρίς γλουτένη 70g,1.1
2025-06-05,8724841,CRETA FARMS Εν Ελλάδι Παριζάκι με Ελαιόλαδο Χωρίς γλουτένη 310g,3.65
2025-06-05,1270934,TOSTAKI Λουκάνικα τύπου Φρανκφούρτης Χωρίς γλουτένη 270g,1.9
2025-06-05,1303609,CASA MODENA Βραστό Ζαμπόν Ιταλίας 125g,3.26
2025-06-05,1221780,IFANTIS Χοιρινή Ωμοπλάτη σε φέτες 200g,2.26
2025-06-05,1604595,TOSTAKI Σετ Καπνιστή Γαλοπούλα &amp; Gouda Χωρίς Γλουτένη 280g,3.15
2025-06-05,7096167,IFANTIS Fouantre Ζαμπόν Καπνιστό σε φέτες Χωρίς γλουτένη 120g,3.32
2025-06-05,1226548,BUENAS Πάριζα &amp; Ένταμ σε φέτες Χωρίς γλουτένη 360g,2.76
2025-06-05,1649884,NIKAS Ψητό Κοτόπουλο σε φέτες Χωρίς γλουτένη 230g,2.86
2025-06-05,1056231,CRETA FARMS Λουκάνικα Χωριάτικα με Μυρωδικά Χωρίς γλουτένη 400g,4.16
2025-06-05,1056238,CRETA FARMS Εν Ελλάδι Λουκάνικα Χωριάτικα Τρικάλων με Πράσο Χωρίς γλουτένη 400g,4.17
2025-06-05,1203425,IFANTIS Ferrano Μπέικον Γαλοπούλας σε φέτες Χωρίς γλουτένη 120g,3.62
2025-06-05,1223588,ΜΑΡΑΤΑ Λουκάνικα Μοσχαρίσια Χωρίς γλουτένη 360g,3.98
2025-06-05,1200760,IFANTIS Καπνιστή Μπριζόλα Χοιρινή Χωρίς γλουτένη 160g,3.7
2025-06-05,1221760,NIKAS Σαλάμι Αέρος Ελλενίκ σε φέτες Χωρίς γλουτένη 130g,2.25
2025-06-05,1223573,CASA MODENA Σαλάμι Milano Χωρίς γλουτένη 80g,2.6
2025-06-05,1624586,Guanciale NEGRONI σε sticks Χωρίς γλουτένη 100g,3.4
2025-06-05,1615124,AIA Wudy Λουκάνικα Κοτόπουλο &amp; Γαλοπούλα Χωρίς γλουτένη Χωρίς λακτόζη 300g,1.78
2025-06-05,1130679,NIKAS Σαλάμι Αέρος Πικάντικο Χωρίς γλουτένη 165g,2.48
2025-06-05,1584303,IFANTIS Γαλοπούλα Καπνιστή Φιλέτο &amp; Τυρί Nounou Γκούντα σε φέτες 280g,4.95
2025-06-05,1645618,NIKAS Καπνιστό Ζαμπόν σε φέτες Χωρίς γλουτένη 230g,2.98
2025-06-05,8787780,IFANTIS Παριζάκι Χωρίς γλουτένη 330g,2.66
2025-06-05,1620104,ΕΔΕΣΜΑ Πάριζα σε φέτες Χωρίς γλουτένη 160g,1.28
2025-06-05,1408578,ΘΡΑΚΗΣ ΓΕΥΣΕΙΣ Λουκάνικα Πιροσκί 500g,3.25
2025-06-05,1128393,IFANTIS Ferrano Προσούτο σε φέτες Χωρίς γλουτένη 80g,4.88
2025-06-05,1573170,CRETA FARMS Λουκάνικα Χωριάτικα με Γραβιέρα Κρήτης Χωρίς γλουτένη 400g,4.45
2025-06-05,1918614,IFANTIS Παριζάκι Ελαφρύ Χωρίς γλουτένη 330g,2.39
2025-06-05,1560389,CITTERIO Καπνιστό Μπέικον σε Κύβους 130g,3.18
2025-06-05,1127228,NIKAS Καπνιστό Μπέικον σε φέτες Χωρίς γλουτένη 100g,2.85
2025-06-05,9460296,IFANTIS Λουκάνικα Vienna Χωρίς γλουτένη 250g,3.0
2025-06-05,1380333,MEAT ME Καπνιστή Γαλοπούλα σε φέτες Βιολογική Χωρίς γλουτένη Χωρίς λακτόζη 80g,3.55
2025-06-05,1558122,CRETA FARMS Γαλοπούλα Φιλέτο &amp; Ένταμ Μειωμένων Λιπαρών σε φέτες Χωρίς γλουτένη 280g,4.48
2025-06-05,1419436,CAMPOFRIO Jamon Serrano σε φέτες Χωρίς γλουτένη 80g,2.95
2025-06-05,1601683,ALCAR UNO Veritalia Προσούτο Crudo Ιταλίας σε φέτες 100g,3.75
2025-06-05,1584299,IFANTIS Γαλοπούλα Καπνιστή Φιλέτο &amp; Τυρί Milner σε φέτες 280g,4.95
2025-06-05,1572272,ΑΓΡΟΚΤΗΜΑ ΑΝΑΒΡΑ Καπνιστή Γαλοπούλα Φιλέτο Στήθος 150g,3.72
2025-06-05,6583876,ΠΑΤΕΡΑΚΗΣ FAMILY Απάκι Κρήτης Χωρίς γλουτένη 250g,4.55
2025-06-05,1584300,IFANTIS Πάριζα &amp; Τυρί Nounou Γκούντα σε φέτες 280g,4.62
2025-06-05,1226017,ΦΑΡΜΑ ΑΝΤΩΝΑΚΗ Καπνιστή Μπριζόλα με Θυμαρίσιο Μέλι Χωρίς γλουτένη  210g,3.48
2025-06-05,1452484,ΠΡΙΤΣΑΣ Λουκάνικο Χωριάτικο Κλασικό με Πράσο Χωρίς γλουτένη 400g,3.94
2025-06-05,1226742,ΘΡΑΚΗΣ ΓΕΥΣΕΙΣ Πικ Νικ Βραστό 160g,1.25
2025-06-05,1600393,TAIFUN Λουκάνικα Τόφου Wiener Vegan Bιολογικά 300g,5.9
2025-06-05,1223565,ΝΤΕΛΗΜΑΡΗ Σαλάμι Λευκάδος με τριμμένο Πιπέρι 220g,4.55
2025-06-05,1223567,NIKAS Σαλάμι Αέρος &#39;72 Πικάντικο σε φέτες Χωρίς γλουτένη 130g,2.35
2025-06-05,1275631,ΦΑΡΜΑ ΑΝΤΩΝΑΚΗ Καπνιστό Σύγκλινο Κρήτης Χωρίς γλουτένη 230g,3.55
2025-06-05,1418646,FIT FOOD Vegan Deli Mixed Garden σε φέτες Βιολογικό 100g,3.58
2025-06-05,1226759,ΜΟΥΤΕΒΕΛΗΣ Λουκάνικα Κοζάκικα με Πάπρικα Χωρίς γλουτένη 300g,4.9
2025-06-05,1226764,ΜΟΥΤΕΒΕΛΗΣ Λουκάνικα Μοσχαρίσια Χωριάτικα με Θυμάρι Χωρίς γλουτένη 360g,5.98
2025-06-05,1649887,NIKAS Καπνιστή Γαλοπούλα σε φέτες Χωρίς γλουτένη 230g,3.25
2025-06-05,1184465,ΜΟΥΤΕΒΕΛΗΣ Λουκάνικα τύπου Καλαμάτας με Πορτοκάλι Χωρίς γλουτένη 360g,4.98
2025-06-05,1504271,ΜΙΡΑΝ Παστουρμάς Άοσμος σε φέτες 100g,5.6
2025-06-05,1562439,IFANTIS Τα Λοκάνικα της Μάρως με Καραμελωμένα Κρεμμύδια Χωρίς γλουτένη 340g,4.45
2025-06-05,1184460,ΜΟΥΤΕΒΕΛΗΣ Λουκάνικα Χειροποίητα με Φέτα Ρίγανη &amp; Λιαστή Ντομάτα Χωρίς γλουτένη 360g,5.98
2025-06-05,1516810,SARY Αγέρικα Σαλάμι Αέρος σε φέτες Χωρίς γλουτένη 100g,3.18
2025-06-05,1558844,ΠΑΤΕΡΑΚΗΣ FAMILY Λουκάνικα με Πράσο Χωρίς γλουτένη 280g,2.58
2025-06-05,1418653,FIT FOOD Vegan Deli Mushrooms σε φέτες Βιολογικό 100g,3.58
2025-06-05,1645611,NIKAS Παριζάκι Χωρίς γλουτένη 700g\t,4.9
2025-06-05,1539981,ΑΒΑΚΙΑΝ Παστουρμάς Μοσχαρίσιος τύπου Αρμένικος σε φέτες 150g,5.45
2025-06-05,1419438,CAMPOFRIO Chorizo σε φέτες Χωρίς γλουτένη 80g ,2.52
2025-06-05,1645615,NIKAS Πάριζα σε φέτες Χωρίς γλουτένη 230g,1.72
2025-06-05,1226233,CASA MODENA Antipasto Misto Ποικιλία Αλλαντικών Χωρίς γλουτένη 125g,4.45
2025-06-05,9561648,IFANTIS Σαλάμι Σκορδάτο Χωρίς γλουτένη 330g,3.55
2025-06-05,1645610,NIKAS Λουκάνικα τύπου Φρανκφούρτης Χωρίς γλουτένη 300g,2.62
2025-06-05,1184468,ΜΟΥΤΕΒΕΛΗΣ Λουκάνικα Καπνιστά Χωριάτικα με Πράσο &amp; Μπαχαρικά Χωρίς γλουτένη 360g,4.98
2025-06-05,1352928,CASA MODENA Σαλάμι Spianata Romana σε φέτες Χωρίς γλουτένη 80g,2.9
2025-06-05,1220867,TOSTAKI Καπνιστό Μπέικον Χωρίς γλουτένη 300g,4.6
2025-06-05,1224481,ΦΑΡΜΑ ΑΝΤΩΝΑΚΗ Καπνιστό Απάκι Κρήτης Παραδοσιακό σε φέτες Χωρίς γλουτένη 200g,3.75
2025-06-05,1604598,TOSTAKI Σετ Πάριζα &amp; Gouda Χωρίς Γλουτένη 280g,2.75
2025-06-05,1489928,ΜΑΛΑΚΑΣΗΣ Σαλάμι Αέρος Λευκάδος 225g,4.0
2025-06-05,1295430,ΣΤΡΑΚΑΣ Λουκάνικα Χοιρινά με Πράσο Χωρίς γλουτένη 280g,3.33
2025-06-05,1636085,CITTERIO Bresaola ΠΓΕ σε φέτες Χωρίς γλουτένη 70g,4.35
2025-06-05,1601647,ΜΟΥΤΕΒΕΛΗΣ Deli α λα Ελληνικά Back Μπέικον Καπνιστής Μπριζόλας Χωρίς γλουτένη 120g,3.2
2025-06-05,1572120,SARY Παστράμι Μόσχου Ψητό σε φέτες 100g,4.2
2025-06-05,1477265,CASA MODENA Προσούτο Di Parma ΠΟΠ σε φέτες Χωρίς γλουτένη 70g,4.62
2025-06-05,1516807,SARY Λουκάνικο Βοδινό Καραμανλίδικο 360g ,5.45
2025-06-05,1504988,Γαλοπούλα Καπνιστή &amp; Γκούντα σε φέτες 280g,3.9
2025-06-05,1649880,NIKAS Βραστή Γαλοπούλα σε φέτες Χωρίς γλουτένη 230g,3.25
2025-06-05,1601668,ΜΟΥΤΕΒΕΛΗΣ Deli α λα Ελληνικά Καπνιστή Μπριζόλα Χοιρινή με οστό Χωρίς γλουτένη 300g,5.45
2025-06-05,1572269,ΑΓΡΟΚΤΗΜΑ ΑΝΑΒΡΑ Καπνιστό Μπέικον Χοιρινό 200g,4.88
2025-06-05,1297922,ΣΤΡΑΚΑΣ Λουκάνικα Σταγιατών Χωρίς γλουτένη 280g,3.33
2025-06-05,1195535,ΣΤΡΕΜΜΕΝΟΣ Προσούτο Ευρυτανίας Ακροκώλιον Χειροποίητο 70g,4.52
2025-06-05,1649877,NIKAS Παριζάκι Χωρίς γλουτένη 300g\t,1.95
2025-06-05,1327631,IFANTIS Ferrano Bresaola σε φέτες Χωρίς γλουτένη Χωρίς λακτόζη 80g,5.2
2025-06-05,1419439,CAMPOFRIO Tapas Ποικιλία Ισπανικών Αλλαντικών σε φέτες Χωρίς γλουτένη 120g,4.9
2025-06-05,1274057,CITTERIO Speck Alto Adige ΠΓΕ Ιταλίας σε φέτες Χωρίς γλουτένη Χωρίς λακτόζη 70g,3.16
2025-06-05,1223674,ΘΡΑΚΗΣ ΓΕΥΣΕΙΣ Καβουρμάς 200g,5.2
2025-06-05,1298644,Σουτζούκι ΜΙΡΑΝ,10.06
2025-06-05,1226111,ΣΤΡΕΜΜΕΝΟΣ Ποικιλία Αλλαντικών Ευρυτανίας σε φέτες Χωρίς γλουτένη 120g,7.45
2025-06-05,1491203,MONTORSI Σαλάμι Napoli Πικάντικο Χωρίς γλουτένη 180g,5.94
2025-06-05,1633638,ΜΑΡΑΤΑ Κεφίρ με γεύση Φράουλας 500ml,1.0
2025-06-05,1633637,ΜΑΡΑΤΑ Κεφίρ 500ml,1.0
2025-06-05,1654232,ARLA Protein Ρόφημα Γάλακτος με γεύση Φράουλα &amp; Σμέουρο Χωρίς λακτόζη με 50% λιγότερη ζάχαρη 225ml,1.82
2025-06-05,1221409,ΜΑΡΑΤΑ Γάλα Υψηλής Παστερίωσης Πλήρες 1lt,1.05
2025-06-05,1221410,ΜΑΡΑΤΑ Γάλα Υψηλής Παστερίωσης Ελαφρύ 1lt,1.05
2025-06-05,6520100,ΝΟΥΝΟΥ Family Γάλα Υψηλής Παστερίωσης Ελαφρύ 1-5lt,1.92
2025-06-05,6520126,ΝΟΥΝΟΥ Family Γάλα Υψηλής Παστερίωσης Πλήρες 1-5lt,1.92
2025-06-05,1537085,ΜΑΡΑΤΑ Φρέσκο Γάλα Πλήρες 3-5% 1lt,0.95
2025-06-05,1069373,ΔΕΛΤΑ Μμμmilk Οικογενειακό Γάλα Υψηλής Παστερίωσης Πλήρες 3-5% 1-5lt,2.43
2025-06-05,1069383,ΔΕΛΤΑ Μμμmilk Οικογενειακό Γάλα Υψηλής Παστερίωσης Ελαφρύ 1-5% 1-5lt,2.43
2025-06-05,1393219,ΜΑΡΑΤΑ Γάλα Χωρίς λακτόζη 1lt,1.5
2025-06-05,8801102,ΟΛΥΜΠΟΣ Επιλεγμένο Φρέσκο Γάλα Πλήρες 1lt,1.59
2025-06-05,1537084,ΜΑΡΑΤΑ Φρέσκο Γάλα Ελαφρύ 1-5% 1lt,0.95
2025-06-05,1275448,ΟΛΥΜΠΟΣ Καρπός Αμύγδαλο Ρόφημα Φυτικό Vegan Χωρίς γλουτένη Χωρίς λακτόζη Χωρίς ζάχαρη 1lt,2.25
2025-06-05,5203849,ΝΟΥΝΟΥ Family Γάλα Υψηλής Παστερίωσης Πλήρες 1lt,1.36
2025-06-05,1483054,ΟΛΥΜΠΟΣ Μεγαλώνω Ρόφημα Αγελαδινού Γάλακτος Υψηλής Παστερίωσης 1lt,2.3
2025-06-05,9811456,ΟΛΥΜΠΟΣ Επιλεγμένο Φρέσκο Γάλα Ελαφρύ 1-7% Λιπαρά 1lt,1.59
2025-06-05,1223831,ALPRO Ρόφημα Αμυγδάλου Vegan Χωρίς γλουτένη Χωρίς λακτόζη Χωρίς ζάχαρη 1lt,2.38
2025-06-05,2742617,ΟΛΥΜΠΟΣ Γάλα Υψηλής Παστερίωσης Πλήρες 3-7% Βιολογικό 1lt,2.3
2025-06-05,5203815,ΝΟΥΝΟΥ Family Γάλα Υψηλής Παστερίωσης Ελαφρύ 1lt,1.36
2025-06-05,1592761,ΟΛΥΜΠΟΣ Κεφίρ Φράουλα Χωρίς προσθήκη ζάχαρης 330ml,1.3
2025-06-05,4905436,ΔΕΛΤΑ Advance Ρόφημα Γάλακτος Υψηλής Παστερίωσης 1lt,2.1
2025-06-05,1592759,ΟΛΥΜΠΟΣ Κεφίρ Φρούτα του Δάσους Χωρίς προσθήκη ζάχαρης 330ml,1.3
2025-06-05,1047625,ΟΛΥΜΠΟΣ Freelact Γάλα Υψηλής Παστερίωσης Χωρίς λακτόζη 1-5% 1lt,2.73
2025-06-05,5376801,ΟΛΥΜΠΟΣ Ζωής Γάλα Υψηλής Παστερίωσης Πλήρες 3-7% Λιπαρά 1-5lt,2.6
2025-06-05,1439021,ΝΟΥΝΟΥ Family Γάλα Υψηλής Παστερίωσης Ελαφρύ Χωρίς λακτόζη 1lt,1.82
2025-06-05,1170331,ΦΑΡΜΑ ΚΟΥΚΑΚΗ Φρέσκο Γάλα Πλήρες 1lt,1.82
2025-06-05,1125324,ΡΟΔΟΠΗ Γάλα Κατσικίσιο Πλήρες 3-7% 1lt,2.8
2025-06-05,6168967,FRULITE Βoost Φρουτοποτό Πορτοκάλι Μήλο Βερίκοκο 500ml,1.37
2025-06-05,1047624,ΟΛΥΜΠΟΣ Μεγαλώνω Bio Ρόφημα Αγελαδινού Γάλακτος Παιδικό Βιολογικό 1lt,2.75
2025-06-05,4300091,ΟΛΥΜΠΟΣ Γάλα Κατσικίσιο 3-7% 1lt,2.84
2025-06-05,1069338,ΔΕΛΤΑ Μμμmilk Οικογενειακό Γάλα Υψηλής Παστερίωσης Ελαφρύ 1-5% 1lt,1.75
2025-06-05,1567542,ΦΑΡΜΑ ΚΟΥΚΑΚΗ Κεφίρ Κόκκινα Φρούτα 4x200ml,3.43
2025-06-05,5376942,ΟΛΥΜΠΟΣ Ζωής Γάλα Υψηλής Παστερίωσης Ελαφρύ 1-7% Λιπαρά 1-5lt,2.6
2025-06-05,1069322,ΔΕΛΤΑ Μμμmilk Οικογενειακό Γάλα Υψηλής Παστερίωσης Πλήρες 3-5% 1lt,1.75
2025-06-05,6460174,ΝΟΥΝΟΥ Kid Ρόφημα Γάλακτος Υψηλής Παστερίωσης από 2 Ετών 1-5lt,2.04
2025-06-05,1558845,MILKO Free Γάλα με Κακάο Χωρίς προσθήκη ζάχαρης 450ml,1.33
2025-06-05,8528077,ΕΒΟΛ Γάλα με Κακάο 230ml,0.85
2025-06-05,1543280,ΔΕΛΤΑ Καθημερινά Φρέσκο Γάλα Πλήρες 1lt,1.67
2025-06-05,1483057,ΟΛΥΜΠΟΣ Μεγαλώνω Ρόφημα Κατσικίσιου Γάλακτος Υψηλής Παστερίωσης 1lt,3.0
2025-06-05,1274499,ΦΑΡΜΑ ΚΟΥΚΑΚΗ Κεφίρ Κόκκινα Φρούτα 330ml,1.32
2025-06-05,1259987,ΟΛΥΜΠΟΣ Γάλα Υψηλής Παστερίωσης Κατσικίσιο Βιολογικό 3-7% 1lt,3.26
2025-06-05,1079499,ΔΕΛΤΑ Μμμmilk Γάλα Υψηλής Παστερίωσης Χωρίς λακτόζη 1lt,2.35
2025-06-05,1524991,ΜΕΒΓΑΛ Κεφίρ Κατσικίσιο 200ml,1.18
2025-06-05,1036274,ΟΛΥΜΠΟΣ Φυσικός Χυμός Πορτοκάλι 1-5lt,4.5
2025-06-05,1460184,ARLA Protein Shake Ρόφημα Γάλακτος με γεύση Σοκολάτα Χωρίς λακτόζη Χωρίς προσθήκη ζάχαρης 250ml,1.37
2025-06-05,7358088,ΟΛΥΜΠΟΣ Κεφίρ 500ml,1.5
2025-06-05,1430779,ΟΛΥΜΠΟΣ Καρπός Protein Αμύγδαλο Ρόφημα Φυτικό Vegan Χωρίς γλουτένη Χωρίς λακτόζη 1lt,2.45
2025-06-05,1223769,ALPRO Ρόφημα Αμυγδάλου με γεύση Σοκολάτα Vegan Χωρίς γλουτένη Χωρίς λακτόζη 1lt,2.75
2025-06-05,3462611,ALPRO Ρόφημα Σόγιας Βανίλια Vegan Χωρίς γλουτένη Χωρίς λακτόζη 1lt,2.73
2025-06-05,1185167,ΡΟΔΟΠΗ Γάλα Κατσικίσιο Ελαφρύ 1-7% 1lt,2.8
2025-06-05,6545172,ΟΛΥΜΠΟΣ Γάλα Υψηλής Παστερίωσης Ελαφρύ 1-7% Βιολογικό 1lt,2.3
2025-06-05,1644734,ΡΟΔΟΠΑΚΙ Γάλα με Κακάο 3x250ml,2.0
2025-06-05,1558989,MILKO Γάλα με Κακάο 450ml,1.34
2025-06-05,1479343,ΟΛΥΜΠΟΣ Καρπός Βρόμη Φουντούκι Ρόφημα Φυτικό Vegan Χωρίς λακτόζη 1lt,2.3
2025-06-05,1223955,ΟΛΥΜΠΟΣ Φυσικός Χυμός Μήλο Πορτοκάλι Καρότο 250ml,1.24
2025-06-05,1274524,ΟΛΥΜΠΟΣ Μεγαλώνω Bio Ρόφημα Κατσικίσιου Γάλακτος Παιδικό Βιολογικό 1lt,3.35
2025-06-05,1610281,ΡΟΔΟΠΑΚΙ Zero Γάλα με Κακάο Χωρίς προσθήκη ζάχαρης 3x250ml,2.0
2025-06-05,1610255,ΦΑΡΜΑ ΚΟΥΚΑΚΗ Κεφίρ Μπανάνα Βρόμη &amp; Μέλι Χωρίς γλουτένη 330ml,1.32
2025-06-05,1477055,ΔΕΛΤΑ Του Τόπου Μας Γάλα Υψηλής Παστερίωσης 3-7% 1lt,1.88
2025-06-05,1036275,ΟΛΥΜΠΟΣ Επιλεγμένο Φρέσκο Γάλα Πλήρες 3-7% Λιπαρά 1-5lt,2.54
2025-06-05,1097683,FRULITE Boost Φρουτοποτό Νεκταρίνι Πορτοκάλι 500ml,1.37
2025-06-05,1815455,ΦΑΡΜΑ ΚΟΥΚΑΚΗ Φρέσκο Γάλα Ελαφρύ 1-5% 1lt,1.82
2025-06-05,1140260,ΟΛΥΜΠΟΣ Γάλα Κατσικίσιο 1-7% 1lt,2.84
2025-06-05,1253067,ΟΛΥΜΠΟΣ Φυσικός Χυμός Πορτοκάλι 250ml,1.07
2025-06-05,5067178,ΤΡΙΚΚΗ Φρέσκο Γάλα Πλήρες 3-5% 1lt,1.55
2025-06-05,6270714,ΦΑΡΜΑ ΚΟΥΚΑΚΗ Κεφίρ 330ml,1.2
2025-06-05,5317466,ΟΛΥΜΠΟΣ Φυσικός Χυμός Μήλο Πορτοκάλι Καρότο 1lt,3.23
2025-06-05,1223715,ΣΤΑΜΟΥ Φρέσκο Γάλα Πλήρες 3-8% 1lt,1.78
2025-06-05,1220480,ΔΕΛΤΑ Smart Κοκτέιλ Κεράσι Φράουλα 200ml,1.12
2025-06-05,1464628,ALPRO Ρόφημα Σόγιας Vegan Χωρίς γλουτένη Χωρίς λακτόζη Χωρίς ζάχαρη 1lt,2.38
2025-06-05,1477069,ΔΕΛΤΑ Του Τόπου Μας Γάλα Υψηλής Παστερίωσης 1-5% 1lt,1.88
2025-06-05,1635083,ΜΕΒΓΑΛ Κεφίρ με γεύση Ροδάκινο Χωρίς λακτόζη 330ml,1.16
2025-06-05,5245683,ΡΟΔΟΠΑΚΙ Γάλα με Κακάο 500ml,1.14
2025-06-05,1278850,ΦΑΡΜΑ ΚΟΥΚΑΚΗ Κεφίρ 4x200ml,3.33
2025-06-05,1543287,ΔΕΛΤΑ Καθημερινά Φρέσκο Γάλα Ελαφρύ 1lt,1.67
2025-06-05,3462694,ΜΕΒΓΑΛ Κεφίρ 500ml,1.35
2025-06-05,1170364,ΦΑΡΜΑ ΚΟΥΚΑΚΗ ChocoFull Γάλα με Κακάο 500ml,1.65
2025-06-05,1644527,ΜΑΡΑΤΑ Ρόφημα Αμυγδάλου Vegan Χωρίς ζάχαρη 1lt ,1.8
2025-06-05,1185168,ΡΟΔΟΠΗ Γάλα Υψηλής Παστερίωσης Ελαφρύ 1-5% Χωρίς λακτόζη 1lt,2.64
2025-06-05,1509830,ΟΛΥΜΠΟΣ Φυσικός Χυμός 9 Φρούτα με 7 Βιταμίνες 1-5lt,4.27
2025-06-05,1631222,ΦΑΡΜΑ ΚΟΥΚΑΚΗ Κεφίρ Μάνγκο Φρούτα του Πάθους&#160;&amp; Τζίντζερ με Στέβια 330ml,1.32
2025-06-05,1220477,ΔΕΛΤΑ Smart Κοκτέιλ Ροδάκινο Βερίκοκο 200ml,1.12
2025-06-05,1274523,ΟΛΥΜΠΟΣ Γάλα Κατσικίσιο Βιολογικό 1-7% 1lt,3.26
2025-06-05,1394680,ΟΛΥΜΠΟΣ Καρπός Αμύγδαλο Ρόφημα Φυτικό με Κακάο Vegan Χωρίς γλουτένη Χωρίς λακτόζη 500ml,1.48
2025-06-05,1498459,ΝΟΥΝΟΥ Family Γάλα Υψηλής Παστερίωσης Πλήρες 3-6% Βιολογικό 1lt,1.67
2025-06-05,1596582,MILKO Marvel Γάλα με Κακάο 3x250ml,2.0
2025-06-05,3393550,ΟΛΥΜΠΟΣ Ζωής Γάλα Υψηλής Παστερίωσης Ελαφρύ 1-7% Λιπαρά 1lt,1.78
2025-06-05,1596492,ΟΛΥΜΠΟΣ Καρπός Αμύγδαλο Ρόφημα Φυτικό με Κακάο Vegan Χωρίς γλουτένη Χωρίς λακτόζη 1lt,2.35
2025-06-05,2412658,ΕΒΟΛ Γάλα Κατσικίσιο 3-5% Βιολογικό 590ml,1.98
2025-06-05,1220478,ΔΕΛΤΑ Smart Φυσικός Χυμός Μήλο Πορτοκάλι 200ml,1.12
2025-06-05,1154111,ΝΟΥΝΟΥ Family Γάλα Υψηλής Παστερίωσης 0% 1lt,1.36
2025-06-05,1442229,LIFE Φυσικός Χυμός Μήλο Πορτοκάλι &amp; Καρότο 1-5lt,3.2
2025-06-05,5666946,ΕΒΟΛ Διαλεχτό Φρέσκο Γάλα Πλήρες 3-7% 1lt,1.68
2025-06-05,1062086,ΟΛΥΜΠΟΣ Από Σπίτι Φυσικός Χυμός Πορτοκάλι 1lt,3.0
2025-06-05,1558086,ΔΕΛΤΑ Βρόμη &amp; 3 Super Σπόροι Ρόφημα Vegan Χωρίς λακτόζη Χωρίς προσθήκη ζάχαρης 1-5lt,4.0
2025-06-05,1464629,ALPRO Ρόφημα Καρύδας Vegan Χωρίς γλουτένη Χωρίς λακτόζη Χωρίς ζάχαρη 1lt,2.58
2025-06-05,1635088,ΜΕΒΓΑΛ Κεφίρ με γεύση Φράουλα 330ml,1.16
2025-06-05,1438990,ΟΛΥΜΠΟΣ Καρπός Αμύγδαλο Ρόφημα Φυτικό Vegan Χωρίς γλουτένη Χωρίς λακτόζη Χωρίς ζάχαρη 500ml,1.37
2025-06-05,3393022,ΟΛΥΜΠΟΣ Ζωής Γάλα Υψηλής Παστερίωσης Πλήρες 1lt,1.78
2025-06-05,1477057,ΔΕΛΤΑ Του Τόπου Μας Γάλα Υψηλής Παστερίωσης 3-7% 1-5lt,2.77
2025-06-05,1036277,ΟΛΥΜΠΟΣ Επιλεγμένο Φρέσκο Γάλα Ελαφρύ 1-7% 1-5lt,2.54
2025-06-05,1486282,ΟΛΥΜΠΟΣ Φυσικός Χυμός 9 Φρούτα με 7 Βιταμίνες 250ml,1.3
2025-06-05,1268294,ΟΛΥΜΠΟΣ Φυσικός Χυμός 9 Φρούτα με 7 Βιταμίνες 1lt,3.5
2025-06-05,1582472,ALPRO Protein Ρόφημα Σόγιας με γεύση Σοκολάτα Vegan Χωρίς γλουτένη Χωρίς λακτόζη 1lt  ,2.78
2025-06-05,4034997,FRULITE Φρουτοποτό Μανταρίνι Σαγκουίνι 1lt,1.55
2025-06-05,3462587,ALPRO Ρόφημα Σόγιας με γεύση Σοκολάτα Vegan Χωρίς γλουτένη Χωρίς λακτόζη 1lt,2.75
2025-06-05,1223757,ΣΤΑΜΟΥ Φρέσκο Γάλα Κατσικίσιο 4% 1lt,2.96
2025-06-05,1442230,LIFE Φυσικός Χυμός Πορτοκάλι 1-5lt,2.92
2025-06-05,1624628,ΟΛΥΜΠΟΣ Protein Κεφίρ Φρούτα του Δάσους 1% Χωρίς προσθήκη ζάχαρης 330ml,2.26
2025-06-05,1615094,ΜΕΒΓΑΛ High Protein Ρόφημα Γάλακτος Κακάο Χωρίς προσθήκη ζάχαρης 330ml,2.03
2025-06-05,9827858,MILKO Γάλα με Κακάο 1lt,2.16
2025-06-05,1477073,ΔΕΛΤΑ Του Τόπου Μας Γάλα Υψηλής Παστερίωσης 1-5% 1-5lt,2.77
2025-06-05,1447661,ΟΛΥΜΠΟΣ Φυσικός Χυμός Μήλο Πορτοκάλι Καρότο 1-5lt,4.27
2025-06-05,1618161,ΟΛΥΜΠΟΣ Φυσικός Χυμός Μήλο 1lt,2.84
2025-06-05,1624625,ΟΛΥΜΠΟΣ Protein Κεφίρ 1% 330ml,1.92
2025-06-05,1944776,ΟΛΥΜΠΟΣ Φυσικός Χυμός Πορτοκάλι 1lt,2.68
2025-06-05,1483055,ΟΛΥΜΠΟΣ Μεγαλώνω Ρόφημα Αγελαδινού Γάλακτος Υψηλής Παστερίωσης Χωρίς λακτόζη 1lt,2.58
2025-06-05,1507051,ALPRO Ρόφημα Βρόμης Vegan Χωρίς Λακτόζη Χωρίς ζάχαρη 1lt,2.38
2025-06-05,1433448,ΔΕΛΤΑ Βρόμη &amp; 3 Super Σπόροι Ρόφημα Χωρίς λακτόζη Χωρίς προσθήκη ζάχαρης 1lt,2.95
2025-06-05,5067186,ΤΡΙΚΚΗ Φρέσκο Γάλα Ελαφρύ 1% 1lt,1.55
2025-06-05,1442183,ΟΛΥΜΠΟΣ Παιδικό Γάλα Κατσικίσιο με Κακάο 250ml,1.1
2025-06-05,1478894,ΡΟΔΟΠΗ Κεφίρ 1lt,2.43
2025-06-05,5665336,ΕΒΟΛ Φρέσκο Γάλα Πλήρες 3-5% Βιολογικό 1lt,2.72
2025-06-05,1223760,ΜΑΡΑΤΑ Γάλα Υψηλής Παστερίωσης Πλήρες Βιολογικό 1lt,1.8
2025-06-05,1479354,ΟΛΥΜΠΟΣ Καρπός Βρόμη Ρόφημα Φυτικό Vegan Χωρίς λακτόζη 1lt,2.25
2025-06-05,1274525,ΟΛΥΜΠΟΣ Freelact Γάλα Κατσικίσιο Χωρίς λακτόζη 1-5% 1lt,3.44
2025-06-05,2362044,ΝΟΥΝΟΥ Kid Ρόφημα Γάλακτος Υψηλής Παστερίωσης από 2 Ετών 1lt,1.39
2025-06-05,1450609,ΚΑΜΠΟΣ ΧΙΟΥ λow! Φρουτοποτό Λεμόνι Χωρίς προσθήκη ζάχαρης 1lt,1.75
2025-06-05,1504286,ALPRO Barista Ρόφημα Αμυγδάλου Vegan Χωρίς γλουτένη Χωρίς λακτόζη 1lt,2.38
2025-06-05,1225981,ARLA Protein Ρόφημα Γάλακτος με γεύση Σοκολάτα Χωρίς λακτόζη 479ml,2.03
2025-06-05,1560623,ΔΕΛΤΑ Του Τόπου Μας Γάλα Υψηλής Παστερίωσης 3-7% 500ml,1.26
2025-06-05,1509826,ΟΙΚΟΓΕΝΕΙΑ ΧΡΙΣΤΟΔΟΥΛΟΥ Φυσικός Χυμός Πορτοκάλι 1lt,3.18
2025-06-05,1111518,LIFE Up-Lift Φυσικός Χυμός Κράνμπερι Ράσμπερι Μπλούμπερι 1lt,2.51
2025-06-05,1498473,ΝΟΥΝΟΥ Family Γάλα Υψηλής Παστερίωσης Ελαφρύ 1-5% Βιολογικό 1lt,1.67
2025-06-05,1631490,ΟΙΚΟΓΕΝΕΙΑ ΧΡΙΣΤΟΔΟΥΛΟΥ Φυσικός Χυμός Πορτοκάλι 1-5lt,4.35
2025-06-05,1088089,ALPRO Ρόφημα Αμυγδάλου Vegan Χωρίς γλουτένη Χωρίς λακτόζη 1lt,2.38
2025-06-05,1510750,ΔΕΛΤΑ Του Τόπου Μας Γάλα με Κακάο 500ml,1.65
2025-06-05,1647556,ΔΕΛΤΑ Αμύγδαλο Ρόφημα Vegan Χωρίς γλουτένη Χωρίς ζάχαρη 1-5lt,4.0
2025-06-05,1557337,ΟΛΥΜΠΟΣ Freelact Γάλα Υψηλής Παστερίωσης Χωρίς λακτόζη 3-5% 1lt,2.74
2025-06-05,1283569,ALPRO Ρόφημα Βρόμης &amp; Αμυγδάλου Vegan Χωρίς λακτόζη Χωρίς προσθήκη ζάχαρης 1lt,2.38
2025-06-05,1594192,ΟΛΥΜΠΟΣ Γάλα με Κακάο 3-6% 500ml,1.67
2025-06-05,1154079,ΝΟΥΝΟΥ Family Calci Plus Γάλα Υψηλής Παστερίωσης Ελαφρύ 1-6% 1lt,1.82
2025-06-05,1442184,ΟΛΥΜΠΟΣ Παιδικό Γάλα με Κακάο 250ml,0.92
2025-06-05,1062080,ΟΛΥΜΠΟΣ Ζωής Γάλα Υψηλής Παστερίωσης Ελαφρύ 1-7% Λιπαρά 500ml,1.07
2025-06-05,1592735,FRULITE Boost Φρουτοποτό Ανανάς Σταφύλι Μπανάνα Λεμόνι 500ml,1.37
2025-06-05,1131874,ΟΛΥΜΠΟΣ Φυσικός Χυμός Μήλο Ρόδι Σταφύλι Πορτοκάλι 1lt,3.5
2025-06-05,1223766,ΜΑΡΑΤΑ Γάλα Υψηλής Παστερίωσης Ελαφρύ Βιολογικό 1lt,1.8
2025-06-05,5191994,FRULITE Φρουτοποτό Μπανάνα Βύσσινο 330ml,1.0
2025-06-05,8165771,FRULITE Φρουτοποτό Φράουλα 330ml,1.0
2025-06-05,5667019,ΕΒΟΛ Διαλεχτό Φρέσκο Γάλα Ελαφρύ 1-5% 1lt,1.68
2025-06-05,1562068,ΣΤΑΜΟΥ Κεφίρ 330ml,0.98
2025-06-05,1631487,ΟΙΚΟΓΕΝΕΙΑ ΧΡΙΣΤΟΔΟΥΛΟΥ Φυσικός Χυμός Μήλο Πορτοκάλι Καρότο 1-5lt,3.78
2025-06-05,1644524,ΜΑΡΑΤΑ Ρόφημα Βρόμης με Φουντούκι Vegan 1lt ,2.1
2025-06-05,1397373,ΔΕΛΤΑ Καρύδα Ρόφημα Χωρίς γλουτένη Χωρίς λακτόζη Χωρίς προσθήκη ζάχαρης 1lt,3.22
2025-06-05,2412138,ΟΛΥΜΠΟΣ Φυσικός Χυμός Μήλο Ροδάκινο 1lt,3.38
2025-06-05,1515396,BECEL Pro Activ Ρόφημα Γιαουρτιού Φράουλα 4x75g,3.72
2025-06-05,1635090,ΜΕΒΓΑΛ Κεφίρ με γεύση Μύρτιλο 330ml,1.16
2025-06-05,1615091,ΜΕΒΓΑΛ High Protein Ρόφημα Γάλακτος Βανίλια Χωρίς προσθήκη ζάχαρης 330ml,2.03
2025-06-05,1560616,ΔΕΛΤΑ Του Τόπου Μας Γάλα με Κακάο 1lt,2.74
2025-06-05,1560624,ΔΕΛΤΑ Του Τόπου Μας Γάλα Υψηλής Παστερίωσης 1-5% 500ml,1.26
2025-06-05,1620759,CHRΩΜΑ Smoothie Μάνγκο Ανανάς Κουρκουμάς 250ml ,1.88
2025-06-05,1220040,ΟΛΥΜΠΟΣ Φυσικός Χυμός Μήλο Ρόδι Σταφύλι Πορτοκάλι 250ml,1.24
2025-06-05,1450607,ΚΑΜΠΟΣ ΧΙΟΥ λow! Φρουτοποτό Μανταρίνι Χωρίς προσθήκης ζάχαρης 1lt,1.75
2025-06-05,1541350,ΦΑΡΜΑ ΚΟΥΚΑΚΗ Γάλα Υψηλής Παστερίωσης Πλήρες 1-5lt,2.77
2025-06-05,1627486,ΟΙΚΟΓΕΝΕΙΑ ΧΡΙΣΤΟΔΟΥΛΟΥ Φυσικός Χυμός με 9 Φρούτα &amp; 7 Βιταμίνες 250ml,1.25
2025-06-05,1631489,ΟΙΚΟΓΕΝΕΙΑ ΧΡΙΣΤΟΔΟΥΛΟΥ Φυσικός Χυμός με 9 Φρούτα &amp; 7 Βιταμίνες 1-5lt,3.98
2025-06-05,1591470,ΚΑΜΠΟΣ ΧΙΟΥ λow! Φρουτοποτό Βύσσινο &amp; Κεράσι Χωρίς προσθήκη ζάχαρης 1lt,1.75
2025-06-05,9343054,ΟΛΥΜΠΟΣ Αριάνι 500ml,1.4
2025-06-05,1644521,ΜΑΡΑΤΑ Ρόφημα Αμυγδάλου με Κακάο Vegan 1lt ,2.1
2025-06-05,1442224,LIFΕ Energize Φυσικός Χυμός 9 Φρούτα 7 Βιταμίνες 1lt,2.66
2025-06-05,5360227,ΔΕΛΤΑ Advance Ρόφημα Γάλακτος Υψηλής Παστερίωσης Χωρίς λακτόζη Χωρίς προσθήκη ζάχαρης 1lt,2.47
2025-06-05,6022040,FRULITE Φρουτοποτό Μανταρίνι Σαγκουίνι 330ml,1.0
2025-06-05,1614251,ΔΕΛΤΑ Protein Plus Super Mix Ρόφημα Βρόμης με Berries &amp; Κακάο Vegan Χωρίς προσθήκη ζάχαρης 1lt,3.48
2025-06-05,1615195,ΕCO MIL Oat Ρόφημα Βρόμης Βιολογικό Vegan Χωρίς προσθήκη ζάχαρης 1lt,2.27
2025-06-05,1052643,LIFE Φυσικός Χυμός Μήλο Πορτοκάλι &amp; Καρότο 1lt,2.51
2025-06-05,1633698,ΟΙΚΟΓΕΝΕΙΑ ΧΡΙΣΤΟΔΟΥΛΟΥ Φυσικός Χυμός Μήλο Πορτοκάλι Ροδάκινο 1lt,2.38
2025-06-05,1615096,ΜΕΒΓΑΛ High Protein Ρόφημα Γάλακτος Φράουλα Χωρίς προσθήκη ζάχαρης 330ml,2.03
2025-06-05,9240979,ΑΜΕΡΙΚΑΝΙΚΗΣ ΓΕΩΡΓΙΚΗΣ ΣΧΟΛΗΣ Φρέσκο Γάλα Πλήρες 1lt,2.22
2025-06-05,5191952,FRULITE Φρουτοποτό Μπανάνα Βύσσινο 1lt,1.55
2025-06-05,1588016,ALPRO Ρόφημα Αμυγδάλου Βανίλια Vegan Χωρίς γλουτένη Χωρίς λακτόζη 1lt,2.73
2025-06-05,1648488,ΔΕΛΤΑ Protein Plus Ρόφημα Βρόμης Super Mix με Μπανάνα &amp; Κακάο Vegan Χωρίς προσθήκη ζάχαρης 1lt,3.5
2025-06-05,7275076,ΝΟΥΝΟΥ Choice Γάλα με Κακάο 1lt,2.72
2025-06-05,1640400,MILKO Γάλα με Κακάο 500ml,1.34
2025-06-05,1944842,ΟΛΥΜΠΟΣ Φυσικός Χυμός Πορτοκάλι 500ml,1.58
2025-06-05,1624579,ΜΕΒΓΑΛ Κεφίρ Κατσικίσιο με γεύση Φράουλα 200ml,1.2
2025-06-05,1275451,ΜΕΒΓΑΛ Ξυνόγαλο 500ml,1.42
2025-06-05,1647557,ΔΕΛΤΑ Αμύγδαλο Ρόφημα Vegan Χωρίς γλουτένη Χωρίς ζάχαρη 1lt,2.95
2025-06-05,1401712,ΦΑΡΜΑ ΚΟΥΚΑΚΗ Γάλα Κατσικίσιο 3-7% 1lt,3.05
2025-06-05,1062078,ΟΛΥΜΠΟΣ Ζωής Γάλα Υψηλής Παστερίωσης Πλήρες 3-7% 500ml,1.07
2025-06-05,1052624,LIFE Φυσικός Χυμός Πορτοκάλι 1lt,2.65
2025-06-05,1275446,ΟΛΥΜΠΟΣ Καρπός Ρόφημα με Φυσική γεύση Ψημένου Αμυγδάλου Vegan Χωρίς γλουτένη Χωρίς λακτόζη 1lt,2.25
2025-06-05,1623667,ALPRO Protein Ρόφημα Σόγιας με γεύση Βανίλια Vegan Χωρίς γλουτένη Χωρίς λακτόζη 1lt,2.78
2025-06-05,1470256,ΟΙΚΟΓΕΝΕΙΑ ΧΡΙΣΤΟΔΟΥΛΟΥ Φυσικός Χυμός Μήλο Πορτοκάλι Καρότο 250ml,1.25
2025-06-05,1270933,FRULITE Φρουτοποτό Ανανάς Καρύδα 1lt,1.45
2025-06-05,1223960,ΟΙΚΟΓΕΝΕΙΑ ΧΡΙΣΤΟΔΟΥΛΟΥ Φυσικός Χυμός Ρόδι 250ml,3.46
2025-06-05,1644630,ALPRO Protein Ρόφημα Σόγιας με γεύση Caramel Coffee Vegan Χωρίς γλουτένη Χωρίς λακτόζη 250ml,1.25
2025-06-05,1644523,ΜΑΡΑΤΑ Ρόφημα Αμυγδάλου με Πρωτεΐνη Vegan 1lt ,2.1
2025-06-05,1618153,ΟΛΥΜΠΟΣ Φυσικός Χυμός Μήλο Μανταρίνι Πορτοκάλι Σαγκουίνι 1lt,3.5
2025-06-05,1470255,ΟΙΚΟΓΕΝΕΙΑ ΧΡΙΣΤΟΔΟΥΛΟΥ Φυσικός Χυμός Πορτοκάλι 250ml,1.34
2025-06-05,1270982,FRULITE Φρουτοποτό Ανανάς Καρύδα 330ml,1.0
2025-06-05,3482098,ALPRO Ρόφημα Σόγιας Vegan Χωρίς γλουτένη Χωρίς λακτόζη 1lt,2.38
2025-06-05,1649253,ΟΙΚΟΓΕΝΕΙΑ ΧΡΙΣΤΟΔΟΥΛΟΥ Φρουτοποτό Βύσσινο 250ml,1.0
2025-06-05,1117484,ΚΑΜΠΟΣ ΧΙΟΥ Φυσικός Χυμός 12 Πορτοκάλια 1lt,2.43
2025-06-05,1612559,ΦΑΡΜΑ ΚΟΥΚΑΚΗ Choco High Protein Γάλα με Κακάο 1-5% Χωρίς προσθήκη ζάχαρης 330ml,1.63
2025-06-05,1644642,ALPRO Protein Ρόφημα Σόγιας με γεύση Σοκολάτα Vegan Χωρίς γλουτένη Χωρίς λακτόζη 250ml,1.25
2025-06-05,7595770,ΚΑΜΠΟΣ ΧΙΟΥ Φρουτοποτό Λεμονάδα 1lt,1.75
2025-06-05,1450925,ΟΙΚΟΓΕΝΕΙΑ ΧΡΙΣΤΟΔΟΥΛΟΥ Φυσικός Χυμός με 9 Φρούτα &amp; 7 Βιταμίνες 1lt,3.34
2025-06-05,1382575,ΒΕΛΟΥΔΟ Κεφίρ Κατσικίσιο Βιολογικό 250ml,1.75
2025-06-05,1158681,ALPRO Ρόφημα Καρύδας Vegan Χωρίς γλουτένη Χωρίς λακτόζη Χωρίς προσθήκη ζάχαρης 1lt,2.58
2025-06-05,1223716,ΣΤΑΜΟΥ Φρέσκο Γάλα Ελαφρύ 1-5% 1lt,1.78
2025-06-05,1620755,CHRΩΜΑ Smoothie Ρόδι Φράουλα Μούρα 250ml,1.88
2025-06-05,1515393,BECEL Pro Activ Ρόφημα Γιαουρτιού Κλασικό 4x75g,3.72
2025-06-05,1622983,ΡΟΔΟΠΑΚΙ Γάλα με Κακάο &amp; Φράουλα 3x250ml,2.4
2025-06-05,1582468,ALPRO Protein Ρόφημα Σόγιας Vegan Χωρίς γλουτένη Χωρίς λακτόζη 1lt ,2.78
2025-06-05,1095482,ΝΟΥΝΟΥ Noulac Ρόφημα Γάλακτος Υψηλής Παστερίωσης από 12 μηνών 1lt,1.75
2025-06-05,1649249,ΟΙΚΟΓΕΝΕΙΑ ΧΡΙΣΤΟΔΟΥΛΟΥ Φρουτοποτό Λεμόνι 250ml,1.0
2025-06-05,1397376,ΔΕΛΤΑ Αμύγδαλο Ρόφημα Χωρίς γλουτένη Χωρίς λακτόζη 1lt,2.95
2025-06-05,1147302,ΕΒΟΛ Φρέσκο Γάλα Ελαφρύ 1-5% Βιολογικό 1lt,2.72
2025-06-05,1511503,ΣΥΝΕΤΑΙΡΙΣΜΟΣ ΚΑΛΑΒΡΥΤΩΝ Φρέσκο Γάλα Πλήρες 3-5% 1lt,1.98
2025-06-05,1377542,ARLA Protein Ρόφημα Γάλακτος Βανίλια με 50% Λιγότερη ζάχαρη Χωρίς λακτόζη 482ml,2.15
2025-06-05,1612780,LIFE Φυσικός Χυμός Πορτοκάλι &amp; Μήλο 1lt,2.4
2025-06-05,1127974,LIFE Καλημέρα Φυσικός Χυμός Πορτοκάλι 1lt,2.94
2025-06-05,1117486,ΚΑΜΠΟΣ ΧΙΟΥ Φυσικός Χυμός 26 Μανταρίνια 1lt,2.45
2025-06-05,1023924,ΦΑΡΜΑ ΚΟΥΚΑΚΗ Φυσικός Χυμός Πορτοκάλι 1lt,3.35
2025-06-05,1630309,ΕΒΟΛ Κεφίρ Φράουλα &amp; Φρούτα του Δάσους Χωρίς προσθήκη ζάχαρης 330ml,1.17
2025-06-05,1430860,ALPRO Ρόφημα Αμυγδάλου Άψητο Χωρίς γλουτένη Χωρίς ζάχαρη 1lt,2.38
2025-06-05,1625132,ΤΕΜΠΗ Κεφίρ Κατσικίσιο 1-5% Βιολογικό 250ml,2.2
2025-06-05,1589375,ACTIVIA Κεφίρ με γεύση Μύρτιλο 320g,1.46
2025-06-05,1448145,MILKO Protein Ρόφημα Γάλακτος Dark Choco 500ml,1.8
2025-06-05,1604056,ΔΕΛΤΑ Αμύγδαλο Choco Ρόφημα με Κακάο Vegan Χωρίς λακτόζη 1lt,3.3
2025-06-05,1631120,ΡΟΔΟΠΑΚΙ Protein Γάλα με Κακάο Χωρίς προσθήκη ζάχαρης 3x250ml ,2.98
2025-06-05,7015688,FRULITE Φρουτοποτό Καρότο &amp; Φρούτα 1lt,1.55
2025-06-05,5589809,BECEL Pro Activ Ρόφημα Γάλακτος 0% 1lt,2.73
2025-06-05,4416160,ΡΟΔΟΠΗ Αριάνι Ελαφρύ 1-7% 1lt,1.79
2025-06-05,5589791,BECEL Pro Activ Ρόφημα Γάλακτος 1-8% 1lt,2.73
2025-06-05,1624624,ΕΒΟΛ Κεφίρ Αγελαδινό 330ml,1.05
2025-06-05,1633697,ΟΙΚΟΓΕΝΕΙΑ ΧΡΙΣΤΟΔΟΥΛΟΥ Φρουτοποτό Λεμόνι 1lt,2.48
2025-06-05,1610170,ACTIVIA Κεφίρ με γεύση Βρόμη 320g,1.46
2025-06-05,1507146,ΡΟΔΟΠΗ Φρέσκο Γάλα Ελαφρύ 1-7% 1lt,1.82
2025-06-05,1650178,ΟΛΥΜΠΟΣ Καρπός Φιστίκι Ρόφημα Φυτικό Vegan Χωρίς γλουτένη Χωρίς λακτόζη  1lt,2.3
2025-06-05,1615193,ΕCO MIL Almond Nature Ρόφημα Αμυγδάλου Βιολογικό Vegan Χωρίς ζάχαρη 1lt,3.9
2025-06-05,1507161,ΡΟΔΟΠΗ Φρέσκο Γάλα Πλήρες 3-7% 1lt,1.82
2025-06-05,1511504,ΣΥΝΕΤΑΙΡΙΣΜΟΣ ΚΑΛΑΒΡΥΤΩΝ Φρέσκο Γάλα Ελαφρύ 1-5% 1lt,1.98
2025-06-05,1650197,ΟΛΥΜΠΟΣ Πνοή Γάλα Υψηλής Παστερίωσης με Βιταμίνη D 1-5% 1lt,2.3
2025-06-05,1633696,ΟΙΚΟΓΕΝΕΙΑ ΧΡΙΣΤΟΔΟΥΛΟΥ Φυσικός Χυμός Σταφύλι Μήλο Πορτοκάλι Ρόδι 1lt,2.67
2025-06-05,1651036,ΡΟΔΑΜΥ Φυσικός Χυμός Ρόδι Χωρίς προσθήκη ζάχαρης 250ml,2.3
2025-06-05,1615753,VALSOIA Καρύδι Ρόφημα Φυτικό Vegan Χωρίς λακτόζη 1lt,2.38
2025-06-05,1615054,ΟΛΥΜΠΟΣ Φυσικός Χυμός Πορτοκάλι Μήλο 1lt,3.0
2025-06-05,1651035,ΡΟΔΑΜΥ Φυσικός Χυμός Μανταρίνι Χωρίς προσθήκη ζάχαρης 250ml\t,2.3
2025-06-05,1651037,ΡΟΔΑΜΥ Φυσικός Χυμός Ρόδι Μανταρίνι Χωρίς γλουτένη Χωρίς προσθήκη ζάχαρης 250ml\t,2.3
2025-06-05,1276230,Χαλβάς ΜΑΚΕΔΟΝΙΚΟΣ με Σοκολάτα Χωρίς γλουτένη 40g,0.95
2025-06-05,6749733,Χαλβάς ΜΑΚΕΔΟΝΙΚΟΣ με γεύση Βανίλια Χωρίς γλουτένη 40g,0.95
2025-06-05,1478686,Ελιές Καλαμών XENIA σε Άλμη με Λιγότερο αλάτι 330g,2.5
2025-06-05,1136572,Χούμους IFANTIS Κλασικό Vegan Χωρίς γλουτένη 400g,2.68
2025-06-05,1227633,Αγγουράκια ΜΑΚΕΔΟΝΙΚΗ ΓΗ σε Άλμη Vegan 400g ,2.1
2025-06-05,1640826,Χαλβάς ΜΑΚΕΔΟΝΙΚΟΣ με Φράουλα και Σοκολάτα Χωρίς γλουτένη 40g,1.05
2025-06-05,1455506,Καπνιστός Σολομός σε κομμάτια Νορβηγίας 200g,3.98
2025-06-05,6835524,Ελιές Καλαμών ΧΕΝΙΑ φέτες σε Άλμη 200g ,2.65
2025-06-05,1227618,Κάπαρη ΜΑΚΕΔΟΝΙΚΗ ΓΗ σε Άλμη Vegan 110g,1.5
2025-06-05,1541280,Χαλβάς Σοκολατένιος ΜΑΚΕΔΟΝΙΚΟΣ με Φουντούκια Χωρίς γλουτένη 40g,1.05
2025-06-05,9199688,Χαλβάς Χειροποίητος ΑΦΟΙ ΧΑΪΤΟΓΛΟΥ με Κακάο Χωρίς γλουτένη 400g,2.3
2025-06-05,1478687,Ελιές Καλαμών XENIA Χονδρές σε Άλμη 330g,2.55
2025-06-05,1608526,Χαλβάς Χειροποίητος ΑΦΟΙ ΧΑΪΤΟΓΛΟΥ με Κακάο 400g,2.3
2025-06-05,1355976,Χαλβάς ΜΑΚΕΔΟΝΙΚΟΣ Espresso Χωρίς γλουτένη 40g,0.95
2025-06-05,1320745,Σολομός KING Νορβηγίας 200g,6.45
2025-06-05,7694854,Τζατζίκι IFANTIS Χωρίς γλουτένη 400g,2.8
2025-06-05,1175229,Ψητές Πιπεριές ΜΑΚΕΔΟΝΙΚΗ ΓΗ Κόκκινες σε Άλμη Vegan 350g,2.26
2025-06-05,1579037,Έδεσμα Σουσαμιού ΟΛΥΜΠΟΣ Σοκολάτα με Στέβια Χωρίς γλουτένη 40g,0.9
2025-06-05,7695042,Ταραμοσαλάτα IFANTIS Χωρίς γλουτένη 400g,2.64
2025-06-05,1612296,Ψητές Πιπεριές ΜΑΚΕΔΟΝΙΚΗ ΓΗ Κόκκινες σε Άλμη Vegan 500g,3.0
2025-06-05,1223835,Αγγουράκια ΜΑΚΕΔΟΝΙΚΗ ΓΗ σε Άλμη Vegan 200g,1.53
2025-06-05,1223838,Λιαστές Ντομάτες ΜΑΚΕΔΟΝΙΚΗ ΓΗ σε Ηλιέλαιο Vegan 200g,2.64
2025-06-05,6835516,Ελιές Καλαμών ΧΕΝΙΑ χωρίς Κουκούτσι σε Άλμη 180g,2.8
2025-06-05,4485561,Ελιές Πράσινες XENIA γεμιστές με Πιπεριά σε Άλμη 205g ,3.42
2025-06-05,1393861,Χούμους IFANTIS Λεμόνι Χωρίς γλουτένη 400g,3.05
2025-06-05,1223747,Τυροκαυτερή ΑΛΦΑ ΓΕΥΣΗ 250g,2.65
2025-06-05,1460411,Χούμους IFANTIS Πιπεριά Φλωρίνης Χωρίς γλουτένη 250g,2.62
2025-06-05,1223778,Κοπανισμένη Τυροκαυτή ΑΛΦΑ ΓΕΥΣΗ με Κόκκινες Πιπεριές 250g,2.85
2025-06-05,1502501,Μπουκιές Χαλβά ΟΛΥΜΠΟΣ Βανίλια &amp; Κακάο Χωρίς γλουτένη 160g,2.48
2025-06-05,1136569,Χτυπητή Τυροκαυτερή IFANTIS με Πιπεριά Φλωρίνης Χωρίς Γλουτένη 400g,3.58
2025-06-05,9199662,Χαλβάς Χειροποίητος ΑΦΟΙ ΧΑΪΤΟΓΛΟΥ με γεύση Βανίλια Χωρίς γλουτένη 400g,2.3
2025-06-05,1223792,Ταραμοσαλάτα ΑΛΦΑ ΓΕΥΣΗ με Λευκό Ταραμά 250g,2.5
2025-06-05,1276664,Καπνιστός Σολομός ST.JAMES Σκωτίας 100g,5.64
2025-06-05,7227945,Ελιές Πράσινες XENIA φέτες σε Άλμη 190g,2.42
2025-06-05,1223725,Ρώσικη Σαλάτα ΕΛΒΙΣ 900g,3.36
2025-06-05,1226096,Καπνιστός Σολομός YORK Ατλαντικού 150g,5.79
2025-06-05,1610126,Χαλβάς ΟΛΥΜΠΟΣ Κακάο Χωρίς γλουτένη 350g,3.45
2025-06-05,1330945,Πίκλες ΜΑΚΕΔΟΝΙΚΗ ΓΗ σε Άλμη 600g,1.75
2025-06-05,1530782,Κηπουρού Σαλάτα CONDITO The Green Line Vegan Χωρίς γλουτένη 250g,2.88
2025-06-05,7694797,Ρώσικη Σαλάτα IFANTIS Χωρίς γλουτένη 400g,2.62
2025-06-05,1297525,Πάστα Κόκκινης Ψητής Πιπεριάς ΜΑΚΕΔΟΝΙΚΗ ΓΗ με Φέτα 200g,1.88
2025-06-05,1608530,Χαλβάς ΜΑΚΕΔΟΝΙΚΟΣ με Κακάο Vegan Χωρίς γλουτένη 400g,4.16
2025-06-05,1612297,Αγγουράκια ΜΑΚΕΔΟΝΙΚΗ ΓΗ Burger Style σε φέτες Vegan 130g,1.35
2025-06-05,1227638,Ελιές Καλαμών ALEA LACONICA ροδέλες για Σαλάτα 180g,2.8
2025-06-05,1530768,Σαλάτα Guacamole IFANTIS Vegan Χωρίς γλουτένη 200g,3.85
2025-06-05,1223834,Αγγουράκια Μέτρια ROYAL MEDITERRANEAN 370g,2.72
2025-06-05,1608527,Χαλβάς Χειροποίητος ΑΦΟΙ ΧΑΪΤΟΓΛΟΥ με Αμύγδαλα 400g,2.6
2025-06-05,2808301,Ρώσικη Σαλάτα ΒΕΜ 450g,3.9
2025-06-05,6546998,Κάπαρη Ανθός XENIA 70g,1.56
2025-06-05,1223764,Τυροσαλάτα ΑΛΦΑ ΓΕΥΣΗ 250g,2.65
2025-06-05,1294625,Πάστα Ελιάς LELIA Καλαμών 360g,3.3
2025-06-05,1642121,Χαλβάς ΟΛΥΜΠΟΣ με Σοκολάτα &amp; Μπανάνα Χωρίς γλουτένη 250g,4.35
2025-06-05,1224177,Ταραμάς Viking ΜΑΜΑI Αχρωμάτιστος Χωρίς γλουτένη 145g,4.05
2025-06-05,1223728,Τυροκαυτερή ΑΛΦΑ ΓΕΥΣΗ 450g,4.18
2025-06-05,1223752,Μελιτζανοσαλάτα Αγιορείτικη ΑΛΦΑ ΓΕΥΣΗ 250g,2.36
2025-06-05,7416449,Ελιές Πράσινες GAEA Βιολογικές 170g,2.14
2025-06-05,1608525,Χαλβάς Χειροποίητος ΑΦΟΙ ΧΑΪΤΟΓΛΟΥ με γεύση Βανίλια 400g,2.3
2025-06-05,1530784,Ρώσικη Σαλάτα CONDITO The Green Line Vegan Χωρίς γλουτένη 250g,2.05
2025-06-05,1223749,Τζατζίκι ΑΛΦΑ ΓΕΥΣΗ 250g,2.4
2025-06-05,1585209,Καπνιστός Σολομός ROYAL Νορβηγίας σε φέτες 100g,4.8
2025-06-05,9199639,Χαλβάς Χειροποίητος ΑΦΟΙ ΧΑΪΤΟΓΛΟΥ με Αμύγδαλα Χωρίς γλουτένη 400g,2.6
2025-06-05,1297524,Πάστα Κόκκινης Ψητής Πιπεριάς ΜΑΚΕΔΟΝΙΚΗ ΓΗ με Σκόρδο Vegan 200g,1.88
2025-06-05,7416431,Ελιές Καλαμών GAEA Βιολογικές 175g,2.75
2025-06-05,1230417,Πιπεριές Φλωρίνης ΦΙΛΕΝΤΕΜ γλυκιές Vegan 530g,4.75
2025-06-05,1297527,Πάστα Ψητής Μελιτζάνας ΜΑΚΕΔΟΝΙΚΗ ΓΗ Vegan 200g,1.8
2025-06-05,1425300,Ελιές Καλαμών ΧΕΝΙΑ με 40% Λιγότερο αλάτι σε φέτες 150g ,2.74
2025-06-05,1428156,Έδεσμα Σουσαμιού ΟΛΥΜΠΟΣ Σοκολάτα με Στέβια Χωρίς γλουτένη Χωρίς λακτόζη Χωρίς ζάχαρη 250g,4.47
2025-06-05,1169062,Χαλβάς ΔΡΑΠΕΤΣΩΝΑΣ με Κακάο 450g,6.2
2025-06-05,1478688,Ελιές Θρούμπες ΜΑΚΕΔΟΝΙΚΗ ΓΗ ΠΟΠ Θάσου 330g,3.15
2025-06-05,4428355,Ελιές Καλαμών LELIA 250g ,3.58
2025-06-05,1405037,Γαύρος Μαρινάτος ΑΣΤΕΡΙΑΣ 90g,4.1
2025-06-05,1223719,Μελιτζανοσαλάτα ΕΛΒΙΣ 250g,1.54
2025-06-05,1791839,Τζατζίκι HELLMANN&#39;S 250g,3.25
2025-06-05,1223369,Παντζάρι ΜΑΚΕΔΟΝΙΚΗ ΓΗ φέτες σε Άλμη Vegan 500g,1.98
2025-06-05,1514824,Φάβα IFANTIS με Λεμόνι Vegan Χωρίς γλουτένη 250g,2.4
2025-06-05,1631148,Μελιτζανοσαλάτα IFANTIS Baba Ghanoush Vegan Χωρίς γλουτένη 250g,2.92
2025-06-05,1224494,Σαλάτα Κηπουρού ΑΛΦΑ ΓΕΥΣΗ 250g,2.64
2025-06-05,1223763,Ταραμοσαλάτα ΑΛΦΑ ΓΕΥΣΗ 250g,2.25
2025-06-05,2717387,Φάρμα Κηπουρού HELLMANN&#39;S 250g,3.82
2025-06-05,1643895,Πάστα Ελιάς XENIA Καλαμών 185g,1.95
2025-06-05,1791953,Τυροκαυτερή HELLMANN&#39;S 250g,3.65
2025-06-05,1223844,Αγγουράκια Ψιλά ROYAL MEDITERRANEAN 190g,2.3
2025-06-05,1223837,Πίκλες ΜΑΚΕΔΟΝΙΚΗ ΓΗ σε Άλμη Vegan 170g,1.3
2025-06-05,1223796,Σάλτσα Σως ΕΛΒΙΣ 150g,1.2
2025-06-05,1405025,Αντζούγιες ΑΣΤΕΡΙΑΣ σε Λάδι Φιλέτο 90g,4.2
2025-06-05,1227615,Πιπεράκια ΜΑΚΕΔΟΝΙΚΗ ΓΗ σε Άλμη Vegan 170g ,1.57
2025-06-05,1791755,Ρώσικη Σαλάτα HELLMANN&#39;S 250g,2.78
2025-06-05,1514826,Χούμους IFANTIS Καραμελωμένο Κρεμμύδι Vegan Χωρίς γλουτένη 250g,2.58
2025-06-05,4428363,Μαυροελιές LELIA Αμφίσσης 250g,2.38
2025-06-05,1275875,Ελιές Πράσινες GAEA χωρίς Κουκούτσι με Λεμόνι &amp; Ρίγανη Vegan 150g,2.6
2025-06-05,1252842,Πιπεράκια Πελοποννήσου ΜΑΚΕΔΟΝΙΚΗ ΓΗ σε Άλμη 350g,1.55
2025-06-05,5631866,Τυροκαυτερή ΑΜΒΡΟΣΙΑ 250g,2.5
2025-06-05,2808418,Τζατζίκι ΒΕΜ 900g,3.4
2025-06-05,1610127,Χαλβάς ΟΛΥΜΠΟΣ Αμύγδαλο Χωρίς γλουτένη 350g,3.78
2025-06-05,4038386,Πατέ HOMBURG Saxonian Liversausage 125g,2.68
2025-06-05,1302267,Σαλάτα Ουγγαρέζα ΑΛΦΑ ΓΕΥΣΗ 250g,2.45
2025-06-05,1226115,Καπνιστός Σολομός Άγριος LABEYRIE Αλάσκας 75g,7.9
2025-06-05,7694995,Σαλάτα Φάρμα IFANTIS Χωρίς γλουτένη 400g,2.82
2025-06-05,1169073,Χαλβάς ΔΡΑΠΕΤΣΩΝΑΣ Κλασικός 450g,6.2
2025-06-05,1450358,Ελιές Πράσινες XENIA φέτες με 40% Λιγότερο αλάτι 150g,2.32
2025-06-05,1610123,Χαλβάς ΟΛΥΜΠΟΣ Βανίλια Χωρίς γλουτένη 350g,3.45
2025-06-05,4179412,Χαλβάς ΜΑΚΕΔΟΝΙΚΟΣ με Κακάο Vegan Χωρίς γλουτένη 400g,5.7
2025-06-05,1614582,Χούμους Natural RIBELLA Vegan Χωρίς γλουτένη 400g,2.9
2025-06-05,1227378,Καπνιστός Σολομός YPSILON FINE FOODS με Λεμόνι Σουηδίας 100g,5.98
2025-06-05,1297523,Πιπεριές Κεράσι ΜΑΚΕΔΟΝΙΚΗ ΓΗ γεμιστές με Κρέμα Τυριών 170g,3.28
2025-06-05,1514862,Καπνιστός Σολομός ST.JAMES Βιολογικός Σκωτίας 70g,5.98
2025-06-05,1530803,Χτυπητή Σαλάτα CONDITO The Green Line Vegan Χωρίς γλουτένη 250g,3.2
2025-06-05,1223551,Σκεύασμα από Διατηρημένα Αυγά Ψαριών PRIMULA Νορβηγίας 150g,4.05
2025-06-05,1169008,Χαλβάς ΔΡΑΠΕΤΣΩΝΑΣ με Αμύγδαλα 450g,6.6
2025-06-05,1768464,Λιαστές Ντομάτες GAEA σε Εξαιρετικό Παρθένο Ελαιόλαδο 240g,3.82
2025-06-05,4202719,Ξινό Λάχανο KUHNE 700g,5.3
2025-06-05,1226092,Καπνιστή Ρέγγα YORK φιλέτο 200g,4.05
2025-06-05,2808236,Ρώσικη Σαλάτα ΒΕΜ 250g,2.78
2025-06-05,1232549,Μαγιονέζα ΕΛΒΙΣ 800g,3.35
2025-06-05,1138080,Πίκλες ΣΟΛΩΜΟΣ σε Άλμη 300g,1.95
2025-06-05,1444768,Άγρια Κάπαρη ΦΙΛΕΝΤΕΜ Νησιωτικής Ελλάδος Vegan 120g,4.3
2025-06-05,4398897,Ελιές Πράσινες XENIA γεμιστές με Αμύγδαλο σε Άλμη 205g,3.42
2025-06-05,4824124,Ελιές Καλαμών ΧΕΝΙΑ σε Άλμη 205g,2.9
2025-06-05,1608529,Χαλβάς ΜΑΚΕΔΟΝΙΚΟΣ με γεύση Βανίλια Vegan Χωρίς γλουτένη 400g,4.16
2025-06-05,1224145,Πολτός Σκόρδου ΦΙΛΕΝΤΕΜ με Λάδι &amp; Ρίγανη Vegan 115g,3.13
2025-06-05,1233502,Μπακαλιάρος Παστός Νορβηγίας,13.06
2025-06-05,6546931,Αγγουράκι Ανθός XENIA σε Άλμη 60g,1.47
2025-06-05,1224308,Μπακαλιάρος Παστός φιλέτο Νήσων Φερόε,15.6
2025-06-05,4533428,Πάστα Ελιάς ΑΛΤΙΣ Παραδοσιακή από Ελιές Καλαμών 135g,2.1
2025-06-05,1545671,Ελιές Πράσινες ΣΟΛΩΜΟΣ Τσακιστές Μεγαρίτικο σε Άλμη 330g,2.58
2025-06-05,1588012,Καπνιστός Σολομός YPSILON FINE FOODS σε Οξυά Νορβηγίας 100g,5.48
2025-06-05,1546309,Χούμους ΑΛΦΑ ΓΕΥΣΗ με Ψητή Μελιτζάνα &amp; Κόκκινη Πιπεριά 250g,2.6
2025-06-05,1223721,Ταραμοσαλάτα ΕΛΒΙΣ 250g,1.72
2025-06-05,1224896,Καπνιστός Σολομός Σκωτίας σε λωρίδες 200g,4.98
2025-06-05,1224175,Ταραμοπολτός ΜΑΜΑI Χωρίς γλουτένη 145g,2.9
2025-06-05,4678983,Κάπαρη Ανθός ΧΕΝΙΑ σε Άλμη 250g,4.9
2025-06-05,1791888,Τυροσαλάτα HELLMANN&#39;S 250g,3.65
2025-06-05,4353488,Χαλβάς ΟΛΥΜΠΟΣ με Κακάο Χωρίς γλουτένη 400g,6.28
2025-06-05,5631841,Ρώσικη Σαλάτα ΑΜΒΡΟΣΙΑ 250g,2.5
2025-06-05,1223756,Καβουροσαλάτα Απομίμηση ΑΛΦΑ ΓΕΥΣΗ 250g,3.25
2025-06-05,1428155,Έδεσμα Σουσαμιού ΟΛΥΜΠΟΣ Βανίλια με Στέβια Χωρίς γλουτένη Χωρίς λακτόζη Χωρίς ζάχαρη 250g,4.47
2025-06-05,1287180,Καπνιστό Σκουμπρί YPSILON FINE FOODS φιλέτο 85g,3.26
2025-06-05,1223723,Τζατζίκι ΕΛΒΙΣ 250g,1.8
2025-06-05,1642120,Έδεσμα Σησαμιού ΟΛΥΜΠΟΣ Αμύγδαλο με Στέβια Χωρίς γλουτένη Χωρίς προσθήκη ζάχαρης 250g,4.9
2025-06-05,1223840,Πιπεράκια Καυτερά ΜΑΚΕΔΟΝΙΚΗ ΓΗ σε Άλμη Vegan 150g,1.6
2025-06-05,1232554,Πίκλες ΣΟΛΩΜΟΣ σε Άλμη 600g,1.9
2025-06-05,1504330,Χταπόδι Πλοκάμι Μαρινάτο HELLAS MEZE σε Ηλιέλαιο 90g,4.74
2025-06-05,1138106,Αγγουράκια ΣΟΛΩΜΟΣ σε Άλμη 300g,1.9
2025-06-05,1425140,Λιαστή Ντομάτα ΙΔΙΟΤΡΟΠΑ Χωρίς γλουτένη Χωρίς προσθήκη ζάχαρης 280g,2.75
2025-06-05,1275624,Καπνιστός Τσίρος YPSILON FINE FOODS 85g,3.25
2025-06-05,5400239,Ελιές Χονδρολιές LELIA Αμφίσσης 250g,3.1
2025-06-05,1138130,Κουνουπίδι ΣΟΛΩΜΟΣ σε Άλμη 300g,1.98
2025-06-05,1631144,Τζατζίκι Αβοκάντο IFANTIS Χωρίς γλουτένη 250g,3.38
2025-06-05,1336376,Ελιές Ανάμεικτες Καλαμών &amp; Πράσινες LELIA 100g,1.45
2025-06-05,1230400,Ψητή Μελιτζάνα ΦΙΛΕΝΤΕΜ Vegan 650g,4.55
2025-06-05,1227674,Ελιές Καλαμών ΧΕΝΙΑ με 40% Λιγότερο αλάτι 165g ,2.85
2025-06-05,1436029,Ελιές Πράσινες ΤΟ ΔΟΛΙΑΝΙΤΙΚΟ Γίγας 250g,2.23
2025-06-05,3060050,Λιαστές Ντομάτες GAEA σε Εξαιρετικό Παρθένο Ελαιόλαδο Βιολογικές 190g,3.4
2025-06-05,1478807,Καπαρόμηλα ΜΑΚΕΔΟΝΙΚΗ ΓΗ σε Άλμη Vegan 110g,2.02
2025-06-05,1568632,Λιαστή Ντομάτα ΙΔΙΟΤΡΟΠΑ Χωρίς γλουτένη Χωρίς προσθήκη ζάχαρης 150g,2.75
2025-06-05,1643233,Hummus Italiano RIBELLA με Ντομάτα &amp; Σκόρδο Vegan Χωρίς γλουτένη 400g,3.25
2025-06-05,1545673,Ελιές Ξανθές Αγρινίου ΣΟΛΩΜΟΣ Extra Jumbo 161-180 σε Άλμη 330g,2.88
2025-06-05,1608531,Χαλβάς ΜΑΚΕΔΟΝΙΚΟΣ με Αμύγδαλα Vegan Χωρίς γλουτένη 400g,4.78
2025-06-05,1232968,Ταραμοσαλάτα MAMAI 200g,3.82
2025-06-05,4745576,Τζατζίκι ΑΜΒΡΟΣΙΑ 250g,2.5
2025-06-05,1393857,Χούμους IFANTIS Pesto Χωρίς γλουτένη 400g,3.2
2025-06-05,1481592,Πάστα Ελιάς XENIA Πράσινη 185g,1.73
2025-06-05,1425426,Ελιά Καλαμών MOLON LAVE Χαρακτή 550g,7.35
2025-06-05,3282498,Ελιές Καλαμών ΑΛΤΙΣ με Ελαιόλαδο &amp; Ξίδι 300g,5.32
2025-06-05,1389126,Αμπελόφυλλα ΦΙΛΕΝΤΕΜ Vegan 300g,7.1
2025-06-05,1553610,Σκεύασμα Καπνιστών Αυγών Βακαλάου Νορβηγίας MILLS Caviar Original 185g,4.32
2025-06-05,1295256,Ελιές Πράσινες ALEA LACONICA Τσακιστές 200g,2.3
2025-06-05,1147014,Πιπεριές Κόκκινες ROYAL MEDITERRANEAN Ψητές 500g,3.28
2025-06-05,5368659,Πάστα Ελιάς Καλαμών ALEA LACONICA Παραδοσιακή 240g,2.58
2025-06-05,1251150,Καπνιστή Ρέγγα συσκευασμένη,2.76
2025-06-05,1337167,Ελιές Καλαμών LELIA φέτες 100g,1.55
2025-06-05,1233494,Καπνιστή Πέστροφα DIDIMOS φιλέτο,4.77
2025-06-05,1608528,Αμπελόφυλλα PALIRIA σε Άλμη 240g,4.4
2025-06-05,1223755,Σαλάτα Βουδαπέστης ΑΛΦΑ ΓΕΥΣΗ 250g,2.4
2025-06-05,1599442,Κόκκινο Λάχανο KUHNE με Μήλο 650g,4.38
2025-06-05,1636670,Γαρίδα Μαρινάτη ΤΟΥ ΠΡΕΒΕΖΑΝΟΥ 85g,4.6
2025-06-05,1141323,Πάστα Ελιάς LELIA Καλαμών &amp; Μαύρης 1Kg,5.78
2025-06-05,1500574,Καπνιστός Σολομός NEW NORDIC με Λεμονοπίπερο Νορβηγίας 125g,5.24
2025-06-05,1449751,Μπακαλιάρος Παστός Νήσων Φερόε,13.68
2025-06-05,1275623,Καπνιστή Λακέρδα YPSILON FINE FOODS 85g,3.95
2025-06-05,1411626,Ελιές Καλαμών ΕΔΕΜ σε φέτες 180g ,2.78
2025-06-05,1585845,Μπρικ Άγριου Σολομού ATLANTIC Σουηδίας 50g,11.6
2025-06-05,1771419,Πάστα Ελιάς Καλαμών GAEA 100g,2.05
2025-06-05,1223848,Αλατσοελιά ΦΙΛΕΝΤΕΜ Καντάνου Χανίων 230g,4.2
2025-06-05,1405048,Τονολακέρδα ΑΣΤΕΡΙΑΣ 90g,3.85
2025-06-05,1572112,ΙΓΔΙΕΣ ΣΑΛΑΤΕΣ Καραμανλίδικη Σάλτσα Καππαδοκίας 250g,2.95
2025-06-05,1513879,Πάστα Ελιάς Καλαμών &amp; Λιαστής Ντομάτας GAEA 100g,2.45
2025-06-05,4421707,Πιπεριές Κόκκινες ROYAL MEDITERRANEAN Ψητές 350g,2.55
2025-06-05,1276608,Κρίταμος ΕΥ BIO Βιολογικός 90g,5.35
2025-06-05,1227535,Πάστα Ελιάς LELIA Πράσινη 360g,3.3
2025-06-05,1633085,Καπνιστός Σολομός LABEYRIE Σκωτίας 75g,6.6
2025-06-05,1411616,Ελιές Πράσινες ΕΔΕΜ γεμιστές με Πιπεριά σε Άλμη 180g,3.45
2025-06-05,2656197,Πάστα Λιαστής Ντομάτας GAEA 100g,2.1
2025-06-05,1420133,Παντζάρια ΕΔΕΜ σε Άλμη Vegan 500g ,3.36
2025-06-05,1513877,Μελιτζανοσαλάτα Καπνιστή GAEA 100g,2.45
2025-06-05,1528395,Άγρια Καπαρόφυλλα ΦΙΛΕΝΤΕΜ Νησιωτικής Ελλάδος Vegan 110g,3.74
2025-06-05,1138148,Καρότο ΣΟΛΩΜΟΣ σε Άλμη 300g,1.65
2025-06-05,1396002,Σουρίμι CORAYA σε μπαστούνια 180g,6.78
2025-06-05,1230830,Ελιές Κοκτέιλ VERGINA Πράσινες &amp; Μαύρες 480g,3.45
2025-06-05,1138098,Πιπεριές ΣΟΛΩΜΟΣ σε Άλμη 250g,1.7
2025-06-05,1395145,Baby Πιπερόριζα Πίκλα COCK φέτες 200g,3.36
2025-06-05,1453019,Μπρικ Πέστροφας SUDRAB LINIS 50g,6.4
2025-06-05,1585847,Υποκατάστατο Χαβιαριού Μαύρο ATLANTIC 50g,3.98
2025-06-05,1513875,Κοπανιστή Φλώρινας GAEA 100g,2.45
2025-06-05,7717838,Πιπεριές Κόκκινες ΚΩΣΤΟΠΟΥΛΟΣ Ψητές 350g,2.38
2025-06-05,3282522,Ελιές Πράσινες ΑΛΤΙΣ γεμιστές με Αμύγδαλα 285g,5.15
2025-06-05,1129334,Ελιές Πράσινες AMALTHIA 250g,3.0
2025-06-05,1413931,Αγγουράκι ΕΔΕΜ σε Άλμη Vegan 185g,2.92
2025-06-05,1583827,Ψίχα Καβουροδαγκάνας PHILLIPS 227g,14.9
2025-06-05,5368634,Ελιές Καλαμών ALEA LACONICA Jumbo 200g,3.25
2025-06-05,1411609,Ελιές Πράσινες ΕΔΕΜ γεμιστές με Αμύγδαλο σε Άλμη 180g,3.45
2025-06-05,1633053,Καπνιστός Σολομός ST.JAMES Σκωτίας με Μέλι &amp; Ουίσκι 100g,6.9
2025-06-05,1227730,Στρογγυλό Πιπεράκι ΣΤΡΟΦΥΛΙΑ γεμιστό με Τυρί 170g,3.45
2025-06-05,1412076,Ελιές Πράσινες ΕΔΕΜ σε φέτες 180g,2.5
2025-06-05,1224659,Πιπεριές ΣΟΛΩΜΟΣ σε Άλμη 350g,1.7
2025-06-05,1585844,Υποκατάστατο Χαβιαριού ATLANTIC 100g,6.9
2025-06-05,5183462,Πιπεριά Κόκκινη XENIA ψημένη 350g,3.46
2025-06-05,1513876,Πάστα Πικάντικης Ψητής Πιπεριάς GAEA 100g,2.45
2025-06-05,1227567,Ελιές Πράσινες GAEA Βιολογικές 150g,2.25
2025-06-05,1643234,Καπνιστός Σολομός SEVERN &amp; WYE SMOKERY Σκωτίας 100g,5.6
2025-06-05,2162170,Σολομός φιλέτο LABEYRIE Νορβηγίας 150g,15.7
2025-06-05,7486384,Λιαστή Τομάτα XENIA σε Ελαιόλαδο 150g,4.32
2025-06-05,1466304,Πιπερόμελο Τσάτνεϊ NAOUMIDIS Βιολογικό 260g,5.15
2025-06-05,1531202,Πάστα Ελιάς ARODAMA Καλαμών 285g,3.85
2025-06-05,1411621,Ελιές Καλαμών ΕΔΕΜ σε Άλμη 200g,3.28
2025-06-05,1230404,Χαλβάς ΦΙΛΕΝΤΕΜ Κουβερτούρα Υγείας με Γλυκαντικά 400g,6.9
2025-06-05,6710859,Αυγοτάραχο Παραδοσιακό TRIKALINOS Τρίμμα 50g,12.15
2025-06-05,1230428,Χαλβάς ΦΙΛΕΝΤΕΜ Αμύγδαλο με Γλυκαντικά 400g,6.9
2025-06-05,1585846,Μπρικ Άγριου Σολομού ATLANTIC Σουηδίας 100g,21.8
2025-06-05,1230422,Χαλβάς ΦΙΛΕΝΤΕΜ Κακάο Βανίλια με Γλυκαντικά 400g,6.15
2025-06-05,1352933,Foie Gras ROUGIE Πάπιας Γαλλίας 2x40g,17.4
2025-06-05,1352936,Foie Gras ROUGIE Χήνας 2x40g,21.6
2025-06-05,1230397,Χαλβάς ΦΙΛΕΝΤΕΜ Βανίλια με Γλυκαντικά 400g,6.15
2025-06-05,1302515,Αυγοτάραχο Παραδοσιακό TRIKALINOS ,37.8
2025-06-05,1395414,Πέρλες Χρυσής Ρέγγας ARENKHA 55g,9.98
2025-06-05,1223808,Αυγοτάραχο ΣΤΕΦΟΣ σε φέτες 70g,18.3
2025-06-05,1508026,Ελιές Θρούμπες ΑΘΗΝΑ ΠΟΠ Θάσου Βιολογικές 250g,3.3
2025-06-05,1651775,MOLTO Κρουασάν με γέμιση Πραλίνα 4x98g,3.94
2025-06-05,1098103,ΠΑΠΑΔΟΠΟΥΛΟΥ Γεύση&#178; Ψωμί για Τοστ Σίτου Vegan 700g,1.33
2025-06-05,1221377,ΜΑΡΑΤΑ Ψωμί για Τοστ Σίτου 680g,1.32
2025-06-05,4645123,ΚΑΡΑΜΟΛΕΓΚΟΣ Ψωμί για Τοστ Σίτου με Προζύμι 680g,1.48
2025-06-05,1566742,EL SABOR Original Big Wraps Πίτες Τορτίγιες 6τεμ 370g,2.28
2025-06-05,2799682,ΚΑΡΑΜΟΛΕΓΚΟΣ Ψίχατοστ Ψωμί για Τοστ Σταρένιο 480g,1.94
2025-06-05,1479101,ALFA Πίτες Τορτίγιες Πολύσπορες με Λιναρόσπορο &amp; Σπόρους Τσία 6τεμ 370g,2.4
2025-06-05,1222792,ΚΑΤΣΕΛΗΣ Ψωμί για Τοστ Σταρένιο 720g,1.47
2025-06-05,1601108,ΜΑΡΑΤΑ Κρουασάν με γέμιση Κρέμας Φουντουκιού 85g,0.45
2025-06-05,1524239,Ψωμί Διπλοζυμωτό Σταρένιο ΚΑΤΣΕΛΗΣ με Προζύμι σε φέτες 500g,1.68
2025-06-05,1221379,ΜΑΡΑΤΑ Ψωμί για Τοστ Σίκαλης 340g,0.75
2025-06-05,1566741,EL SABOR Original Wraps Πίτες Τορτίγιες 8τεμ 320g,1.68
2025-06-05,1550884,ΜΑΡΑΤΑ Παξιμαδάκια Λαδιού τύπου Κυθήρων 400g,2.15
2025-06-05,1584223,Ψωμί Προζυμένιο ΒΟΣΙΝΑΚΗ Φουρνίσματα Σταρένιο σε φέτες 500g,1.6
2025-06-05,1222798,ΚΑΤΣΕΛΗΣ 1978 Ψωμί για Τοστ με Σιτάρι Ολικής Άλεσης 720g,1.92
2025-06-05,1479100,ALFA Πίτες Τορτίγιες Κλασικές 6τεμ 370g,2.26
2025-06-05,1566740,EL SABOR Wholemeal Wraps Πίτες Τορτίγιες Ολικής Άλεσης 8τεμ 320g,1.83
2025-06-05,1613741,ΚΑΡΑΜΟΛΕΓΚΟΣ Ψωμί για Τοστ με Αλεύρι Ζέας 500g,1.75
2025-06-05,1270000,ΚΡΙΣ ΚΡΙΣ Selection Ψωμάκια Μπριός για Σάντουιτς 6τεμ 342g,2.38
2025-06-05,1524240,Ψωμί Διπλοζυμωτό Ολικής Άλεσης ΚΑΤΣΕΛΗΣ με Προζύμι σε φέτες 500g,1.72
2025-06-05,1396013,ΠΑΠΑΔΟΠΟΥΛΟΥ Γεύση&#178; Ψωμί για Τοστ Ολικής Άλεσης Vegan 700g,1.46
2025-06-05,1460313,ΜΑΡΑΤΑ Κριτσίνια Σίτου Μακεδονικά Ολικής Άλεσης με Σουσάμι 300g,1.3
2025-06-05,1427916,ΚΑΡΑΜΟΛΕΓΚΟΣ Αξιαγάπιτες Σουβλακόπιτες με Αλεύρι Καλαμποκιού 10τεμ 820g,1.59
2025-06-05,1218969,WASA Φρυγανιές Ολικής Άλεσης 260g,2.88
2025-06-05,1419554,CHAMPION Κρουασάν με γέμιση Πραλίνας Φουντουκιού 4x70g,1.96
2025-06-05,1584221,Ψωμί Προζυμένιο ΒΟΣΙΝΑΚΗ Φουρνίσματα με αλεύρι Ολικής Άλεσης σε φέτες 500g ,1.65
2025-06-05,1641076,ELITE Classic Φρυγανιές Σταρένιες 4x125g,1.5
2025-06-05,2799773,ΚΑΡΑΜΟΛΕΓΚΟΣ Ψίχατοστ Ψωμί για Τοστ Σίτου &amp; Σίκαλης Ολικής Άλεσης  480g,1.94
2025-06-05,1600752,ΜΑΡΑΤΑ Κρουασάν με γέμιση Βερίκοκο 85g,0.45
2025-06-05,1495237,ΜΑΡΑΤΑ Ψωμάκια για Σάντουιτς 6τεμ 480g,1.26
2025-06-05,1601109,ΜΑΡΑΤΑ Κρουασάν με γέμιση Φράουλας 85g,0.45
2025-06-05,4187316,ΠΑΠΑΔΟΠΟΥΛΟΥ Krispies Παξιμάδια Ολικής Άλεσης Vegan Χωρίς προσθήκη ζάχαρης 200g,1.2
2025-06-05,1493811,JOKER Κρουασάν με γέμιση Κρέμα Κακάο 4x70g ,1.35
2025-06-05,1567642,7DAYS Bake Rolls Αλάτι 150g,1.48
2025-06-05,1228771,ΝΑΝΟΥΡΗΣ Τσουρέκι Πολίτικο 480g,2.52
2025-06-05,1516777,ΚΡΙΣ ΚΡΙΣ Selection Ψωμί για Τοστ Μπριός 350g,1.32
2025-06-05,1454871,ΜΑΡΑΤΑ Κριτσίνια Σίτου με Ηλιόσπορο 400g,1.85
2025-06-05,1567644,7DAYS Mini Bake Rolls με γεύση Πίτσα 150g,1.48
2025-06-05,4555272,ΚΑΡΑΜΟΛΕΓΚΟΣ Ψωμί για Τοστ Σίτου με Προζύμι 340g,1.03
2025-06-05,1593403,ΠΑΠΑΔΟΠΟΥΛΟΥ Χωριανό Ψωμί για Τοστ Ολικής Άλεσης &amp; Dinkel Vegan 700g,1.67
2025-06-05,1221626,ΜΑΡΑΤΑ Φρυγανιές Σταρένιες 500g,1.3
2025-06-05,1098089,ΠΑΠΑΔΟΠΟΥΛΟΥ Χωριανό Ψωμί για Τοστ Πολύσπορο Vegan 540g,1.86
2025-06-05,1175738,ΚΑΡΑΜΟΛΕΓΚΟΣ Αξιαγάπιτες Σουβλακόπιτες 10τεμ 820g,1.59
2025-06-05,1590170,ΑΡΤΟΠΟΥΛΟΣ Αραβικές Πίτες Ολικής Άλεσης με Προζύμι Vegan 4τεμ 270g,1.85
2025-06-05,1418600,ΟΙΚΟΓΕΝΕΙΑ ΣΤΕΡΓΙΟΥ Τσουρέκι 380g,2.48
2025-06-05,1221635,ΜΑΡΑΤΑ Φρυγανιές Σταρένιες με Σίκαλη 360g,1.3
2025-06-05,1273886,TIPIAK Κρουτόν για Σαλάτα Ceasar 50g,0.98
2025-06-05,1098091,ΠΑΠΑΔΟΠΟΥΛΟΥ Χωριανό Ψωμί για Τοστ Ολικής Άλεσης Vegan 500g,1.67
2025-06-05,1514441,ΠΑΠΑΔΟΠΟΥΛΟΥ Krispies Παξιμάδια με Χαρούπι Vegan 200g,1.2
2025-06-05,1583642,ALFA Πίτες Τορτίγιες Ολικής Άλεσης 6τεμ 370g,2.35
2025-06-05,3986247,ΚΑΡΑΜΟΛΕΓΚΟΣ Ψωμί για Τοστ Πολύσπορο Ολικής Άλεσης με Προζύμι 340g,1.5
2025-06-05,1469906,ΚΡΙΣ ΚΡΙΣ Selection Ψωμάκια Μπριός για Μπέργκερ 4τεμ 360g,2.38
2025-06-05,1428134,ΚΡΙΣ ΚΡΙΣ Φέτες Ζωής Ψωμί για Τοστ Ολικής Άλεσης Χωρίς προσθήκη ζάχαρης 500g,1.88
2025-06-05,6565246,ΠΑΠΑΔΟΠΟΥΛΟΥ Χωριάτικες Φρυγανιές με 6 Δημητριακά Vegan 240g,1.83
2025-06-05,3529286,ΚΡΙΣ ΚΡΙΣ Ψωμί για Τοστ Σταρένιο 700g,1.33
2025-06-05,1060296,ΠΑΠΑΔΟΠΟΥΛΟΥ Χωριάτικες Φρυγανιές Ολικής Άλεσης Vegan 240g,1.83
2025-06-05,1103035,ΟΙΚΟΓΕΝΕΙΑ ΣΤΕΡΓΙΟΥ Κρουασανάκια Βουτύρου Αυθεντική Συνταγή 260g,2.48
2025-06-05,1403725,MINOS FOODS Τσουρεκάκι Πολίτικο 75g,0.73
2025-06-05,1485417,ΠΑΠΑΔΟΠΟΥΛΟΥ Γερμανικού τύπου Ψωμί Πολύσπορο σε φέτες 500g,1.82
2025-06-05,1608693,ΚΑΤΣΕΛΗΣ Γερμανικού Τύπου Ψωμί Πολύσπορο με Σίκαλη &amp; Βρόμη σε φέτες 500g,2.3
2025-06-05,6193346,ELITE Φρυγανιά Σίτου με Σίκαλη τριμμένη 360g,1.62
2025-06-05,1482721,ALFA Πίτες Τορτίγιες Grilled 6τεμ 370g,2.4
2025-06-05,1113212,7DAYS Κρουασάν με γέμιση Κακάο 3x70g,1.5
2025-06-05,1429616,TSANOS Κριτσίνια με φρεσκοτριμμένο Τυρί Χωρίς προσθήκη ζάχαρης 120g,1.56
2025-06-05,1272843,ΣΚΛΑΒΕΝΙΤΗΣ Τσουρεκάκι Παραγωγής μας 75g,0.8
2025-06-05,1217062,ΚΑΡΑΜΟΛΕΓΚΟΣ Αξιαγάπιτες Αραβικές Πίτες μεγάλες 6τεμ 500g,1.8
2025-06-05,3581238,ΟΙΚΟΓΕΝΕΙΑ ΣΤΕΡΓΙΟΥ Κέικ Ανάμικτο 400g,3.67
2025-06-05,1275025,ΦΙΛΕΝΤΕΜ Ντακάκια με Χαρούπι Vegan Χωρίς πρόσθετο αλάτι 400g,4.25
2025-06-05,1125857,ΠΑΠΑΔΟΠΟΥΛΟΥ Φρυγανιές Σταρένιες Vegan 4x127-5g,1.96
2025-06-05,1460314,ΜΑΡΑΤΑ Κριτσίνια Σίτου με Σουσάμι 150g,0.94
2025-06-05,1175741,ΚΑΡΑΜΟΛΕΓΚΟΣ Αξιαγάπιτες Κυπριακές Πίτες 5τεμ 400g,1.42
2025-06-05,1436510,EL SABOR Original Mini Wraps Πίτες Τορτίγιες 8τεμ 144g,1.28
2025-06-05,1613740,ΚΑΡΑΜΟΛΕΓΚΟΣ Ψωμί για Τοστ Ολικής Άλεσης High Protein 500g,1.46
2025-06-05,1557504,ΚΑΡΑΜΟΛΕΓΚΟΣ Αξιαγάπιτες Πίτες Τορτίγιες Ολικής Άλεσης μεγάλες 6τεμ 375g,2.1
2025-06-05,1179943,7DAYS Hazelnut Κρουασάν με γέμιση Φουντουκιού 3Χ70g,1.5
2025-06-05,1431029,ΜΑΡΑΤΑ Παξιμαδάκια με Κριθάρι Ολικής Άλεσης 400g,1.75
2025-06-05,1302497,ΚΑΤΣΕΛΗΣ 1978 Ψωμί για Τοστ Πολύσπορο 500g,2.05
2025-06-05,1175739,ΚΑΡΑΜΟΛΕΓΚΟΣ Αξιαγάπιτες Πίτες μπουκιές 10τεμ 450g,1.9
2025-06-05,1548278,ΚΑΡΑΜΟΛΕΓΚΟΣ Μισό Μισό Ψωμί για Τοστ 720g,1.62
2025-06-05,1419556,CHAMPION Κρουασάν με γέμιση Πραλίνας Φουντουκιού 70g,0.45
2025-06-05,5789615,ΠΑΠΑΔΟΠΟΥΛΟΥ Κριτσίνια Μακεδονικά με Αλεύρι Ολικής Άλεσης Vegan 200g,1.85
2025-06-05,4017992,ELITE Φρυγανιά Σίτου με Σίκαλη τριμμένη 180g,0.86
2025-06-05,4187357,ΠΑΠΑΔΟΠΟΥΛΟΥ Krispies Παξιμάδια με Σουσάμι Vegan 200g,1.2
2025-06-05,4018065,ELITE Classic Φρυγανιές Σταρένιες 250g,1.17
2025-06-05,1495236,ΜΑΡΑΤΑ Ψωμάκια για Χάμπουργκερ 6τεμ 480g,1.26
2025-06-05,1558297,ΚΡΙΣ ΚΡΙΣ Selection Ψωμί για Τοστ με Αλεύρι Ολικής Άλεσης 720g,1.88
2025-06-05,1402783,ΟΙΚΟΓΕΝΕΙΑ ΣΤΕΡΓΙΟΥ Κρουασανάκια με γέμιση Πραλίνα Φουντουκιού 300g,2.68
2025-06-05,1382671,ELVIART Πίτες για Σουβλάκι με Αλεύρι Καλαμποκιού 680g ,1.44
2025-06-05,1641107,ELITE Vita Φρυγανιές με Αλεύρι Ολικής Άλεσης Σίτου &amp; Σίκαλη Χωρίς προσθήκη ζάχαρης 4x90g,2.04
2025-06-05,1580267,ΜΑΡΑΤΑ Κριτσίνια Πολύσπορα 400g,1.8
2025-06-05,1493812,JOKER Κρουασάν με γέμιση Κρέμα Κακάο 70g,0.35
2025-06-05,1583658,ΤΣΑΤΣΑΡΩΝΑΚΗΣ Το Μάννα Δαγκωτό Παξιμάδι με Γραβιέρα &amp; Γλυκιά Πάπρικα 110g,1.48
2025-06-05,1572420,ΠΑΠΑΔΟΠΟΥΛΟΥ Γεύση&#178; Ψωμί για Τόστ Σίτου Vegan 325g,0.82
2025-06-05,1065263,ΟΙΚΟΓΕΝΕΙΑ ΣΤΕΡΓΙΟΥ Φέτα Κέικ Ανάμικτο 80g,1.02
2025-06-05,1113215,7DAYS Κρουασάν με γέμιση Βερίκοκο 3x70g,1.5
2025-06-05,1381929,ΚΑΡΑΜΟΛΕΓΚΟΣ Παξαμάς Παξιμάδια Κρίθινα 400g,2.27
2025-06-05,2049971,WASA Φρυγανιές Original με Αλεύρι Σίκαλης 275g,2.68
2025-06-05,1516776,ΚΡΙΣ ΚΡΙΣ Selection Ψωμί για Τοστ Σταρένιο 700g ,1.7
2025-06-05,1221378,ΜΑΡΑΤΑ Ψωμί για Τοστ Σίτου 340g,0.75
2025-06-05,1648201,ΤΣΑΤΣΑΡΩΝΑΚΗΣ Το Μάννα Παξιμάδια τύπου Κυθήρων με Λάδι Ελιάς 400g,3.24
2025-06-05,1511111,7DAYS Κρουασάν Chocolate Drops με Κομμάτια Σοκολάτας 70g,0.47
2025-06-05,1444796,ELITE Status Φρυγανιές Σταρένιες 125g,1.9
2025-06-05,9652991,CHIPICAO Μίνι Κρουασάν με γέμιση Κρέμα Κακάο 60g,0.67
2025-06-05,1272842,ΣΚΛΑΒΕΝΙΤΗΣ Τσουρέκι Παραγωγής μας 450g,3.3
2025-06-05,1169081,Γ. ΤΑΜΒΑΚΗΣ Παξιμάδια Λαδιού Κυθήρων 500g,3.1
2025-06-05,1557499,ΚΑΡΑΜΟΛΕΓΚΟΣ Αξιαγάπιτες Πίτες Τορτίγιες μεγάλες 6τεμ 375g,1.9
2025-06-05,1557218,7DAYS Mini Κρουασάν με γέμιση Κρέμα Μιλφέιγ 103g&#160;,1.58
2025-06-05,1065261,ΟΙΚΟΓΕΝΕΙΑ ΣΤΕΡΓΙΟΥ Φέτα Κέικ Πορτοκάλι 80g,1.02
2025-06-05,1437213,ΑΛΕΞΑΝΔΡΕΙΑ Πίτες Αραβικές 6τεμ 500g,1.16
2025-06-05,1593402,ΠΑΠΑΔΟΠΟΥΛΟΥ Γερμανικού Τύπου Ψωμί Ολικής Άλεσης σε φέτες 500g,1.96
2025-06-05,1172996,ΟΙΚΟΓΕΝΕΙΑ ΣΤΕΡΓΙΟΥ Κέικ Πορτοκάλι 400g,3.67
2025-06-05,1185053,SANTA MARIA Πίτες Τορτίγιες μεσαίες 8τεμ 320g,2.84
2025-06-05,1530916,ΚΑΡΑΜΟΛΕΓΚΟΣ Ψωμί για Τοστ Σίτου &amp; Σίκαλης με Προζύμι 680g,1.87
2025-06-05,6528517,ΠΑΠΑΔΟΠΟΥΛΟΥ Χωριάτικες Φρυγανιές με Σουσάμι Vegan 240g,1.83
2025-06-05,1542685,CHAMPION Κρουασάν με γέμιση Κρέμα με Άρωμα Μιλφέιγ 70g,0.45
2025-06-05,5676101,ΠΑΠΑΔΟΠΟΥΛΟΥ Κριτσίνια με Σουσάμι 130g,1.58
2025-06-05,1507351,ΠΑΠΑΔΟΠΟΥΛΟΥ Κριτσίνια με Χαρούπι &amp; Χαρουπόμελο Vegan 180g,1.85
2025-06-05,2649218,ΟΙΚΟΓΕΝΕΙΑ ΣΤΕΡΓΙΟΥ Τσουρεκάκι με Μαστίχα Χίου 90g,0.95
2025-06-05,1567623,7DAYS Bake Rolls με γεύση Ντομάτα Ελιά &amp; Ρίγανη 150g,1.48
2025-06-05,1611793,ΤΣΑΤΣΑΡΩΝΑΚΗΣ Το Μάννα Παξιμάδια Λαδιού Χωρίς πρόσθετο αλάτι Χωρίς προσθήκη ζάχαρης 300g,2.53
2025-06-05,1099164,TSANOS Τσανάκια Μουστοκούλουρα 300g,4.4
2025-06-05,1593462,ΚΑΤΣΕΛΗΣ Ψωμί για Κλάμπ Σάντουιτς Σταρένιο 1kg,2.2
2025-06-05,1430852,TSANOS Κριτσίνια με Παντζάρι Χωρίς λακτόζη Χωρίς προσθήκη ζάχαρης 55g,0.85
2025-06-05,4187399,ΠΑΠΑΔΟΠΟΥΛΟΥ Krispies Παξιμάδια Σίτου 200g,1.2
2025-06-05,2574259,ΤΣΑΤΣΑΡΩΝΑΚΗΣ Το Μάννα Λαδοκούλουρο με Χυμό Πορτοκαλιού &amp; Κανέλα 290g,3.38
2025-06-05,1642076,ΠΑΠΑΔΟΠΟΥΛΟΥ Τοστ Ψίχα Ψωμί για Τοστ Σίτου Vegan 450g,1.55
2025-06-05,1608697,ΚΑΤΣΕΛΗΣ Γερμανικού Τύπου Ψωμί Σταρένιο με Σίκαλη σε φέτες 500g,1.75
2025-06-05,1485526,TSANOS Κριτσίνια Καλαμποκιού με Κουρκουμά Χωρίς λακτόζη Χωρίς προσθήκη ζάχαρης 120g,1.56
2025-06-05,1616223,ΤΣΑΤΣΑΡΩΝΑΚΗΣ Το Μάννα Παξιμάδια Κριθαρένια Χωρίς προσθήκη ζάχαρης 300g,2.08
2025-06-05,1575261,ΚΑΡΑΜΟΛΕΓΚΟΣ Παξαμάς Παξιμάδια Λαδιού τύπου Κυθήρων 500g,2.79
2025-06-05,1586053,Ψωμί με Προζύμι Σίτου ΚΑΡΑΜΟΛΕΓΚΟΣ Πρόζυμο Ορεινό σε φέτες 500g,1.65
2025-06-05,7565955,MOLTO Κρουασάν με γέμιση Πραλίνα 5x40g,2.7
2025-06-05,1590214,ΑΡΤΟΠΟΥΛΟΣ Αραβικές Πίτες Σταρένιες με Προζύμι μικρές Vegan 6τεμ 210g,1.37
2025-06-05,1613743,ΚΑΡΑΜΟΛΕΓΚΟΣ Ψωμί για Τοστ Ολικής Άλεσης Χωρίς προσθήκη ζάχαρης &amp; αλατιού 500g,1.96
2025-06-05,1572159,ΠΑΠΑΔΟΠΟΥΛΟΥ Πίτες Τορτίγιες Σίτου Κλασικές Vegan 6τεμ 360g,1.73
2025-06-05,1552029,ΟΙΚΟΓΕΝΕΙΑ ΣΤΕΡΓΙΟΥ Muffin με γέμιση Πραλίνα Φουντουκιού 120g,1.1
2025-06-05,1557229,7DAYS Mini Κρουασάν με γέμιση Κακάο 103g,1.48
2025-06-05,1586055,Ψωμί με Προζύμι Ολικής Άλεσης ΚΑΡΑΜΟΛΕΓΚΟΣ Πρόζυμο Σαντορινιό σε φέτες 500g,1.7
2025-06-05,1572160,ΠΑΠΑΔΟΠΟΥΛΟΥ Πίτες Τορτίγιες Ολικής Άλεσης Vegan 6τεμ 360g,1.87
2025-06-05,1272347,EL SABOR Wholemeal Big Wraps Πίτες Τορτίγιες Ολικής Άλεσης 4τεμ 245g,1.41
2025-06-05,1609628,Ψωμί Προζυμένιο ΒΟΣΙΝΑΚΗ Φουρνίσματα Πολύσπορο σε φέτες 500g,1.8
2025-06-05,1439210,ΜΑΡΑΤΑ Κρητικά Παξιμάδια Κριθαρένια ΠΓΕ 600g,2.2
2025-06-05,5363593,ΚΡΗΤΩΝ ΑΡΤΟΣ Ντακάκια με Κριθάρι Ολικής Άλεσης 400g,2.7
2025-06-05,1429065,7DAYS Double Κρουασάν με γέμιση Κρέμα Κακάο &amp; γεύση Βανίλια 3x70g,1.5
2025-06-05,1253036,ΣΚΛΑΒΕΝΙΤΗΣ Κέικ Ντόμινο Βανίλια Κακάο Παραγωγής μας 500g,3.9
2025-06-05,1185567,ΟΙΚΟΓΕΝΕΙΑ ΣΤΕΡΓΙΟΥ Κρουασάν Βιεννέζικο με γέμιση Κρέμα Σοκολάτας 120g,1.02
2025-06-05,1219440,ΟΙΚΟΓΕΝΕΙΑ ΣΤΕΡΓΙΟΥ Κρουασάν Με γέμιση Πραλίνα Φουντουκιού 105g,1.02
2025-06-05,1642074,ΠΑΠΑΔΟΠΟΥΛΟΥ Τοστ Ψίχα Ψωμί για Τοστ με Αλεύρι Ολικής Άλεσης Vegan 450g,1.55
2025-06-05,1556557,MOLTO Κρουασάν με γέμιση Πραλίνα 98g,1.13
2025-06-05,1467110,ΚΑΡΑΜΟΛΕΓΚΟΣ Ψωμάκια για Μπέργκερ 6τεμ 480g,2.33
2025-06-05,1636671,ELITE Classic Φρυγανιές Σταρένιες Χωρίς Προσθήκη αλατιού &amp; ζάχαρης 4x125g,2.25
2025-06-05,9641465,ΟΙΚΟΓΕΝΕΙΑ ΣΤΕΡΓΙΟΥ Τσουρεκάκι με Μαστίχα Χίου 300g,2.4
2025-06-05,1461013,ELITE Vita Φρυγανιές με Χαρούπι 250g,1.58
2025-06-05,1381997,ELVIART Πιτάκια Μίνι 10τεμ 410g,1.41
2025-06-05,4189502,TSANOS Μουστοκούλουρα 300g,3.35
2025-06-05,1489772,ΟΙΚΟΓΕΝΕΙΑ ΣΤΕΡΓΙΟΥ Μηλόπιτα με γέμιση Μαρμελάδα Μήλο 105g,0.88
2025-06-05,1099157,TSANOS Μουστοκούλουρα μαλακά 350g,4.3
2025-06-05,1220181,ΚΡΙΣ ΚΡΙΣ Ψωμάκια για Σάντουιτς 6x80g,2.1
2025-06-05,4206041,FINN CRISP Φρυγανιές Original 200g,2.58
2025-06-05,1599580,ΚΡΙΣ ΚΡΙΣ Selection Πίτες Premium με Αλεύρι Ολικής Άλεσης 6τεμ 510g,1.58
2025-06-05,1232847,Ψωμί με Προζύμι ARTOLIFE Ολικής Άλεσης Βιολογικό Χωρίς προσθήκη ζάχαρης 500g,1.8
2025-06-05,1572422,ΠΑΠΑΔΟΠΟΥΛΟΥ Γεύση&#178; Ψωμί για Τοστ Ολικής Άλεσης Vegan 325g,1.03
2025-06-05,2753002,ΜΑΡΙΑ ΚΑΡΑΜΟΛΕΓΚΟΥ Κουλτουράκια Κουλούρια Πορτοκάλι 180g,2.09
2025-06-05,1583666,ΤΣΑΤΣΑΡΩΝΑΚΗΣ Το Μάννα Δαγκωτό Παξιμάδι με Μαύρη Τρούφα 110g,1.48
2025-06-05,1430984,ΜΑΡΑΤΑ Παξιμαδάκια με Κριθάρι Ολικής Άλεσης Χωρίς πρόσθετο αλάτι 400g,1.85
2025-06-05,1402522,SCHAR Pan Blanco Ψωμί Λευκό για Τοστ Χωρίς γλουτένη Χωρίς λακτόζη 250g,2.27
2025-06-05,1118663,ΤΣΑΤΣΑΡΩΝΑΚΗΣ Το Μάννα Κριτσίνι Ποντιακό με Ηλιόσπορο &amp; Ελαιόλαδο 250g,2.62
2025-06-05,1115249,ΑΛΕΞΑΚΗΣ Πίτες Σταρένιες 10τεμ 750g,2.15
2025-06-05,1571860,Ψωμί Διπλοζυμωτό Πολύσπορο ΚΑΤΣΕΛΗΣ με Προζύμι σε φέτες 500g,1.88
2025-06-05,1613742,ΚΑΡΑΜΟΛΕΓΚΟΣ Ψωμί για Τοστ Πολύσπορο με Chia 500g,1.96
2025-06-05,1528349,ΠΑΠΑΔΟΠΟΥΛΟΥ Thins Φρυγανιές λεπτές 100% Ολικής Άλεσης Vegan 250g,2.05
2025-06-05,1044555,ΠΑΠΑΔΟΠΟΥΛΟΥ Φρυγανιά Σίτου με Σίκαλη τριμμένη 180g,0.9
2025-06-05,1593467,ΚΑΤΣΕΛΗΣ 1978 Ψωμί για Τοστ με Σιτάρι Ολικής Άλεσης 25% μεγαλύτερες φέτες 1kg,2.87
2025-06-05,1439211,ΜΑΡΑΤΑ Παξιμαδάκια Ολικής Άλεσης με Σίκαλη 400g,1.8
2025-06-05,1196260,CHIPICAO Κρουασάν με γέμιση Κρέμα Κακάο 60g,0.67
2025-06-05,7309966,7DAYS Κρουασάν x5 με γέμιση Κρέμα Κακάο 5x37g,1.65
2025-06-05,1586051,Ψωμί με Προζύμι Ζέας Ολικής Άλεσης ΚΑΡΑΜΟΛΕΓΚΟΣ Πρόζυμο σε φέτες 500g,2.15
2025-06-05,1272845,ΣΚΛΑΒΕΝΙΤΗΣ Τσουρέκι με γέμιση Πραλίνας Φουντουκιού Παραγωγής μας 100g,1.1
2025-06-05,1185036,TOTTIS Bruschettini Παξιμαδάκια Μεσογειακά Vegan 80g,0.68
2025-06-05,1275026,ΦΙΛΕΝΤΕΜ Βουτήματα με Χαρούπι Αμύγδαλο &amp; Σταφίδα Vegan Χωρίς πρόσθετο αλάτι Χωρίς προσθήκη ζάχαρης 320g,6.22
2025-06-05,1233040,Ψωμί Χωριάτικο ARTOLIFE σε φέτες Βιολογικό Χωρίς προθήκη ζάχαρης 500g,1.78
2025-06-05,1641071,ELITE Classic Φρυγανιές με Σίκαλη 4x90g,1.56
2025-06-05,1467907,ΚΡΙΣ ΚΡΙΣ Selection Premium Πίτες 8τεμ 670g,1.81
2025-06-05,1595488,TSANOS Κριτσίνια Πολύσπορα Vegan Χωρίς προσθήκη ζάχαρης 120g,1.56
2025-06-05,4645073,ΚΑΡΑΜΟΛΕΓΚΟΣ Ψωμί για Τοστ Σίτου &amp; Σίκαλης με Προζύμι 340g,1.3
2025-06-05,4672457,7DAYS Τσουρεκάκι x4 Κλασικό 4x75g,4.35
2025-06-05,2649275,ΟΙΚΟΓΕΝΕΙΑ ΣΤΕΡΓΙΟΥ Τσουρεκάκι με γέμιση Πραλίνα Φουντουκιού 120g,1.0
2025-06-05,1571861,Ψωμί Διπλοζυμωτό Καλαμποκιού ΚΑΤΣΕΛΗΣ με Προζύμι &amp; Ηλιόσπορο σε φέτες 500g,1.88
2025-06-05,1637939,ELITE Classic Φρυγανιές με Σίκαλη Χωρίς Προσθήκη αλατιού &amp; ζάχαρης 4x90g,1.48
2025-06-05,5676077,ΠΑΠΑΔΟΠΟΥΛΟΥ Μακεδονικά Κριτσίνια Σίτου 200g,1.85
2025-06-05,1224634,7DAYS Strudel x3 με γέμιση Μήλο &amp; Κανέλα 3x85g,2.28
2025-06-05,1113105,TSANOS Κουλούρια με Καρότο Χωρίς ζάχαρη 200g,2.55
2025-06-05,1431114,ΚΑΤΣΕΛΗΣ Τσουρέκι 450g,2.67
2025-06-05,1397792,SCHAR Pan Rustico Ψωμί Πολύσπορο Χωρίς γλουτένη Χωρίς λακτόζη 250g,2.4
2025-06-05,1583667,ΤΣΑΤΣΑΡΩΝΑΚΗΣ Το Μάννα Δαγκωτό Παξιμάδι με Ντομάτα- Πιπεριά &amp; Κρεμμύδι 110g,1.48
2025-06-05,1232283,ΑΛΕΞΑΚΗΣ Πίτες με Αλεύρι Καλαμποκιού 10τεμ 750g,2.22
2025-06-05,1125860,ΠΑΠΑΔΟΠΟΥΛΟΥ Φρυγανιές με Σίκαλη 4x80g,1.92
2025-06-05,1098101,ΠΑΠΑΔΟΠΟΥΛΟΥ Χωριανό Ψωμί για Τοστ Σίτου με 6 Δημητριακά Vegan 500g,1.67
2025-06-05,1589709,ΑΛΛΑΤΙΝΗ Κέικ με γεύση Κακάο με Κομμάτια Σοκολάτας 375g,2.95
2025-06-05,1644851,ΚΑΡΑΜΟΛΕΓΚΟΣ Τρίμμα για Πανάρισμα 200g,0.86
2025-06-05,1286181,SCHAR Pane Casereccio Ψωμί Χωριάτικο Χωρίς γλουτένη Χωρίς λακτόζη 240g,3.94
2025-06-05,1226247,ΦΙΛΕΝΤΕΜ Ντακάκι με Χαρούπι Vegan 400g,4.25
2025-06-05,1585332,ΚΡΙΣ ΚΡΙΣ Selection Ψωμάκια για Σάντουιτς Ολικής Άλεσης 320g,1.98
2025-06-05,1600612,ΤΣΑΤΣΑΡΩΝΑΚΗΣ Το Μάννα Παξιμάδια με Χαρούπι από πετρόμυλο 270g,2.98
2025-06-05,1266379,ΠΑΠΑΔΟΠΟΥΛΟΥ Φρυγανιές Χωρίς γλουτένη 165g,3.85
2025-06-05,1427447,OLD EL PASO Πίτες Τορτίγιες μεσαίες Χωρίς γλουτένη 6τεμ 216g,4.08
2025-06-05,1585764,ΠΑΠΑΔΟΠΟΥΛΟΥ Δίκοκκο Ψωμί για Τοστ Ολικής Άλεσης Vegan 500g,1.97
2025-06-05,1430846,TSANOS Κριτσίνια Ολικής Άλεσης Χωρίς λακτόζη Χωρίς  προσθήκη ζάχαρης 55g,1.0
2025-06-05,1115244,ΑΛΕΞΑΚΗΣ Πίτες Σταρένιες με Προζύμι 10τεμ 350g,1.65
2025-06-05,1253037,ΣΚΛΑΒΕΝΙΤΗΣ Κέικ Βανίλια Παραγωγής μας 500g,3.9
2025-06-05,1636078,ΠΑΠΑΔΟΠΟΥΛΟΥ Krispies Παξιμάδια Πολύσπορα Vegan Χωρίς προσθήκη ζάχαρης 200g,1.2
2025-06-05,4006003,GRISSINBON Torinesi Κριτσίνια 125g,1.9
2025-06-05,1498516,ΑΔΑΜΑΝΤΙΝΑ Κουλούρια Πορτοκάλι Βιολογικά 380g,4.45
2025-06-05,1219360,ΟΙΚΟΓΕΝΕΙΑ ΣΤΕΡΓΙΟΥ Strudel με γέμιση Κρέμα Μήλου Κανέλας 125g,1.02
2025-06-05,1415774,ΠΑΠΑΔΟΠΟΥΛΟΥ Plus Ψωμί για Τοστ Σίτου 700g,1.58
2025-06-05,1583664,ΤΣΑΤΣΑΡΩΝΑΚΗΣ Το Μάννα Δαγκωτό Παξιμάδι με Ελιά &amp; Λιαστή Ντομάτα 110g,1.48
2025-06-05,1583636,SANTA MARIA Πίτες Τορτίγιες μεσαίες Βιολογικές 8τεμ 320g,3.4
2025-06-05,9269424,LEIMER Κρουτόν με γεύση Σκόρδο Κρεμμύδι 100g,1.9
2025-06-05,1436352,VALENTINA Bruschetta Παξιμάδια με γεύση Σκόρδο Vegan 150g,1.24
2025-06-05,1589830,ΑΛΛΑΤΙΝΗ Κέικ με γεύση Βανίλια &amp; Κακάο 375g,2.95
2025-06-05,1601158,ELITE Melba Toast Φρυγανάκια Σταρένια Vegan 100g,1.98
2025-06-05,9269457,LEIMER Κρουτόν Χωρίς καρυκεύματα 100g,1.9
2025-06-05,1602344,ΠΑΠΑΔΟΠΟΥΛΟΥ Ψωμί για Club Sandwich Σίτου Vegan 950g,2.57
2025-06-05,1115420,7DAYS Κρουασάν με γέμιση Κακάο 70g,0.47
2025-06-05,1586057,ΚΑΤΣΕΛΗΣ Ψωμί για Τοστ Διπλοζυμωτό Σταρένιο με Προζύμι 500g,1.48
2025-06-05,1226253,ΦΙΛΕΝΤΕΜ Παξιμάδια Ντακοσαλάτα Κρήτης με Κριθάρι Ολικής Vegan Χωρίς πρόσθετο αλάτι 400g,3.87
2025-06-05,1490214,ΚΑΡΑΜΟΛΕΓΚΟΣ Παξαμάς Παξιμάδι με Χαρούπι 400g,2.87
2025-06-05,9641473,ΟΙΚΟΓΕΝΕΙΑ ΣΤΕΡΓΙΟΥ Τσουρεκάκια με γέμιση Πραλίνα Φουντουκιού 360g,2.88
2025-06-05,1590111,ΑΡΤΟΠΟΥΛΟΣ Αραβικές Πίτες Σταρένιες με Προζύμι Vegan 4τεμ 330g,1.76
2025-06-05,1595490,TSANOS Κριτσίνια με Αλεύρι Ολικής Άλεσης Vegan Χωρίς προσθήκη ζάχαρης 120g,1.56
2025-06-05,1230185,TSANOS Ντάκος Κρίθινος με Προζύμι 700g,3.75
2025-06-05,1616734,7DAYS Bake Rolls με γεύση Μπέικον 150g,1.48
2025-06-05,1909498,ΜΑΡΙΑ ΚΑΡΑΜΟΛΕΓΚΟΥ Κουλτουράκια Κουλούρια Κανέλα με Γαρύφαλλο &amp; Μαύρη ζάχαρη 180g,2.24
2025-06-05,1272993,KINDER Delice Κέικ Σοκολάτας 10τεμ 390g,5.83
2025-06-05,1554398,ΠΑΠΑΔΟΠΟΥΛΟΥ Χωρίς Φρυγανιές με Σίκαλη Vegan Χωρίς προσθήκη αλατιού &amp; ζάχαρης 320g,1.95
2025-06-05,1605394,PINSAMI Βάση Πίνσα Κλασική Vegan 230g,3.8
2025-06-05,1436354,VALENTINA Bruschetta Παξιμάδια με Ντομάτα &amp; Ρίγανη Vegan 150g,1.24
2025-06-05,1272847,ΣΚΛΑΒΕΝΙΤΗΣ Κέικ Λεμόνι Παραγωγής μας 500g,3.9
2025-06-05,1142278,MESTEMACHER Ψωμί Σίκαλης με Πρωτεΐνες 250g,3.5
2025-06-05,1581055,TSANOS Bran Cracker με Πίτουρο Σιταριού &amp; Χαρούπι Χωρίς προσθήκη ζάχαρης Vegan 107g,2.12
2025-06-05,1586050,ΚΑΤΣΕΛΗΣ Ψωμί για Τοστ Διπλοζυμωτό Ολικής Άλεσης με Προζύμι 500g,1.53
2025-06-05,1613739,ΚΑΡΑΜΟΛΕΓΚΟΣ Ψωμί για Τοστ Πολύσπορο Vital 500g,1.96
2025-06-05,3367471,TSANOS Κουλούρια με Κομματάκια Σοκολάτας Υγείας 300g,4.4
2025-06-05,1551786,LACTA Brownie Pocket Κέικ 6x25g,2.64
2025-06-05,1229239,PERICLIS Peri Pita Αυθεντική Αραβικές Πίτες 9τεμ 450g,1.32
2025-06-05,1648379,ΤΣΑΤΣΑΡΩΝΑΚΗΣ Το Μάννα Παξιμάδια Κριθαρένια Ολικής Άλεσης Χωρίς προσθήκη ζάχαρης Χωρίς πρόσθετο αλάτι 300g,2.08
2025-06-05,1559847,ΦΑΙΔΩΝ Crispbread Βρόμης με Ηλιόσπρο &amp; Κριθάρι 180g,2.98
2025-06-05,1382063,ΚΑΡΑΜΟΛΕΓΚΟΣ Παξαμάς Κριθαροκούλουρα 400g,2.17
2025-06-05,1557227,7DAYS Mini Κρουασάν με γέμιση Κακάο 300g,3.78
2025-06-05,1648847,ΤΣΑΤΣΑΡΩΝΑΚΗΣ Το Μάννα Κρητωνάκια Κρουτόν Κριθαρένια με Κρητικό Ελαιόλαδο 100g,1.63
2025-06-05,1590282,ΑΛΛΑΤΙΝΗ Κέικ με γεύση Βανίλια 375g,2.95
2025-06-05,4190104,PEMA Ψωμί Σικάλεως Ολικής Άλεσης Vegan 500g,2.92
2025-06-05,1099148,TSANOS Μουστοκούλουρα με Σταφίδες &amp; Καρύδια 300g,4.4
2025-06-05,4694527,Ο ΦΟΥΡΝΟΣ ΤΟΥ ΝΥΚΤΑΡΗ Καλορίζικα Κουλούρια Αμυγδάλου 380g,5.45
2025-06-05,1394052,Πορτοκαλόπιτα BONORA ατομική 240g,1.6
2025-06-05,1601157,ELITE Melba Toast Φρυγανάκια με Αλεύρι Ολικής Άλεσης Vegan 100g,2.08
2025-06-05,1553800,ΠΑΠΑΔΟΠΟΥΛΟΥ Φρυγανιές με Αλεύρι Ολικής Άλεσης Vegan 320g,1.96
2025-06-05,1286185,SCHAR Βάση Πίτσας Χωρίς γλουτένη Χωρίς λακτόζη 2τεμ 300g,4.85
2025-06-05,1648848,ΤΣΑΤΣΑΡΩΝΑΚΗΣ Το Μάννα Κρητωνάκια Κρουτόν Σταρένια με Κρητικό Ελαιόλαδο 100g,1.28
2025-06-05,1475773,WASA Classic Φρυγανιές Vegan Χωρίς γλουτένη Χωρίς λακτόζη 240g,5.85
2025-06-05,1226112,ΦΙΛΕΝΤΕΜ Ο Μεζές της Τσικουδιάς Παξιμάδι Ριγανάτο Ντομάτα Vegan 200g,3.15
2025-06-05,1631426,ΤΣΑΤΣΑΡΩΝΑΚΗΣ Το Μάννα Δαγκωτό Παξιμάδι με Καυτερή Πιπεριά 110g,1.48
2025-06-05,1168915,Γλυκό Κουταλιού ΑΦΟΙ ΓΕΩΡΓΟΥΛΑ Αγριοβύσσινο Πηλίου 450g,4.56
2025-06-05,1169265,Γλυκό Κουταλιού ΑΦΟΙ ΓΕΩΡΓΟΥΛΑ Κυδώνι Βόλου 450g,3.87
2025-06-05,1619353,ΦΙΛΕΝΤΕΜ Ντακάκι Βρόμης Vegan Χωρίς πρόσθετο αλάτι 400g,4.12
2025-06-05,1195907,SCHAR Mini Baguette Ψωμί Χωρίς γλουτένη Χωρίς λακτόζη 2τεμ 150g,3.07
2025-06-05,1394053,Πορτοκαλόπιτα BONORA 480g,3.2
2025-06-05,2201986,MESTEMACHER Ψωμί Σίκαλης με Λιναρόσπορο Βιολογικό 500g,3.12
2025-06-05,1232517,ΚΛΑΠΑΚΗΣ Παξιμάδια Βρόμης Ολικής Άλεσης 350g,2.95
2025-06-05,4170403,Γλυκό Κουταλιού Χίου ΣΑΡΑΝΤΗΣ Κεράσι Χωρίς γλουτένη 453g,4.66
2025-06-05,2509123,Υποβρύχιο Χίου ΣΑΡΑΝΤΗΣ με γεύση Βανίλια Χωρίς γλουτένη 500g,2.7
2025-06-05,2509156,Υποβρύχιο Χίου ΣΑΡΑΝΤΗΣ με γεύση Μαστίχα Χωρίς γλουτένη 500g,2.7
2025-06-05,5079967,GG Σκανδιναβικές Φρυγανιές από Πίτουρο Σιταριού 100g,2.82
2025-06-05,1502629,DANVITA Crisp Bread με Τυρί 130g,1.82
2025-06-05,1286184,SCHAR Wraps Αραβικές Πίτες Χωρίς γλουτένη Χωρίς λακτόζη 2τεμ 160g,4.2
2025-06-05,1502639,DANVITA Crisp Bread με Παντζάρι Vegan 130g,1.82
2025-06-05,1640989,SCHAR Crostini Παξιμάδια Χωρίς γλουτένη Χωρίς λακτόζη 150g,4.18
2025-06-05,4170494,Γλυκό Κουταλιού Χίου ΣΑΡΑΝΤΗΣ Περγαμόντο Vegan Χωρίς γλουτένη 453g,4.66
2025-06-05,1651778,ΚΡΙΣ ΚΡΙΣ Selection Τόστιμο Ψωμί για Τοστ Σταρένιο 380g,1.55
2025-06-05,1497485,FRISOGROW 3 Γάλα 3ης Βρεφικής Ηλικίας 1-3 Ετών σε σκόνη 800g,20.25
2025-06-05,1218664,NESTLE Nan Optipro 3 Ρόφημα Γάλακτος από τον 1ο Χρόνο σε σκόνη 800g,20.23
2025-06-05,4087839,ΓΙΩΤΗΣ Φαρίν Λακτέ 6+ Μηνών 300g,2.43
2025-06-05,9249749,NUTRICIA Biskotti Μπισκότα 6+ Μηνών 180g,1.9
2025-06-05,7524606,NESTLE Nan Optipro 2 Γάλα 2ης Βρεφικής Ηλικίας από τον 6ο Μήνα σε σκόνη 800g,18.25
2025-06-05,1225014,NESTLE Φρουτοπουρές Μήλο Μπανάνα Βρόμη από 6 Μηνών 90g,1.23
2025-06-05,1097246,NESTLE Nan Optipro 1 Γάλα για Βρέφη από τη Γέννηση σε σκόνη 800g,22.4
2025-06-05,4751848,ΓΙΩΤΗΣ Sanilac 3 Γάλα 3ης Βρεφικής Ηλικίας 12+ Μηνών σε σκόνη 400g,9.78
2025-06-05,1569448,FRISOMEL 2 Γάλα 2ης Βρεφικής Ηλικίας +6 Μηνών σε σκόνη 800g,17.3
2025-06-05,1476059,NESTLE Έτοιμο Γεύμα Λαχανικά με Μοσχάρι από 6 Μηνών Χωρίς γλουτένη 190g,1.75
2025-06-05,1551510,HIPP Μπάρες Δημητριακών Παιδικές με Βρόμη Ροδάκινο &amp; Μήλο Βιολογικές 5x20g,6.7
2025-06-05,7005275,ΝΟΥΝΟΥ Φαρίν Λακτέ με Σιτάλευρο &amp; Γάλα 300g,3.65
2025-06-05,1569431,FRISOLAC 1 Γάλα 1ης Βρεφικής Ηλικίας 0-6 Μηνών σε σκόνη 800g,21.73
2025-06-05,1575533,GERBER Grain &amp; Grow Κρέμα με Σιτάρι &amp; Βρόμη με γεύση Μπισκότο από 6+ μηνών Βιολογική Χωρίς προσθήκη ζάχαρης 200g,4.75
2025-06-05,1575531,GERBER Φρουτοπουρές Μήλο Μπανάνα Μύρτιλο &amp; Βατόμουρο από 6+ μηνών Βιολογικός Χωρίς προσθήκη ζάχαρης 90g,2.35
2025-06-05,1476058,NESTLE Έτοιμο Γεύμα Λαχανικά με Κοτόπουλο από 7 Μηνών Χωρίς γλουτένη 190g,1.75
2025-06-05,1091954,ΝΟΥΝΟΥ Κρέμα Βανίλια με Ρυζάλευρο &amp; Γάλα Χωρίς γλουτένη 350g,5.95
2025-06-05,1575532,GERBER Grain &amp; Grow Κρέμα με Σιτάρι &amp; Βρόμη με γεύση Βανίλιας από 6+ μηνών Βιολογική Χωρίς προσθήκη ζάχαρης 200g,4.75
2025-06-05,4688834,ΓΙΩΤΗΣ Sanilac 2 Γάλα 2ης Βρεφικής Ηλικίας 6+ Μηνών σε σκόνη 400g,9.88
2025-06-05,1063919,NUTRICIA Almiron 2 Γάλα 2ης Βρεφικής Ηλικίας 6-12 Μηνών σε σκόνη χωρίς φοινικέλαιο 800g,20.0
2025-06-05,1593423,NUTRICIA Almiron Pro Futura 1 Γάλα 1ης Βρεφικής Ηλικίας 0-6 Μηνών σε σκόνη χωρίς φοινικέλαιο 800g,28.9
2025-06-05,7217649,ΓΙΩΤΗΣ Μπισκοτόκρεμα 6+ Μηνών 300g,3.94
2025-06-05,1846195,NESTLE Επιδόρπιο Γάλακτος Βανίλια από 6 Μηνών Χωρίς γλουτένη 4x100g,2.7
2025-06-05,1034828,ΓΙΩΤΗΣ Sanilac 1 Γάλα για Βρέφη μέχρι 6 Μηνών σε σκόνη 400g,11.36
2025-06-05,1518017,FRISOGROW 3 Γάλα 3ης Βρεφικής Ηλικίας 1-3 Ετών Easy Lid 400g,10.57
2025-06-05,5790894,ΓΙΩΤΗΣ Φαρίν Λακτέ με Μπισκότα 6+ Μηνών 300g,3.07
2025-06-05,1063920,NUTRICIA Almiron 3 Νηπιακό Ρόφημα Γάλακτος 1-2 Ετών σε σκόνη χωρίς φοινικέλαιο 800g,21.17
2025-06-05,1436514,NESTLE Nan Bio+ 3 Γάλα 2ης Βρεφικής Ηλικίας από τον 10ο Μήνα σε σκόνη Βιολογικό 400g,11.7
2025-06-05,1174968,NESTLE Nan Optipro 4 Ρόφημα Γάλακτος από το 2ο Χρόνο σε σκόνη 400g,10.54
2025-06-05,4087771,ΓΙΩΤΗΣ Φρουτόκρεμα 5 Φρούτα 6+ Μηνών 300g,4.12
2025-06-05,4450953,ΝΟΥΝΟΥ Κρέμα 7 Δημητριακών με Μπανάνα &amp; Γάλα 300g,6.1
2025-06-05,4087979,ΓΙΩΤΗΣ Ανθός Ορύζης 4+ Μηνών Χωρίς γλουτένη Χωρίς ζάχαρη 150g,2.74
2025-06-05,1036976,NESTLE Nan Optipro 1 Γάλα για Βρέφη από τη Γέννηση σε σκόνη 400g,11.8
2025-06-05,1567907,GERBER Φρουτοπουρές Αχλάδι Μήλο &amp; Μπανάνα +4 Mηνών Βιολογικός Χωρίς προσθήκη ζάχαρης 90g,2.35
2025-06-05,1431513,NUTRICIA Almiron 3 Νηπιακό Ρόφημα Γάλακτος 1-2 Ετών σε σκόνη χωρίς φοινικέλαιο 1200g,28.53
2025-06-05,1574098,ΓΙΩΤΗΣ Φαρίν Λακτέ με Βρόμη &amp; Σιτάρι Ολικής Άλεσης Βιολογική Χωρίς προσθήκη ζάχαρης 200g,2.71
2025-06-05,1433509,NUTRICIA Almiron 4 Νηπιακό Ρόφημα Γάλακτος 2-3 Ετών σε σκόνη χωρίς φοινικέλαιο 800g,21.1
2025-06-05,6651012,ΓΙΩΤΗΣ Κρέμα Βανίλια 4+ Μηνών 300g,3.9
2025-06-05,1088088,NUTRICIA Almiron 1 Γάλα 1ης Βρεφικής Ηλικίας 0-6 Μηνών σε σκόνη χωρίς φοινικέλαιο 800g,24.9
2025-06-05,2098705,NESTLE Nan Optipro 2 Γάλα 2ης Βρεφικής Ηλικίας από τον 6ο Μήνα σε σκόνη 400g,10.24
2025-06-05,1430881,NESTLE Nan Bio+ 2 Γάλα 2ης Βρεφικής Ηλικίας από τον 6ο Μήνα σε σκόνη Βιολογικό 400g,12.3
2025-06-05,7252323,ΓΙΩΤΗΣ Κρέμα Δημητριακών 6+ Μηνών 300g,4.2
2025-06-05,1031055,NESTLE Nan Optipro 3 Ρόφημα Γάλακτος από τον 1ο Χρόνο σε σκόνη 400g,11.2
2025-06-05,1430880,NESTLE Nan Bio+ 1 Γάλα για Βρέφη από τη Γέννηση σε σκόνη Βιολογικό 400g,13.2
2025-06-05,1593421,NUTRICIA Almiron Pro Futura 2 Γάλα 2ης Βρεφικής Ηλικίας 6-12 Μηνών σε σκόνη χωρίς φοινικέλαιο 800g,26.4
2025-06-05,1555972,ΓΙΩΤΗΣ Sanilac 3 Γάλα 3ης Βρεφικής Ηλικίας 12+ Μηνών σε σκόνη 800g,19.7
2025-06-05,1569443,FRISOMEL 2 Γάλα 2ης Βρεφικής Ηλικίας +6 Μηνών σε σκόνη 400g,10.15
2025-06-05,1421319,FRISOGROW Plus+ 4 Ρόφημα Γάλακτος για Παιδιά 3-5 Ετών σε σκόνη 800g,20.26
2025-06-05,1223283,ΣΚΛΑΒΕΝΙΤΗΣ Κάσιους Ψημένα μη Αλατισμένα Εισαγωγής 200g,3.95
2025-06-05,1223190,ΣΚΛΑΒΕΝΙΤΗΣ Καρύδια Ψίχα Εισαγωγής 200g,2.8
2025-06-05,1251152,ΣΚΛΑΒΕΝΙΤΗΣ Καλαμπόκι Ωμό για Ποπ Κορν Ελληνικό 250g,0.68
2025-06-05,1223299,ΣΚΛΑΒΕΝΙΤΗΣ Φουντούκια Ψίχα Ψημένα Εισαγωγής 200g,3.45
2025-06-05,1640977,TASTY Σνακ Φουντούνια 90g,0.88
2025-06-05,1223263,ΣΚΛΑΒΕΝΙΤΗΣ Αμύγδαλα Ψίχα Ψημένα μη Αλατισμένα Ελληνικά 200g,4.3
2025-06-05,1456440,CHEETOS Σνακ Πακοτίνια Τυρί 125g,1.04
2025-06-05,1223253,ΣΚΛΑΒΕΝΙΤΗΣ Ηλιόσπορος Ψημένος Αλατισμένος Εισαγωγής 150g,0.68
2025-06-05,1223252,ΣΚΛΑΒΕΝΙΤΗΣ Ηλιόσπορος Ψημένος μη Αλατισμένος Εισαγωγής 150g,0.68
2025-06-05,1538039,LAY&#39;S Στο Φούρνο Πατατάκια με Αλάτι 105g,1.29
2025-06-05,1224628,ΣΚΛΑΒΕΝΙΤΗΣ Σταφίδες Ξανθές Ελληνικές 200g,1.9
2025-06-05,1588602,LAY&#39;S Στο Φούρνο Πατατάκια Barbeque 105g,1.29
2025-06-05,1592924,EXTRA Τυρογαριδάκια 85g,0.81
2025-06-05,1300216,ΣΚΛΑΒΕΝΙΤΗΣ Φιστίκια Αράπικα Ψημένα Ελληνικά 200g,1.4
2025-06-05,1223294,ΣΚΛΑΒΕΝΙΤΗΣ Φιστίκια Πίνατς Εισαγωγής 200g,1.15
2025-06-05,1640966,LAY&#39;S Πατατάκια με Αλάτι 140g,1.36
2025-06-05,1600073,BONORA Κυματιστά Πατατάκια με Αλάτι 200g,1.6
2025-06-05,5068432,POPBUSTER Ποπ Κορν με γεύση Βούτυρου Χωρίς γλουτένη 100g,0.8
2025-06-05,1600075,BONORA Κυματιστά Πατατάκια με Ρίγανη 200g,1.6
2025-06-05,1259934,POP-O-TOP&#39;S Ποπ Κορν Κλασικό Χωρίς γλουτένη 85g,1.08
2025-06-05,1588601,LAY&#39;S Στο Φούρνο Πατατάκια με γεύση Γιαούρτι &amp; Μυρωδικά 105g,1.29
2025-06-05,1051101,JUMBO Φιστικόμπαλες Vegan Χωρίς γλουτένη 102g,1.08
2025-06-05,1223227,ΣΚΛΑΒΕΝΙΤΗΣ Σταφίδες Μαύρες Ελληνικές 200g,1.24
2025-06-05,1465529,TSAKIRIS Πατατάκια με Αλάτι Vegan Χωρίς γλουτένη 140g,1.41
2025-06-05,1221520,FRUIT FOR SNACK Χουρμάδες Αποξηραμένοι Χωρίς πυρήνα 200g,2.06
2025-06-05,7546955,ΠΑΠΑΔΟΠΟΥΛΟΥ Batonettes Αλμυρά Στικς με Σουσάμι Vegan 45g,0.75
2025-06-05,1223268,ΣΚΛΑΒΕΝΙΤΗΣ Αμύγδαλα Ψίχα Ωμά Ελληνικά 200g,3.6
2025-06-05,1532642,TSAKIRIS Πατατάκια Στικς με Αλάτι Vegan Χωρίς γλουτένη 130g,1.57
2025-06-05,1426423,JUMBO Country Chips με Μαύρο Πιπέρι &amp; Αλάτι Χωρίς γλουτένη 150g,1.8
2025-06-05,1407384,ΣΚΛΑΒΕΝΙΤΗΣ Καρύδια Ψίχα Ελληνικά 200g,4.05
2025-06-05,1223315,ΣΚΛΑΒΕΝΙΤΗΣ Φιστίκια Κροκερίνο Ελληνικά 200g,1.32
2025-06-05,1051093,JUMBO Σνακ Γαριδάρες Χωρίς γλουτένη 85g ,1.08
2025-06-05,1223285,ΣΚΛΑΒΕΝΙΤΗΣ Κάσιους Αλατισμένα Εισαγωγής 200g,3.85
2025-06-05,1601642,BONORA Κυματιστά Πατατάκια με Αλάτι 120g,0.98
2025-06-05,1426433,JUMBO Country Chips με Αλάτι Χωρίς γλουτένη 150g,1.8
2025-06-05,1565863,ΜΑΡΑΤΑ Δαμάσκηνα Αποξηραμένα Χωρίς Κουκούτσι 250g,3.15
2025-06-05,1223249,ΣΚΛΑΒΕΝΙΤΗΣ Φιστίκια Κοκτέιλ Ελληνικά 200g,1.32
2025-06-05,1640934,LAY&#39;S Πατατάκια με Ρίγανη 140g,1.36
2025-06-05,1361124,CHEETOS Σνακ Δρακουλίνια με γεύση Τυρί &amp; Ντομάτα 100g,1.04
2025-06-05,1640975,RUFFLES Κυματιστά Πατατάκια με Αλάτι 140g,1.55
2025-06-05,1358214,ΣΚΛΑΒΕΝΙΤΗΣ Αμύγδαλα Ψίχα Αποφλοιωμένα Ψημένα μη Αλατισμένα Ελληνικά 200g,4.68
2025-06-05,7189574,LAY&#39;S Σνακ Δημητριακών Ολικής Άλεσης Sour Cream &amp; Μαύρο Πιπέρι 95g,1.36
2025-06-05,1640959,LAY&#39;S Πατατάκια 50% Λιγότερο Αλάτι 120g,1.55
2025-06-05,1601645,BONORA Κυματιστά Πατατάκια με Ρίγανη 120g,0.98
2025-06-05,1512827,ΣΚΛΑΒΕΝΙΤΗΣ Ανάμικτοι Ξηροί Καρποί Ωμοί Εισαγωγής 200g,2.75
2025-06-05,1592931,CHIPITA Πατατάκια με Αλάτι 80g,0.76
2025-06-05,1449514,ELEPHANT Πρέτζελ με Θαλασσινό Αλάτι 80g,0.84
2025-06-05,1640833,RUFFLES Κυματιστά Πατατάκια Barbeque 120g,1.37
2025-06-05,1377081,BONORA Κυματιστά Πατατάκια Barbeque 120g,0.98
2025-06-05,5068325,POPBUSTER Ποπ Κορν με Αλάτι Χωρίς γλουτένη 100g,0.8
2025-06-05,1640976,DORITOS Σνακ Καλαμποκιού Nacho 180g,1.96
2025-06-05,1570760,JUMBO Crunchy Πατατάκια Χωρίς γλουτένη Χωρίς προσθήκη αλατιού 140g,1.38
2025-06-05,2656494,EL SABOR Nacho Chips με γεύση Τυριού Χωρίς γλουτένη 225g,1.56
2025-06-05,1377082,BONORA Κυματιστά Πατατάκια Barbeque 200g,1.6
2025-06-05,1229683,ΣΚΛΑΒΕΝΙΤΗΣ Φιστίκια με γεύση Πάπρικα Ελληνικά 200g,1.4
2025-06-05,1223264,ΣΚΛΑΒΕΝΙΤΗΣ Αμύγδαλα Ψίχα Αποφλοιωμένα Ελληνικά 200g,3.75
2025-06-05,1592928,CHIPITA Πατατάκια με Ρίγανη 80g,0.76
2025-06-05,1465530,TSAKIRIS Πατατάκια με γεύση Ρίγανη Χωρίς γλουτένη 140g,1.41
2025-06-05,1640834,TASTY Σνακ Πιτσίνια 100g,1.38
2025-06-05,1223286,ΣΚΛΑΒΕΝΙΤΗΣ Φιστίκια Κελυφωτά Ψημένα Αλατισμένα Ελληνικά 200g,4.6
2025-06-05,1640402,LAY&#39;S Πατατάκια με γεύση Σκόρδο &amp; Μυρωδικά 95g,1.04
2025-06-05,1223289,ΣΚΛΑΒΕΝΙΤΗΣ Κουκουνάρι Ψίχα Εισαγωγής 50g,2.2
2025-06-05,1446989,BONORA Μπαλίτσες Καλαμποκιού με Φιστίκι 90g,0.65
2025-06-05,1223266,ΣΚΛΑΒΕΝΙΤΗΣ Αμύγδαλα Ψίχα Ψημένα Αλατισμένα Ελληνικά 200g,4.3
2025-06-05,4349627,ΑΛΛΑΤΙΝΗ 2001 Κράκερς Αλμυρά 40g,0.53
2025-06-05,1633178,BONORA Πατατάκια Κλασικά με Αλάτι 200g,1.56
2025-06-05,1640943,LAY&#39;S Πατατάκια με Αλάτι &amp; Ξίδι 120g,1.36
2025-06-05,1512830,ΣΚΛΑΒΕΝΙΤΗΣ Ανάμικτοι Ξηροί Καρποί Ψημένοι Αλατισμένοι Εισαγωγής 200g,2.9
2025-06-05,1476945,ΣΚΛΑΒΕΝΙΤΗΣ Ανάμικτοι Ξηροί Καρποί &amp; Κράνμπερι με Χυμό Μήλου Εισαγωγής 200g,3.95
2025-06-05,1485681,JUMBO Country Chips με Ξίδι Βαλσάμικο &amp; Καραμελωμένο Κρεμμύδι Χωρίς γλουτένη 150g,1.8
2025-06-05,1640823,RUFFLES Κυματιστά Πατατάκια με Ρίγανη 140g,1.55
2025-06-05,1306717,RICE UP Τσιπς Ρυζιού Barbeque Χωρίς γλουτένη 60g,0.83
2025-06-05,7546922,ΠΑΠΑΔΟΠΟΥΛΟΥ Pick Κράκερς με Τυρί 45g,0.56
2025-06-05,1640840,TASTY Poppers Ποπ Κορν με γεύση Βούτυρο 75g,1.48
2025-06-05,1036021,ELITE Μεσογειακά Κράκερς Ντομάτα &amp; Βασιλικός 105g,1.55
2025-06-05,1521195,ΣΚΛΑΒΕΝΙΤΗΣ Αμύγδαλα Ψίχα Ωμά Εισαγωγής 200g,2.95
2025-06-05,1591766,ΠΑΠΑΔΟΠΟΥΛΟΥ Pick Κράκερς Mix 350g,2.2
2025-06-05,1221473,BALLY NUTS Ηλιόσπορος Ψίχα Χωρίς αλάτι 180g,1.0
2025-06-05,7189566,LAY&#39;S Σνακ Δημητριακών Ολικής Άλεσης με Θαλασσινό Αλάτι 95g,1.36
2025-06-05,1225466,ΣΚΛΑΒΕΝΙΤΗΣ Πασατέμπος Ψιλός Ψημένος Αλατισμένος Ελληνικός 200g,1.48
2025-06-05,1629380,BONORA Πατατάκια με Ρίγανη 200g,1.56
2025-06-05,1465524,TSAKIRIS Πατατάκια με Αλάτι Vegan Χωρίς γλουτένη 90g,0.95
2025-06-05,1223206,ΣΚΛΑΒΕΝΙΤΗΣ Ανάμικτοι Ξηροί Καρποί Ψημένοι μη Αλατισμένοι Εισαγωγής 200g,4.54
2025-06-05,1640401,LAY&#39;S Πατατάκια με γεύση Τσορίθο &amp; Κρεμμύδι 95g,1.04
2025-06-05,1223219,ΣΚΛΑΒΕΝΙΤΗΣ Καρύδα Αποξηραμένη τριμμένη Εισαγωγής 150g,0.95
2025-06-05,1643943,RUFFLES Κυματιστά Πατατάκια με γεύση Cheeseburger 120g,1.55
2025-06-05,1631545,BONORA Πατατάκια Κλασικά με Αλάτι 120g,0.98
2025-06-05,1426400,JUMBO Country Chips με Ποικιλία Τυριών Χωρίς γλουτένη 150g,1.8
2025-06-05,3679073,DIMFIL Bio Farma Κάσιους Ωμό Βιολογικό Χωρίς αλάτι 200g,4.96
2025-06-05,1223243,ΣΚΛΑΒΕΝΙΤΗΣ Φιστίκια Κελυφωτά Ψημένα μη Αλατισμένα Ελληνικά 200g,4.6
2025-06-05,1098785,FRUIT FOR SNACK Κράνμπερι Αποξηραμένα 230g,3.4
2025-06-05,1223198,ΣΚΛΑΒΕΝΙΤΗΣ Φιστίκια Χουανίτα Ελληνικά 200g,1.52
2025-06-05,1274649,PRINGLES Σνακ Sour Cream &amp; Onion 165g,2.38
2025-06-05,1223235,ΣΚΛΑΒΕΝΙΤΗΣ Στραγάλια Ψημένα Αφράτα Εισαγωγής 200g,1.15
2025-06-05,4186581,ΠΑΠΑΔΟΠΟΥΛΟΥ Pick Crackers Classic 100g,1.2
2025-06-05,1446986,BONORA Ποπ Κορν με Αλάτι 100g,0.88
2025-06-05,1446990,BONORA Γαριδάκια με γεύση Τυρί 90g,0.65
2025-06-05,1639399,TASTY Poppers Ποπ Κορν με Αλάτι 75g,1.48
2025-06-05,1386067,SALTSETIES Αλμυρά Στικς 250g,1.32
2025-06-05,1521191,ΣΚΛΑΒΕΝΙΤΗΣ Αμύγδαλα Ψίχα Αποφλοιωμένα Εισαγωγής 200g,2.9
2025-06-05,1098774,FRUIT FOR SNACK Δαμάσκηνα Αποξηραμένα Χωρίς Πυρήνα 200g,3.3
2025-06-05,1539704,RICE UP Τσιπς Ρυζιού Πίτσα Χωρίς γλουτένη 60g,0.83
2025-06-05,1228688,BALLY NUTS Κολοκυθόσπορος Ψίχα Χωρίς αλάτι 180g,2.15
2025-06-05,1036019,ELITE Μεσογειακά Κράκερς Ρίγανη &amp; γεύση Φέτας 105g,1.55
2025-06-05,1588604,LAY&#39;S Στο Φούρνο Πατατάκια με γεύση Πάπρικα 105g,1.29
2025-06-05,1635263,ELITE Μεσογειακά Κράκερς Ντομάτα &amp; Βασιλικός 3x105g,3.75
2025-06-05,1534253,WASA Σάντουιτς Tυρί Ντομάτα &amp; Βασιλικός 40g,1.18
2025-06-05,1516320,ELITE Μεσογειακά Κράκερς με Χαρούπι 105g,1.55
2025-06-05,1640974,DORITOS Σνακ Καλαμποκιού Nacho 90g,1.04
2025-06-05,1489434,RUFFLES Κυματιστά Πατατάκια Barbeque 400g,3.95
2025-06-05,1565862,ΜΑΡΑΤΑ Βερίκοκα Αποξηραμένα 250g,3.95
2025-06-05,1465527,TSAKIRIS Πατατάκια με γεύση Ρίγανη Χωρίς γλουτένη 90g,0.95
2025-06-05,1640932,LAY&#39;S Πατατάκια 0% Προσθήκη Αλατιού 120g,1.36
2025-06-05,1491909,RICE UP Τσιπς Ρυζιού Καραμελωμένο Αχλάδι &amp; Γκοργκοντζόλα Χωρίς γλουτένη 60g ,0.83
2025-06-05,1223244,ΣΚΛΑΒΕΝΙΤΗΣ Στραγάλια Ψημένα Αφράτα &amp; Σταφίδες Ξανθές μη Αλατισμένα Εισαγωγής 200g,1.5
2025-06-05,1614349,AGRINO Rice Chips Σνακ Sour Cream &amp; Onion Vegan Χωρίς γλουτένη 60g,1.04
2025-06-05,1224455,ΜΑΡΑΤΑ Μπανάνα Chips Αποξηραμένα Ζαχαρωμένα 120g,1.0
2025-06-05,1298672,GULLON Mini Mix Κράκερ 350g,1.78
2025-06-05,1224453,ΕΥ BIO Σταφίδα Σουλτανίνα Βιολογική 200g,3.4
2025-06-05,1224449,ΕΥ BIO Σταφίδες Μαύρες Κορινθιακές Βιολογικές 200g,2.62
2025-06-05,1274647,PRINGLES Σνακ Original Vegan 165g\t,2.38
2025-06-05,1223195,ΣΚΛΑΒΕΝΙΤΗΣ Φιστίκια με γεύση Μπέικον &amp; Τυρί Ελληνικά 200g,1.8
2025-06-05,1259132,ΣΚΛΑΒΕΝΙΤΗΣ Αμύγδαλα Ψίχα Αποφλοιωμένα σε φέτες Ελληνικά 150g,2.58
2025-06-05,1588603,LAY&#39;S Στο Φούρνο Πατατάκια Ντομάτα &amp; Βασιλικός 105g,1.29
2025-06-05,1649703,ΑΛΛΑΤΙΝΗ 2001 Αλμυρά Κρακεράκια 5x40g,2.12
2025-06-05,1397220,ΣΚΛΑΒΕΝΙΤΗΣ Κράνμπερι Αποξηραμένα με Χυμό Μήλου Εισαγωγής 200g,3.1
2025-06-05,1223191,ΣΚΛΑΒΕΝΙΤΗΣ Πασατέμπος Χονδρός Ψημένος μη Αλατισμένος Εισαγωγής 150g,1.15
2025-06-05,2656478,EL SABOR Nacho Chips με γεύση Chili Χωρίς γλουτένη 225g,1.56
2025-06-05,1446987,BONORA Sticks Καλαμποκιού με γεύση Τυρί 90g,0.65
2025-06-05,1633703,BONORA Πατατάκια με Ρίγανη 120g,0.98
2025-06-05,1223255,ΣΚΛΑΒΕΝΙΤΗΣ Φιστίκια Αράπικα με Κέλυφος Ψημένα Εισαγωγής 250g,1.25
2025-06-05,1460307,ΣΚΛΑΒΕΝΙΤΗΣ Καλαμπόκι Σνακ Ελληνικό 150g,0.9
2025-06-05,1640825,TASTY Poppers Ποπ Κορν με γεύση Τυρί 75g,1.48
2025-06-05,1299872,TROFINO Καλαμπόκι για Ποπ Κορν Βιολογικό 300g,2.08
2025-06-05,1614316,AGRINO Rice Chips Σνακ Aegean Herbs Vegan Χωρίς γλουτένη 60g,1.04
2025-06-05,1456442,CHEETOS Σνακ με γεύση Pizza 110g,1.04
2025-06-05,1576498,PRINGLES Σνακ Paprika 165g,2.38
2025-06-05,3679024,DIMFIL Bio Farma Αμύγδαλα Ψίχα Ωμά Βιολογικά Χωρίς αλάτι 200g,4.46
2025-06-05,1585049,LAY&#39;S Στο Φούρνο Κράκερς Πολύσπορα με γεύση Ντομάτας &amp; Βασιλικού 80g,1.18
2025-06-05,1604005,ΣΚΛΑΒΕΝΙΤΗΣ Καραμελωμένα Φιστίκια με Σουσάμι Ελληνικά 200g,1.9
2025-06-05,1461020,SNUTS Salad Mate Ξηροί Καρποί για Πράσινη Σαλάτα 105g,1.48
2025-06-05,1224280,FRUIT FOR SNACK Soft Βερίκοκα Αποξηραμένα μερικώς επανυδατωμένα 200g,3.8
2025-06-05,1585059,LAY&#39;S Στο Φούρνο Κράκερς Πολύσπορα με γεύση Κόκκινης Πάπρικας &amp; Μυρωδικών 80g,1.18
2025-06-05,1625777,TSAKIRIS Πατατάκια Στικς με Αλάτι Vegan Χωρίς γλουτένη 105g,2.08
2025-06-05,1382591,TROFINO Κολοκυθόσπορος Ψίχα Βιολογικός 200g,2.86
2025-06-05,8339020,SUNSWEET Δαμάσκηνα Αποξηραμένα χωρίς κουκούτσι 500g,9.1
2025-06-05,1640980,DORITOS Σνακ Καλαμποκιού με γεύση Sweet Chili 90g,1.08
2025-06-05,1223290,ΣΚΛΑΒΕΝΙΤΗΣ Φιστίκια Κελυφωτά Ψίχα Ωμή Ελληνικά 200g,9.85
2025-06-05,1136512,FRUIT FOR SNACK Γκότζι Μπέρι Αποξηραμένα 75g,2.1
2025-06-05,1528929,ΚΑΛΟΓΕΡΑΚΗΣ Δαμάσκηνα Απύρηνα Αποξηραμένα 250g,3.3
2025-06-05,1136516,FRUIT FOR SNACK Μπλούμπερις Αποξηραμένα 100g,3.45
2025-06-05,1571692,CHEETOS Γαριδάκια με γεύση Τυρί 90g,1.04
2025-06-05,1223448,ΣΚΛΑΒΕΝΙΤΗΣ Φιστίκια Κελυφωτά Ψημένα Αλατισμένα Ελληνικά 500g,11.2
2025-06-05,1224326,ΜΑΡΑΤΑ Ανανάς Αποξηραμένος Ζαχαρωμένος 250g,2.92
2025-06-05,1228685,ΜΑΡΑΤΑ Μάνγκο Αποξηραμένο Ζαχαρωμένο 150g,1.9
2025-06-05,1224327,ΜΑΡΑΤΑ Παπάγια Αποξηραμένη Ζαχαρωμένη 250g,2.84
2025-06-05,1223232,ΣΚΛΑΒΕΝΙΤΗΣ Στραγάλια Ψημένα Αλατισμένα Εισαγωγής 200g,1.05
2025-06-05,4678330,TROFINO Ηλιόσπορος Ψίχα Βιολογικός 250g,1.68
2025-06-05,1565864,ΜΑΡΑΤΑ Δαμάσκηνα Αποξηραμένα με Κουκούτσι 250g,2.9
2025-06-05,1544863,ΣΚΛΑΒΕΝΙΤΗΣ Ανάμικτοι Ξηροί Καρποί Ψημένοι μη Αλατισμένοι 200g,3.4
2025-06-05,1382590,TROFINO Κράνμπερι Αποξηραμένα Βιολογικά Χωρίς προσθήκη ζάχαρης 150g,4.82
2025-06-05,1585053,LAY&#39;S Στο Φούρνο Κράκερς Πολύσπορα με γεύση Λαχανικών &amp; Πράσινου Κρεμμυδιού 80g,1.18
2025-06-05,1223291,ΣΚΛΑΒΕΝΙΤΗΣ Κράνμπερι Αποξηραμένο Ζαχαρωμένο Εισαγωγής 200g,2.45
2025-06-05,1614073,RUFFLES Κυματιστά Πατατάκια Flamin&#39; Hot 90g,1.35
2025-06-05,1224485,FRUIT FOR SNACK Αποξηραμένα Superfruits 150g,3.15
2025-06-05,3679032,DIMFIL Bio Farma Φουντούκια Ψίχα Εισαγωγής Βιολογικά 200g,4.55
2025-06-05,1644543,ΝΟΥΝΟΥ Κρέμα Γάλακτος 35% 3x200ml,4.3
2025-06-05,1644548,ΝΟΥΝΟΥ Κρέμα Γάλακτος 35% 2x330ml,4.36
2025-06-05,1651816,ΝΟΥΝΟΥ Γιαούρτι Στραγγιστό 1-5% Χωρίς λακτόζη 900g,3.91
2025-06-05,1652028,ΜΕΒΓΑΛ Harmony Gourmet Επιδόρπιο Γιαουρτιού Καρύδα &amp; Σοκολάτα 160g\t,1.68
2025-06-05,1649382,ΚΡΙ ΚΡΙ Επιδόρπιο Γιαουρτιού Φράουλα με Choco Loops 2x170g,2.46
2025-06-05,1649381,ΚΡΙ ΚΡΙ Επιδόρπιο Γιαουρτιού Μπανάνα με Choco Loops 2x170g,2.46
2025-06-05,1655417,ΝΟΥΝΟΥ Power Βowl Επιδόρπιο Γιαουρτιού Μύρτιλο Βατόμουρο Chia &amp; Κολοκυθόσπορος 1-8% 2x175g,1.98
2025-06-05,1656300,ΑΜΕΡΙΚΑΝΙΚΗΣ ΓΕΩΡΓΙΚΗΣ ΣΧΟΛΗΣ Γιαούρτι Αγελάδος Παραδοσιακό 220g,1.28
2025-06-05,1428687,ΜΑΡΑΤΑ Γιαούρτι Στραγγιστό 2% 1kg,2.4
2025-06-05,2359685,ΦΑΓΕ Total Γιαούρτι Στραγγιστό 2% 3x200g,3.88
2025-06-05,1621399,ΡΟΔΟΠΗ Γιαούρτι Κατσικίσιο Παραδοσιακό 200g,1.33
2025-06-05,1176083,ΣΤΑΜΟΥ Ρυζόγαλο Χωρίς γλουτένη 180g,1.12
2025-06-05,1221831,ΜΑΡΑΤΑ Γιαούρτι Στραγγιστό 2% 3x200g,1.75
2025-06-05,1193617,ΝΟΥΝΟΥ Γιαούρτι Στραγγιστό 1-5% 3x200g,2.57
2025-06-05,1428688,ΜΑΡΑΤΑ Γιαούρτι Στραγγιστό 10% 1kg,2.4
2025-06-05,2782126,ΟΛΥΜΠΟΣ Γιαούρτι Στραγγιστό 2% 3x200g,3.04
2025-06-05,1561791,ΝΟΥΝΟΥ Γιαούρτι Στραγγιστό 1-5% Χωρίς λακτόζη 2x175g,1.71
2025-06-05,3232626,ΦΑΓΕ Total Γιαούρτι Στραγγιστό 2% 1kg,5.35
2025-06-05,1567867,ΡΟΔΟΠΗ Κρέμα 160g,1.1
2025-06-05,1287197,ΤΖΙΦΡΗΣ Γιαούρτι Πρόβειο 220g,1.1
2025-06-05,2398113,ΟΛΥΜΠΟΣ Γιαούρτι Στραγγιστό 2% 1kg,4.95
2025-06-05,1221836,ΜΑΡΑΤΑ Γιαούρτι Αγελάδος 2% 3x200g,1.3
2025-06-05,1221396,ΜΑΡΑΤΑ Κρέμα Γάλακτος Light 15% 2x200g +1 Δώρο,2.16
2025-06-05,1140323,ΟΛΥΜΠΟΣ Freelact Γιαούρτι Στραγγιστό 2% Χωρίς λακτόζη 2x170g,2.72
2025-06-05,1589143,ΔΕΛΤΑ Vitaline Protein Πουτίγκα με γεύση Σοκολάτα Χωρίς γλουτένη Χωρίς λακτόζη Χωρίς προσθήκη ζάχαρης 200g,1.96
2025-06-05,7182660,ΦΑΓΕ Total Γιαούρτι Στραγγιστό 5% 3x200g,3.88
2025-06-05,1567868,ΡΟΔΟΠΗ Ρυζόγαλο 160g,1.1
2025-06-05,1176086,ΣΤΑΜΟΥ Κρέμα Παραδοσιακή Χωρίς γλουτένη 180g,0.85
2025-06-05,1612678,ΔΕΛΤΑ Advance Επιδόρπιο Γιαουρτιού με 5 Δημητριακά 2x140g,1.97
2025-06-05,1567869,ΡΟΔΟΠΗ Κρέμα Σοκολάτα 160g,1.1
2025-06-05,1287196,ΤΖΙΦΡΗΣ Γιαούρτι Πρόβειο 2% 220g,1.1
2025-06-05,1612683,ΔΕΛΤΑ Advance Επιδόρπιο Γιαουρτιού Μήλο Μπανάνα 2x140g,1.97
2025-06-05,1221826,ΜΑΡΑΤΑ Γιαούρτι Στραγγιστό 10% 3x200g,1.75
2025-06-05,1612771,ΚΡΙ ΚΡΙ High Protein Super Spoon Πουτίγκα με γεύση Σοκολάτα Χωρίς προσθήκη ζάχαρης 200g,1.98
2025-06-05,3674462,ΚΡΙ ΚΡΙ Γιαούρτι Στραγγιστό &amp; Αγαπημένο 2% 3x200g,2.5
2025-06-05,1437218,ΚΡΙ ΚΡΙ Babies Γιαούρτι Βρεφικό Χωρίς Προσθήκη ζάχαρης 2x140g,1.85
2025-06-05,1585837,ARLA Protein Πουτίγκα με γεύση Σοκολάτα Χωρίς λακτόζη Χωρίς προσθήκη ζάχαρης 200g,1.38
2025-06-05,2998623,ΦΑΓΕ Total Γιαούρτι Στραγγιστό 2% 500g,2.98
2025-06-05,1193613,ΝΟΥΝΟΥ Γιαούρτι Στραγγιστό 5% 3x200g,2.57
2025-06-05,1621401,ΡΟΔΟΠΗ Γιαούρτι Πρόβειο Παραδοσιακό 200g,1.42
2025-06-05,1221394,ΜΑΡΑΤΑ Κρέμα Γάλακτος 35% 2x200g +1 Δώρο,3.28
2025-06-05,1622940,ΡΟΔΟΠΗ Γιαούρτι Κατσικίσιο Παραδοσιακό Βιολογικό 200g,1.73
2025-06-05,1221232,ΜΕΒΓΑΛ Κρέμα Καραμελέ 150g,1.1
2025-06-05,5509666,ΜΕΒΓΑΛ Γιαούρτι Πρόβειο Παραδοσιακό Ελαφρύ 4% 220g,1.5
2025-06-05,1433451,ΜΕΒΓΑΛ Γιαούρτι Κατσικίσιο Παραδοσιακό 4% 220g,1.44
2025-06-05,1176088,ΣΤΑΜΟΥ Κρέμα Σοκολάτα 180g,0.8
2025-06-05,1226840,ΑΓΡΟΚΤΗΜΑΤΑ ΚΙΘΑΙΡΩΝΑ Ρυζόγαλο 180g,0.88
2025-06-05,1570063,ΠΗΛΙΑΓΝΟ Γιαούρτι Κατσικίσιο Βιολογικό 150g,1.0
2025-06-05,1632302,ΡΟΔΟΠΗ Κρέμα Σοκολάτα Χωρίς προσθήκη ζάχαρης 160g,1.24
2025-06-05,1632300,ΡΟΔΟΠΗ Κρέμα Χωρίς προσθήκη ζάχαρης 160g,1.24
2025-06-05,3232618,ΦΑΓΕ Total Γιαούρτι Στραγγιστό 5% 1kg,5.35
2025-06-05,5140090,ΔΩΔΩΝΗ Γιαούρτι Στραγγιστό 2% 1kg,4.64
2025-06-05,1644540,ΝΟΥΝΟΥ Κρέμα Γάλακτος Light 3x200ml,3.08
2025-06-05,1643239,ΜΕΒΓΑΛ High Protein Πουτίγκα με γεύση Σοκολάτα Χωρίς γλουτένη Χωρίς προσθήκη ζάχαρης 200g,1.55
2025-06-05,1644870,ΟΛΥΜΠΟΣ Κρέμα Γάλακτος 12% 3x200ml,3.12
2025-06-05,1220914,ΟΛΥΜΠΟΣ Κεφίρ Γιαούρτι 1% 2x150g,2.38
2025-06-05,1612685,ΔΕΛΤΑ Advance Επιδόρπιο Γιαουρτιού Ροδάκινο Μήλο Βρόμη 2x140g,1.97
2025-06-05,4027934,ΦΑΓΕ Total Γιαούρτι Στραγγιστό 5% 500g,2.98
2025-06-05,1496788,ΚΡΙ ΚΡΙ Kids Pj Masks Επιδόρπιο Γιαουρτιού Φράουλα με Σοκομπιλάκια 3x150g ,2.98
2025-06-05,2935179,ΦΑΓΕ Αγελαδίτσα Γιαούρτι 2% 3x200g,2.65
2025-06-05,1632301,ΡΟΔΟΠΗ Ρυζόγαλο Χωρίς προσθήκη ζάχαρης 160g,1.24
2025-06-05,1273181,ΑΓΡΟΚΤΗΜΑΤΑ ΚΙΘΑΙΡΩΝΑ Κρέμα Βανίλια 180g,0.88
2025-06-05,1615370,ΔΕΛΤΑ Vitaline Protein Mousse με γεύση Bitter Σοκολάτας Χωρίς γλουτένη 200g,2.3
2025-06-05,1593216,ΜΑΡΑΤΑ Γιαούρτι Αγελάδος 2% Χωρίς λακτόζη 2x200g,1.15
2025-06-05,1612767,ΚΡΙ ΚΡΙ High Protein Super Spoon Πουτίγκα  με γεύση Βανίλια Χωρίς προσθήκη ζάχαρης 200g,1.98
2025-06-05,1470405,ΣΤΑΜΟΥ Η Κατσικούλα Μας Γιαούρτι Κατσικίσιο 240g,1.63
2025-06-05,1162334,ΚΡΙ ΚΡΙ Γιαούρτι Στραγγιστό &amp; Αγαπημένο 2% 1kg,3.55
2025-06-05,1632016,ΦΑΡΜΑ ΚΟΥΚΑΚΗ Γιαούρτι Πρόβειο Παραδοσιακό 220g,1.38
2025-06-05,7165491,ΔΩΔΩΝΗ Γιαούρτι Στραγγιστό 8% 1kg,4.64
2025-06-05,5243431,ΜΕΒΓΑΛ Ρυζόγαλο Πολίτικο 150g,1.13
2025-06-05,1528947,ΟΛΥΜΠΟΣ Μεγαλώνω Γιαούρτι Κατσικίσιο Χωρίς προσθήκη ζάχαρης 2x150g,2.98
2025-06-05,1586992,ACTIVIA Τραγανή Απόλαυση Επιδόρπιο Γιαουρτιού με Νιφάδες Δημητριακών 3x188g,3.19
2025-06-05,1643488,ΜΕΒΓΑΛ High Protein Πουτίγκα με γεύση Αλατισμένη Καραμέλα Χωρίς γλουτένη Χωρίς προσθήκη ζάχαρης 200g,1.55
2025-06-05,1466777,ΟΛΥΜΠΟΣ Γιαούρτι Στραγγιστό 5% 1kg,4.95
2025-06-05,1621395,ΡΟΔΟΠΗ Γιαούρτι Πρόβειο Παραδοσιακό Βιολογικό 200g,1.73
2025-06-05,1181873,ΚΡΙ ΚΡΙ Kids Scooby Doo Επιδόρπιο Γιαουρτιού Φράουλα με Σοκομπιλάκια 3x150g,3.22
2025-06-05,1587503,ΜΑΡΑΤΑ Επιδόρπιο Γιαουρτιού με Φράουλα Χωρίς γλουτένη 2x200g,1.34
2025-06-05,1233028,ΣΤΑΜΟΥ Ρυζόγαλο 1-5% με Στέβια Χωρίς γλουτένη Χωρίς προσθήκη ζάχαρης 180g,1.27
2025-06-05,1506642,ΚΡΙ ΚΡΙ Superspoon High Protein Γιαούρτι Στραγγιστό 0% 2x205g,2.48
2025-06-05,1176091,ΣΤΑΜΟΥ Γιαούρτι Πρόβειο 240g,1.7
2025-06-05,1612672,ΔΕΛΤΑ Advance Επιδόρπιο Γιαουρτιού Αχλάδι Βερίκοκο 2x140g,1.97
2025-06-05,1559842,ΔΕΛΤΑ Complet Επιδόρπιο Γιαουρτιού 2% 3x190g,3.58
2025-06-05,1586994,ACTIVIA Τραγανή Απόλαυση Επιδόρπιο Γιαουρτιού με Νιφάδες Δημητριακών Μέλι &amp; Αμύγδαλα 188g,1.26
2025-06-05,1614103,ΝΟΥΝΟΥ Power Βowl Επιδόρπιο Γιαουρτιού Μπισκότο Ολικής Chia Ηλιόσπορος &amp; Λιναρόσπορος 2% 2x175g,1.98
2025-06-05,1510850,ΑΜΕΡΙΚΑΝΙΚΗΣ ΓΕΩΡΓΙΚΗΣ ΣΧΟΛΗΣ Γιαούρτι Στραγγιστό 2% 180g,1.35
2025-06-05,1430777,ΟΛΥΜΠΟΣ Γιαούρτι Στραγγιστό 2% Βιολογικό 2x170g,3.04
2025-06-05,1442170,ΟΛΥΜΠΟΣ Καρπός Αμύγδαλο Επιδόρπιο Φυτικό Μύρτιλο Vegan Χωρίς γλουτένη Χωρίς λακτόζη 150g,1.17
2025-06-05,1587489,ΜΑΡΑΤΑ Επιδόρπιο Γιαουρτιού με Ροδάκινο Χωρίς γλουτένη 2x200g,1.34
2025-06-05,1559839,ΔΕΛΤΑ Complet Επιδόρπιο Γιαουρτιού 2% Χωρίς λακτόζη 3x190g,3.1
2025-06-05,1470552,ΚΡΙ ΚΡΙ Γιαούρτι Αγελάδος 2% Χωρίς λακτόζη 3x200g,2.03
2025-06-05,1614168,ALPRO Protein Πουτίγκα Σόγιας με γεύση Σοκολάτα Vegan Χωρίς λακτόζη 200g,2.03
2025-06-05,1528939,ΟΛΥΜΠΟΣ Μεγαλώνω Γιαούρτι Αγελαδινό Χωρίς προσθήκη ζάχαρης 2x150g,2.0
2025-06-05,1589130,ΔΕΛΤΑ Vitaline Protein Πουτίγκα με γεύση Βανίλια Χωρίς γλουτένη Χωρίς λακτόζη Χωρίς προσθήκη ζάχαρης 200g,1.96
2025-06-05,1466780,ΟΛΥΜΠΟΣ Γιαούρτι Στραγγιστό 5% 3x200g,3.04
2025-06-05,1275907,ΜΕΒΓΑΛ Κρέμα Βανίλια 150g,1.12
2025-06-05,1612668,ΔΕΛΤΑ Advance Επιδόρπιο Γιαουρτιού Φαρίν Λακτέ 2x140g,1.97
2025-06-05,1643243,ΜΕΒΓΑΛ High Protein Πουτίγκα με γεύση Βανίλια Χωρίς γλουτένη Χωρίς προσθήκη ζάχαρης 200g,1.55
2025-06-05,1531203,ΣΤΑΜΟΥ Κρέμα Καραμελέ 150g,0.94
2025-06-05,1489894,ΔΩΔΩΝΗ Γιαούρτι Κατσικίσιο Παραδοσιακό 240g,1.48
2025-06-05,1454076,ΟΛΥΜΠΟΣ Καρπός Αμύγδαλο Επιδόρπιο Φυτικό Φράουλα Vegan Χωρίς γλουτένη Χωρίς λακτόζη 150g,1.17
2025-06-05,1442172,ΟΛΥΜΠΟΣ Καρπός Αμύγδαλο Επιδόρπιο Φυτικό Δαμάσκηνο Βρόμη Vegan Χωρίς λακτόζη 150g,1.17
2025-06-05,1181881,ΚΡΙ ΚΡΙ Kids Scooby Doo Επιδόρπιο Γιαουρτιού Μπανάνα με Σοκομπιλάκια 3x150g,3.22
2025-06-05,3674397,ΚΡΙ ΚΡΙ Γιαούρτι Αγελάδος 2% 3x200g,2.18
2025-06-05,9946484,KINDER Γαλακτοφέτες 5x28g,3.14
2025-06-05,1600076,ΔΕΛΤΑ Vitaline Protein Πουτίγκα με γεύση Καραμέλας Χωρίς γλουτένη Χωρίς λακτόζη Χωρίς προσθήκη ζάχαρης 200g,1.96
2025-06-05,1217698,ΚΡΙ ΚΡΙ Kids Peppa Pig Επιδόρπιο Γιαουρτιού Μήλο Αχλάδι Μπανάνα 3x140g,2.47
2025-06-05,1181902,ΚΡΙ ΚΡΙ Kids Scooby Doo Επιδόρπιο Γιαουρτιού Μπισκότο με Σοκομπιλάκια 3x150g,3.22
2025-06-05,1233038,ΣΤΑΜΟΥ Κρέμα με Στέβια 1-5% Χωρίς γλουτένη Χωρίς προσθήκη ζάχαρης 180g,1.26
2025-06-05,1622941,ΡΟΔΟΠΗ Γιαούρτι Πρόβειο Ελαφρύ Παραδοσιακό 200g,1.43
2025-06-05,1645325,ΜΕΒΓΑΛ Γιαούρτι Πρόβειο Παραδοσιακό 240g,1.57
2025-06-05,1610169,DANONE HiPro Protein Πουτίγκα με γεύση Σοκολάτα Χωρίς προσθήκη ζάχαρης 200g,1.6
2025-06-05,1585836,ARLA Protein Πουτίγκα με γεύση Αλατισμένη Καραμέλα Χωρίς λακτόζη Χωρίς προσθήκη ζάχαρης 200g,1.38
2025-06-05,1614624,ΣΤΑΜΟΥ Κρέμα με Ζελέ Φράουλα 170g,0.96
2025-06-05,1217679,ΚΡΙ ΚΡΙ Superspoon High Protein Επιδόρπιο Γιαουρτιού με Ρόδι Ράσμπερι &amp; Goji Berry 2x170g,1.86
2025-06-05,1217691,ΚΡΙ ΚΡΙ Superspoon High Protein Επιδόρπιο Γιαουρτιού Μύρτιλο Βατόμουρο 2x170g,1.86
2025-06-05,1568004,ΜΕΒΓΑΛ Επιδόρπιο Καϊμάκι Βύσσινο 150g,1.24
2025-06-05,1644949,ΜΕΒΓΑΛ Harmony Επιδόρπιο Γιαουρτιού 1% Λεμόνι 2x170g,1.82
2025-06-05,3257029,ΟΛΥΜΠΟΣ Γιαούρτι Κατσικίσιο 2x200g,3.28
2025-06-05,1452274,ΔΕΛΤΑ Advance Bio Γιαούρτι Βρεφικό Βιολογικό Χωρίς προσθήκη ζάχαρης 2x140g,2.24
2025-06-05,1473844,ΔΕΛΤΑ Vitaline Go Protein Επιδόρπιο Γιαουρτιού με Βανίλια &amp; Κομμάτια Σοκολάτας Χωρίς προσθήκη ζάχαρης 2x170g,2.73
2025-06-05,1641686,ΦΑΡΜΑ ΚΟΥΚΑΚΗ Γιαούρτι Στραγγιστό 2% 3x200g,2.94
2025-06-05,1233037,ΣΤΑΜΟΥ Κρέμα Βανίλια Σοκολάτα Χωρίς γλουτένη 180g,1.23
2025-06-05,1572912,ΕΒΟΛ Γιαούρτι Κατσικίσιο Στραγγιστό 200g,1.75
2025-06-05,1589368,DANONE HiPro Protein Επιδόρπιο Γιαουρτιού με γεύση Στρατσιατέλα Χωρίς γλουτένη Χωρίς προσθήκη ζάχαρης 160g,1.24
2025-06-05,1222742,ΚΡΙ ΚΡΙ Superspoon High Protein Επιδόρπιο Γιαουρτιού Μπανάνα Μάνγκο 2x170g,2.48
2025-06-05,2136182,ΓΙΩΤΗΣ Κρέμα Καραμελέ 4x100g,2.86
2025-06-05,1559835,ΔΕΛΤΑ Complet Επιδόρπιο Γιαουρτιού 2% 1kg,4.08
2025-06-05,1614127,ΝΟΥΝΟΥ Power Βowl Επιδόρπιο Γιαουρτιού Μπανάνα Βρόμη &amp; Κομμάτια Μαύρης Σοκολάτας 2% 2x175g,1.98
2025-06-05,1597498,ΣΤΑΜΟΥ Κρέμα Σοκολάτα με γεύση Πραλίνα 180g,1.03
2025-06-05,3999448,ΕΒΟΛ Γιαούρτι Κατσικίσιο Βιολογικό 190g,1.6
2025-06-05,1561818,ΜΕΒΓΑΛ Harmony Gourmet Επιδόρπιο Γιαουρτιού Πορτοκάλι &amp; Βέλγικη Σοκολάτα 160g,1.68
2025-06-05,1330232,ΜΕΒΓΑΛ Only Επιδόρπιο Γιαουρτιού 2% Χωρίς λακτόζη 3x200g,2.12
2025-06-05,1641688,ΦΑΡΜΑ ΚΟΥΚΑΚΗ Γιαούρτι Στραγγιστό 3x200g ,2.94
2025-06-05,9946518,KINDER Pingui 4x30g,2.8
2025-06-05,1099573,ΦΑΡΜΑ ΚΟΥΚΑΚΗ Γιαούρτι Στραγγιστό Πλήρες 1kg,4.48
2025-06-05,6067862,ΓΙΩΤΗΣ Sweet &amp; Balance Φρουί Ζελέ με γεύση Φράουλα με Στέβια Χωρίς ζάχαρη 2x150g,2.14
2025-06-05,1221833,ΜΑΡΑΤΑ Γιαούρτι Αγελάδος 3-9% 3x200g,1.3
2025-06-05,1614675,ΣΤΑΜΟΥ Ζελέ με γεύση Φράουλα &amp; Κομμάτια Φρούτων 165g,0.92
2025-06-05,6172035,ALPRO Επιδόρπιο Σόγιας με Μαύρη Σοκολάτα Vegan Χωρίς γλουτένη 4x125g,2.7
2025-06-05,1217705,ΚΡΙ ΚΡΙ Kids Peppa Pig Επιδόρπιο Γιαουρτιού Φράουλα Μπισκότο 3x140g,2.47
2025-06-05,1287194,ΤΖΙΦΡΗΣ Κρέμα Σοκολάτα Χωρίς γλουτένη 180g,1.07
2025-06-05,1382595,ΒΕΛΟΥΔΟ Γιαούρτι Στραγγιστό Κατσικίσιο Βιολογικό 170g,2.43
2025-06-05,1547120,ΚΡΙ ΚΡΙ Grow Επιδόρπιο Γιαουρτιού με Δημητριακά 2x140g,1.85
2025-06-05,1615789,ΜΑΡΑΤΑ Κρέμα Γάλακτος 35% 350ml,2.3
2025-06-05,1541811,ΦΑΓΕ Total Επιδόρπιο Στραγγιστού Γιαουρτιού με Μέλι Χωρίς γλουτένη 2x150g ,2.37
2025-06-05,1614159,ALPRO Επιδόρπιο Σόγιας Βlueberry Vegan Χωρίς γλουτένη Χωρίς λακτόζη 500g,3.1
2025-06-05,1125331,ΣΤΑΜΟΥ Κρέμα Σοκολάτα με Στέβια Χωρίς γλουτένη Χωρίς προσθήκη ζάχαρης 180g,1.3
2025-06-05,1600819,ROYAL Φυτική Κρέμα Μαγειρικής 500ml,2.08
2025-06-05,1510852,ΑΜΕΡΙΚΑΝΙΚΗΣ ΓΕΩΡΓΙΚΗΣ ΣΧΟΛΗΣ Γιαούρτι Στραγγιστό 5% 180g,1.35
2025-06-05,1491540,ΚΡΙ ΚΡΙ Kids Pj Masks Επιδόρπιο Γιαουρτιού Μπάνανα με Σοκομπιλάκια 3x150g,2.98
2025-06-05,6267009,ΦΑΡΜΑ ΚΟΥΚΑΚΗ Ρυζόγαλο 180g,1.18
2025-06-05,1597252,ΦΑΓΕ Αγελαδίτσα Γιαούρτι 2% Χωρίς λακτόζη 3x200g,2.65
2025-06-05,1553397,ΣΤΑΜΟΥ Γιαούρτι Πρόβειο 2% 240g,1.7
2025-06-05,1287188,ΤΖΙΦΡΗΣ Κρέμα Βανίλια Χωρίς γλουτένη 180g,1.07
2025-06-05,1547119,ΚΡΙ ΚΡΙ Grow Επιδόρπιο Γιαουρτιού Μπανάνα &amp; Μήλο 2x140g,1.85
2025-06-05,1562589,ΜΕΒΓΑΛ Harmony Gourmet Επιδόρπιο Γιαουρτιού Αλατισμένη Καραμέλα &amp; Βέλγικη Σοκολάτα 160g,1.68
2025-06-05,1442166,ΟΛΥΜΠΟΣ Καρπός Αμύγδαλο Επιδόρπιο Φυτικό Vegan Χωρίς γλουτένη Χωρίς λακτόζη 150g,1.15
2025-06-05,1632889,ALPRO Natural Επιδόρπιο Σόγιας Vegan Χωρίς γλουτένη Χωρίς ζάχαρη 400g,2.48
2025-06-05,1602555,ΤΕΜΠΗ Γιαούρτι Κατσικίσιο Βιολογικό 220g,2.16
2025-06-05,1489893,ΔΩΔΩΝΗ Γιαούρτι Πρόβειο Παραδοσιακό 240g,1.58
2025-06-05,1614160,ALPRO Επιδόρπιο Σόγιας Βανίλια Vegan Χωρίς γλουτένη Χωρίς λακτόζη 500g,3.1
2025-06-05,1617428,KOKO Greek Style Επιδόρπιο Φυτικό Καρύδας Vegan Χωρίς γλουτένη Χωρίς λακτόζη 350g,3.6
2025-06-05,1632086,ΚΡΙ ΚΡΙ Superspoon High Protein Επιδόρπιο Γιαουρτιού Φράουλα Χωρίς λακτόζη Χωρίς προσθήκη ζάχαρης 200g,1.67
2025-06-05,1529166,ΣΤΑΜΟΥ Η Κατσικούλα Μας Γιαούρτι Κατσικίσιο σε Πήλινο 220g,1.8
2025-06-05,1645447,ΑΓΡΟΚΤΗΜΑΤΑ ΚΙΘΑΙΡΩΝΑ Χαλβάς Σιμιγδαλένιος 150g ,1.3
2025-06-05,1624571,ΜΕΒΓΑΛ Maniacs Bluey Επιδόρπιο Γιαουρτιού Φράουλα Μπανάνα 3x140g,2.58
2025-06-05,4582797,ΦΑΓΕ Γλυκοκουταλιές Risolat Βανίλια 2x170g,1.55
2025-06-05,1583919,MILKA Choco Snack Γαλακτοκέικ 29g,0.86
2025-06-05,1615742,ΜΕΒΓΑΛ Harmony Gourmet Επιδόρπιο Γιαουρτιού Double Choco &amp; Brownies 160g,1.68
2025-06-05,1615747,ΜΕΒΓΑΛ High Protein Επιδόρπιο Στραγγιστού Γιαουρτιού Φράουλα Χωρίς προσθήκη ζάχαρης 170g,1.36
2025-06-05,1644873,ΜΕΒΓΑΛ Harmony Επιδόρπιο Γιαουρτιού Stacciatella 2x170g,1.82
2025-06-05,1632091,ΚΡΙ ΚΡΙ Superspoon High Protein Επιδόρπιο Γιαουρτιού Καραμέλα &amp; Αχλάδι Χωρίς λακτόζη Χωρίς προσθήκη ζάχαρης 200g,1.67
2025-06-05,1649385,ΚΡΙ ΚΡΙ High Protein Super Spoon Πουτίγκα με γεύση Μπανάνα Toffe Χωρίς προσθήκη ζάχαρης 200g,1.58
2025-06-05,7135510,ACTIVIA Επιδόρπιο Γιαουρτιού 2% Καρύδι &amp; Βρόμη 2x200g,2.63
2025-06-05,2943306,ACTIVIA Επιδόρπιο Γιαουρτιού 2% με Φράουλα 2x200g,2.63
2025-06-05,2674034,ΔΩΔΩΝΗ Γιαούρτι Στραγγιστό 2% 3x200g,2.91
2025-06-05,1099576,ΦΑΡΜΑ ΚΟΥΚΑΚΗ Γιαούρτι Αγελάδος 220g,1.2
2025-06-05,1621979,ΟΛΥΜΠΟΣ Γιαούρτι Πρόβειο Παραδοσιακό 200g,1.46
2025-06-05,1615669,ΡΟΔΟΠΗ Κρέμα Καραμέλα 160g\t,1.1
2025-06-05,1622939,ΡΟΔΟΠΗ Γιαούρτι Αγελάδος Παραδοσιακό 3-9% 200g,0.93
2025-06-05,1640405,ΔΕΛΤΑ Vitaline Επιδόρπιο Γιαουρτιού Φράουλα με Στέβια Χωρίς προσθήκη ζάχαρης 3x180g,3.46
2025-06-05,1223774,ΣΤΑΜΟΥ Μουσταλευριά 180g,1.06
2025-06-05,1220173,DANONE Super Mario Yogoloso Επιδόρπιο Γιαουρτιού Φράουλα &amp; Σοκολατένια Κουφετάκια 2x110g,1.97
2025-06-05,1615369,ΔΕΛΤΑ Vitaline Protein Mousse με γεύση Βανίλιας Χωρίς γλουτένη 200g,2.3
2025-06-05,1650202,ΡΟΔΟΠΗ Κρέμα με γεύση Λεμόνι Μπισκότο 160g,1.1
2025-06-05,1600821,ΠΗΛΙΑΓΝΟ Γιαούρτι Πρόβειο 6% Βιολογικό 150g,1.0
2025-06-05,1644544,ΝΟΥΝΟΥ Telia Προϊόν με Κρέμα Γάλακτος 3% 3x200ml,3.1
2025-06-05,1614633,ΣΤΑΜΟΥ Ζελέ με γεύση Ροδάκινο &amp; Κομμάτια Φρούτων 165g,0.92
2025-06-05,5831102,ΦΑΡΜΑ ΚΟΥΚΑΚΗ Γλύκισμα με γεύση Βανίλια 170g,1.18
2025-06-05,1613252,ΔΕΛΤΑ Του Τόπου Μας Γιαούρτι Στραγγιστό 2% 2x200g,2.54
2025-06-05,3482379,ALPRO Cooking Κρέμα Μαγειρικής Σόγιας Vegan Χωρίς γλουτένη Χωρίς λακτόζη 250ml,2.2
2025-06-05,1614165,ALPRO Επιδόρπιο Σόγιας Φράουλα Vegan Χωρίς γλουτένη Χωρίς λακτόζη 500g,3.1
2025-06-05,1585834,ARLA Protein Πουτίγκα με γεύση Φουντούκι &amp; Καφέ Χωρίς λακτόζη Χωρίς προσθήκη ζάχαρης 200g,1.38
2025-06-05,1593429,ΑΓΡΟΚΤΗΜΑΤΑ ΚΙΘΑΙΡΩΝΑ Κρέμα Βανίλια με Στέβια 150g,1.0
2025-06-05,1615745,ΜΕΒΓΑΛ High Protein Επιδόρπιο Στραγγιστού Γιαουρτιού Μπανάνα &amp; γεύση Φιστικοβούτυρο Χωρίς προσθήκη ζάχαρης 170g,1.36
2025-06-05,1630399,ΜΕΒΓΑΛ Κρέμα Panna Cotta με γεύση Kαφέ 150g,1.24
2025-06-05,1548914,ΔΩΔΩΝΗ Plant&#39;d Επιδόρπιο Φυτικό Βρόμη με Μήλο &amp; Κανέλα Vegan 150g,1.45
2025-06-05,1634430,ALPRO Protein Πουτίγκα Σόγιας με γεύση Βανίλια Χωρίς γλουτένη Χωρίς λακτόζη 200g,2.03
2025-06-05,1610167,DANONE HiPro Protein Πουτίγκα με γεύση Βανίλια Χωρίς προσθήκη ζάχαρης 200g,1.6
2025-06-05,1640404,ΔΕΛΤΑ Vitaline Επιδόρπιο Γιαουρτιού Ροδάκινο με Στέβια Χωρίς προσθήκη ζάχαρης 3x180g,3.46
2025-06-05,1473845,ΔΕΛΤΑ Vitaline Go Protein Επιδόρπιο Γιαουρτιού Ροδάκινο Χωρίς προσθήκη ζάχαρης 2x170g,2.73
2025-06-05,1511506,ΣΥΝΕΤΑΙΡΙΣΜΟΣ ΚΑΛΑΒΡΥΤΩΝ Ρυζόγαλο 170g,1.1
2025-06-05,1221395,ΜΑΡΑΤΑ Κρέμα Γάλακτος Light 15% 200g,1.08
2025-06-05,1589363,DANONE HiPro Protein Επιδόρπιο Γιαουρτιού με γεύση Φιστικοβούτυρο &amp; Μπανάνα Χωρίς γλουτένη Χωρίς προσθήκη ζάχαρης 160g,1.24
2025-06-05,1559837,ΔΕΛΤΑ Complet Γιαούρτι 10% 1kg,4.08
2025-06-05,1624561,ΜΕΒΓΑΛ Maniacs Bluey Επιδόρπιο Γιαουρτιού Αχλάδι Μήλο Μπανάνα 3x140g,2.58
2025-06-05,1541809,ΦΑΓΕ Total Επιδόρπιο Στραγγιστού Γιαουρτιού με Φράουλα Χωρίς γλουτένη 2x150g,2.37
2025-06-05,1640422,ΔΕΛΤΑ Smart Επιδόρπιο Γιαουρτιού Φράουλα 3x140g,3.18
2025-06-05,1649379,ΚΡΙ ΚΡΙ Grow Επιδόρπιο Γιαουρτιού Μήλο &amp; Καρότο 2x140g,1.95
2025-06-05,1598368,ΚΡΙ ΚΡΙ Γιαούρτι Στραγγιστό &amp; Αγαπημένο 5% 3x200g,2.5
2025-06-05,1113608,ΕΒΟΛ Γιαούρτι Πρόβειο 2% 250g,1.4
2025-06-05,1650135,ΦΑΓΕ Total Γιαούρτι Στραγγιστό 0% 1kg,5.35
2025-06-05,1432952,ΕΒΟΛ Γιαούρτι Κατσικίσιο 220g,1.24
2025-06-05,1532281,ΣΥΝΕΤΑΙΡΙΣΜΟΣ ΚΑΛΑΒΡΥΤΩΝ Γιαούρτι Κατσικίσιο Παραδοσιακό 4-5% 240g,1.52
2025-06-05,1559845,ΔΕΛΤΑ Complet Γιαούρτι 10% 3x190g,3.58
2025-06-05,6067920,ΓΙΩΤΗΣ Sweet &amp; Balance Φρουί Ζελέ με  γεύση Κεράσι με Στέβια Χωρίς ζάχαρη 2x150g,2.14
2025-06-05,7182637,ΦΑΓΕ Αγελαδίτσα Γιαούρτι 4% 3x200g,2.65
2025-06-05,1614157,ALPRO Protein Επιδόρπιο Σόγιας Κόκκινα Φρούτα Vegan Χωρίς γλουτένη Χωρίς λακτόζη 200g,1.33
2025-06-05,1648620,ΦΑΓΕ Total Γιαούρτι Στραγγιστό 0% 3x200g,3.88
2025-06-05,2373652,DANETTE Επιδόρπιο Σοκολάτα 4x125g,2.79
2025-06-05,1233027,ΣΤΑΜΟΥ Γιαούρτι Πρόβειο Ελαφρύ 2% 220g,1.85
2025-06-05,1610168,DANONE HiPro Protein Πουτίγκα με γεύση Καραμέλα Χωρίς προσθήκη ζάχαρης 200g,1.6
2025-06-05,1221391,ΜΑΡΑΤΑ Κρέμα Γάλακτος 35% 200g,1.64
2025-06-05,1648888,ADORO Κρέμα Γάλακτος Light 3x200ml,3.58
2025-06-05,1640403,ΔΕΛΤΑ Vitaline Επιδόρπιο Γιαουρτιού Κεράσι με Στέβια Χωρίς προσθήκη ζάχαρης 3x180g,3.46
2025-06-05,1614118,ΝΟΥΝΟΥ Power Βowl Επιδόρπιο Γιαουρτιού Φράουλα Φραγκοστάφυλο Δημητριακά &amp; Λιναρόσπορος 1-7% 2x175g,1.98
2025-06-05,2935161,ΦΑΓΕ Αγελαδίτσα Γιαούρτι 0% 3x200g,2.65
2025-06-05,1644965,ΜΕΒΓΑΛ Frutomaniacs Επιδόρπιο Γιαουρτιού Φράουλα με Σοκολατομπαλίτσες Ίον 3x140g,3.07
2025-06-05,6964522,ΝΟΥΝΟΥ Κρέμα Σαντιγί 250g,2.6
2025-06-05,1644872,ΟΛΥΜΠΟΣ Κρέμα Γάλακτος 35% 3x200ml,5.67
2025-06-05,3674439,ΚΡΙ ΚΡΙ Γιαούρτι Αγελάδος 3-9% 3x200g,2.18
2025-06-05,1223772,ΜΑΡΑΤΑ Κρέμα Γάλακτος 35% 1lt,6.1
2025-06-05,1644955,ΜΕΒΓΑΛ Harmony Επιδόρπιο Γιαουρτιού 1% Φρούτα του Δάσους 2x170g,1.82
2025-06-05,1099558,ACTIVIA Επιδόρπιο Γιαουρτιού Λεμόνι 2% 2x200g,2.63
2025-06-05,1287189,ΤΖΙΦΡΗΣ Ρυζόγαλο Χωρίς γλουτένη 180g,1.07
2025-06-05,1645351,ΟΛΥΜΠΟΣ Γιαούρτι Αγελάδος 2% Βιολογικό 2x200g,2.8
2025-06-05,1593430,ΑΓΡΟΚΤΗΜΑΤΑ ΚΙΘΑΙΡΩΝΑ Ρυζόγαλο με Στέβια 150g,1.0
2025-06-05,9629874,ADORO Vegetal Φυτική Κρέμα 500ml,2.28
2025-06-05,1642249,ΟΛΥΜΠΟΣ Κρέμα Γάλακτος 20% 3x200ml,3.86
2025-06-05,1509831,ΔΕΛΤΑ Vitaline Go Protein Επιδόρπιο Γιαουρτιού Μπανάνα Βρόμη Αμύγδαλο Σιτάρι &amp; Chia 2x170g,2.73
2025-06-05,4816617,ΓΙΩΤΗΣ Φρουί Ζελέ με γεύση Φράουλα &amp; Κομμάτια Φρούτων 2x165g,1.94
2025-06-05,1598373,ΚΡΙ ΚΡΙ Γιαούρτι Στραγγιστό &amp; Αγαπημένο 5% 1kg,3.55
2025-06-05,1111484,ΓΙΩΤΗΣ Κρέμα Παραδοσιακή Χωρίς γλουτένη 2x170g,2.3
2025-06-05,5523675,ΓΙΩΤΗΣ Φρουί Ζελέ με γεύση Φράουλα 2x165g,1.86
2025-06-05,1598602,KOKO Επιδόρπιο Φυτικό Καρύδας Plain Yogrt! Vegan Χωρίς γλουτένη Χωρίς λακτόζη 400g,3.35
2025-06-05,1275909,ΜΕΒΓΑΛ Κρέμα Σοκολάτα 150g,1.1
2025-06-05,1534314,SOJADE Επιδόρπιο Σόγιας Ala Grecque Βιολογικό Vegan Χωρίς γλουτένη Χωρίς λακτόζη 400g,3.65
2025-06-05,9653890,ΚΡΙ ΚΡΙ Σπιτικό Επιδόρπιο Γιαουρτιού 2% 1kg,3.08
2025-06-05,1511505,ΣΥΝΕΤΑΙΡΙΣΜΟΣ ΚΑΛΑΒΡΥΤΩΝ Κρέμα Βανίλια 170g,1.1
2025-06-05,4242491,ΒΙΟΤΟΠΟΣ Επιδόρπιο Γιαουρτιού με Φράουλα Βιολογικό Χωρίς γλουτένη 2x125g,2.5
2025-06-05,1604026,ΟΛΥΜΠΟΣ Μεγαλώνω Αγελαδινό Επιδόρπιο Γιαουρτιού Μήλο Μπανάνα 2x150g,2.4
2025-06-05,1176093,ΣΤΑΜΟΥ Γιαούρτι Αγελάδος 3-5% 240g,1.25
2025-06-05,1614105,ΝΟΥΝΟΥ Power Βowl Επιδόρπιο Γιαουρτιού Ροδάκινο Βρόμη &amp; Λιναρόσπορος 1-5% 2x175g,1.98
2025-06-05,1615746,ΜΕΒΓΑΛ High Protein Επιδόρπιο Στραγγιστού Γιαουρτιού Μάνγκο &amp; Φρούτο του Πάθους Χωρίς προσθήκη ζάχαρης 170g,1.36
2025-06-05,1612680,ΔΕΛΤΑ Advance Επιδόρπιο Γιαουρτιού Λευκό 2x140g,1.97
2025-06-05,1233066,ΣΤΑΜΟΥ Γιαούρτι Πρόβειο σε Πήλινο 970g,5.35
2025-06-05,1613278,ΔΕΛΤΑ Του Τόπου Μας Γιαούρτι Στραγγιστό 10% 2x200g,2.54
2025-06-05,1589372,DANONE HiPro Protein Επιδόρπιο Γιαουρτιού με γεύση Βανίλια Χωρίς προσθήκη ζάχαρης 160g,1.24
2025-06-05,1597098,ΔΩΔΩΝΗ Γιαούρτι Στραγγιστό 2% 500g,2.7
2025-06-05,1221828,ΜΑΡΑΤΑ Γιαούρτι Στραγγιστό 10% 200g,0.59
2025-06-05,4085627,VEGETALCREM Φυτική Κρέμα για Σαντιγί 500ml,2.9
2025-06-05,1566954,ΚΡΙ ΚΡΙ Επιδόρπιο Γιαουρτιού 1-7% Φράουλα 3x180g,2.75
2025-06-05,5509633,ΜΕΒΓΑΛ Παραδοσιακό Γιαούρτι Αγελάδος 3-9% 220g,1.03
2025-06-05,1545095,ΚΡΙ ΚΡΙ Superspoon Active Plus Επιδόρπιο Γιαουρτιού με Δημητριακά Σίτου &amp; Καλαμποκιού 2x200g,2.48
2025-06-05,1566949,ΚΡΙ ΚΡΙ Επιδόρπιο Γιαουρτιού 1-7% Ροδάκινο 3x180g,2.75
2025-06-05,1548909,ΔΩΔΩΝΗ Plant&#39;d Επιδόρπιο Φυτικό Βρόμη με Βανίλια Vegan 150g,1.45
2025-06-05,2863512,ΔΩΔΩΝΗ Γιαούρτι Στραγγιστό 8% 3x200g,2.91
2025-06-05,1644979,ΜΕΒΓΑΛ Recor Ζελέ με γεύση Φράουλα 4x128g,1.95
2025-06-05,2740397,ΓΙΩΤΗΣ Άνθος Αραβοσίτου Επιδόρπιο Γάλακτος με Κρέμα &amp; Σοκολάτα Χωρίς γλουτένη 4x100g,3.28
2025-06-05,1221832,ΜΑΡΑΤΑ Γιαούρτι Στραγγιστό 2% 200g,0.59
2025-06-05,1297871,KOLIOS Γιαούρτι Στραγγιστό 2% 850g,3.94
2025-06-05,3462504,ACTIVIA Επιδόρπιο Γιαουρτιού 2% με Δαμάσκηνο 2x200g,2.63
2025-06-05,1377007,SOJASUN Επιδόρπιο Λευκό Bifidus Vegan Χωρίς γλουτένη Χωρίς λακτόζη 250g,1.84
2025-06-05,1433462,ΤΡΙΚΚΗ Κατσικάκι Kids Επιδόρπιο Γάλακτος Κατσικίσιο Φράουλα 140g,1.18
2025-06-05,3190311,ΓΙΩΤΗΣ Άνθος Αραβοσίτου με γεύση Κρέμα Βανίλια Χωρίς γλουτένη 4x100g,3.28
2025-06-05,1644628,ALPRO Επιδόρπιο Σόγιας με Κεράσι Χωρίς γλουτένη Χωρίς λακτόζη 500g,3.1
2025-06-05,1529167,ΣΤΑΜΟΥ Γιαούρτι Πρόβειο σε Πήλινο 220g,1.85
2025-06-05,1233068,ΣΤΑΜΟΥ Ρυζόγαλο Παραδοσιακό Χωρίς γλουτένη 440g,2.44
2025-06-05,1555100,ΜΕΒΓΑΛ Harmony Gourmet Επιδόρπιο Cookies Cream &amp; Brownies 160g,1.68
2025-06-05,1563637,ΣΤΑΜΟΥ Γιαούρτι Αγελάδος 2% 240g,1.25
2025-06-05,1433463,ΤΡΙΚΚΗ Κατσικάκι Kids Επιδόρπιο Γάλακτος Κατσικίσιο Μπανάνα Μπισκότο 140g,1.18
2025-06-05,1471578,ΟΛΥΜΠΟΣ Γιαούρτι Στραγγιστό 2% 500g,2.97
2025-06-05,1476769,ΣΥΝΕΤΑΙΡΙΣΜΟΣ ΚΑΛΑΒΡΥΤΩΝ Γιαούρτι Πρόβειο 240g,1.57
2025-06-05,1640421,ΔΕΛΤΑ Smart Επιδόρπιο Γιαουρτιού Μπισκότο 3x140g&#160;,3.18
2025-06-05,1586993,ACTIVIA Τραγανή Απόλαυση Επιδόρπιο Γιαουρτιού με Νιφάδες Δημητριακών 188g,1.26
2025-06-05,2742641,DANETTE Duo Επιδόρπιο Σοκολάτα &amp; Γάλα 4x70g,2.2
2025-06-05,1644627,ALPRO Επιδόρπιο Σόγιας με Καρύδα Χωρίς γλουτένη Χωρίς λακτόζη 500g,3.1
2025-06-05,1567838,ΑΓΡΟΚΤΗΜΑΤΑ ΚΙΘΑΙΡΩΝΑ Μουσταλευριά με Κανέλα 180g,0.9
2025-06-05,1644888,ΜΕΒΓΑΛ Frutomaniacs Επιδόρπιο Γιαουρτιού Μπανάνα με Σοκολατομπαλίτσες Ίον 3x140g,3.07
2025-06-05,1588644,GLYKAKI Μιλφέιγ 220g,2.67
2025-06-05,1588650,GLYKAKI Προφιτερόλ 200g,2.43
2025-06-05,4622817,ΜΕΒΓΑΛ Only Επιδόρπιο Γιαουρτιού 0% Χωρίς λακτόζη 3x200g,2.12
2025-06-05,1450610,KINDER Choco Fresh Γκοφρέτα 2τεμ 41g,1.76
2025-06-05,1588645,GLYKAKI Εκμέκ Κανταΐφι 200g,2.23
2025-06-05,4242566,ΒΙΟΤΟΠΟΣ Επιδόρπιο Γιαουρτιού με Μύρτιλο Βιολογικό Χωρίς γλουτένη 2x125g,2.5
2025-06-05,1295812,ΔΩΔΩΝΗ Γιαούρτι Αγελάδος 2% 3x200g,2.33
2025-06-05,1589366,DANONE HiPro Protein Επιδόρπιο Γιαουρτιού με γεύση Μύρτιλο Χωρίς γλουτένη Χωρίς προσθήκη ζάχαρης 160g,1.24
2025-06-05,5162987,TEDDI Επιδόρπιο Γιαουρτιού Φράουλα Βιολογικό Χωρίς γλουτένη 2x115g,2.43
2025-06-05,1643903,ΜΕΒΓΑΛ Maniacs Γαλακτοκέικ με Σοκολάτα 4x28g,2.88
2025-06-05,1588646,GLYKAKI Cheese Cake με Κεράσι 200g,2.23
2025-06-05,1644974,ΜΕΒΓΑΛ Recor Ζελέ με γεύση Κεράσι 4x128g,1.95
2025-06-05,1640418,ΔΕΛΤΑ Smart Επιδόρπιο Γιαουρτιού Μπανάνα 3x140g,3.18
2025-06-05,1648884,ADORO Κρέμα Γάλακτος 35% 3x200ml,4.52
2025-06-05,1223797,ΣΤΑΜΟΥ Γιαούρτι Αγελάδος 2% 220g,1.63
2025-06-05,1644874,ΜΕΒΓΑΛ Harmony Επιδόρπιο Γιαουρτιού 1% Μύρτιλο 2x170g,1.82
2025-06-05,1532656,PRESIDENT Κρέμα Γάλακτος 12% 3x200ml,2.74
2025-06-05,1643901,ΜΕΒΓΑΛ Maniacs Γαλακτοκέικ με Μέλι 4x28g,2.67
2025-06-05,1645398,GLYKAKI Κορμός μπουκιές 190g,2.67
2025-06-05,4139697,ΕΒΟΛ Γιαούρτι Πρόβειο Βιολογικό 190g,1.96
2025-06-05,1524262,SCHLAGFIX Φυτική Κρέμα Μαγειρικής Vegan Χωρίς γλουτένη Χωρίς λακτόζη 200ml,1.52
2025-06-05,2446763,ΕΒΟΛ Γιαούρτι Πρόβειο 6-7% 290g,1.45
2025-06-05,1251492,VEGETALCREM Cucina Φυτική Κρέμα Μαγειρικής 500ml,2.76
2025-06-05,2943249,ACTIVIA Επιδόρπιο Γιαουρτιού 2% με Ακτινίδιο 2x200g,2.63
2025-06-05,1297870,KOLIOS Γιαούρτι Στραγγιστό 5% 850g,3.94
2025-06-05,1610322,GLYKAKI Πάστα Ποντίκι 150g,2.67
2025-06-05,1593407,GLYKAKI τύπου Bueno 170g,2.43
2025-06-05,1610321,GLYKAKI Πάστα Αμυγδάλου 150g,2.67
2025-06-05,1562543,ΓΙΩΤΗΣ Sweet &amp; Balance Φρουί Ζελέ με γεύση Λεμόνι με Στέβια Χωρίς ζάχαρη 2x150g,2.16
2025-06-05,1582801,ΚΡΙ ΚΡΙ Superspoon Active Plus Επιδόρπιο Γιαουρτιού με Σύκο Δαμάσκηνο &amp; Βρόμη 2x170g,2.48
2025-06-05,1644950,ΜΕΒΓΑΛ Harmony Επιδόρπιο Γιαουρτιού 1% Ροδάκινο 2x170g,1.82
2025-06-05,1645684,GLYKAKI Choco τύπου Dubai 150g,3.8
2025-06-05,1645406,GLYKAKI Πάστα Σεράνο 150g,2.67
2025-06-05,1648885,ADORO Per Pasta Κρέμα Γάλακτος 3x200ml,4.21
2025-06-05,1562548,ΓΙΩΤΗΣ Κρεμοζελέ με γεύση Φράουλα 2x180g,2.32
2025-06-05,1650138,ΦΑΓΕ Total Επιδόρπιο Στραγγιστού Γιαουρτιού 2% με Ρόδι &amp; Ράσμπερι 2x150g\t,2.37
2025-06-05,1541656,ΦΑΓΕ Fruyo Επιδόρπιο Στραγγιστού Γιαουρτιού 0% Φράουλα Χωρίς γλουτένη 2x150g,2.37
2025-06-05,1650132,ΦΑΓΕ Fruyo Επιδόρπιο Στραγγιστού Γιαουρτιού 0% με Φρούτα του Δάσους Χωρίς γλουτένη 2x150g,2.37
2025-06-05,1588648,GLYKAKI Προφιτερόλ Χωρίς ζάχαρη 150g,2.67
2025-06-05,6831044,NESTLE Mix-in Επιδόρπιο Γιαουρτιού Βανίλια με Mini Smarties 120g,1.26
2025-06-05,1596479,GLYKAKI Σοκολατόπιτα 200g,2.43
2025-06-05,1582131,ΤΖΙΦΡΗΣ Κρέμα Καραμελέ 170g,1.28
2025-06-05,1234201,ΦΑΓΕ Κρέμα Γάλακτος Light 330ml,2.6
2025-06-05,6831200,NESTLE Kit Kat Mix-in Επιδόρπιο Γιαουρτιού Βανίλια με Pop Choc 115g,1.26
2025-06-05,1593404,GLYKAKI Μπισκοτίνο Cookies 200g,2.23
2025-06-05,1542308,ΦΑΓΕ Fruyo Επιδόρπιο Στραγγιστού Γιαουρτιού Ροδάκινο Χωρίς γλουτένη 2x150g,2.37
2025-06-05,1221835,ΜΑΡΑΤΑ Γιαούρτι Αγελάδος 2% 200g,0.44
2025-06-05,1524265,SCHLAGFIX Φυτική Κρέμα Vegan Χωρίς γλουτένη Χωρίς λακτόζη 200ml,1.52
2025-06-05,1651018,ΔΕΛΤΑ Smart Γαλακτοκέικ Σοκολάτα 4x30g,2.37
2025-06-05,1562059,ΧΡΥΣΑ ΑΥΓΑ Je L&#39;egg Ασπράδι Αυγού με υφή Ζελέ &amp; γεύση Κεράσι με Στέβια 150g,2.28
2025-06-05,1227320,ΦΑΓΕ Κρέμα Γάλακτος Πλήρης 330ml,4.85
2025-06-05,1223794,ΜΑΡΑΤΑ Γιαούρτι Αγελάδος 3-9% 200g,0.44
2025-06-05,1645732,ΚΟΚΟ Επιδόρπιο Φυτικό Καρύδας Βανίλια Vegan Χωρίς γλουτένη Χωρίς λακτόζη 350g,3.55
2025-06-05,1524266,SCHLAGFIX Φυτική Κρέμα Σαντιγί Vegan Χωρίς γλουτένη Χωρίς λακτόζη 200ml,3.54
2025-06-05,1604675,SCHLAGFIX Κρέμα Σαντιγί με γεύση Σοκολάτα Vegan Χωρίς γλουτένη Χωρίς λακτόζη 200ml,4.0
2025-06-05,1653861,ΟΛΥΜΠΟΣ Protein Στραγγιστό Γιαούρτι 0% 200g,1.67
2025-06-05,1653859,ΟΛΥΜΠΟΣ Protein Επιδόρπιο Στραγγιστού Γιαουρτιού 0% Φράουλα 200g,1.67
2025-06-05,1435920,BARRON Υγρή Τροφή Γάτας Πατέ με Κοτόπουλο 100g,0.37
2025-06-05,1221557,BARRON Υγρή Τροφή Γάτας Πατέ με Κοτόπουλο &amp; Λαχανικά 400g,0.98
2025-06-05,1435921,BARRON Υγρή Τροφή Γάτας Πατέ με Μοσχάρι 100g,0.37
2025-06-05,1435922,BARRON Υγρή Τροφή Γάτας Πατέ με Σολομό 100g,0.37
2025-06-05,1435923,BARRON Υγρή Τροφή Γάτας Πατέ με Κυνήγι 100g,0.37
2025-06-05,1221580,BARRON Υγρή Τροφή Γάτας Πατέ με Βοδινό &amp; Λαχανικά 400g,0.98
2025-06-05,1221632,BARRON Υγρή Τροφή Γάτας Μπουκιές με Κοτόπουλο 400g,0.62
2025-06-05,1221640,BARRON Υγρή Τροφή Γάτας Μπουκιές με Μοσχάρι 400g,0.62
2025-06-05,1221525,BARRON Υγρή Τροφή Γάτας Μπουκιές με Ψάρι 400g,0.62
2025-06-05,1193200,GOURMET Gold Υγρή Τροφή Γάτας Μους με Ψάρια Ωκεανού 85g,0.71
2025-06-05,1103076,GOURMET Gold Υγρή Τροφή Γάτας Μους με Κοτόπουλο 85g,0.71
2025-06-05,1221482,BARRON Ξηρά Τροφή Γάτας με Κοτόπουλο Μοσχάρι &amp; Δημητριακά 2kg,3.05
2025-06-05,1076391,WHO CARES Άμμος Υγιεινής για Γάτες Κλασική 5Kg,3.85
2025-06-05,1320167,GOURMET Gold Υγρή Τροφή Γάτας με Κουνέλι κομματάκια σε πατέ 85g,0.71
2025-06-05,1541934,FELIX Le Ghiottonerie Υγρή Τροφή Γάτας Κοτόπουλο σε ζελέ 85g,0.68
2025-06-05,1221600,BARRON Υγρή Τροφή Σκύλου Μπουκιές με Μοσχάρι 400g,0.64
2025-06-05,1444933,BARRON Υγρή Τροφή Γάτας Μπουκιές σε σάλτσα σε 4 γεύσεις  12Χ100g,4.5
2025-06-05,1221615,BARRON Υγρή Τροφή Σκύλου Μπουκιές με Κοτόπουλο &amp; Γαλοπούλα 400g,0.64
2025-06-05,5950191,WHO CARES Άμμος Υγιεινής για Γάτες Λεβάντα 5Kg,3.95
2025-06-05,1221533,BARRON Υγρή Τροφή Γάτας Μους με Κοτόπουλο 85g,0.54
2025-06-05,4576005,GOURMET Gold Υγρή Τροφή Γάτας Μους με Βοδινό 85g,0.71
2025-06-05,1450932,BARRON Plus Adult Υγρή Τροφή Σκύλου Πατέ με Μοσχάρι &amp; Κοτόπουλο 300g,0.9
2025-06-05,1295965,Σακουλάκια Υγιεινής 80τεμ,1.2
2025-06-05,1541938,FELIX Sensations Υγρή Τροφή Γάτας Ποικιλία Εξοχής σε ζελέ 4x85g,2.58
2025-06-05,1221540,BARRON Υγρή Τροφή Γάτας Μους με Ψάρι 85g,0.54
2025-06-05,1221619,BARRON Υγρή Τροφή Σκύλου Μπουκιές με Μοσχάρι 1-23kg,1.6
2025-06-05,1541940,FELIX Le Ghiottonerie Υγρή Τροφή Γάτας Βοδινό σε ζελέ 85g,0.68
2025-06-05,1221629,BARRON Υγρή Τροφή Σκύλου Μπουκιές με Κοτόπουλο &amp; Γαλοπούλα 1-23Kg,1.6
2025-06-05,1221538,BARRON Υγρή Τροφή Γάτας Μους με Μοσχάρι 85g,0.54
2025-06-05,1216432,CATISFACTIONS Σνακ Γάτας με Κοτόπουλο 60g,1.96
2025-06-05,1576608,WHISKAS Υγρή Τροφή Γάτας 1+ετών Επιλεγμένα Πουλερικά σε Ζελέ 4x85g,2.48
2025-06-05,1450933,BARRON Plus Adult Υγρή Τροφή Σκύλου Πατέ με Κυνήγι &amp; Πουλερικά 300g,0.9
2025-06-05,1250495,PET PET Επιδαπέδιες Πάνες Ζώων 60x90cm 15τεμ,5.2
2025-06-05,1216328,GOURMET Gold Υγρή Τροφή Γάτας Τόνος &amp; Σολομός Ταρτάρ 4x85g,3.37
2025-06-05,1216429,CATISFACTIONS Σνακ Γάτας με Τυρί 60g,1.96
2025-06-05,1593509,PEDIGREE Dentastix Daily Oral Care Σνακ για Σκύλους Μεσαίου Μεγέθους 5τεμ 128g,2.98
2025-06-05,4198123,PEDIGREE Biscrok Μπισκότα Σκύλων 500g,3.87
2025-06-05,1593506,PEDIGREE Dentastix Daily Oral Care Σνακ για Σκύλους Μεγάλου Μεγέθους 4τεμ 154g,2.98
2025-06-05,1185190,FRISKIES Picnic Σνακ Σκύλου με Βοδινό 5τεμ 42g,0.95
2025-06-05,1541944,FELIX Le Ghiottonerie Υγρή Τροφή Γάτας Κουνέλι σε ζελέ 85g,0.68
2025-06-05,4200267,CESAR Υγρή Τροφή Σκύλου με Μοσχάρι 150g,1.63
2025-06-05,1344886,PEDIGREE Dentastix Σνακ για Σκύλους Μικρού Μεγέθους 7τεμ 110g,2.88
2025-06-05,1541946,FELIX Doubly Delicious Υγρή Τροφή Γάτας Ποικιλία Ψαρικών σε ζελέ 4x85g,2.58
2025-06-05,1224223,PURINA One Sterilcat Ξηρά Τροφή για Στειρωμένες Γάτες με Βοδινό &amp; Σιτάρι 1-5kg,8.62
2025-06-05,1461655,WHISKAS Ξηρά Τροφή Γάτας 1+ετών Κροκέτες Γεμιστές με Κοτόπουλο 300g,2.26
2025-06-05,1420211,BARRON Plus Sterilised Ξηρά Τροφή για Στειρωμένες Γάτες με Κοτόπουλο Δημητριακά Λαχανικά 1kg,2.48
2025-06-05,1420210,BARRON Plus Adult Ξηρά Τροφή Γάτας με Μοσχάρι Δημητριακά &amp; Λαχανικά 1kg,2.37
2025-06-05,1610465,BARRON Σνακ Σκύλου Sticks με Πουλερικά &amp; Βοδινό 200g,1.5
2025-06-05,1250494,PET PET Επιδαπέδιες Πάνες Ζώων 60x60cm 15τεμ,4.2
2025-06-05,4034708,FRISKIES Ξηρά Τροφή Γάτας Βοδινό &amp; Κοτόπουλο με Λαχανικά 2kg,9.8
2025-06-05,1550887,BARRON Τραγανές Κροκέτες με Μοσχάρι 10kg,9.45
2025-06-05,1260685,FRISKIES Ξηρά Τροφή για Στειρωμένες Γάτες με Πουλερικά &amp; Λαχανικά 1-5kg,8.4
2025-06-05,2762540,CESAR Senior 10+ Υγρή Τροφή Σκύλου με Κοτόπουλο &amp; Ρύζι 150g,1.63
2025-06-05,9005869,PEDIGREE Rodeo Σνακ Σκύλου με Μοσχάρι 4τεμ 70g,2.28
2025-06-05,1461652,WHISKAS Ξηρά Τροφή Γάτας 1+ετών Κροκέτες Γεμιστές με Μοσχάρι 300g,2.26
2025-06-05,1593312,PURINA Gourmet Gold Ζουμερός Πειρασμός Υγρή Τροφή Γάτας με Βοδινό &amp; Κοτόπουλο 4x85g,3.48
2025-06-05,1461657,WHISKAS Ξηρά Τροφή Junior 2-12μηνών Κροκέτες Γεμιστές με Κοτόπουλο 300g,2.38
2025-06-05,1576619,WHISKAS Υγρή Τροφή Γάτας 1+ετών Επιλεγμένα Ψαρικά σε ζελέ 4x85g,2.78
2025-06-05,1550889,BARRON Τραγανές Κροκέτες με Κοτόπουλο 3kg,3.9
2025-06-05,1614537,BARRON Dental Sticks Σνακ για Σκύλους Μεσαίου Μεγέθους 180g,1.35
2025-06-05,4420659,PEDIGREE Τροφή για Σκύλους Κοτόπουλο &amp; Μοσχάρι Πατέ 300g,2.12
2025-06-05,1099123,PEDIGREE Υγρή Τροφή για Σκύλους Κοτόπουλο &amp; Γαλοπούλα Πατέ 300g,2.24
2025-06-05,1610448,BARRON Σνακ Σκύλου Hearts &amp; Bones με Πουλερικά 150g,1.1
2025-06-05,1610464,BARRON Σνακ Σκύλου Twisters με Πουλερικά &amp; Κυνήγι 120g,1.3
2025-06-05,1461651,WHISKAS Ξηρά Τροφή Γάτας 1+ετών Κροκέτες Γεμιστές με Τόνο 300g,2.38
2025-06-05,1221531,BARRON Υγρή Τροφή Σκύλου Πατέ με Βοδινό 400g,0.95
2025-06-05,1614533,BARRON Dental Sticks Σνακ για Σκύλους Μικρού Μεγέθους 180g,1.35
2025-06-05,4188991,MASKY Ρύζι για Σκύλους κομμένο 2kg,1.85
2025-06-05,1614539,BARRON Μπισκότα Σκύλου με Βοδινό &amp; Πουλερικά 400g,1.7
2025-06-05,1550891,BARRON Τραγανές Κροκέτες με Μοσχάρι 3kg,3.9
2025-06-05,1540996,APPETITO Κελαϊδίνη 200g,1.13
2025-06-05,6162770,FRISKIES Balance Ξηρά Τροφή Σκύλου Κοτόπουλο Βοδινό &amp; Λαχανικά 1-5kg,6.0
2025-06-05,1592480,PEDIGREE Dentastix Daily Fresh Σνακ για Σκύλους Μεσαίου Μεγέθους 5τεμ 128g,3.28
2025-06-05,6181226,FRISKIES Active Ξηρά Τροφή Σκύλου με Βοδινό 1-5kg,6.0
2025-06-05,1614542,BARRON Μπισκότα Σκύλου με Δημητριακά 400g,1.7
2025-06-05,1592485,PEDIGREE Dentastix Daily Fresh Σνακ για Σκύλους Μεγάλου Μεγέθους 4τεμ 154g,3.28
2025-06-05,1482008,BARRON Υγρή Τροφή Σκύλου Πατέ με Βοδινό 1-2kg,2.6
2025-06-05,1452847,PET PET Σαμπουάν &amp; Conditioner 2σε1 για Σκύλους με Άρωμα Καρύδας 1lt,3.2
2025-06-05,1654541,Λευκό Τυρί ΦΑΡΜΑ ΚΑΡΑΛΗ 400g,2.76
2025-06-05,1223810,Γκούντα σε φέτες Γερμανίας 350g,2.42
2025-06-05,1584112,Φέτα ΚΑΡΑΛΗΣ Ηπείρου ΠΟΠ 400g,3.95
2025-06-05,1274583,Cottage ROYAL 200g,1.58
2025-06-05,1223801,Τυρί MILNER σε φέτες Ολλανδίας 350g,3.06
2025-06-05,1223823,Γκούντα τριμμένο Γερμανίας 300g,2.08
2025-06-05,1095104,Κατίκι Δομοκού ΗΠΕΙΡΟΣ Ορεινές Πλαγιές ΠΟΠ 200g,2.02
2025-06-05,1221929,Ένταμ σε φέτες Ολλανδίας 350g,2.42
2025-06-05,4024915,Cottage FLAIR 225g,3.52
2025-06-05,1514305,Γκούντα ΝΟΥΝΟΥ σε φέτες 350g,3.8
2025-06-05,3661238,Cottage DIROLLO 2-2% Λιπαρά 225g,2.9
2025-06-05,1596306,Τυρί ΜΑΡΑΤΑ Light σε φέτες Δανίας 300g,2.96
2025-06-05,1221420,Μοτσαρέλα Αυστρίας σε φέτες 350g,2.9
2025-06-05,1221422,Μοτσαρέλα Αυστρίας ALPILAND τριμμένη 250g,2.07
2025-06-05,1221918,Σκληρό Τυρί Ελασσόνας τριμμένο 250g,2.52
2025-06-05,1253062,Παρμεζάνα AMBROSI Reggiano ΠΟΠ τριμμένη 100g,2.98
2025-06-05,1570771,Τυρί Κρέμα ARLA Light 200g,1.95
2025-06-05,1088093,Γκούντα ΝΟΥΝΟΥ σε φέτες 340g,4.6
2025-06-05,3624095,Γκούντα ΝΟΥΝΟΥ σε φέτες 200g,2.9
2025-06-05,1108062,Λευκό Τυρί ΡΟΔΟΠΗ 400g,2.96
2025-06-05,1221897,Γραβιέρα ΚΑΡΑΛΗΣ με Γάλα Αμφιλοχίας 300g,4.45
2025-06-05,1221842,Φέτα ΚΑΡΑΛΗΣ Ηπείρου ΠΟΠ 200g,2.32
2025-06-05,4063087,Τυρί Κρέμα PHILADELPHIA Light 200g,2.68
2025-06-05,7015670,Τυρί Κρέμα PHILADELPHIA 300g,3.98
2025-06-05,1222656,Σκληρό Τυρί ΟΛΥΜΠΟΣ τριμμένο 250g,3.6
2025-06-05,9869413,Τυρί ΦΑΓΕ Τρικαλινό Ελαφρύ σε φέτες 200g,4.1
2025-06-05,1444049,Ανθότυρο Ηπείρου Παραδοσιακό ΚΑΡΑΛΗΣ  250g,1.8
2025-06-05,1223773,Μοτσαρέλα ROYAL Φρέσκια 19% Λιπαρά 125g,1.27
2025-06-05,1221896,Βαρελίσια Φέτα ΣΥΝΕΤΑΙΡΙΣΜΟΣ ΚΑΛΑΒΡΥΤΩΝ ΠΟΠ,6.15
2025-06-05,1594867,Cottage ADORO 200g,2.3
2025-06-05,1194714,Κεφαλοτύρι ΟΛΥΜΠΟΣ τριμμένο 150g,3.3
2025-06-05,1223686,Πεκορίνο Αμφιλοχίας ΚΑΡΑΛΗΣ τριμμένο 250g,3.7
2025-06-05,1194921,Τυρί Κρέμα ROYAL 200g,1.59
2025-06-05,3738424,Τυρί MILNER σε φέτες 300g,4.62
2025-06-05,1297631,Cottage ARLA Protein 200g,2.65
2025-06-05,1514363,Φέτα ΗΠΕΙΡΟΣ ΠΟΠ σε Άλμη Χωρίς λακτόζη 400g,5.33
2025-06-05,1188799,Regato KERRYGOLD Classic ΠΟΠ τριμμένο Ιρλανδίας 400g,4.52
2025-06-05,1061334,Τυρί KERRYGOLD Tirotrella σε μπαστουνάκια 80g,2.75
2025-06-05,1006500,Λευκό Τυρί ΡΟΔΟΠΗ 900g,5.3
2025-06-05,1423709,Creamy Gouda ADORO σε φέτες 175g,2.34
2025-06-05,3624210,ΝΟΥΝΟΥ Light σε φέτες 175g,2.94
2025-06-05,1156630,Γραβιέρα Νάξου Ε.Α.Σ. ΠΟΠ 250g,4.72
2025-06-05,9869447,Φέτα ΔΩΔΩΝΗ ΠΟΠ σε Άλμη 400g,5.75
2025-06-05,1221931,Ένταμ τριμμένο Ολλανδίας 300g,2.08
2025-06-05,6782767,Μοτσαρέλα DIROLLO Φρέσκια 8-5% Λιπαρά 125g,1.48
2025-06-05,1511268,Ημίσκληρο Τυρί ΛΟΓΑΔΙ σε φέτες 350g,5.58
2025-06-05,1017456,Παρμεζάνα PARMAREGGIO Reggiano ΠΟΠ 150g,4.1
2025-06-05,1511921,Ημίσκληρο Τυρί BABYBEL Mini σε μερίδες 160g,3.38
2025-06-05,1635055,Cottage ΤΥΡΑΣ 4% Λιπαρά 180g,1.39
2025-06-05,1541024,Τυρί Mix 3 Τυριών Τριμμένο 175g,2.4
2025-06-05,1220119,Ανθότυρο ΟΡΕΙΝΟ ΧΩΡΙΟ 250g,1.62
2025-06-05,1379394,Τυρί ARLA Protein Delite Ημίσκληρο σε φέτες 5% 150g,2.38
2025-06-05,1223819,Γκούντα σε φέτες Γερμανίας 1kg,6.9
2025-06-05,9810482,Φέτα ΗΠΕΙΡΟΣ ΠΟΠ σε Άλμη 1kg,12.25
2025-06-05,4245346,Αιγοπρόβειο Τυρί ΗΠΕΙΡΟΣ Ελαφρύ σε Άλμη 400g,6.0
2025-06-05,1411679,Cottage PHILADELPHIA Protein 200g,2.38
2025-06-05,1276292,Άλμη ΓΑΡΟΣ 1lt,1.06
2025-06-05,1454862,Τυρί BABYBEL Mini Rolls Ημίσκληρο σε μερίδες Χωρίς λακτόζη 85g,2.38
2025-06-05,1392160,Regato ΜΑΡΑΤΑ τριμμένο Ιρλανδίας 400g,4.96
2025-06-05,1485652,Κρεμώδες Τυρί ΗΠΕΙΡΟΣ με Γραβιέρα σε τρίγωνα 140g,1.98
2025-06-05,1511266,Τυρί DIROLLO Classic Ημίσκληρο σε φέτες 350g,3.16
2025-06-05,1098667,Τυρί DIROLLO Classic 16% Λιπαρά σε φέτες 175g,2.6
2025-06-05,1393950,Φέτα ΣΥΝΕΤΑΙΡΙΣΜΟΣ ΚΑΛΑΒΡΥΤΩΝ ΠΟΠ 400g,5.4
2025-06-05,1272380,Κεφαλοτύρι τριμμένο 180g,2.6
2025-06-05,1509121,Κρεμώδες Τυρί LA VACHE QUI RIT Light σε τρίγωνα 16τεμ 267g,3.94
2025-06-05,1576428,Τυρί Κρέμα LA VACHE QUI RIT Τυροβουτιές με Κριτσινάκια 140g,2.4
2025-06-05,1340518,Τόφου TAIFUN Natur Βιολογικό Vegan 200g,1.95
2025-06-05,1223982,Φέτα ΗΠΕΙΡΟΣ ΠΟΠ σε Άλμη με Λιγότερο αλάτι 400g,6.0
2025-06-05,9869421,Ημίσκληρο Τυρί ΦΑΓΕ Τρικαλινό σε φέτες 200g,3.98
2025-06-05,6095392,Κεφαλοτύρι ΦΑΓΕ τριμμένο 200g,4.25
2025-06-05,1511902,Ημίσκληρο Τυρί BABYBEL Mini Light σε μερίδες 100g,2.3
2025-06-05,1532431,Cottage PHILADELPHIA 200g,2.38
2025-06-05,1476804,Τυρί Κρέμα ADORO Light 200g,1.9
2025-06-05,4063012,Τυρί Κρέμα PHILADELPHIA 200g,2.98
2025-06-05,1582808,Cottage ARLA 200g,2.4
2025-06-05,1125933,Ημίσκληρο Τυρί ΗΠΕΙΡΟΣ Οικογενειακό σε φέτες 180g,2.7
2025-06-05,1098665,Ημίσκληρο Τυρί ΛΟΓΑΔΙ σε φέτες 180g,3.05
2025-06-05,1570769,Τυρί Κρέμα ARLA 200g,1.96
2025-06-05,7194640,Κασέρι ΛΕΒΕΤΙ σε φέτες ΠΟΠ 175g,4.05
2025-06-05,1423726,Τυρί ADORO Light 10% σε φέτες 175g,2.65
2025-06-05,1221909,Κεφαλοτύρι Ηπείρου ΚΑΡΑΛΗΣ τριμμένο 250g,4.25
2025-06-05,2279867,Μπλε Τυρί ST.CLEMENS ΠΓΕ Δανίας 100g,1.9
2025-06-05,1551968,Mix 4 Τυριών τριμμένα 180g,2.42
2025-06-05,1532174,Ημίσκληρο Τυρί ΗΠΕΙΡΟΣ Οικογενειακό Ελαφρύ σε φέτες 180g,2.86
2025-06-05,1505465,Τυρί Κρέμα PHILADELPHIA Extra Protein 175g,2.98
2025-06-05,1221923,Πεκορίνο Αμφιλοχίας ΚΑΡΑΛΗΣ 300g,4.45
2025-06-05,1221899,Γραβιέρα Αμφιλοχίας ΚΑΡΑΛΗΣ τριμμένη 250g,3.7
2025-06-05,1644310,Τυρί Κρέμα ROYAL Light 200g,1.64
2025-06-05,1450963,Τυρί Κρέμα ΗΠΕΙΡΟΣ Αλειφωτή με Φέτα 200g,1.98
2025-06-05,1221901,Κεφαλογραβιέρα Ηπείρου ΚΑΡΑΛΗΣ ΠΟΠ 300g,5.1
2025-06-05,1451634,Grana Padano AMBROSI τριμμένo ΠΟΠ 80g,2.3
2025-06-05,1225797,Γκούντα Ολλανδίας ΠΓΕ 325g,3.42
2025-06-05,1036167,Ανθότυρο ΜΕΒΓΑΛ 300g,2.3
2025-06-05,1145547,Μοτσαρέλα ARLA τριμμένη 200g,3.02
2025-06-05,1527648,Κρεμώδες Τυρί ΗΠΕΙΡΟΣ με Γραβιέρα σε τρίγωνα 280g,2.95
2025-06-05,1587716,Φέτα ΔΩΔΩΝΗ ΠΟΠ σε Άλμη 1kg,13.9
2025-06-05,1435121,Φέτα ΔΟΥΚΙΔΗΣ Θράκης ΠΟΠ 400g,3.85
2025-06-05,3257425,Φέτα ΔΩΔΩΝΗ ΠΟΠ 200g,3.45
2025-06-05,1177638,Mix 4 Τυριών DIROLLO 17% Λιπαρά τριμμένο 200g ,2.7
2025-06-05,1220481,Βαρελίσια Φέτα ΟΛΥΜΠΟΣ ΠΟΠ σε Άλμη 300g,5.2
2025-06-05,1223707,Μοτσαρέλα GRANAROLO Μίνι 125g,2.42
2025-06-05,8980757,Τυρί MILNER σε φέτες 175g,2.96
2025-06-05,1125502,Αναπλήρωμα VIOFAST Νηστίσιμο σε φέτες Vegan Χωρίς γλουτένη Χωρίς λακτόζη 140g,1.62
2025-06-05,1298529,Regato LEADER τριμμένο 200g,2.25
2025-06-05,1570770,Τυρί Κρέμα ARLA 300g,2.88
2025-06-05,1511910,Ημίσκληρο Τυρί BABYBEL Mini σε μερίδες 100g,2.3
2025-06-05,1223683,Regato KERRYGOLD Light τριμμένο Ιρλανδίας 300g,4.7
2025-06-05,1177554,Έμενταλ DIROLLO Light 16% Λιπαρά σε φέτες 175g,2.84
2025-06-05,1295933,Έμενταλ ΝΟΥΝΟΥ σε φέτες 160g,2.5
2025-06-05,7569783,Μυζήθρα Ξηρή ΜΕΒΓΑΛ τριμμένη 200g,2.15
2025-06-05,1223693,Τυρί Τρικαλινό Ελαφρύ σε φέτες 350g,6.2
2025-06-05,5280607,Αιγοπρόβειο Τυρί ΗΠΕΙΡΟΣ Ελαφρύ σε Άλμη 900g,12.83
2025-06-05,1493332,Ταλαγάνι ΑΠΟΣΤΟΛΟΥ σε φέτες 200g,2.9
2025-06-05,1440988,Τόφου TAIFUN Καπνιστό Βιολογικό Vegan 200g,3.18
2025-06-05,1493874,Γκούντα σε φέτες Δανίας Χωρίς λακτόζη 350g,3.84
2025-06-05,1485651,Τριγωνάκια με Λεβέτι ΗΠΕΙΡΟΣ 8τεμ 140g,1.98
2025-06-05,8780694,Μοτσαρέλα GRANAROLO Ιταλίας 125g,2.18
2025-06-05,1302764,Grana Padano AMBROSI σε νιφάδες ΠΟΠ 100g,2.62
2025-06-05,1274615,Τυρί Ελαφρύ ΚΑΡΑΛΗΣ 200g,2.7
2025-06-05,1594337,Τυρί LEERDAMMER Light σε φέτες 260g,5.2
2025-06-05,1595675,Regato KERRYGOLD ΠΟΠ Ιρλανδίας 230g,3.4
2025-06-05,1295429,Τυρί Κρέμα ADORO 200g,2.26
2025-06-05,1221893,Τυρί MILNER Ημίσκληρο τριμμένο Ολλανδίας 300g,2.64
2025-06-05,1223830,Φέτα ΚΑΡΑΛΗΣ ΠΟΠ Βιολογική 150g,1.95
2025-06-05,7683139,Φέτα ΗΠΕΙΡΟΣ ΠΟΠ 400g,5.25
2025-06-05,1227091,ΔΩΔΩΝΗ TουTοστ Light σε φέτες 200g,2.99
2025-06-05,1442280,Κασέρι ΘΥΜΕΛΗΣ ΠΟΠ Μυτιλήνης 300g,5.7
2025-06-05,1223659,Μυζήθρα Κρήτης ΣΥΝΤΕΚΝΟΣ 380g,3.55
2025-06-05,1635828,Κρεμώδες Τυρί ADORO Creamy με Γκούντα σε τρίγωνα 8τεμ 125g,1.31
2025-06-05,1507596,Γκούντα Bars ΝΟΥΝΟΥ σε μερίδες 120g,2.35
2025-06-05,1645361,Κίτρινο Αναπλήρωμα ΕΒΛΟΓΗΜΕΝΟ Νηστίσιμο σε φέτες Vegan Χωρίς γλουτένη Χωρίς λακτόζη 300g,2.74
2025-06-05,1329098,Ζεμύθα ΗΠΕΙΡΟΣ τριμμένη 200g,2.4
2025-06-05,1436230,Regato ΜΑΡΑΤΑ Ιρλανδίας 270g,3.35
2025-06-05,1223701,Παρμεζάνα Reggiano PARMAREGGIO ΠΟΠ τριμμένη 60g,2.22
2025-06-05,1163735,Ανθότυρο ΤΟ ΚΑΡΔΑΡΙ 200g,1.56
2025-06-05,1223743,Γραβιέρα ΚΑΡΑΛΗΣ με Μειωμένα Λιπαρά 300g,5.4
2025-06-05,1568006,Τυρί ΗΠΕΙΡΟΣ Fit &amp; Slim 350g,6.35
2025-06-05,1392159,Αναπλήρωμα GREEN VIE Parveggio τριμμένο Vegan Χωρίς γλουτένη Χωρίς λακτόζη 100g ,1.9
2025-06-05,1435560,Κατσικίσιο Τυρί ΣΥΝΕΤΑΙΡΙΣΜΟΣ ΚΑΛΑΒΡΥΤΩΝ,5.0
2025-06-05,1274578,Τσένταρ ROYAL σε φέτες 200g,2.33
2025-06-05,2741437,Μπλε Τυρί CASTELLO Δανίας 100g,2.05
2025-06-05,4065504,Τσένταρ LA VACHE QUI RIT σε φέτες 200g,2.9
2025-06-05,1279906,Κρεμώδες Τυρί ROYAL Light σε τρίγωνα 140g,1.24
2025-06-05,5177209,Τυρί LEERDAMMER Light σε φέτες 175g,3.52
2025-06-05,1514304,Γκούντα NOYNOY τριμμένη 300g,3.26
2025-06-05,5190988,Σκληρό Τυρί ADORO τριμμένο 100g,1.6
2025-06-05,1091081,Φέτα ΒΑΛΜΑ ΠΟΠ 200g,2.6
2025-06-05,9910092,Γκούντα ΦΑΓΕ σε φέτες 200g,3.56
2025-06-05,1605893,Φέτα ΗΠΕΙΡΟΣ ΠΟΠ 180g,2.58
2025-06-05,1020212,Καλαθάκι Λήμνου ΝΤΑΜΠΙΖΑΣ ΠΟΠ σε Άλμη 400g,5.58
2025-06-05,1551970,Έμενταλ 10 φέτες 180g,2.2
2025-06-05,1464306,Κεφαλογραβιέρα Ηπείρου ΚΑΡΑΛΗΣ ΠΟΠ τριμμένη 250g,4.25
2025-06-05,1570764,Τυρί LEADER Pizza Mix Τριμμένο 300g,3.38
2025-06-05,1560447,Κρεμώδες Τυρί ΗΠΕΙΡΟΣ Light σε τρίγωνα 280g,2.95
2025-06-05,1599447,Σκληρό Τυρί PARRANO Robusto 150g,3.16
2025-06-05,1167252,Λευκό Τυρί ΗΠΕΙΡΟΣ Μαλακή σε Άλμη 400g,5.37
2025-06-05,1405221,Μοτσαρέλα GRANAROLO Burrata 125g ,3.88
2025-06-05,1551974,Μοτσαρέλα σε φέτες 180g,2.1
2025-06-05,1298530,Regato LEADER τριμμένο 400g,4.44
2025-06-05,1633579,Κασέρι ΛΕΒΕΤΙ ΠΟΠ 230g,5.21
2025-06-05,1299047,Λευκό Αναπλήρωμα VIOFAST Νηστίσιμο Vegan Χωρίς γλουτένη Χωρίς λακτόζη 200g,2.72
2025-06-05,1605894,Τυρί ΗΠΕΙΡΟΣ Ελαφρύ 180g,2.84
2025-06-05,4527339,Τυρί Κρέμα PHILADELPHIA με Σκόρδο &amp; Χορταρικά 200g,2.95
2025-06-05,1294954,Ερίκι ΑΡΑΚΥΝΘΟΣ 200g,2.55
2025-06-05,1223738,Γραβιέρα Ηπείρου ΚΑΡΑΛΗΣ 300g,5.25
2025-06-05,1585193,Ανθότυρο ΚΑΚΝΑΒΑΤΟΥ 0% Αλάτι 250g,1.8
2025-06-05,1221447,Βαρελίσια Φέτα ΚΑΡΑΛΗΣ Ηπείρου ΠΟΠ 1kg,12.6
2025-06-05,1276031,Φιλέτα Τόφου TAIFUN Βιολογικά Vegan Χωρίς λακτόζη 160g,3.1
2025-06-05,1417975,Τυρί ΦΑΓΕ Τρικαλινό Ελαφρύ 380g,6.86
2025-06-05,1884931,Κεφαλοτύρι ΜΕΒΓΑΛ τριμμένο 200g,3.1
2025-06-05,1632898,Γραβιέρα Ε.Α.Σ. ΝΑΞΟΥ σε φέτες 200G,3.9
2025-06-05,1574955,Κρεμώδες Τυρί LA VACHE QUI RIT σε τρίγωνα 24τεμ 384g,4.68
2025-06-05,3605599,Κατσικίσιο Τυρί ΒΑΛΜΑ Κοφινάκι σε Άλμη 400g,6.42
2025-06-05,1439274,Τυρί ΝΟΥΝΟΥ Mix Pizza &amp; Pasta τριμμένο 200g,3.28
2025-06-05,1204121,Λευκό Τυρί ΗΠΕΙΡΟΣ Κατσικίσιο σε Άλμη 400g,5.63
2025-06-05,1221413,Ημίσκληρο Τυρί Μακεδονικό σε φέτες 350g,4.45
2025-06-05,8780629,Ricotta GRANAROLO Ιταλίας 250g,2.55
2025-06-05,1574956,Κρεμώδες Τυρί LA VACHE QUI RIT σε τρίγωνα 16τεμ 256g,3.58
2025-06-05,1596305,Τυρί ΜΑΡΑΤΑ Light τριμμένο Δανίας 300g,2.96
2025-06-05,1509125,Κρεμώδες Τυρί LA VACHE QUI RIT Light σε τρίγωνα 8τεμ 133g,2.28
2025-06-05,1595866,Τόφου TOFUNISTAS Φυσικό Μαλακό Βιολογικό Vegan 200G,1.9
2025-06-05,6999767,Τυρί ΧΩΡΙΟ Ελαφρύ Αιγοπρόβειο σε Άλμη 360g,5.96
2025-06-05,1222655,Κεφαλοτύρι Ηπείρου ΚΑΡΑΛΗΣ 300g,5.1
2025-06-05,1643935,Φέτα ΗΠΕΙΡΟΣ ΠΟΠ σε Άλμη Βιολογική 350g,5.75
2025-06-05,1036168,Φέτα ΔΩΔΩΝΗ ΠΟΠ 400g,6.42
2025-06-05,1097728,Σκληρό Τυρί ARLA τριμμένο Δανίας για Ζυμαρικά 150g,2.48
2025-06-05,1447665,ΔΩΔΩΝΗ Ελαφρύ Αιγοπρόβειο σε Άλμη 400g,6.65
2025-06-05,1585435,Χαλλούμι MEDITERRANEAN G.O.D. TASTE Κύπρου 200g,2.6
2025-06-05,1626437,Cottage PRESIDENT 180g,1.7
2025-06-05,1223649,Φέτα ΗΠΕΙΡΟΣ ΠΟΠ με Λιγότερο αλάτι 400g,5.78
2025-06-05,1450999,Φέτα ΔΩΔΩΝΗ ΠΟΠ 40% Λιγότερο αλάτι σε Άλμη 400g,6.58
2025-06-05,1588518,Μοτσαρέλα ADORO τριμμένη 200g,2.6
2025-06-05,1611993,Χαλλούμι ΟΛΥΜΠΟΣ ΠΟΠ 225g,2.95
2025-06-05,6165609,Τυρί ΧΩΡΙΟ Αγελάδος σε φέτες Βιολογικό 140g,3.72
2025-06-05,1459086,Αναπλήρωμα VIOLIFE Creamy Original Flavour Vegan Χωρίς γλουτένη Χωρίς λακτόζη 150g ,2.68
2025-06-05,1551975,Τσένταρ τριμμένο 160g,2.14
2025-06-05,1529815,Αναπλήρωμα ΕΒΛΟΓΗΜΕΝΟ Νηστίσιμο με γεύση Τσένταρ σε φέτες Vegan Χωρίς γλουτένη 200g,3.22
2025-06-05,1221927,Ένταμ Ολλανδίας ΠΓΕ 300g,3.2
2025-06-05,1223782,Ένταμ σε φέτες Ολλανδίας 1kg,6.9
2025-06-05,1227062,ΔΩΔΩΝΗ ΤουΤοστ σε φέτες 200g,2.84
2025-06-05,1513835,Ημίσκληρο Τυρί ΔΙΒΑΝΗΣ σε φέτες 180g,3.2
2025-06-05,1532166,Άλειμμα ΔΩΔΩΝΗ Spread High Protein με Φέτα ΠΟΠ &amp; Καυτερή Πιπεριά 200g,2.96
2025-06-05,1644518,Μοτσαρέλα JAEGER 125g,1.25
2025-06-05,1223670,Ανθότυρο ΗΠΕΙΡΟΣ 300g,3.5
2025-06-05,5246822,Φέτα ΧΩΡΙΟ ΠΟΠ σε Άλμη 400g,5.96
2025-06-05,1225129,Καπνιστό Τυρί ΦΑΓΕ Τρικαλινό σε φέτες 200g,4.1
2025-06-05,1493286,Γαλομυζήθρα AMARI Κρήτης 300g,3.9
2025-06-05,1223682,Τυρί Τρικαλινό σε φέτες 350g,5.72
2025-06-05,1491483,Κίτρινο Αναπλήρωμα ΕΒΛΟΓΗΜΕΝΟ 3 Mix τριμμένο Νηστίσιμο Vegan Χωρίς γλουτένη Χωρίς λακτόζη 180g,3.04
2025-06-05,1489672,Τσαλαφούτι Αλοιφώδες ΤΖΙΦΡΗΣ 200g,2.0
2025-06-05,1221424,Τελεμές Θράκης ΔΟΥΚΙΔΗΣ 400g,3.1
2025-06-05,1559011,Τσένταρ ADORO Τηγμένο Τυρί σε φέτες 200g,2.62
2025-06-05,1348212,Τυρί Κρέμα PHILADELPHIA Χωρίς λακτόζη 175g,2.9
2025-06-05,1541015,Γκούντα 17% Λιπαρά Γερμανίας σε φέτες 175g,2.35
2025-06-05,1509036,Κατσικίσιο Τυρί ΑΓΡΕΑΣ σε φέτες 150g,3.95
2025-06-05,2893014,Φέτα ΒΑΛΜΑ ΠΟΠ σε Άλμη 400g,5.75
2025-06-05,1301505,Μανούρι ΗΠΕΙΡΟΣ ΠΟΠ 200g,3.38
2025-06-05,1223740,Γραβιέρα ΚΑΡΑΛΗΣ με 4 Πιπέρια 300g,5.5
2025-06-05,4127528,Τυρί LA VACHE QUI RIT Light σε φέτες 200g,2.85
2025-06-05,1221446,Λευκό Έδεσμα ΦΥΤΑΛ με Φυτικά Λιπαρά 400g,1.95
2025-06-05,1493871,Ένταμ σε φέτες Δανίας Χωρίς λακτόζη 350g,3.84
2025-06-05,1419610,Κατσικίσιο Τυρί ΟΛΥΜΠΟΣ σε Άλμη 400g,6.58
2025-06-05,1223985,Τυρί Ελαφρύ ΚΑΡΑΛΗΣ Αιγοπρόβειο Ηπείρου σε Άλμη 400g,5.85
2025-06-05,1438772,Ημίσκληρο Τυρί ROYAL Less 16% Λιπαρά 1% Αλάτι σε φέτες 200g,2.42
2025-06-05,1614473,Κίτρινο Αναπλήρωμα ΟΛΥΜΠΟΣ Καρπός τριμμένο Pizza Top Χωρίς γλουτένη Χωρίς λακτόζη 150g,1.98
2025-06-05,1223699,Τυρί GRANAROLO Grana Padano ΠΟΠ 200g,5.35
2025-06-05,1600698,Ταλαγάνι ΗΠΕΙΡΟΣ Ελαφρύ 15% με Δυόσμο 180g,2.75
2025-06-05,5849641,Έμενταλ PRESIDENT 250g,5.4
2025-06-05,1491138,Παρμεζάνα AMBROSI Reggiano ΠΟΠ 24μηνης Ωρίμανσης 200g,6.3
2025-06-05,1491840,Γραβιέρα Άρτας ΜΠΑΦΑΣ με Τρούφα 200g,5.96
2025-06-05,1407809,Γραβιέρα ΚΑΛΟΓΕΡΑΚΗ Light 300g,5.6
2025-06-05,1272818,Κρεμώδες Τυρί ROYAL σε τρίγωνα 140g,1.24
2025-06-05,1560530,Τυρί Κρέμα PRESIDENT Τσένταρ 125g,2.48
2025-06-05,1613283,Τύρι Κρέμα ARLA με Βότανα &amp; Μπαχαρικά 200g,1.96
2025-06-05,1506041,Brie FLEURS DE FRANCE 200g,2.82
2025-06-05,1221843,Φέτα ΚΑΡΑΛΗΣ ΠΟΠ σε Άλμη 400g,5.8
2025-06-05,1511332,Ημίσκληρο Τυρί KOLIOS Πολυκάστρου 370g,5.74
2025-06-05,1595672,Regato KERRYGOLD Light Ιρλανδίας 230g,4.13
2025-06-05,1226722,Σκληρό Τυρί Σαγανάκι Αυστρίας 330g,3.95
2025-06-05,2887800,Κεφαλογραβιέρα ΗΠΕΙΡΟΣ ΠΟΠ τριμμένη 150g,3.4
2025-06-05,1261934,Φέτα EΛΑΣΣΟΝΟΣ ΠΟΠ σε Άλμη 400g,5.28
2025-06-05,1642268,Τόφου Λευκό OLA BIO Βιολογικό Vegan Χωρίς γλουτένη 200g,2.1
2025-06-05,9653676,Φέτα ΜΕΒΓΑΛ ΠΟΠ σε Άλμη 400g,6.4
2025-06-05,5080973,Γαλοτύρι ΖΑΓΟΡΙ ΠΟΠ 400g,3.64
2025-06-05,1599450,Σκληρό Τυρί PARRANO Robusto τριμμένο 180g,3.56
2025-06-05,5360698,Ξινομυζήθρα Κρήτης ΚΡΗΤΩΝ ΠΑΡΑΔΟΣΗ ΠΟΠ 350g,3.82
2025-06-05,1650665,Φέτα ΟΛΥΜΠΟΣ ΠΟΠ σε Άλμη 500g,7.48
2025-06-05,1419011,Αναπλήρωμα KOLIOS Νηστίσιμο σε φέτες Vegan Χωρίς γλουτένη Χωρίς λακτόζη 200g,2.42
2025-06-05,1203493,Creamy Gouda ADORO τριμμένo 200g,2.52
2025-06-05,1574954,Κρεμώδες Τυρί LA VACHE QUI RIT σε τρίγωνα 8τεμ 128g,2.28
2025-06-05,1276657,Πρόβειο Γαλακτοκομικό Προϊόν FREEVIA 1% Άπαχο σε Άλμη 360g,6.53
2025-06-05,1635050,Έμενταλ ADORO σε φέτες 160g,2.14
2025-06-05,1221862,Γίδινο Τυρί ΚΑΡΑΛΗΣ Ηπείρου 200g,2.55
2025-06-05,1417970,Ημίσκληρο Τυρί ΦΑΓΕ Τρικαλινό 380g,6.36
2025-06-05,1506540,Γραβιέρα Αμφιλοχίας ΓΕΩΡΓΙΟΥ,5.92
2025-06-05,1625449,Τσένταρ Κόκκινο GOLD CHEESE σε φέτες 175g,2.48
2025-06-05,1491482,Λευκό Αναπλήρωμα ΕΒΛΟΓΗΜΕΝΟ Νηστίσιμο σε άλμη Vegan Χωρίς γλουτένη Χωρίς λακτόζη 200g,2.83
2025-06-05,6058440,Παρμεζάνα PARMAREGGIO σε νιφάδες ΠΟΠ 80g,3.38
2025-06-05,1177904,Κασέρι ΟΛΥΜΠΟΣ ΠΟΠ 250g,6.32
2025-06-05,1614468,Κίτρινο Αναπλήρωμα ΟΛΥΜΠΟΣ Καρπός τριμμένο Χωρίς γλουτένη Χωρίς λακτόζη 150g,1.98
2025-06-05,1471398,Τσένταρ KERRYGOLD σε φέτες 150g,2.63
2025-06-05,1459084,Αναπλήρωμα VIOLIFE Gouda Flavour σε φέτες Vegan Χωρίς γλουτένη Χωρίς λακτόζη 140g,2.55
2025-06-05,1464641,Αλειφοτύρι ΣΥΝΕΤΑΙΡΙΣΜΟΣ ΚΑΛΑΒΡΥΤΩΝ με Φέτα 200g,2.65
2025-06-05,1223861,Τυρί ARLA Havarti Creamy ΠΓΕ σε φέτες 150g,2.98
2025-06-05,1475385,Έμενταλ ALPILAND σε φέτες Αυστρίας 200g,3.2
2025-06-05,1222636,Χαλλούμι ΔΩΔΩΝΗ ΠΟΠ 225g,3.3
2025-06-05,1571889,Ημίσκληρο Τυρί ΔΙΒΑΝΗΣ 6μηνης Ωρίμανσης 300g,4.55
2025-06-05,1377538,Ξινομυζήθρα Κρήτης ΣΥΝΤΕΚΝΟΣ ΠΟΠ 350g,4.1
2025-06-05,1442278,Καπνιστή Γραβιέρα ΜΠΕΛΑΣ Βερμίου Αιγοπρόβεια 250g,5.35
2025-06-05,1614507,Κίτρινο Αναπλήρωμα ΔΩΔΩΝΗ Plant&#39;d σε φέτες Vegan Χωρίς γλουτένη Χωρίς λακτόζη 200g,2.05
2025-06-05,1435918,Βαρελίσιο Τυρί ΤΖΩΡΤΖΑΤΟΣ Αιγοπρόβειο Κεφαλονιάς,4.88
2025-06-05,1551972,Γκούντα σε φέτες 180g,2.24
2025-06-05,1568960,Τυρί Κρέμα Brie PRESIDENT με Τρούφα 105g,1.9
2025-06-05,1625450,Τσένταρ Κόκκινο GOLD CHEESE τριμμένο 200g,2.68
2025-06-05,1223706,Μοτσαρέλα GRANAROLO Bufala ΠΟΠ 125g,3.58
2025-06-05,7181241,Λευκό Τυρί BENECOL σε Άλμη 300g,6.6
2025-06-05,1196870,Μασκαρπόνε ADORO 250g,4.2
2025-06-05,1223780,Γκοργκοντζόλα MAURI ΠΟΠ Ιταλίας 200g,3.9
2025-06-05,1551973,Μοτσαρέλα τριμμένη 180g,2.25
2025-06-05,1493833,Κεφαλογραβιέρα Αμφιλοχίας ΓΕΩΡΓΙΟΥ ΠΟΠ,5.32
2025-06-05,1615997,Φυτικό Λευκό ΔΩΔΩΝΗ Plant&#39;d Vegan Χωρίς γλουτένη Χωρίς λακτόζη 200g,2.35
2025-06-05,1450342,Ημίσκληρο Τυρί ΚΑΡΑΛΗΣ Κασκαβάλ σε φέτες Πίνδου 180g,3.85
2025-06-05,1551967,Μυζήθρα τριμμένη 180g,2.45
2025-06-05,1532168,Άλειμμα ΔΩΔΩΝΗ Spread High Protein με Φέτα ΠΟΠ Ντομάτα &amp; Βασιλικό 250g,2.96
2025-06-05,1532169,Άλειμμα ΔΩΔΩΝΗ Spread High Protein με Φέτα ΠΟΠ 200g,2.96
2025-06-05,1631412,Λευκό Τυρί ΒΙΚΟΣ σε Άλμη 400g,3.26
2025-06-05,1251588,Ημίσκληρο Καπνιστό Τυρί ΜΠΕΛΑΣ σε φέτες 200g,3.21
2025-06-05,1541038,Γκούντα 48% Λιπαρά Ολλανδίας τριμμένο 200g,2.6
2025-06-05,1223609,Γραβιέρα ΜΟΝΑΣΤΗΡΙ Πιπεράτη 250g,4.34
2025-06-05,1493875,Γκούντα τριμμένο Δανίας Χωρίς λακτόζη 300g,3.28
2025-06-05,1600002,Γραβιέρα Κρήτης ΣΥΝΤΕΚΝΟΣ ΠΟΠ 300g,5.75
2025-06-05,5817994,Φέτα ΧΩΡΙΟ ΠΟΠ σε Άλμη Βιολογική 350g,7.3
2025-06-05,1599339,Γραβιέρα με Τσίλι ΜΠΑΦΑΣ 300g,5.98
2025-06-05,1541004,Γκούντα 17% Λιπαρά Γερμανίας τριμμένο 175g,2.35
2025-06-05,1221849,Γίδινο Τυρί ΚΑΡΑΛΗΣ Ηπείρου σε Άλμη 1Kg,12.65
2025-06-05,1651085,Μανούρι ΤΟ ΟΡΕΙΝΟ ΠΟΠ 150g,1.8
2025-06-05,1559057,Αναπλήρωμα HAPPY VEGAN Gouda flavour σε φέτες Χωρίς γλουτένη Χωρίς λακτόζη 160g,1.96
2025-06-05,5849658,Brie PRESIDENT 31% Λιπαρά 200g,4.7
2025-06-05,1565713,Τσένταρ CATHEDRAL CITY 9μηνης Ωρίμανσης 200g,4.4
2025-06-05,1223606,Γραβιέρα ΜΟΝΑΣΤΗΡΙ 18% Λιπαρά 300g,4.68
2025-06-05,1482941,Παρμεζάνα AMBROSI Reggiano Julienne ΠΟΠ τριμμένη 85g,2.98
2025-06-05,1223843,Παρμεζάνα PARMAREGGIO Reggiano ΠΟΠ Βιολογική 150g,6.14
2025-06-05,1405212,Γραβιέρα ΧΩΡΙΟ 7μηνης Ωρίμανσης 250g,5.74
2025-06-05,1649597,Φέτα ΘΥΜΕΛΗΣ Μυτιλήνης ΠΟΠ Χωρίς γλουτένη 400g,4.65
2025-06-05,1225111,Ημίσκληρο Καπνιστό Τυρί ΦΑΓΕ Τρικαλινό 350g,6.2
2025-06-05,6019996,Μασκαρπόνε GALBANI 250g,4.15
2025-06-05,1643934,Γραβιέρα ΟΙΚΟΓΕΝΕΙΑ ΑΛΙΦΙΕΡΑΚΗ με 3 Πιπέρια 200g,3.65
2025-06-05,1121021,Μπλε Τυρί MAMMEN Favrskov ΠΓΕ Δανίας 100g,1.95
2025-06-05,1195461,Ροκφόρ VERNIERES ΠΟΠ 100g,3.65
2025-06-05,3426343,Κατσικίσιο Τυρί ΔΩΔΩΝΗ 200g,3.34
2025-06-05,1118781,Τσένταρ LYE CROSS FARM 200g,4.45
2025-06-05,8780637,Μασκαρπόνε GRANAROLO 250g,4.48
2025-06-05,1204063,Λευκό Τυρί ΧΕΛΜΟΣ Βλαχοπούλα σε Άλμη 400g,4.28
2025-06-05,1223770,Μοτσαρέλα GRANAROLO 16% Λιπαρά Ιταλίας 250g,3.94
2025-06-05,1616041,Camembert L&#39;OISEAU Blue250g,3.2
2025-06-05,1223836,Γραβιέρα ΚΑΡΑΛΗΣ Βιολογική 200g,3.95
2025-06-05,1551971,Γκούντα τριμμένη 180g,2.1
2025-06-05,7369374,Ροκφόρ SOCIETE ΠΟΠ 100g,5.1
2025-06-05,1223611,Γραβιέρα ΜΟΝΑΣΤΗΡΙ 300g,4.68
2025-06-05,1506539,Πεκορίνο Αμφιλοχίας ΓΕΩΡΓΙΟΥ,5.92
2025-06-05,1530875,Σκληρό Τυρί VERGEER 12μηνης Ωρίμανσης 200g,3.34
2025-06-05,9591470,Τυρί ΦΑΓΕ 4 Τυριά τριμμένα 200g,5.26
2025-06-05,5462759,Κατσικίσιο Τυρί CHAVROUX 150g,5.85
2025-06-05,1588023,Μοτσαρέλα LA BUFALA ΠΟΠ 200g,4.5
2025-06-05,1651334,Γραβιέρα Κρήτης Α.Σ. ΜΥΛΟΠΟΤΑΜΟΥ ΠΟΠ 300g\t,5.04
2025-06-05,1639721,Τυρί Κρέμα PRIMULA Cheese n&#39; Prawns με Γαρίδα Χωρίς γλουτένη 140g,3.75
2025-06-05,1614472,Λευκό Αναπλήρωμα ΟΛΥΜΠΟΣ Καρπός Χωρίς γλουτένη Χωρίς λακτόζη 200g,2.38
2025-06-05,4120598,Camembert PRESIDENT 250g,5.18
2025-06-05,1538441,Γκούντα σε φέτες Γερμανίας Χωρίς λακτόζη 160g,2.62
2025-06-05,1396004,Μοτσαρέλα Φρέσκια LA MARCHESA από Βουβαλίσιο Γάλα 200g,5.58
2025-06-05,1639726,Τυρί Κρέμα PRIMULA Cheese n&#39; Ham με Ζαμπόν Χωρίς γλουτένη 140g,3.75
2025-06-05,1491469,Γραβιέρα ΚΡΗΤΩΝ ΠΑΡΑΔΟΣΗ με Ντομάτα &amp; Βασιλικό 200g,4.72
2025-06-05,1506538,Κεφαλοτύρι Αμφιλοχίας ΓΕΩΡΓΙΟΥ,5.28
2025-06-05,1283607,Λαδοτύρι ΘΥΜΕΛΗΣ Μυτιλήνης ΠΟΠ 300g,6.6
2025-06-05,1468855,Τυρί ΜΑΣΤΕΛΟ 380g,6.88
2025-06-05,1418020,Αγελαδινό Τυρί KOLIOS σε Άλμη 800g,9.0
2025-06-05,1631796,Παρμεζάνα Reggiano PARMAREGGIO 40μηνης Ωρίμανσης ΠΟΠ 200g,7.9
2025-06-05,1452467,Μυζήθρα Ξηρή Ελλάδος ΚΑΡΑΛΗΣ ,5.3
2025-06-05,1623620,Τυρί Κατσικίσιο ΤΕΜΠΗ Βιολογικό Χωρίς γλουτένη 200g,4.1
2025-06-05,1491468,Γραβιέρα ΚΡΗΤΩΝ ΠΑΡΑΔΟΣΗ με Επικάλυψη Γλυκιά Πάπρικα 200g,4.72
2025-06-05,1453482,Κατσικίσιο Γκερεμέζι ΚΑΪΔΑΝΤΖΗΣ Μεσογειακό 100g,2.75
2025-06-05,1538440,Γκούντα &amp; Ένταμ MAMMEN τριμμένο Χωρίς λακτόζη 160g,2.34
2025-06-05,1466646,Προβολόνε AURICCHIO Piccante 200g,5.82
2025-06-05,1491839,Παρμεζάνα AMBROSI Reggiano ΠΟΠ 30μηνης Ωρίμανσης 150g,5.5
2025-06-05,1615591,Ροκφόρ PAPILLON ΠΟΠ Γαλλίας 100g,3.7
2025-06-05,1541034,Γκούντα Ολλανδίας 48% Λιπαρά σε φέτες 175g,2.48
2025-06-05,1442281,Γραβιέρα Μυτιλήνης ΘΥΜΕΛΗΣ 300g,6.2
2025-06-05,1459342,Φέτα ΜΟΝΑΣΤΗΡΙ Πρόβεια ΠΟΠ 200g,3.2
2025-06-05,1512825,Πεκορίνο Romano GRANAROLO ΠΟΠ 150g,6.4
2025-06-05,1475414,Καπνιστή Γκούντα ALPILAND σε φέτες Αυστρίας 200g,3.24
2025-06-05,1383577,Γραβιέρα BLISS POINT με Μαύρη Τρούφα 125g,5.95
2025-06-05,1623622,Ντιπ Σάλτσα Τυριού Τσένταρ NACHO &amp; TACO 250g,3.8
2025-06-05,1550856,Regato VACHE BLEUE τριμμένο 170g,2.58
2025-06-05,1453483,Πρόβειο Γκερεμέζι ΚΑΪΔΑΝΤΖΗΣ με Μέλι &amp; Καρύδι 100g,2.75
2025-06-05,1531248,Βουβαλίσιο Τυρί ΤΑ ΚΑΛΑ ΒΟΥΝΑ Κερκίνης Σερρών 200g,5.1
2025-06-05,1530870,Γκούντα VERGEER 12μηνης Ωρίμανσης σε Φέτες 200g,3.52
2025-06-05,1448461,Γραβιέρα BLISS POINT με Άγριο Σκόρδο 5μηνης Παλαίωσης 125g,4.48
2025-06-05,1524264,Φυτική Κρέμα SCHLAGFIX 250g,3.5
2025-06-05,1383572,Γραβιέρα BLISS POINT Σπηλιάς 12μηνης Παλαίωσης 125g,4.42
2025-06-05,1302020,Γκερεμέζι ΚΑΪΔΑΝΤΖΗΣ με Φιστίκι 100g,2.75
2025-06-05,1118776,Τσένταρ Λευκό LYE CROSS FARM ΠΟΠ 200g,4.55
2025-06-05,1571782,Γραβιέρα Παλαιωμένη BLISS POINT με Θυμάρι 125g,4.38
2025-06-05,1395307,Blue Stilton CLAWSON ΠΟΠ 150g,5.4
2025-06-05,1417865,Γκοργκοντζόλα AURICCHIO Piccante ΠΟΠ 200g,5.58
2025-06-05,1301979,Γκερεμέζι ΚΑΪΔΑΝΤΖΗΣ σε 6 γεύσεις 120g,4.64
2025-06-05,1491467,Γραβιέρα ΚΡΗΤΩΝ ΠΑΡΑΔΟΣΗ 4 Πιπέρια 200g,4.72
2025-06-05,1383516,Γραβιέρα Παλαιωμένη BLISS POINT με 4 Πιπέρια 125g,4.48
2025-06-05,1600197,Γραβιέρες Gourmet ΟΙΚΟΓΕΝΕΙΑ ΑΛΙΦΙΕΡΑΚΗ 3x50g,5.9
2025-06-05,1227561,Τυρί Σύρου ΣΑΝ ΜΙΧΑΛΗ ΠΟΠ ,5.36
2025-06-05,1223777,Μασκαρπόνε AURICCHIO 250g,4.4
2025-06-05,1297380,Καπνιστό Τυρί ΜΟΝΑΣΤΗΡΙ 250g,5.35
2025-06-05,1512178,Πρόβειο Γκερεμέζι ΚΑΪΔΑΝΤΖΗΣ με Πέστο 100g,2.75
2025-06-05,1279838,Σκληρό Τυρί GRANOROLO Ιταλίας 150g,3.5
2025-06-05,1600194,Πέρλες Τυριού MY ALL NATURAL με γέμιση Raspberry 125g,3.98
2025-06-05,1600198,Πέρλες Τυριού MY ALL NATURAL με γέμιση Μάνγκο 125g,3.98
2025-06-05,1616362,Γκερεμέζι ΚΑΪΔΑΝΤΖΗΣ με Μαύρη Τρούφα 100g,3.65
2025-06-05,1322407,Τυρί Κρέμα TARTARE με Σκόρδο &amp; Βότανα 150g ,9.5
2025-06-05,1599337,Τυρί KISSAS Truffet με Τρούφα 150g,3.95
2025-06-05,1648300,Γραβιέρα Σπηλιάς ΟΙΚΟΓΕΝΕΙΑ ΑΛΙΦΙΕΡΑΚΗ 24μηνης Ωρίμανσης ,6.48
2025-06-05,1623621,Ντιπ Σάλτσα Τυριού Τσένταρ NACHO &amp; TACO με Χαλαπένιο 250g,3.8
2025-06-05,1630932,Ημίσκληρο Τυρί Μελίχλωρο Λήμνου,7.6
2025-06-05,1383589,Γραβιέρα Παλαιωμένη BLISS POINT με Θρούμπι 125g,4.52
2025-06-05,1221773,Λαδοτύρι ΘΥΜΕΛΗΣ Μυτιλήνης ΠΟΠ,19.4
2025-06-05,1652895,Λευκό Τυρί ΟΛΥΜΠΟΣ Χωριάτικο σε Άλμη 500g,6.48
2025-06-05,1652896,Τυρί LEERDAMMER Fitlife Protein σε φέτες 125g,2.38
2025-06-05,1633636,FROGO Σκεύη Αλουμινίου Γίγας 2τεμ,2.45
2025-06-05,1221483,DROLIO Σακούλες Απορριμμάτων 46x56cm 25lt 30τεμ,0.65
2025-06-05,1221486,KITTEN Σακούλες Απορριμμάτων  Μεγάλες με Κορδόνι 52x75cm 45lt 10τεμ,0.9
2025-06-05,1136425,SANITAS Σακούλες Απορριμμάτων Μεγάλες με Χερούλια Easy Pack 58x72cm 60lt 20τεμ,1.79
2025-06-05,1221478,DROLIO Σακούλες Απορριμμάτων Μεγάλες με Κορδόνι 52x75cm 45lt 10τεμ,1.43
2025-06-05,1490713,POLY-BAG Σακούλες Τροφίμων Μεσαίες 25τεμ,0.5
2025-06-05,1221492,DROLIO Σακούλες Απορριμμάτων Γίγας με Κορδόνι 70x95cm 100lt 10τεμ,2.17
2025-06-05,1567740,FROGO Αντικολλητικό Χαρτί Ψησίματος 30 φύλλα,1.4
2025-06-05,1223209,DROLIO Σακούλες Απορριμμάτων 53x80cm 50lt 20τεμ,1.1
2025-06-05,1429957,SANITAS Σακούλες Απορριμμάτων Αρωματικές Μικρές με Χερούλια Easy Pack 46x50cm 25lt 30τεμ,0.84
2025-06-05,1429986,ELEF Σακούλες Απορριμμάτων Κουζίνας με Χερούλια 50x55cm 30lt 20τεμ ,1.28
2025-06-05,1221698,FROGO Αλουμινόχαρτο 10m,1.35
2025-06-05,1058647,SANITAS Σακούλες Απορριμμάτων Αρωματικές Μικρές 46x56cm 25lt 30τεμ,0.92
2025-06-05,1221705,FROGO Διαφανής Μεμβράνη 20m,0.7
2025-06-05,1543044,SANITAS Flex &amp; Strong Σακούλες Απορριμμάτων Μεγάλες με Κορδόνι 52x75cm 45lt 10τεμ,1.43
2025-06-05,1222849,FROGO Σακούλες Τροφίμων με Zip Lock Μεσαίες 3lt 15τεμ,1.7
2025-06-05,1611869,Καλαμάκια Πλάστικα Επαναχρησιμοποιούμενα  Ίσια για Freddo 40τεμ,0.42
2025-06-05,1221702,FROGO Αλουμινόχαρτο 30m,3.2
2025-06-05,1490457,POLY-BAG Σακούλες Τροφίμων Μικρές 50τεμ,0.5
2025-06-05,1585569,DROLIO Σακούλες Απορριμμάτων Μεγάλες με Χερούλια 60x72cm 60lt 20τεμ,1.5
2025-06-05,1490374,POLY-BAG Σακούλες Τροφίμων Γίγας 25τεμ,0.6
2025-06-05,1222270,FROGO Σακούλες Τροφίμων με Ζιπ Μικρές 1lt 20τεμ,1.65
2025-06-05,1521510,TESSERA Κουτάλια Ξύλινα 16cm 8τεμ,0.54
2025-06-05,1226298,ELEF Σακούλες Απορριμμάτων Μεγάλες με Χερούλια 58x78cm 60lt 15τεμ,1.97
2025-06-05,6740922,ELEF Σακούλες Απορριμμάτων Αρωματικές Μικρές  46x56cm 25lt 30τεμ,1.07
2025-06-05,1229071,OKI DOKI Ποτήρια Πλαστικά Διάφανα 240ml 50τεμ,1.07
2025-06-05,1025970,SANITAS Αντικολλητικό Χαρτί Ψησίματος 18 φύλλα,1.83
2025-06-05,1621097,DROLIO Σακούλες Απορριμμάτων με Χερούλια Πορτοκαλί 50x55cm 30lt 30τεμ,1.3
2025-06-05,1611858,Καλαμάκια Πλαστικά Επαναχρησιμοποιούμενα  Ίσια Πολύχρωμα 30τεμ,0.48
2025-06-05,1600704,TESSERA Πιάτα Ζαχαροκάλαμου Λευκά 18cm 10τεμ,0.77
2025-06-05,1521508,TESSERA Πιρούνια Ξύλινα 16cm 8τεμ,0.54
2025-06-05,1442232,FROGO Αντικολλητικό Χαρτί Ψησίματος 18 φύλλα,1.05
2025-06-05,4186904,SANITAS Αλουμινόχαρτο 30m,4.76
2025-06-05,4855516,SANITAS Μεμβράνη 30m,1.73
2025-06-05,1575264,FROGO Σκεύη Αλουμινίου με Καπάκι Μικρά 4τεμ,1.18
2025-06-05,1544133,SANITAS Flex &amp; Strong Σακούλες Απορριμμάτων Μεσαίες με Κορδόνι 50x55cm 30lt 10τεμ,1.27
2025-06-05,1221699,OKI DOKI Crystal Ποτήρια Διάφανα 430ml 36τεμ,2.1
2025-06-05,1639712,FROGO Σακούλες Τροφίμων Μεσαίες 4lt 50τεμ,0.68
2025-06-05,8480642,ΜΟΡΝΟΣ Ποτήρια Πλαστικά Νερού Διάφανα 270ml 50τεμ,1.44
2025-06-05,1549745,SANITAS Flex &amp; Strong Σακούλες Απορριμμάτων Αρωματικές Μεγάλες με Κορδόνι 52x75cm 45lt 10τεμ,1.43
2025-06-05,1224644,FROGO Σακούλες Τροφίμων με Zip Lock Μεγάλες 5lt 10τεμ,1.75
2025-06-05,1543043,SANITAS Flex &amp; Strong Σακούλες Απορριμμάτων Γίγας με Κορδόνι 70x95cm 100lt 8τεμ,2.7
2025-06-05,1600703,TESSERA Πιάτα Ζαχαροκάλαμου Λευκά 23cm 10τεμ,1.46
2025-06-05,1575268,FROGO&#160;Σκεύη Αλουμινίου με Καπάκι Μεσαία 3τεμ,1.8
2025-06-05,1273248,FROGO Αντικολλητικό Χαρτί Ψησίματος 10m,1.48
2025-06-05,1453995,TEFACO Ποτήρια Χάρτινα με Καπάκι 250ml 10τεμ,1.2
2025-06-05,1199083,ELEF Σακούλες Απορριμμάτων Αρωματικές Μεγάλες με Χερούλια 58x72cm 55lt 20τεμ,2.37
2025-06-05,1454002,TEFACO Ποτήρια Χάρτινα με Καπάκι 413ml 10τεμ,1.56
2025-06-05,4232302,SANITAS Αντικολλητικό Χαρτί 15m,3.24
2025-06-05,4628996,POLY-BAG Παγοκυψέλες 10τεμ,0.6
2025-06-05,1501980,FINO Οδοντογλυφίδες Κοντές 400τεμ,0.92
2025-06-05,1223359,ELEF Σακούλες Απορριμμάτων Βαρέων Βαρών 90x120cm 170lt 10τεμ,4.98
2025-06-05,1615407,Καλαμάκια Επαναχρησιμοποιούμενα Πλαστικά Ίσια Μαύρα 30τεμ,0.48
2025-06-05,1226809,TEFACO Ποτήρια Χάρτινα 120ml 25τεμ,1.1
2025-06-05,1639678,FROGO Σακούλες Τροφίμων Μεγάλες 7lt 50τεμ,0.78
2025-06-05,1575267,FROGO Σκεύη Αλουμινίου Μεγάλα Βαθιά 3τεμ,1.75
2025-06-05,6130843,SANITAS Σακούλες Τροφίμων Χάρτινες Μεγάλες 30τεμ,2.0
2025-06-05,6622500,SANITAS Παγοκυψέλες με Αυτόματο Κλείσιμο 2 σε 1 10τεμ,1.8
2025-06-05,1544951,FROGO Σακούλες Τροφίμων με κλιπ 2lt 120τεμ,0.9
2025-06-05,1575263,FROGO Σκεύη Αλουμινίου Μεσαία 3τεμ,1.75
2025-06-05,1575266,FROGO&#160;Σκεύη Αλουμινίου για Κέικ 6τεμ,1.5
2025-06-05,1524814,KOKLIKO Πιάτα Χάρτινα 0% Πλαστικό Kraft 23cm 10τεμ,1.26
2025-06-05,1586988,IZZY Αντικολλητικό Χαρτί για Φριτέζα Αέρος 50τεμ,5.95
2025-06-05,1635024,FROGO Επαναχρησιμοποιούμενα Ανοξείδωτα 18/0 Πιρούνια 6τεμ,0.95
2025-06-05,1229217,POLY-BAG Σακούλες Τροφίμων Super Γίγας 25τεμ,0.82
2025-06-05,1559516,KOKLIKO Πιάτα Χάρτινα 0% Πλαστικό Ανακυκλώσιμο Λευκά 23cm 10τεμ,1.42
2025-06-05,4131843,KOKLIKO Οδοντογλυφίδες Ξύλινες 250τεμ,0.88
2025-06-05,1524824,KOKLIKO Πιάτα Τετράγωνα Χάρτινα 0% Πλαστικό Λευκά 23cm 10τεμ,1.5
2025-06-05,9260175,ALASKA Σακούλες Απορριμμάτων Κήπου 5τεμ,3.1
2025-06-05,4402939,POLIDIL Λαδόχαρτο Ψησίματος 10m,1.8
2025-06-05,9018201,SANITAS Αντικολλητικό Χαρτί 8m,1.88
2025-06-05,1226803,COOK Αλουμινόχαρτο 50m,4.8
2025-06-05,1524823,KOKLIKO Πιάτα Χάρτινα 0% Πλαστικό Λευκά 16cm 10τεμ,0.94
2025-06-05,1482602,MATRIX BIO Καλαμάκια Χάρτινα Σπαστά  σε Διάφορα Χρώματα 25τεμ,0.78
2025-06-05,1221707,OKI DOKI Ποτήρια Κόκκινα 430ml 36τεμ,2.1
2025-06-05,4612123,ΜΟΡΝΟΣ Ποτήρια Πλαστικά Νερού Λευκά 270ml 50τεμ,1.44
2025-06-05,1524821,KOKLIKO Πιάτα Χάρτινα 0% Πλαστικό Λευκά 19-5cm 10τεμ,1.18
2025-06-05,6130835,SANITAS Σακούλες Τροφίμων Χάρτινες Μικρές 30τεμ,1.56
2025-06-05,1635030,FROGO Επαναχρησιμοποιούμενα Ανοξείδωτα 18/0 Κουταλάκια 6τεμ,0.9
2025-06-05,1521511,TESSERA Μαχαίρια Ξύλινα 16cm 8τεμ,0.54
2025-06-05,4232328,SANITAS Μεμβράνη 100m,4.72
2025-06-05,1492187,DECORATA Χαρτοπετσέτες Dots 33x33cm 20τεμ,1.26
2025-06-05,1534407,KOKLIKO Ποτήρια Χάρτινα Λευκά 200ml 10τεμ,2.45
2025-06-05,1508071,MATRIX BIO Καλαμάκια Χάρτινα Σπαστά Μεγάλα σε Διάφορα Χρώματα 25τεμ,0.9
2025-06-05,1241961,CHROMA PLASTICS Παγοθήκες Πλαστικές 2τεμ,2.1
2025-06-05,1524815,KOKLIKO Πιάτα Χάρτινα 0% Πλαστικό&#160;Kraft&#160;19-5cm 10τεμ,1.1
2025-06-05,1648565,DECORATA Χαρτοπετσέτες Λεμονιά 33x33 20τεμ 85g,1.2
2025-06-05,1633634,FROGO Σκεύη Αλουμινίου Μεγάλα Πολύ Βαθιά 2τεμ,2.95
2025-06-05,1531074,DECORATA Ποτήρια Χάρτινα Dots 200ml 8τεμ,1.38
2025-06-05,1227496,FANTASY Μπαλόνια 15 τεμ,0.75
2025-06-05,1635029,FROGO Επαναχρησιμοποιούμενα Ανοξείδωτα 18/0 Κουτάλια 6τεμ,0.95
2025-06-05,1524816,KOKLIKO Ποτήρια Χάρτινα  Kraft&#160;200ml 8τεμ,2.33
2025-06-05,1492793,MATRIX BIO Καλαμάκια Χάρτινα Ίσια Μαύρα για Freddo 40τεμ ,0.85
2025-06-05,1223790,Καλαμάκια για Σουβλάκια Bamboo 21cm 200τεμ,1.18
2025-06-05,1627522,FROGO Καλύμματα Τροφίμων 18τεμ,1.3
2025-06-05,4186680,SANITAS Σακούλες Ψησίματος 8τεμ,3.25
2025-06-05,1648563,DECORATA Χαρτοπετσέτες Λουλούδια 33x33 20τεμ 85g,1.2
2025-06-05,1496288,DECORATA Καπέλα με σχέδιο Dots 6τεμ,1.26
2025-06-05,1527854,DECORATA Πιάτα Μεσαία Χάρτινα με σχέδιο Dots 0% Πλαστικό 20cm 8τεμ,1.56
2025-06-05,1496285,DECORATA Τραπεζομάντιλο Πλαστικό με σχέδιο Dots 120x180cm,1.9
2025-06-05,1319347,Τραπεζομάντιλο Πλαστικό Κόκκινο 1-37x2-74cm,1.62
2025-06-05,1635026,FROGO Επαναχρησιμοποιούμενα Ανοξείδωτα 18/0 Μαχαίρια 6τεμ,0.95
2025-06-05,1622196,DECORATA Διακοσμητικές Οδοντογλυφίδες Μικρά Πιρουνάκια 24τεμ,0.9
2025-06-05,1582658,DECORATA Χαρτοπετσέτες Πασχαλινές Ανθισμένα Λουλούδια 33x33cm 20τεμ 85g,1.2
2025-06-05,7217987,SWAN Μπαλόνια με σχέδιο Αστεράκι Νο26 10τεμ,0.98
2025-06-05,1527853,DECORATA Πιάτα Μεγάλα Χάρτινα με σχέδιο Dots 0% Πλαστικό 23cm 8τεμ,2.16
2025-06-05,1622195,DECORATA Διακοσμητικές Οδοντογλυφίδες Κόκκινη Μπάλα 24τεμ,1.4
2025-06-05,1624593,SWAN Μπαλόνια σε Pastel Χρώματα 10τεμ,1.9
2025-06-05,1528760,DECORATA Πιάτα Μεσαία Χάρτινα 0% Πλαστικό Κόκκινα 20cm 8τεμ,1.56
2025-06-05,1528758,DECORATA Πιάτα Μεγάλα Χάρτινα 0% Πλαστικό Κόκκινα 23cm 8τεμ,2.16
2025-06-05,1496289,DECORATA Banner με σχέδιο Dots 3τεμ,1.26
2025-06-05,1025978,SANITAS Σακούλες Ψησίματος Γίγας 4τεμ,3.65
2025-06-05,1648564,DECORATA Χαρτοπετσέτες Βυθός 33x33 20τεμ 85g,1.2
2025-06-05,1604039,Κανονάκι Κονφετί Let it Pop 40cm,2.1
2025-06-05,1619673,DECORATA Χαρτοπετσέτες Spiderman 2φύλλων 33x33 20τεμ 85g,2.4
2025-06-05,1650161,Κερί Γενεθλίων Λευκό No1,0.48
2025-06-05,1619579,DECORATA Χαρτοπετσέτες Frozen 2φύλλων 33x33 20τεμ 85g,2.4
2025-06-05,1600879,DECORATA Κουρτίνα Ασημί 1τεμ x2m,2.5
2025-06-05,1600882,DECORATA Κουρτίνα Χρυσό 1τεμ x2m,2.5
2025-06-05,1650155,Κερί Γενεθλίων Λευκό No3,0.48
2025-06-05,1619674,DECORATA Πιάτα Χάρτινα 0% Πλαστικό Spiderman 20cm 8τεμ,2.16
2025-06-05,1650149,Κερί Γενεθλίων Λευκό No2,0.48
2025-06-05,1650158,Κερί Γενεθλίων Λευκό No4,0.48
2025-06-05,1649939,Κεριά Γενεθλίων Λευκά 12τεμ,0.68
2025-06-05,1619575,DECORATA Πιάτα Χάρτινα 0% Πλαστικό Frozen 23cm 8τεμ,2.75
2025-06-05,1619571,DECORATA Ποτήρια Χάρτινα Spiderman 200ml 8τεμ,2.64
2025-06-05,1600878,DECORATA Καπέλα Χρυσό 6τεμ,1.6
2025-06-05,1619567,DECORATA Πιάτα Χάρτινα 0% Πλαστικό Frozen 20cm 8τεμ,2.16
2025-06-05,1650162,Κερί Γενεθλίων Λευκό No5,0.48
2025-06-05,1649951,Κεριά Γενεθλίων Ροζ 12τεμ,0.68
2025-06-05,1650148,Κερί Γενεθλίων Λευκό No9,0.48
2025-06-05,1650151,Κερί Γενεθλίων Λευκό No6,0.48
2025-06-05,1619583,DECORATA Πιάτα Χάρτινα 0% Πλαστικό Spiderman 23cm 8τεμ,2.75
2025-06-05,1649949,Κεριά Γενεθλίων Γαλάζιο 12τεμ,0.68
2025-06-05,1650157,Κερί Γενεθλίων Λευκό No0,0.48
2025-06-05,1650156,Κερί Γενεθλίων Λευκό No7,0.48
2025-06-05,1619578,DECORATA Ποτήρια Χάρτινα Frozen 200ml 8τεμ,2.64
2025-06-05,1650160,Κερί Γενεθλίων Λευκό No8,0.48
2025-06-05,1650152,Κερί Γενεθλίων Λευκό Ερωτηματικό ,0.48
2025-06-05,1600877,DECORATA Καπέλα Ασημί 6τεμ,1.6
2025-06-05,1656155,DECORATA Πιάτα Μεγάλα Χάρτινα 0% Πλαστικό Unicorn Rainbow Colors 23cm 8τεμ,2.16
2025-06-05,1656157,DECORATA Πιάτα Μεσαία Χάρτινα 0% Πλαστικό Unicorn Rainbow Colors 20cm 8τεμ,1.56
2025-06-05,1656158,DECORATA Χαρτοπετσέτες Unicorn Rainbow Colors 2φύλλων 33x33cm 20τεμ 65g,2.0
2025-06-05,4569497,ΚΟΡΠΗ Φυσικό Μεταλλικό Νερό 6x1-5lt,1.69
2025-06-05,1655035,STARBUCKS Ice Coffee Latte Χωρίς λακτόζη Χωρίς προσθήκη ζάχαρης 220ml,2.34
2025-06-05,5401203,ΒΙΚΟΣ Φυσικό Μεταλλικό Νερό 12x500ml,1.87
2025-06-05,6879464,ΖΑΓΟΡΙ Φυσικό Μεταλλικό Νερό 6x1-5lt,1.88
2025-06-05,1639427,COCA-COLA Zero Χωρίς ζάχαρη 8x330ml,5.0
2025-06-05,1286174,ΘΕΟΝΗ Φυσικό Μεταλλικό Νερό 6x1-5lt,1.98
2025-06-05,1063121,ΖΑΓΟΡΙ Φυσικό Μεταλλικό Νερό 12x500ml,1.94
2025-06-05,4094926,PEPSI Zero Cola Χωρίς ζάχαρη 1-5lt,1.33
2025-06-05,1396128,ΘΕΟΝΗ Φυσικό Μεταλλικό Νερό 12x500ml,2.54
2025-06-05,3669439,COCA-COLA Zero Χωρίς ζάχαρη 2x1-5lt,3.44
2025-06-05,1639428,COCA-COLA Original Taste 8x330ml,5.0
2025-06-05,1278777,ΠΗΓΕΣ ΚΩΣΤΗΛΑΤΑΣ Φυσικό Μεταλλικό Νερό 6x1-5lt,1.7
2025-06-05,8743627,ΞΥΝΟ ΝΕΡΟ Οξυανθρακούχο Ασβεστούχο Νερό Φλώρινας 1lt,1.65
2025-06-05,1142487,COCA-COLA Zero xωρίς Kαφεΐνη Χωρίς ζάχαρη 6x330ml,5.16
2025-06-05,1451517,ΞΥΝΟ ΝΕΡΟ Οξυανθρακούχο Ασβεστούχο Νερό Φλώρινας 250ml,0.92
2025-06-05,1093002,COCA-COLA Zero Χωρίς ζάχαρη 4x500ml,4.52
2025-06-05,1295428,ΠΗΓΕΣ ΚΩΣΤΗΛΑΤΑΣ Φυσικό Μεταλλικό Νερό 12x500ml,1.96
2025-06-05,1275901,ΜΑΡΑΤΑ Νερό Επιτραπέζιο 12x500ml,1.76
2025-06-05,4391264,ΒΙΚΟΣ Φυσικό Μεταλλικό Νερό 6x1-5lt,1.68
2025-06-05,1275904,ΜΑΡΑΤΑ Νερό Επιτραπέζιο 6x1-5lt,1.5
2025-06-05,6629760,AMITA Φρουτοποτό Πορτοκάλι Βερίκοκο Μήλο 1lt,0.98
2025-06-05,9368358,COCA-COLA Original Taste 2x1-5lt,3.38
2025-06-05,1102785,GREEN Cola 1-5lt,0.95
2025-06-05,1442487,ΖΑΓΟΡΙ Go Green Sparkling Ανθρακούχο Νερό Λεμόνι 4x500ml,1.88
2025-06-05,6976260,COCA-COLA Zero Χωρίς ζάχαρη 2x1lt,2.47
2025-06-05,1221526,ΜΑΡΑΤΑ 3 Φρούτα Νέκταρ Πορτοκάλι Μήλο Βερίκοκο 1lt,0.85
2025-06-05,1519988,ΝΕΦΕΛΗ Νερό Επιτραπέζιο 24x500ml,2.98
2025-06-05,1450183,ΖΑΓΟΡΙ Go Green Sparkling Ανθρακούχο Νερό 4x500ml,1.65
2025-06-05,9841057,RED BULL Ενεργειακό Ποτό Χωρίς ζάχαρη 250ml,0.98
2025-06-05,1093000,COCA-COLA Original Taste 4x500ml,4.52
2025-06-05,1404114,ΝΕΦΕΛΗ Νερό Επιτραπέζιο 6x1-5lt,1.28
2025-06-05,4103925,AMITA Motion Χυμός Φυσικός 1lt,2.05
2025-06-05,7026453,AMITA Motion Χυμός Φυσικός 330ml,1.17
2025-06-05,3278447,ΜΙΤΣΙΚΕΛΙ Spark Ανθρακούχο Νερό 6x1-5lt,2.28
2025-06-05,1221535,ΜΑΡΑΤΑ Χυμός Πορτοκάλι 1lt,1.47
2025-06-05,1216607,MONSTER Energy Ενεργειακό Ποτό Ultra Χωρίς ζάχαρη 500ml,1.12
2025-06-05,4358727,PEPSI Zero Cola Χωρίς ζάχαρη 6x330ml,3.86
2025-06-05,1187432,TUBORG Σόδα 5x330ml +1 Δώρο,2.2
2025-06-05,1221532,ΜΑΡΑΤΑ Action Χυμός 9 Φρούτα 1lt,1.2
2025-06-05,5483920,COCA-COLA Light Χωρίς ζάχαρη 6x330ml,5.22
2025-06-05,1102754,GREEN Cola 6x330ml,2.45
2025-06-05,5916663,ΛΟΥΞ Σόδα 5x330ml +1 Δώρο,2.7
2025-06-05,1275855,ΒΙΚΟΣ Cola με Στέβια 1-5lt,1.05
2025-06-05,1301150,HELL Classic Ενεργειακό Ποτό 250ml,0.67
2025-06-05,1480319,SCHWEPPES Mixer Pink Grapefruit 6x330ml ,3.86
2025-06-05,1480321,SCHWEPPES Πορτοκαλάδα με γεύση Ανθός Πορτοκαλιού Χωρίς ζάχαρη 6x330ml ,4.2
2025-06-05,1509897,ΜΑΡΑΤΑ Action Χυμός 9 Φρούτα 6x250ml,2.3
2025-06-05,1505594,ΒΙΚΟΣ Cola Zero Χωρίς ζάχαρη 6x330ml ,3.26
2025-06-05,1382823,GREEN Πορτοκαλάδα με Ανθρακικό Χωρίς προσθήκη ζάχαρης 1-5lt,0.93
2025-06-05,1996560,ΙΟΛΗ Φυσικό Μεταλλικό Νερό  5x1-5lt +1 Δώρο,1.62
2025-06-05,1214568,ΖΑΓΟΡΙ Φυσικό Μεταλλικό Νερό 500ml,0.17
2025-06-05,1509879,ΜΑΡΑΤΑ 3 Φρούτα Νέκταρ Πορτοκάλι Μήλο Βερίκοκο 6x250ml,2.1
2025-06-05,9379413,COCA-COLA Light Χωρίς ζάχαρη 2x1-5lt,3.78
2025-06-05,4103982,AMITA Χυμός Φυσικός Πορτοκάλι 1lt,1.78
2025-06-05,1146222,ΒΙΚΟΣ Cola 5x330ml +1 Δώρο,2.55
2025-06-05,9185042,AMITA Motion Χυμός Φυσικός 1-5lt,2.58
2025-06-05,7131303,VIVA Χυμός Φυσικός Μήλο 1lt,1.32
2025-06-05,5069802,7UP Free Γκαζόζα Χωρίς ζάχαρη 1-5lt,1.58
2025-06-05,1480323,SCHWEPPES Λεμονάδα με γεύση Περγαμόντο &amp; Ιβίσκο Χωρίς ζάχαρη 6x330ml ,4.2
2025-06-05,1495631,ΖΑΓΟΡΙ Go Green Φυσικό Μεταλλικό Νερό 6x330ml,1.2
2025-06-05,1481503,AQUA CARPATICA Kids Φυσικό Μεταλλικό Νερό 250ml,0.43
2025-06-05,4341145,ΒΙΚΟΣ Φυσικό Μεταλλικό Νερό 10lt,3.07
2025-06-05,1143484,ΖΑΓΟΡΙ Go Green Athletic Φυσικό Μεταλλικό Νερό 750ml,0.47
2025-06-05,1399384,BOLERO Ice Tea Ροδάκινο σε Σκόνη Χωρίς ζάχαρη 8g,0.6
2025-06-05,1584294,SPRITE Zero Lemon Lime Χωρίς ζάχαρη 6x330ml,3.47
2025-06-05,6976062,COCA-COLA Original Taste 2x1lt,2.47
2025-06-05,1221556,ΜΑΡΑΤΑ Φρουτοποτό Βύσσινο 1lt,1.0
2025-06-05,1113481,ΗΒΗ Go Φρουτοποτό Φράουλα Μήλο Σταφύλι 6x250ml,3.96
2025-06-05,1143489,ΖΑΓΟΡΙ Φυσικό Μεταλλικό Νερό 1lt,1.38
2025-06-05,6837272,RED BULL Ενεργειακό Ποτό 250ml,0.98
2025-06-05,2992261,COCA-COLA Zero Χωρίς ζάχαρη 330ml,0.88
2025-06-05,5916655,ΛΟΥΞ Λεμονάδα 5x330ml +1 Δώρο,3.58
2025-06-05,4450243,ΣΟΥΡΩΤΗ Ανθρακούχο Νερό 250ml,0.78
2025-06-05,5916648,ΛΟΥΞ Πορτοκαλάδα με Ανθρακικό 5x330ml +1 Δώρο,2.53
2025-06-05,1589735,MONSTER Ενεργειακό Ποτό Luis Ηamilton Χωρίς ζάχαρη 500ml,1.12
2025-06-05,9213463,SCHWEPPES Σόδα 6x330ml,2.42
2025-06-05,1399383,BOLERO Ice Tea Λεμόνι σε Σκόνη Χωρίς ζάχαρη 8g,0.6
2025-06-05,9342726,PEPSI Twist Cola με Λεμόνι 1-5lt,1.33
2025-06-05,4103438,AMITA Φρουτοποτό Βύσσινο 1lt,1.58
2025-06-05,1096688,MONSTER Energy Zero Ενεργειακό Ποτό Χωρίς ζάχαρη 500ml,1.12
2025-06-05,1418528,COCA-COLA Zero Χωρίς ζάχαρη 6x150ml,4.75
2025-06-05,1093003,COCA-COLA Light Χωρίς ζάχαρη 4x500ml,4.48
2025-06-05,1382769,GREEN Πορτοκαλάδα με Ανθρακικό Χωρίς προσθήκη ζάχαρης 4x330ml,1.51
2025-06-05,1222552,ΜΑΡΑΤΑ Φρουτοποτό Λεμόνι 1lt,0.95
2025-06-05,1382825,GREEN Λεμονάδα με Ανθρακικό Χωρίς προσθήκη ζάχαρης 1-5lt,0.93
2025-06-05,1454131,ΣΟΥΡΩΤΗ Ανθρακούχο Νερό 6x330ml,4.86
2025-06-05,4102133,FANTA Πορτοκαλάδα με Ανθρακικό 1-5lt,1.64
2025-06-05,1113482,ΗΒΗ Go Χυμός Φυσικός 4 Φρούτων 6x250ml,3.96
2025-06-05,4102364,SPRITE Lemon Lime 1-5lt,1.4
2025-06-05,6629810,AMITA Φρουτοποτό Πορτοκάλι Βερίκοκο Μήλο 1-5lt,1.48
2025-06-05,1481504,AQUA CARPATICA Ανθρακούχο Νερό 1-5lt,1.12
2025-06-05,3278470,ΜΙΤΣΙΚΕΛΙ Spark Ανθρακούχο Νερό 1-5lt,0.38
2025-06-05,4095246,PEPSI Cola 1-5lt,1.33
2025-06-05,1404112,ΝΕΦΕΛΗ Νερό Επιτραπέζιο 500ml,0.13
2025-06-05,1481502,AQUA CARPATICA Φυσικό Μεταλλικό Νερό 6x500ml,2.96
2025-06-05,1439206,MONSTER Juiced Ενεργειακό Ποτό Mango Loco 500ml,1.12
2025-06-05,5385398,FANTA Πορτοκαλάδα με Ανθρακικό 6x330ml,3.6
2025-06-05,6519409,ΖΑΓΟΡΙ Ζαγοράκι Φυσικό Μεταλλικό Νερό 6x330ml,1.38
2025-06-05,1382821,GREEN Λεμονάδα με Ανθρακικό Χωρίς προσθήκη ζάχαρης 4x330ml,1.51
2025-06-05,2992360,COCA-COLA Zero Χωρίς ζάχαρη 1-5lt,1.97
2025-06-05,5385406,SPRITE Lemon Lime 6x330ml,3.8
2025-06-05,1037206,AMITA Motion Χυμός Φυσικός 4x330ml,4.68
2025-06-05,1626628,AMITA Free Φρουτοποτό Detox με Στέβια Χωρίς προσθήκη ζάχαρης 1lt,1.7
2025-06-05,7378045,MONSTER Energy Ενεργειακό Ποτό 500ml,1.12
2025-06-05,1099580,LIPTON Zero Ice Tea Ροδάκινο Χωρίς ζάχαρη 500ml,1.17
2025-06-05,1221560,ΜΑΡΑΤΑ Φρουτοποτό Ροδάκινο 1lt,0.85
2025-06-05,1578018,ΟΛΥΜΠΟΣ Ice Tea Green Φράουλα Χωρίς ζάχαρη 500ml,1.1
2025-06-05,1418612,COCA-COLA Original Taste 6x150ml,4.75
2025-06-05,4102455,COCA-COLA Original Taste 330ml,0.88
2025-06-05,1480303,NUTRI VALLEY Peppa Pig Χυμός Φυσικός Πορτοκάλι Μήλο Ροδάκινο Βερίκοκο 250ml  ,0.58
2025-06-05,6627723,ΗΒΗ Σόδα με Λεμόνι 6x330ml,4.32
2025-06-05,6629612,AMITA Φρουτοποτό Πορτοκάλι Βερίκοκο Μήλο 250ml,0.73
2025-06-05,1566048,AQUA CARPATICA Ανθρακούχο Νερό 6x500ml,3.36
2025-06-05,1223152,MASTIQUA Ανθρακούχο Νερό με Μαστιχόνερο Χωρίς ζάχαρη 3x330ml +1 Δώρο,4.5
2025-06-05,1549319,ΒΙΚΟΣ Mixer Pink Grapefruit 6x330ml,3.2
2025-06-05,1505623,GREEN Mocktails Mixer Ρόδι Τζίντζερ &amp; Λάιμ με Στέβια Χωρίς προσθήκη ζάχαρης 4x330ml,2.8
2025-06-05,1509890,ΜΑΡΑΤΑ Χυμός Πορτοκάλι 6x250ml,2.6
2025-06-05,7158728,ΒΙΚΟΣ Φυσικό Μεταλλικό Νερό 500ml,0.17
2025-06-05,1439063,ΣΟΥΡΩΤΗ Sparkling Ανθρακούχο Νερό με Λεμόνι &amp; Λάιμ 6x330ml,5.36
2025-06-05,1459027,FUZETEA Ice Tea Μαύρο Peach &amp; Rose Χωρίς ζάχαρη 500ml,1.21
2025-06-05,1562550,ΟΛΥΜΠΟΣ Ice Tea Green Λεμόνι Χωρίς ζάχαρη 500ml,1.1
2025-06-05,4103560,AMITA Φρουτοποτό Ροδάκινο 1lt,1.56
2025-06-05,1045880,LIPTON Zero Ice Tea Πράσινο Τσάι Λεμόνι Χωρίς ζάχαρη 500ml,1.17
2025-06-05,4104139,AMITA Φρουτοποτό Βύσσινο 250ml,0.77
2025-06-05,1297446,ΘΕΟΝΗ Φυσικό Μεταλλικό Νερό 500ml,0.22
2025-06-05,1146183,ΒΙΚΟΣ Λεμονάδα με Ανθρακικό 6x330ml,3.14
2025-06-05,1475084,COCA-COLA Zero με Λεμόνι Χωρίς ζάχαρη 6x330ml,5.22
2025-06-05,1028329,ΛΟΥΞ Πορτοκαλάδα χωρίς Ανθρακικό 330ml,0.72
2025-06-05,1593588,FANTA Zero Πορτοκαλάδα με Ανθρακικό Χωρίς προσθήκη ζάχαρης 6x330ml ,3.6
2025-06-05,1471628,LIFE Tsai Ice Tea Earl Grey Λεμόνι Χωρίς ζάχαρη 500ml,1.5
2025-06-05,1429226,MASTIQUA Λεμονάδα με Μαστιχόνερο &amp; Ανθρακικό 330ml,1.65
2025-06-05,9413634,ΛΟΥΞ Λεμονάδα 330ml,0.72
2025-06-05,1565424,ΟΛΥΜΠΟΣ Ice Tea Black Ροδάκινο Χωρίς ζάχαρη 1-5lt,1.75
2025-06-05,6156111,ΔΙΡΦΥΣ Νερό Επιτραπέζιο 6x1-5lt,1.5
2025-06-05,6919690,ΗΒΗ Go Φρουτοποτό Φράουλα Μήλο Σταφύλι 250ml,0.66
2025-06-05,8951980,POWERADE Ισοτονικό Ποτό Mountain Blast 500ml,1.48
2025-06-05,1507332,ΖΑΓΟΡΙ Go Green Sparkling Ανθρακούχο Νερό Ροζ Γκρέιπφρουτ 4x500ml,1.88
2025-06-05,1481507,AQUA CARPATICA Φυσικό Μεταλλικό Νερό 6x1-5lt,5.84
2025-06-05,1143490,ΖΑΓΟΡΙ Φυσικό Μεταλλικό Νερό 1lt,0.44
2025-06-05,6976229,COCA-COLA Light Χωρίς ζάχαρη 2x1lt,2.9
2025-06-05,1626625,AMITA Free Φρουτοποτό Energy με Στέβια Χωρίς προσθήκη ζάχαρης 1lt,1.7
2025-06-05,1644701,MONSTER Energy Ενεργειακό Ποτό Ultra Strawberry Dreams Χωρίς ζάχαρη 500ml ,1.12
2025-06-05,8774101,ΣΑΜΑΡΙΑ Νερό Επιτραπέζιο 6x1-5lt,1.86
2025-06-05,1417506,ΒΙΚΟΣ Σόδα 4x330ml +2 Δώρο,2.08
2025-06-05,1092976,COCA-COLA Zero xωρίς Kαφεΐνη Χωρίς ζάχαρη 330ml,0.86
2025-06-05,1562079,ΟΛΥΜΠΟΣ Ice Tea Black Ροδάκινο Χωρίς ζάχαρη 500ml,1.1
2025-06-05,9342692,PEPSI Twist Cola με Λεμόνι 6x330ml,3.78
2025-06-05,6920136,ΗΒΗ Go Φρουτοποτό Μήλο Αχλάδι Σταφύλι Μπανάνα 250ml,0.66
2025-06-05,1218086,TUBORG Σόδα με Λεμόνι Χωρίς ζάχαρη 5x330ml +1 Δώρο,3.0
2025-06-05,1471631,LIFE Tsai Ice Tea Κεϋλάνης Ροδάκινο Χωρίς ζάχαρη 500ml,1.5
2025-06-05,4102786,AMITA Φρουτοποτό Ροδάκινο 250ml,0.83
2025-06-05,1221462,ATLAS Ενεργειακό Ποτό 250ml,0.55
2025-06-05,1528768,GREEN Mocktails Mixer Mojito με Στέβια Χωρίς ζάχαρη 4x330ml,2.8
2025-06-05,1135538,VIVA Χυμός Φυσικός Καρότο Μήλο Πορτοκάλι Χωρίς προσθήκη ζάχαρης 1lt,1.64
2025-06-05,1626624,AMITA Free Φρουτοποτό Energy με Στέβια Χωρίς προσθήκη ζάχαρης 330ml,1.05
2025-06-05,4359295,FANTA Πορτοκαλάδα με Ανθρακικό 4x500ml,3.1
2025-06-05,1648234,SCHWEPPES Mixer Tropical Fusion 6x330ml ,4.2
2025-06-05,6074439,ZARO&#39;S Φυσικό Μεταλλικό Νερό 6x1-5lt,1.98
2025-06-05,1045882,LIPTON Zero Ice Tea Πράσινο Τσάι Λεμόνι Χωρίς ζάχαρη 1-5lt,2.27
2025-06-05,1464081,ΜΑΡΑΤΑ Iz Χυμός Φυσικός Μήλο Φράουλα Σταφύλι 250ml,0.45
2025-06-05,1399386,BOLERO Ice Tea Φρούτα του Πάθους σε Σκόνη Χωρίς ζάχαρη 8g,0.6
2025-06-05,1146181,ΒΙΚΟΣ Πορτοκαλάδα χωρίς Ανθρακικό 6x330ml,3.14
2025-06-05,6920128,ΗΒΗ Go Χυμός Φυσικός 4 Φρούτων 250ml,0.66
2025-06-05,1275903,ΜΑΡΑΤΑ Νερό Επιτραπέζιο 500ml,0.15
2025-06-05,1028296,ΛΟΥΞ Πορτοκαλάδα χωρίς Ανθρακικό 5x330ml+1 Δώρο,2.53
2025-06-05,9841040,RED BULL Ενεργειακό Ποτό 4Χ250ml,3.92
2025-06-05,9413600,ΛΟΥΞ Πορτοκαλάδα με Ανθρακικό 330ml,0.72
2025-06-05,1549318,ΒΙΚΟΣ Mixer Pink Grapefruit 330ml,0.6
2025-06-05,1099581,LIPTON Zero Ice Tea Ροδάκινο Χωρίς ζάχαρη 1-5lt,2.27
2025-06-05,9413584,ΛΟΥΞ Πορτοκαλάδα με Ανθρακικό 1-5lt,1.95
2025-06-05,8509549,ΕΨΑ Λεμονάδα με Ανθρακικό 1-5lt,1.26
2025-06-05,1496448,ΚΟΡΠΗ Νερό Φυσικό Μεταλλικό 8x500ml,2.06
2025-06-05,1578579,SCHWEPPES Indian Τόνικ 6x330ml,3.26
2025-06-05,1509910,ΜΑΡΑΤΑ Φρουτοποτό Βύσσινο 6x250ml,2.15
2025-06-05,1177087,GREEN Cola 4x500ml,2.58
2025-06-05,4299012,AMITA Motion Χυμός Φυσικός 2x1lt,4.0
2025-06-05,1223481,ΜΑΡΑΤΑ Νέκταρ Πορτοκάλι 1lt,1.0
2025-06-05,4095311,7UP Γκαζόζα 1-5lt,1.26
2025-06-05,9426628,ΛΟΥΞ Γκαζόζα 330ml,0.65
2025-06-05,1630506,ΜΑΡΑΤΑ Iz Χυμός Φυσικός Μήλο Φράουλα Σταφύλι 6x250ml,2.6
2025-06-05,1045885,LIPTON Zero Ice Tea Λεμόνι Χωρίς ζάχαρη 500ml,1.17
2025-06-05,9178393,LIPTON Ice Tea Ροδάκινο 500ml,1.03
2025-06-05,1274903,ΟΙΚΟΓΕΝΕΙΑ ΧΡΙΣΤΟΔΟΥΛΟΥ Χυμός Φυσικός Πορτοκάλι Μήλο Καρότο Βιολογικός Χωρίς γλουτένη 250ml,1.6
2025-06-05,4095204,ΗΒΗ Πορτοκαλάδα με Ανθρακικό 1-5lt,1.29
2025-06-05,4359303,SPRITE Lemon Lime 4x500ml,3.38
2025-06-05,1553786,LIFE Tsai Ice Tea Red Boost Herbal Φράουλα Ιβίσκος Ginseng Χωρίς ζάχαρη 500ml,1.05
2025-06-05,1581398,SCHWEPPES Mixer με γεύση Mojito 6x330ml,3.86
2025-06-05,4103180,AMITA Φρουτοποτό Μπανάνα 1lt,1.58
2025-06-05,1605135,ΑΡΡΕΝΑ Φυσικό Μεταλλικό Νερό 12x500ml,1.94
2025-06-05,2992311,COCA-COLA Zero Χωρίς ζάχαρη 500ml,1.14
2025-06-05,1622823,BOLERO Φρουτοποτό Καρπούζι σε σκόνη Vegan Χωρίς γλουτένη Χωρίς ζάχαρη 9g,0.6
2025-06-05,1227318,ΕΥ BIO Smoothie Φρούτων Μήλο Φράουλα Μπανάνα Βιολογικό 100ml,1.4
2025-06-05,1396582,SAN PELLEGRINO Ανθρακούχο Νερό 1lt,1.42
2025-06-05,1471634,LIFE Tsai Ice Tea Πράσινο Balance Matcha Tea Πράσινο Μήλο Δυόσμος Χωρίς ζάχαρη 500ml,1.05
2025-06-05,5065008,ΛΑΚΩΝΙΑ Χυμός Φυσικός Πορτοκάλι 250ml,0.6
2025-06-05,1140259,COCA-COLA Zero Χωρίς ζάχαρη 150ml,0.8
2025-06-05,1636064,VIVA Νέκταρ Ανανά 1lt,1.4
2025-06-05,4395463,PERRIER Ανθρακούχο Νερό 4x330ml,4.08
2025-06-05,1033987,ΗΒΗ Πορτοκαλάδα χωρίς Ανθρακικό 1-5lt,1.29
2025-06-05,1223246,ΜΑΡΑΤΑ Φρουτοποτό Ροδάκινο 250ml,0.35
2025-06-05,9426701,ΛΟΥΞ Cola 1-5lt,1.46
2025-06-05,1390181,GREEN Βυσσινάδα με Ανθρακικό με Στέβια Χωρίς προσθήκη ζάχαρης 4x330ml,3.0
2025-06-05,9413618,ΛΟΥΞ Λεμονάδα 1-5lt,1.95
2025-06-05,1637177,NUTRI VALLEY Peppa Pig Φρουτοποτό Μήλο Φράουλα Σταφύλι 250ml,0.58
2025-06-05,4102265,COCA-COLA Original Taste 1-5lt,1.94
2025-06-05,8163602,SAN PELLEGRINO Ανθρακούχο Νερό 6x250ml,6.54
2025-06-05,1374151,FUZETEA Ice Tea Μαύρο Peach &amp; Hibiscus 500ml,0.97
2025-06-05,9453705,CONTREX Φυσικό Μεταλλικό Νερό 6x1lt,6.12
2025-06-05,1286173,ΘΕΟΝΗ Φυσικό Μεταλλικό Νερό 1-5lt,0.33
2025-06-05,1267633,COCA-COLA με Στέβια 6x330ml,5.22
2025-06-05,1619705,TUBORG Τόνικ 5x330ml +1 Δώρο,3.45
2025-06-05,9426644,ΛΟΥΞ Σόδα 330ml,0.54
2025-06-05,1628409,ΑQUA CARPATICA Flavours Ανθρακούχο Φυσικό Μεταλλικό Νερό Rasberry 330ml,0.8
2025-06-05,1550496,ΖΑΓΟΡΙ Sparkling Ανθρακούχο Νερό Λεμόνι Χωρίς ζάχαρη 6x330ml,3.68
2025-06-05,4104964,COCA-COLA Original Taste 500ml,1.14
2025-06-05,1624227,NUTRI VALLEY Scooby Doo Χυμός Φυσικός με 9 Φρούτα &amp; 7 Βιταμίνες 250ml,0.58
2025-06-05,1221554,ΜΑΡΑΤΑ Action Χυμός 9 Φρούτα 250ml,0.42
2025-06-05,1649911,TUBORG Mixer Pink Grapefruit &amp; Σαγκουίνι 5x330ml +1 Δώρο,3.33
2025-06-05,1295426,ΠΗΓΕΣ ΚΩΣΤΗΛΑΤΑΣ Φυσικό Μεταλλικό Νερό 500ml,0.17
2025-06-05,1471633,LIFE Tsai Ice Tea Πράσινο Energize Ginger Λεμόνι Χωρίς ζάχαρη 500ml,1.05
2025-06-05,1374147,FUZETEA Ice Tea Πράσινο Passionfruit Χωρίς ζάχαρη 500ml,1.21
2025-06-05,4358719,PEPSI Cola 6x330ml,3.78
2025-06-05,4694378,ΛΟΥΞ Βυσσινάδα 330ml,0.88
2025-06-05,1628414,AQUA CARPATICA Flavours Ανθρακούχο Φυσικό Μεταλλικό Νερό Lime &amp; Mint 330ml,0.8
2025-06-05,6976310,COCA-COLA Zero Χωρίς ζάχαρη 1lt,1.47
2025-06-05,1223248,ΜΑΡΑΤΑ Iz Χυμός Φυσικός Μήλο Αχλάδι Πορτοκάλι Βερίκοκο 250ml,0.45
2025-06-05,1615218,TUBORG Mixer Mango &amp; Passionfruit 4x330ml,2.13
2025-06-05,1626627,AMITA Free Φρουτοποτό Immunity με Στέβια Χωρίς προσθήκη ζάχαρης 1lt,1.7
2025-06-05,1485841,NUTRI VALLEY Minions Χυμός Φυσικός με 9 Φρούτα &amp; 7 Βιταμίνες 250ml ,0.58
2025-06-05,1403373,SCHWEPPES Σόδα με Λεμόνι Χωρίς ζάχαρη 6x330ml,4.42
2025-06-05,4102620,COCA-COLA Light Χωρίς ζάχαρη 330ml,0.87
2025-06-05,1605126,ΑΡΡΕΝΑ Φυσικό Μεταλλικό Νερό 6x1-5lt,1.67
2025-06-05,1152224,ΒΙΚΟΣ Πορτοκαλάδα με Ανθρακικό 330ml,0.6
2025-06-05,1438652,SCHWEPPES Mixer Pink Grapefruit 330ml,0.82
2025-06-05,1481499,AQUA CARPATICA Φυσικό Μεταλλικό Νερό 500ml,0.5
2025-06-05,5065271,ΛΑΚΩΝΙΑ Νέκταρ Πορτοκάλι Μήλο Βερίκοκο 250ml,0.46
2025-06-05,1630501,ΜΑΡΑΤΑ Iz Χυμός Φυσικός Μήλο Αχλάδι Πορτοκάλι Βερίκοκο 6x250ml,2.6
2025-06-05,1438655,SCHWEPPES Πορτοκαλάδα με γεύση Ανθός Πορτοκαλιού Χωρίς ζάχαρη 330ml,0.87
2025-06-05,1221553,ΜΑΡΑΤΑ 3 Φρούτα Νέκταρ Πορτοκάλι Μήλο Βερίκοκο 250ml,0.37
2025-06-05,1132924,ΕΨΑ Zero Πορτοκαλάδα με Ανθρακικό Χωρίς προσθήκη ζάχαρης 1-5lt,1.8
2025-06-05,1498177,ΖΑΓΟΡΙ Go Green Φυσικό Μεταλλικό Νερό 330ml,0.2
2025-06-05,1000762,ΛΟΥΞ Γκαζόζα 5x330ml +1 Δώρο,3.25
2025-06-05,1390183,GREEN Βυσσινάδα με Ανθρακικό με Στέβια Χωρίς προσθήκη ζάχαρης 1-5lt,1.09
2025-06-05,4102653,SPRITE Lemon Lime 330ml,0.8
2025-06-05,1152225,ΒΙΚΟΣ Πορτοκαλάδα χωρίς Ανθρακικό 330ml,0.6
2025-06-05,6376701,LIPTON Ice Tea Λεμόνι σε Σκόνη 125g,1.8
2025-06-05,1471302,HELL Strong Apple Ενεργειακό Ποτό 250ml,0.67
2025-06-05,1481505,AQUA CARPATICA Φυσικό Μεταλλικό Νερό 1-5lt,0.98
2025-06-05,1028335,ΛΟΥΞ Πορτοκαλάδα χωρίς Ανθρακικό 1-5lt,1.95
2025-06-05,4159802,SPRITE Zero Lemon Lime Χωρίς ζάχαρη 330ml,0.72
2025-06-05,1301725,ΓΕΡΑΝΙ Γκαζόζα 330ml,0.82
2025-06-05,1585896,SCHWEPPES Mixer Ginger Ale 6x330ml,3.86
2025-06-05,1850510,ΑΥΡΑ Bloom Φυσικό Μεταλλικό Νερό  6x330ml,1.68
2025-06-05,1392698,BONORA Ice Coffee Cappuccino 250ml,1.2
2025-06-05,6376578,LIPTON Ice Tea Ροδάκινο σε Σκόνη 125g,1.8
2025-06-05,1382820,GREEN Λεμονάδα με Ανθρακικό Χωρίς προσθήκη ζάχαρης 330ml,0.54
2025-06-05,1186787,ΒΙΚΟΣ Cola 1-5lt,1.05
2025-06-05,1404113,ΝΕΦΕΛΗ Νερό Επιτραπέζιο 1-5lt,0.23
2025-06-05,8952038,POWERADE SolarFlare Ισοτονικό Ποτό 500ml,1.48
2025-06-05,5065180,ΛΑΚΩΝΙΑ Χυμός Φυσικός Πορτοκάλι 1lt,2.08
2025-06-05,1442302,ΖΑΓΟΡΙ Go Green Sparkling Ανθρακούχο Νερό Λεμόνι 500ml,0.47
2025-06-05,1434118,COCA-COLA Zero με Λεμόνι Χωρίς ζάχαρη 330ml,0.87
2025-06-05,1438653,SCHWEPPES Λεμονάδα με γεύση Περγαμόντο &amp; Ιβίσκο Χωρίς ζάχαρη 330ml,0.87
2025-06-05,1438391,ΟΛΥΜΠΟΣ Τσάι του Βουνού Ροδάκινο 500ml,1.02
2025-06-05,1382749,GREEN Πορτοκαλάδα με Ανθρακικό Χωρίς προσθήκη ζάχαρης 330ml,0.54
2025-06-05,1171766,TUBORG Σόδα 330ml,0.5
2025-06-05,1624217,NUTRI VALLEY Scooby Doo Φρουτοποτό με Κόκκινα Φρούτα 250ml,0.58
2025-06-05,9213455,SCHWEPPES Σόδα 330ml,0.52
2025-06-05,1230553,ΤΟ ΕΛΛΗΝΙΚΟ ΡΟΔΙ Χυμός Φυσικός Ρόδι 1lt,5.6
2025-06-05,1278776,ΠΗΓΕΣ ΚΩΣΤΗΛΑΤΑΣ Φυσικό Μεταλλικό Νερό 1-5lt,0.29
2025-06-05,6976278,COCA-COLA Original Taste 1lt,1.47
2025-06-05,1585894,SCHWEPPES Mixer Bitter Lemon 6x330ml,3.86
2025-06-05,1201442,OCEAN SPRAY Φρουτοποτό Κράνμπερι 1lt,2.88
2025-06-05,1396585,SAN PELLEGRINO Ανθρακούχο Νερό 6x1lt,8.48
2025-06-05,1474918,ΕΥ BIO Χυμός Smoothie Μήλο Μύρτιλο Φράουλα Βιολογικός Χωρίς προσθήκη ζάχαρης 100g,1.4
2025-06-05,1152749,MASTIQUA Ανθρακούχο Νερό με Μαστιχόνερο Χωρίς ζάχαρη 330ml,1.5
2025-06-05,1223250,ΜΑΡΑΤΑ Χυμός Πορτοκάλι 250ml,0.45
2025-06-05,1223292,VIVA Χυμός Φυσικός Γκρεϊπ Φρουτ&#160;1lt,2.32
2025-06-05,1138277,STARBUCKS Ice Coffee Caramel Macchiato 220ml,2.34
2025-06-05,1179887,STARBUCKS Ice Coffee Cappuccino 220ml,2.34
2025-06-05,1000032,COCA-COLA Original Taste 150ml,0.8
2025-06-05,4407854,ΖΑΓΟΡΙ Φυσικό Μεταλλικό Νερό 1-5lt,0.33
2025-06-05,4375093,SPRITE Lemon Lime 500ml,1.07
2025-06-05,5270152,ΣΟΥΡΩΤΗ Ανθρακούχο Νερό 330ml,0.82
2025-06-05,8465833,ΣΟΥΡΩΤΗ Sparkling Ανθρακούχο Νερό με Λεμόνι &amp; Λάιμ 330ml,0.9
2025-06-05,4102703,FANTA Πορτοκαλάδα με Ανθρακικό 330ml,0.75
2025-06-05,4267092,PEPSI Zero Cola Χωρίς ζάχαρη 330ml,0.86
2025-06-05,1467747,ARIZONA Ice Tea Πράσινο Τσάι Χωρίς ζάχαρη 450ml,1.3
2025-06-05,1220277,VIVA Φρουτοποτό Φράουλα 1lt,1.3
2025-06-05,1549337,TUBORG Mixer Pink Grapefruit &amp; Σαγκουίνι 330ml,0.67
2025-06-05,1187113,SCHWEPPES Mixer με γεύση Mojito 330ml,0.82
2025-06-05,1223242,ΜΑΡΑΤΑ Φρουτοποτό Βύσσινο 250ml,0.37
2025-06-05,1505592,ΒΙΚΟΣ Cola Zero Χωρίς ζάχαρη 330ml ,0.62
2025-06-05,1275906,ΜΑΡΑΤΑ Νερό Επιτραπέζιο 1-5lt,0.25
2025-06-05,1152227,ΒΙΚΟΣ Cola 330ml,0.6
2025-06-05,1503015,Το Ρ Φυσικός Χυμός Ρόδι Acco 250ml,1.73
2025-06-05,1415802,ΖΑΓΟΡΙ Go Green Sparkling Ανθρακούχο Νερό 500ml,0.42
2025-06-05,1287208,KAHA Φρουτοποτό Μάνγκο 240ml,0.66
2025-06-05,1171771,TUBORG Τόνικ 330ml,0.74
2025-06-05,1392696,BONORA Ice Coffee με γεύση Caramel Macchiato 250ml,1.2
2025-06-05,1152236,ΒΙΚΟΣ Λεμονάδα με Ανθρακικό 330ml,0.6
2025-06-05,1615436,TUBORG Mixer Mango &amp; Passionfruit 330ml,0.67
2025-06-05,1548079,OKF Sparkling Ανθρακούχο Νερό Φράουλα 350ml,0.92
2025-06-05,1502394,FRUTOP Fizzy Mixer Lime Ginger με 30% Λιγότερη ζάχαρη 330ml,0.58
2025-06-05,1548081,OKF Sparkling Ανθρακούχο Νερό Καρπούζι 350ml,0.92
2025-06-05,1593732,FANTA Zero Πορτοκαλάδα με Ανθρακικό Χωρίς προσθήκη ζάχαρης 330ml,0.76
2025-06-05,1102759,GREEN Cola 330ml,0.68
2025-06-05,1433588,ARIZONA Ice Tea Πράσινο Τσάι με Ρόδι 450ml,1.46
2025-06-05,4391546,COCA-COLA Light Χωρίς ζάχαρη 500ml,1.12
2025-06-05,3648284,VOSS Φυσικό Μεταλλικό Νερό 800ml,2.98
2025-06-05,1214466,TUBORG Σόδα με Λεμόνι Χωρίς ζάχαρη 330ml,0.67
2025-06-05,1475794,GREEN Mocktails Mixer Mojito με Στέβια Χωρίς ζάχαρη 330ml,0.7
2025-06-05,1553710,7UP Free Γκαζόζα Χωρίς ζάχαρη 330ml,0.83
2025-06-05,1009551,ΑΜΙΤΑ Fun Χυμός Φυσικός Μήλο Αχλάδι Πορτοκάλι Βερίκοκο 250ml,0.7
2025-06-05,1230582,ΤΟ ΕΛΛΗΝΙΚΟ ΡΟΔΙ Χυμός Φυσικός Ρόδι 250ml,1.64
2025-06-05,4112306,ΒΙΚΟΣ Φυσικό Μεταλλικό Νερό 1-5lt,0.34
2025-06-05,1403376,SCHWEPPES Σόδα με Λεμόνι Χωρίς ζάχαρη 330ml,0.74
2025-06-05,1392699,BONORA Ice Coffee με γεύση Vanilla Macchiato 250ml,1.2
2025-06-05,4423075,ΚΛΙΑΦΑ Πορτοκαλάδα με Ανθρακικό 1-5lt,1.17
2025-06-05,1275861,ΒΙΚΟΣ Cola με Στέβια 330ml,0.6
2025-06-05,9213471,SCHWEPPES Indian Τόνικ 330ml,0.72
2025-06-05,1098740,SCHWEPPES Mixer Ginger Ale 330ml,0.82
2025-06-05,1614513,PRIME HYDRATION Ισοτονικό Ποτό με γεύση Strawberry &amp; Watermelon 500ml,1.98
2025-06-05,1390169,GREEN Βυσσινάδα με Ανθρακικό με Στέβια Χωρίς προσθήκη ζάχαρης 330ml,0.76
2025-06-05,1267630,COCA-COLA με Στέβια 330ml,0.87
2025-06-05,8729212,EVIAN Φυσικό Μεταλλικό Νερό 6x1lt,11.2
2025-06-05,9453697,CONTREX Φυσικό Μεταλλικό Νερό 1lt,1.02
2025-06-05,1578597,FRUTOP Fizzy Mixer Ρόδι Cranberry 330ml,0.58
2025-06-05,4052734,PERRIER Ανθρακούχο Νερό 330ml,1.03
2025-06-05,9379470,PEPSI Twist Cola με Λεμόνι 330ml,0.85
2025-06-05,6519417,ΖΑΓΟΡΙ Ζαγοράκι Φυσικό Μεταλλικό Νερό  330ml,0.23
2025-06-05,1517118,ΚΛΙΑΦΑ Πορτοκαλάδα με Ανθρακικό 330ml,0.49
2025-06-05,9213489,SCHWEPPES Mixer Bitter Lemon 330ml,0.82
2025-06-05,4108296,ΚΟΡΠΗ Φυσικό Μεταλλικό Νερό 1-5lt,0.32
2025-06-05,1615980,STARBUCKS Ice Coffee Cappuccino 750ml,3.95
2025-06-05,4375085,FANTA Πορτοκαλάδα με Ανθρακικό 500ml,1.0
2025-06-05,1590251,FRUTOP Αναψυκτικό με γεύση Bubblegum 330ml,0.48
2025-06-05,1615981,STARBUCKS Ice Coffee Caramel Macchiato 750ml,3.95
2025-06-05,4025185,ΙΟΛΗ Φυσικό Μεταλλικό Νερό 1-5lt,0.33
2025-06-05,3265501,ΗΒΗ Σόδα με Λεμόνι 330ml,0.72
2025-06-05,1614512,PRIME HYDRATION Ισοτονικό Ποτό με γεύση Blue Rasberry 500ml,1.98
2025-06-05,8994352,EVIAN Φυσικό Μεταλλικό Νερό 1lt,1.88
2025-06-05,1392700,BONORA Ice Coffee Decaffeinated 250ml,1.2
2025-06-05,4094793,PEPSI Cola 330ml,0.85
2025-06-05,1850502,ΑΥΡΑ Bloom Φυσικό Μεταλλικό Νερό 330ml,0.28
2025-06-05,1655665,AMITA Fun Φυσικός Χυμός Φράουλα Σταφύλι Μήλο 6x250ml,4.2
2025-06-05,1275862,ΒΙΚΟΣ Cola με Στέβια 6x330ml,3.14
2025-06-05,1631417,ΙΟΝ Γάλακτος Σοκολάτα 100g,2.4
2025-06-05,1414368,ΙΟΝ Σοκοφρέτα Γκοφρέτα Σοκολάτας Γάλακτος με Στέβια Χωρίς προσθήκη ζάχαρης 30g,0.64
2025-06-05,4173779,ΙΟΝ Σοκοφρέτα Γκοφρέτα Σοκολάτας Γάλακτος 38g,0.64
2025-06-05,1352907,BONORA Γκοφρέτα με Σοκολάτα Γάλακτος 33g,0.32
2025-06-05,4173761,ΙΟΝ Σοκοφρέτα Γκοφρέτα Σοκολάτας Γάλακτος με Φουντούκια 38g,0.64
2025-06-05,8943789,ΠΑΠΑΔΟΠΟΥΛΟΥ Πτι Μπερ Μπισκότα 3x225g,2.84
2025-06-05,3614195,ΠΑΥΛΙΔΗΣ Γκοφρέτα με Σοκολάτα Υγείας και Κρέμα Κακάο 34g,0.54
2025-06-05,1414370,ΙΟΝ Σοκοφρέτα Γκοφρέτα Σοκολάτας Υγείας με Στέβια Χωρίς προσθήκη ζάχαρης 30g,0.64
2025-06-05,7432834,ΠΑΠΑΔΟΠΟΥΛΟΥ Πολυδημητριακά Μπισκότα με 4 Δημητριακά &amp; Σοκολάτα 160g,1.48
2025-06-05,7947237,ΙΟΝ Σοκοφρέτα Mini Γκοφρέτα Σοκολάτας Γάλακτος 210g,3.2
2025-06-05,1374143,ΠΑΠΑΔΟΠΟΥΛΟΥ Γεμιστά Μπισκότα με γεύση Σοκολάτα 3x200g,3.72
2025-06-05,1485725,BONORA Γκοφρέτα με Φουντούκια και επικάλυψη Σοκολάτας Γάλακτος 33g,0.38
2025-06-05,1352906,BONORA Γκοφρέτα με Σοκολάτα Υγείας 33g,0.32
2025-06-05,4576153,ΠΑΠΑΔΟΠΟΥΛΟΥ Digestive Μπισκότα Vegan Χωρίς ζάχαρη 250g,2.15
2025-06-05,1154583,KINDER Bueno Γκοφρέτα 5x43g,3.8
2025-06-05,1450674,ΠΑΠΑΔΟΠΟΥΛΟΥ Μιράντα Μπισκότα 30% Λιγότερη ζάχαρη 250g,1.8
2025-06-05,4188108,ΠΑΠΑΔΟΠΟΥΛΟΥ Caprice Γκοφρέτα Πουράκια Classic 400g,3.15
2025-06-05,4275392,MALTESERS Σοκολατίνια 37g,1.2
2025-06-05,1484984,ΠΑΠΑΔΟΠΟΥΛΟΥ Πτι Μπερ Μπισκότα Χωρίς προσθήκη ζάχαρης 225g,1.45
2025-06-05,1216916,NESTLE Kit Kat Γκοφρέτα Σοκολάτα 41-5g,0.98
2025-06-05,3614351,ΠΑΠΑΔΟΠΟΥΛΟΥ Digestive Μπισκότα με Επικάλυψη Μαύρης Σοκολάτας 200g,2.05
2025-06-05,1408586,BONORA Σοκολάτα Μαύρη 100g,1.1
2025-06-05,2454692,ΠΑΠΑΔΟΠΟΥΛΟΥ Mini Cookies Μπισκότα με Κομμάτια Σοκολάτας 70g,0.87
2025-06-05,1003946,KINDER Σοκολάτα Χωρίς γλουτένη 16τεμ 200g,3.37
2025-06-05,2013613,NESTLE Smarties Κουφετάκια Σοκολάτας 38g,0.8
2025-06-05,4488532,ΜΕΛΕΚΟΥΝΙ Ρόδου ΠΓΕ Χωρίς γλουτένη 60g,1.05
2025-06-05,1538482,AMARETTI Γκοφρετάκια Classic 3x68g,1.5
2025-06-05,1118667,TWIX Σοκολάτα 50g,1.2
2025-06-05,5500319,OREO Μπισκότα Γεμιστά Original 154g,1.22
2025-06-05,6568737,ΠΑΥΛΙΔΗΣ Σοκολάτα Υγείας με 70% Κακάο 100g,2.76
2025-06-05,3060407,ΙΟΝ Σοκοφρέτα Mini Γκοφρέτα Σοκολάτας Υγείας 210g,3.2
2025-06-05,1227382,ΒΙΟΛΑΝΤΑ Μπισκότα Βρόμης με Μαύρη Σοκολάτα 200g,1.88
2025-06-05,1074266,ΠΑΠΑΔΟΠΟΥΛΟΥ Πτι Μπερ Μπισκότα με Επικάλυψη Σοκολάτα Γάλακτος 2x200g,3.5
2025-06-05,1205094,ΙΟΝ Γάλακτος με Στέβια Χωρίς γλουτένη Χωρίς προσθήκη ζάχαρης 60g,1.87
2025-06-05,1642015,ION Break Σοκολάτα Dubai style 100g,4.65
2025-06-05,1284430,FRUITIES Ζελεδάκια σε Διάφορες Γεύσεις 400g,2.0
2025-06-05,8943698,ΠΑΠΑΔΟΠΟΥΛΟΥ Cream Crackers με Σίκαλη Ολικής Άλεσης Vegan 175g,1.17
2025-06-05,4173811,ΙΟΝ Derby Σοκολάτα Classic 38g,0.68
2025-06-05,1588494,ΑΛΛΑΤΙΝΗ Soft Kings Μπισκότα Triple Chocolate Chunks 160g,1.47
2025-06-05,4728929,CAOTONIC Choco Σοκολάτα 20g,0.58
2025-06-05,7432768,ΠΑΠΑΔΟΠΟΥΛΟΥ Πολυδημητριακά Μπισκότα με 4 Δημητριακά &amp; Κακάο Χωρίς ζάχαρη 175g,1.58
2025-06-05,4035101,NESTLE Crunch White Σοκολάτα Λευκή Χωρίς γλουτένη 100g,2.15
2025-06-05,2320349,ΙΟΝ Σοκοφρέτα Γκοφρέτα Σοκολάτας Υγείας 38g,0.64
2025-06-05,4188389,ΠΑΠΑΔΟΠΟΥΛΟΥ Γεμιστά Μπισκότα με γεύση Σοκολάτα 200g,1.43
2025-06-05,1637223,ΙΟΝ Σοκοφρέτα Γκοφρέτα Σοκολάτας Γάλακτος 4x38g,2.38
2025-06-05,8958126,CRUNCH Σοκολάτα Γάλακτος Χωρίς γλουτένη 100g,2.15
2025-06-05,1572277,BONORA Digestive Μπισκότα 400g,1.35
2025-06-05,5254057,ΠΑΥΛΙΔΗΣ 3Bit Σοκολάτα 65g,1.09
2025-06-05,1510602,ΠΑΥΛΙΔΗΣ Σοκολατίνια Υγείας 350g,7.4
2025-06-05,1295633,ΑΛΛΑΤΙΝΗ Goody Μπισκότα Κανέλας 185g,1.7
2025-06-05,6045454,ΣΑΡΑΝΤΗΣ Παστέλι με Μέλι Χωρίς γλουτένη 33-4g,0.6
2025-06-05,1632097,LACTA Nuts Σοκολάτα Γάλακτος με Ολόκληρο Φουντούκι 100g,2.48
2025-06-05,4201257,KINDER Σοκολάτα Χωρίς γλουτένη 8τεμ 100g,1.82
2025-06-05,7432800,ΠΑΠΑΔΟΠΟΥΛΟΥ Πολυδημητριακά Μπισκότα με 4 Δημητριακά &amp; Muesli 175g,1.48
2025-06-05,4177390,ΠΑΥΛΙΔΗΣ Σοκολάτα Υγείας 100g,2.48
2025-06-05,1032493,ΙΟΝ Σοκοφρέτα Mini Γκοφρέτα Σοκολάτας Γάλακτος με Φουντούκια 210g,3.2
2025-06-05,4016903,ΑΛΛΑΤΙΝΗ Goody Μπισκότα Βουτύρου 175g,1.76
2025-06-05,4448171,NESTLE Kit Kat Mini Γκοφρετάκια με Σοκολάτα Γάλακτος 200g,4.13
2025-06-05,1491479,ΒΙΟΛΑΝΤΑ Μπισκότα Βρόμης με Μαύρη Σοκολάτα Χωρίς ζάχαρη 200g,1.98
2025-06-05,4176863,LILA PAUSE Σοκολάτα με Γέμιση γεύση Φράουλα 34g,1.24
2025-06-05,1615730,ΠΑΥΛΙΔΗΣ Σοκολάτα Υγείας 4x30g,3.06
2025-06-05,5433404,ΠΑΠΑΔΟΠΟΥΛΟΥ Cream Crackers με Σίκαλη Ολικής Άλεσης Vegan 5x47g,2.35
2025-06-05,1588489,ΑΛΛΑΤΙΝΗ Soft Kings Μπισκότα Chocolate Chunks 160g,1.47
2025-06-05,1030877,ΠΑΠΑΔΟΠΟΥΛΟΥ Digestive Μπισκότα με Επικάλυψη Σοκολάτα Γάλακτος 200g,1.8
2025-06-05,1042354,ΑΦΟΙ ΧΑΪΤΟΓΛΟΥ Παστέλι Μακεδονικό 100g,0.73
2025-06-05,6965388,TOTTIS Serenata Γκοφρέτα με Σοκολάτα Γάλακτος Classic 3x33g,1.25
2025-06-05,1182410,JANNIS Παστέλι Σουσάμι μπάρες Χωρίς γλουτένη 45g,0.7
2025-06-05,3019890,ORBIT Τσίχλες Δυόσμος Χωρίς ζάχαρη 46τεμ 64g,2.9
2025-06-05,9808379,ΠΑΠΑΔΟΠΟΥΛΟΥ Digestive Μπισκότα Ολικής Άλεσης Vegan 250g,1.78
2025-06-05,6568745,ΠΑΥΛΙΔΗΣ Σοκολάτα Υγείας με Πορτοκάλι 100g,2.48
2025-06-05,1115353,ΠΑΠΑΔΟΠΟΥΛΟΥ Cream Crackers Σίτου Vegan Χωρίς ζάχαρη 165g,1.17
2025-06-05,1138330,ΠΑΠΑΔΟΠΟΥΛΟΥ Μιράντα Μπισκότα 2x250g,2.98
2025-06-05,3644861,ΠΑΠΑΔΟΠΟΥΛΟΥ Πτι Μπερ Μπισκότα με Μαύρη Σοκολάτα Ολικής Άλεσης 200g,1.98
2025-06-05,1272670,HALLS Καραμέλες με γεύση Μέλι &amp; Λεμόνι Χωρίς ζάχαρη 32g,0.98
2025-06-05,1558457,BONORA Σοκολάτα Μαύρη με 74% Κακάο 100g,1.5
2025-06-05,3565421,ΑΛΛΑΤΙΝΗ Cookie Bites Μπισκότα με Κομμάτια Σοκολάτας 70g,0.69
2025-06-05,5668694,CAOTONIC Choco Sticks Πουράκια 25g,0.58
2025-06-05,4183521,ΠΑΠΑΔΟΠΟΥΛΟΥ Cream Crackers Σίτου 140g,1.17
2025-06-05,1636199,ΠΑΠΑΔΟΠΟΥΛΟΥ Cookies Μπισκότα με Κομμάτια Σοκολάτας &amp; Κακάο 2x180g,2.7
2025-06-05,1442618,TRIDENT Senses Τσίχλες Δυόσμος Χωρίς ζάχαρη 14τεμ 27g,1.18
2025-06-05,4173381,ΙΟΝ Αμυγδάλου Σοκολάτα Γάλακτος 100g,2.45
2025-06-05,4621306,MARS Σοκολάτα 51g,1.2
2025-06-05,1634938,BONORA Σοκολάτα Γάλακτος 100g,1.2
2025-06-05,4201299,KINDER Bueno Γκοφρέτα 43g,0.98
2025-06-05,1379003,BONORA Μπισκότα Γεμιστά με Κακάο 500g,1.75
2025-06-05,1216918,NESTLE Kit Kat Γκοφρέτα Λευκή Σοκολάτα 41-5g,0.98
2025-06-05,8943755,ΠΑΠΑΔΟΠΟΥΛΟΥ Cream Crackers με Σίκαλη Ολικής Άλεσης Vegan 3x175g,2.9
2025-06-05,3060381,ΙΟΝ Αμυγδάλου Σοκολάτα Υγείας 72% Κακάο 100g,2.35
2025-06-05,1205096,ΙΟΝ Αμυγδάλου Σοκολάτα Γάλακτος με Στέβια Χωρίς γλουτένη 60g,1.87
2025-06-05,1408595,BONORA Σοκολάτα Γάλακτος Αμυγδάλου 100g,1.05
2025-06-05,5433362,ΠΑΠΑΔΟΠΟΥΛΟΥ Cream Crackers Σίτου 5x43g,2.35
2025-06-05,8613846,ION Break Σοκολάτα Γάλακτος με ολόκληρα Φουντούκια 85g,2.4
2025-06-05,4187894,ΠΑΠΑΔΟΠΟΥΛΟΥ Choco Orange Soft Μπισκότα με γέμιση Μαρμελάδας Πορτοκαλιού &amp; Επικάλυψη Σοκολάτας 150g,2.0
2025-06-05,1443260,GULLON Zero Choc Chip Cookies Μπισκότα με Kομμάτια Σοκολάτας Χωρίς ζάχαρη 150g,1.52
2025-06-05,1295052,ΙΟΝ Γάλακτος Sticks Σοκολάτα 35g,0.93
2025-06-05,1224381,MENTOS Pure Fresh Τσίχλες Δυόσμος Χωρίς ζάχαρη 20τεμ 30g,1.18
2025-06-05,1528695,BONORA Σοκολάτα Γάλακτος με Κόκκους Ρυζιού 100g,1.05
2025-06-05,1636198,ΠΑΠΑΔΟΠΟΥΛΟΥ Digestive Μπισκότα Ολικής Άλεσης Vegan 2x250g,3.07
2025-06-05,4174223,ΙΟΝ Αμυγδάλου Σοκολάτα Γάλακτος 200g,4.32
2025-06-05,1586270,CHUPA CHUPS Γλειφιτζούρι Διάφορα Φρούτα,0.38
2025-06-05,1113617,ΒΙΟΛΑΝΤΑ Bianca Μπισκότα Γεμιστά με Κρέμα Κακάο Φουντουκιού 150g,1.14
2025-06-05,1632096,LACTA Nuts Σοκολάτα Γάλακτος με Ολόκληρο Αμύγδαλο 100g,2.48
2025-06-05,1224738,HALLS Καραμέλες με γεύση Κεράσι Χωρίς ζάχαρη 32g,0.98
2025-06-05,1252833,ΙΟΝ Σοκοφρέτα Γκοφρέτα Σοκολάτας Γάλακτος Χωρίς γλουτένη 38g,0.64
2025-06-05,1822089,ΕΛΜΑ Τσίχλες με Μαστίχα Χίου Χωρίς ζάχαρη ΠΟΠ 13g,0.98
2025-06-05,6046940,ΠΑΠΑΔΟΠΟΥΛΟΥ Caprice Γκοφρέτα Πουράκια Classic 2x115g,2.6
2025-06-05,1118673,SNICKERS Σοκολάτα 50g,1.2
2025-06-05,1570105,ΠΑΠΑΔΟΠΟΥΛΟΥ Digestive Μπισκότα με Επικάλυψη Μαύρη Σοκολάτα με 30% Λιγότερη ζάχαρη 200g,2.05
2025-06-05,1615736,LACTA Σοκολάτα Γάλακτος 4x30g,3.0
2025-06-05,4183851,ΠΑΠΑΔΟΠΟΥΛΟΥ Πτι Μπερ Μπισκότα 225g,1.1
2025-06-05,9076613,ΠΑΥΛΙΔΗΣ Σοκολάτα Υγείας με Αμύγδαλα 100g,2.48
2025-06-05,2454809,ΠΑΠΑΔΟΠΟΥΛΟΥ Mini Cookies Μπισκότα με Κομμάτια Σοκολάτας &amp; Κακάο 70g,0.87
2025-06-05,1352908,BONORA Γκοφρέτες με κρέμα Κακάο 180g,0.92
2025-06-05,2454965,ΠΑΠΑΔΟΠΟΥΛΟΥ Μιράντα Μπισκότα 6x30g,1.64
2025-06-05,3565447,ΑΛΛΑΤΙΝΗ Cookie Bites Μπισκότα με Γέμιση Κακάο 70g,0.64
2025-06-05,2079804,MALTESERS Σοκολατίνια 175g,2.9
2025-06-05,1631393,ΠΑΥΛΙΔΗΣ Σοκολάτα Υγείας με Βύσσινο &amp; Αμύγδαλα 100g,2.48
2025-06-05,1211166,DENTYNE Fire Τσίχλες Κανέλα Χωρίς ζάχαρη 12τεμ 16-8g,1.18
2025-06-05,1224382,MENTOS Pure Fresh Τσίχλες Buble Fresh Χωρίς ζάχαρη 20τεμ 30g,1.18
2025-06-05,1469315,KINDER Cards 128g,2.17
2025-06-05,1227179,ΒΙΟΛΑΝΤΑ Μπισκότα Βρόμης με Cranberries 200g,1.88
2025-06-05,1210825,ΓΙΩΤΗΣ Sweet &amp; Balance Σοκολάτα Γάλακτος με γέμιση Φράουλα με Στέβια Χωρίς γλουτένη Χωρίς λακτόζη Χωρίς προσθήκη ζάχαρης 40g,1.3
2025-06-05,1297051,ΠΑΥΛΙΔΗΣ Kiss Σοκολάτα Γάλακτος με γέμιση γεύσης Φράουλας 27-5g,0.57
2025-06-05,1578494,ΠΑΠΑΔΟΠΟΥΛΟΥ Γεμιστά Μπισκότα με γεύση Σοκολάτα 4x58g,2.1
2025-06-05,1294627,LACTA Oreo Σοκολάτα Γάλακτος 37g,0.7
2025-06-05,4349437,ΠΑΠΑΔΟΠΟΥΛΟΥ Cream Crackers Σίτου 3x140g,2.9
2025-06-05,1132173,ΠΑΠΑΔΟΠΟΥΛΟΥ 2πλο Γεμιστά Μπισκότα με γεύση Σοκολάτα 230g,1.3
2025-06-05,1217564,DENTYNE Ice Τσίχλες Δυόσμος Χωρίς ζάχαρη 12τεμ 16-8g,1.18
2025-06-05,1223058,HALLS Καραμέλες Original Χωρίς ζάχαρη 32g,0.98
2025-06-05,5434121,ΠΑΠΑΔΟΠΟΥΛΟΥ Mini Digestive Μπισκότα Χωρίς ζάχαρη 70g,0.82
2025-06-05,4173167,ΙΟΝ Γάλακτος Σοκολάτα 100g,2.4
2025-06-05,1601196,ΙΟΝ Mini Derby Σοκολατάκια Classic 210g,3.65
2025-06-05,4177200,LACTA Σοκολάτα Γάλακτος 200g,3.65
2025-06-05,6650212,LACTA Oreo Σοκολάτα Γάλακτος 105g,2.48
2025-06-05,1448848,LACTA Σοκολάτα Γάλακτος με γεύση Lila Pause 100g,2.48
2025-06-05,1632455,NESTLE Kit Kat Ball Σοκολατίνια Γάλακτος 36g,0.97
2025-06-05,1119574,ΛΑΒΔΑΣ Zero Καραμέλες Βουτύρου Χωρίς προσθήκη ζάχαρης 32g,1.13
2025-06-05,1448834,ΠΑΥΛΙΔΗΣ Σοκολάτα Υγείας Γεμιστή με Κρέμα με γεύση Φράουλα 100g,2.48
2025-06-05,4190351,WERTHER&#39;S Original Καραμέλες Βουτύρου 150g,2.08
2025-06-05,4931085,ΠΑΠΑΔΟΠΟΥΛΟΥ Πτι Μπερ Μπισκότα με Επικάλυψη Σοκολάτα Γάλακτος 200g,1.98
2025-06-05,4013546,ΑΛΛΑΤΙΝΗ Choco Bloom Γεμιστό Μπισκότo με Επικάλυψη Σοκολάτα Γάλακτος 35g,0.74
2025-06-05,9435884,HALLS Vita C Καραμέλες Citrus Mix Χωρίς ζάχαρη 28g,1.08
2025-06-05,1438302,TWIX Minis Σοκολάτα 275g,3.48
2025-06-05,1295053,ΙΟΝ Φουντουκιού Σοκολάτα Γάλακτος με Στέβια Χωρίς γλουτένη Χωρίς προσθήκη ζάχαρης 60g,1.87
2025-06-05,1062116,TOTTIS Serenata Minis Γκοφρετάκια με Σοκολάτα Γάλακτος 180g,2.63
2025-06-05,1037101,NESTLE Kit Kat Chunky Γκοφρέτα 40g,0.78
2025-06-05,4183364,ΠΑΠΑΔΟΠΟΥΛΟΥ Γεμιστά Μπισκότα με Κρέμα Φράουλα 200g,1.17
2025-06-05,1615725,ΠΑΥΛΙΔΗΣ Σοκολάτα Υγείας 2x100g,4.77
2025-06-05,8404162,AMARETTI Γκοφρετάκια Classic 68g,0.52
2025-06-05,1588492,ΑΛΛΑΤΙΝΗ Soft Kings Μπισκότα Dark Chocolate Chunks 160g,1.47
2025-06-05,1851534,ΠΑΠΑΔΟΠΟΥΛΟΥ Πτι Μπερ Μπισκότα Ολικής Άλεσης 225g,1.3
2025-06-05,1518144,ΠΑΥΛΙΔΗΣ Σοκολατίνια Υγείας με 70% Κακάο 350g,7.97
2025-06-05,1613680,ΠΑΠΑΔΟΠΟΥΛΟΥ Μιράντα Μπισκότα με Σοκολάτα Γάλακτος 4x45g,2.27
2025-06-05,4199196,BOUNTY Σοκολάτα Γάλακτος με Καρύδα 57g,1.2
2025-06-05,2774305,OREO Mini Μπισκότα Γεμιστά με Κρέμα Βανίλια 115g,1.68
2025-06-05,1644868,ΒΙΟΛΑΝΤΑ Dubai Vibes Cookies γεμιστά με κρέμα Φιστίκι &amp; Επικάλυψη Σοκολάτα 180g,2.65
2025-06-05,5093505,MENTOS Καραμέλες Φρούτα 38g,0.86
2025-06-05,1276661,JANNIS Παστέλι Σουσάμι Βιολογικό Vegan Χωρίς γλουτένη 40g,0.68
2025-06-05,1528701,BONORA Σοκολάτα Μαύρη με ολόκληρα Φουντούκια 100g,1.3
2025-06-05,4183414,ΠΑΠΑΔΟΠΟΥΛΟΥ Γεμιστά Μπισκότα με Κρέμα Λεμόνι 200g,1.17
2025-06-05,1615310,ΠΑΠΑΔΟΠΟΥΛΟΥ Πολυδημητριακά Μπισκότα High Protein με 4 Δημητριακά Σοκολάτα &amp; Ξηρούς Καρπούς 160g,1.58
2025-06-05,1118669,M&amp;M&#39;S Κουφετάκια Σοκολάτας 45g,1.1
2025-06-05,1298679,GULLON Zero Μπισκότα Digestive Vegan Χωρίς ζάχαρη 400g,1.8
2025-06-05,4173464,ΙΟΝ Serano Σοκολάτα Γάλακτος γεμιστή με Κρέμα Κακάο 65g,1.74
2025-06-05,1598537,ΒΙΟΛΑΝΤΑ Breakfast Μπισκότα Δημητριακών με Κακάο &amp; Μαύρη Σοκολάτα 180g,1.48
2025-06-05,1227392,ΒΙΟΛΑΝΤΑ Μπισκότα Βρόμης με Μέλι 200g,1.88
2025-06-05,1074289,MENTOS Storming Τσίχλες Δυόσμος Χωρίς ζάχαρη 12τεμ 33g,1.18
2025-06-05,1631403,MALTESERS Teasers Μπάρα Σοκολάτας 35g,1.2
2025-06-05,1205105,ΙΟΝ Dark Σοκολάτα με Στέβια Χωρίς γλουτένη Χωρίς προσθήκη ζάχαρης 60g,1.87
2025-06-05,1484982,ΠΑΠΑΔΟΠΟΥΛΟΥ Μπισκότα Βρόμης με Κακάο &amp; Μαύρη Σοκολάτα Vegan  Χωρίς προσθήκη ζάχαρης 155g,1.5
2025-06-05,1379000,BONORA Μπισκότα Γεμιστά με γεύση Βανίλια 500g,1.75
2025-06-05,1618026,ΙΟΝ Γκοφρέτα με Κρέμα γεύση Βανίλια 28g,0.27
2025-06-05,1634937,BONORA Σοκολάτα Γάλακτος με Ολόκληρα Φουντούκια 100g,1.35
2025-06-05,1260558,ΙΟΝ Αμυγδάλου Σοκολάτα Υγείας με Στέβια Χωρίς γλουτένη 60g,1.87
2025-06-05,1636759,ΠΑΠΑΔΟΠΟΥΛΟΥ Digestive Μπισκότα Ολικής Άλεσης Vegan Χωρίς ζάχαρη 2x250g,3.8
2025-06-05,5599717,ΠΑΥΛΙΔΗΣ Σοκολάτα Γάλακτος Γεμιστή με Φράουλα 100g,2.48
2025-06-05,1272712,TRIDENT Long Lasting Τσίχλες Φράουλα Μοσχολέμονο Χωρίς ζάχαρη 22g,1.18
2025-06-05,4016820,ΑΛΛΑΤΙΝΗ Cookie Μπισκότα με Κομμάτια Σοκολάτας 175g,1.2
2025-06-05,1597490,TOTTIS Serenata Γκοφρέτα Peanut Butter 33g,0.55
2025-06-05,1490815,ΒΙΟΛΑΝΤΑ Zero Cookies Μπισκότα Κακάο Χωρίς ζάχαρη 170g,1.98
2025-06-05,1502627,ΠΑΠΑΔΟΠΟΥΛΟΥ Cream Crackers Πολύσπορα με Κινόα Vegan 195g,1.41
2025-06-05,1615738,ΠΑΥΛΙΔΗΣ Kiss Σοκολάτα Γάλακτος με γέμιση γεύσης Φράουλας 4x27-5g,2.32
2025-06-05,1618020,ΙΟΝ Γκοφρέτα με Κρέμα Κακάο 28g,0.27
2025-06-05,1631414,ΙΟΝ Παιχνιδοαυγό Σοκολατένιο 20g,0.75
2025-06-05,1216534,DENTYNE Ice Τσίχλες Μέντα Χωρίς ζάχαρη 12τεμ 16-8g,1.18
2025-06-05,1015806,ΠΑΠΑΔΟΠΟΥΛΟΥ Μίνι Γεμιστά Μπισκότα με γεύση Σοκολάτα 90g,1.0
2025-06-05,1434662,ΠΑΠΑΔΟΠΟΥΛΟΥ Μπισκότα Βρόμης με Μαύρη Σοκολάτα Vegan 150g,1.4
2025-06-05,8404139,TOTTIS Serenata Triplo Σοκολάτα Γάλακτος 50g,0.87
2025-06-05,1598538,ΒΙΟΛΑΝΤΑ Breakfast Μπισκότα Δημητριακών Χωρίς ζάχαρη 180g,1.78
2025-06-05,1447060,MARS Minis Σοκολατάκια 275g,3.48
2025-06-05,8815367,ΠΑΠΑΔΟΠΟΥΛΟΥ Μιράντα Μπισκότα 250g,1.63
2025-06-05,1148064,ΙΟΝ Σοκοφρέτα Γκοφρέτα Λευκής Σοκολάτας 38g,0.64
2025-06-05,1448897,TOTTIS Serenata Triplo Σοκολάτα Γάλακτος με oλόκληρα Φουντούκια Πραλίνα &amp; Βάφλα 50g,0.87
2025-06-05,1416439,LACTA Sandwich Σοκολάτα Γάλακτος με Oreo 92g,2.48
2025-06-05,1376804,HALLS Καραμέλες με γεύση Κεράσι Χωρίς ζάχαρη 28g,1.08
2025-06-05,1465287,ΑΛΛΑΤΙΝΗ Πτι Μπερ Μπισκότα Κλασικό Χωρίς ζάχαρη 225g,1.4
2025-06-05,1632471,KINDER Bueno White Γκοφρέτα 5x39g,3.98
2025-06-05,4176780,LACTA Σοκολάτα Γάλακτος 85g,2.48
2025-06-05,1116639,ΙΟΝ Noisetta Σοκολατίνια με ολόκληρο Φουντούκι 440g,8.6
2025-06-05,3973088,DIMFIL Bio Farma Βάφλες με Μέλι Βιολογικές 175g,3.06
2025-06-05,1502943,ΒΙΟΛΑΝΤΑ Digestive 0% Μπισκότα Χωρίς ζάχαρη 220g,1.84
2025-06-05,1190967,HALLS Καραμέλες Extra Strong Χωρίς ζάχαρη 32g,0.98
2025-06-05,1443887,BONORA Μπισκότα με Βρόμη &amp; Κομμάτια Σοκολάτας 265g,1.4
2025-06-05,1183632,ΠΑΠΑΔΟΠΟΥΛΟΥ 2πλο Γεμιστά Μπισκότα με Κρέμα 230g,1.3
2025-06-05,8613986,ΙΟΝ Break Σοκολάτα Λευκή με Σταφίδες Αμύγδαλα &amp; Φουντούκια 85g,2.4
2025-06-05,1598462,NESTLE Kit Kat Γκοφρέτα με γεύση Φουντούκι 41-5g,0.98
2025-06-05,1633162,ΙΟΝ 3 Γεύσεις Σοκολατίνια 198g,3.9
2025-06-05,1631388,LACTA Nuts Σοκολάτα Γάλακτος με Καραμελωμένο Αμύγδαλο &amp; Αλατισμένο Κράκερ 85g,2.48
2025-06-05,1447061,SNICKERS Minis Σοκολατάκια 275g,4.35
2025-06-05,1465578,MENTOS Pure Fresh Τσίχλες Φράουλα Χωρίς ζάχαρη 30g,1.18
2025-06-05,1597493,AMARETTI Γκοφρετάκια με γέμιση Κακάο 40% Λιγότερη ζάχαρη 68g,0.59
2025-06-05,1599942,AMARETTI Choco Love Γκοφρετάκια με Έξτρα Σοκολάτα 68g,0.52
2025-06-05,6649974,ΠΑΥΛΙΔΗΣ Σοκολάτα Υγείας Γεμιστή με Κρέμα Κακάο 100g,2.48
2025-06-05,2086924,ΠΑΥΛΙΔΗΣ Σοκολάτα Υγείας με Φουντούκια 100g,2.48
2025-06-05,1490813,ΒΙΟΛΑΝΤΑ Zero Cookies Μπισκότα Βανίλια Χωρίς ζάχαρη 170g,1.98
2025-06-05,1433563,BONORA Μπισκότα Σοκολάτας Γεμιστά με Κακάο 500g,1.96
2025-06-05,4173399,ΙΟΝ Αμυγδάλου Σοκολάτα Γάλακτος 70g,1.94
2025-06-05,1414280,ΙΟΝ Φουντουκιού Σοκολάτα Γάλακτος με ολόκληρα Φουντούκια 100g,2.45
2025-06-05,7432685,ΠΑΠΑΔΟΠΟΥΛΟΥ Πολυδημητριακά Μπισκότα με 4 Δημητριακά &amp; Γάλα 160g,1.48
2025-06-05,1617441,ΙΟΝ Αμυγδάλου Σοκολάτα Γάλακτος 3x100g,7.2
2025-06-05,1442460,HARDY Καραμέλες Ευκαλύπτου 200g,0.98
2025-06-05,1558471,BONORA Σοκολάτα Γάλακτος με Σταφίδες &amp; Φουντούκια 100g,1.15
2025-06-05,1183697,JANNIS Παστέλι Φιστίκι Κελυφωτό Χωρίς γλουτένη 40g,2.18
2025-06-05,4350161,MCVITIE&#39;S Digestives Μπισκότα με Επικάλυψη Σοκολάτα Γάλακτος 200g,0.98
2025-06-05,1508668,NUTELLA Μπισκότα Γεμιστά με Πραλίνα 304g,4.5
2025-06-05,1229245,HARIBO Χρυσά Αρκουδάκια Ζελίνια 100g,1.2
2025-06-05,1633306,BONORA Soft Cookies με Τρία είδη Σοκολάτας 175g,1.78
2025-06-05,1229069,ΠΑΠΑΔΟΠΟΥΛΟΥ Crackinettes Κράκερς Χωρίς γλουτένη 100g,2.0
2025-06-05,1119578,ΛΑΒΔΑΣ Zero Καραμέλες Ευκάλυπτος Χωρίς ζάχαρη 32g,1.13
2025-06-05,4109377,NUTELLA &amp; Go Πραλίνα Φουντουκιού με Κριτσίνια 52g,1.88
2025-06-05,1628419,ΠΑΠΑΔΟΠΟΥΛΟΥ Digestive Μπισκότα με Επικάλυψη Μαύρης Σοκολάτας 4x67g,2.95
2025-06-05,1631424,ΙΟΝ Serano Σοκολάτα Γάλακτος γεμιστή με Κρέμα Φράουλα 65g,1.74
2025-06-05,1615727,ΠΑΥΛΙΔΗΣ Σοκολάτα Υγείας με 70% Κακάο 4x30g,3.4
2025-06-05,1119579,ΛΑΒΔΑΣ Zero Καραμέλες Κανέλα Χωρίς ζάχαρη 32g,1.13
2025-06-05,1450237,ΙΟΝ Αμυγδάλου Σοκολατάκια Μίνι 350g,7.98
2025-06-05,1272692,TRIDENT Long Lasting Τσίχλες Δυόσμος Χωρίς ζάχαρη 22g,1.18
2025-06-05,1518472,ΠΑΠΑΔΟΠΟΥΛΟΥ Caprice Γκοφρέτα Πουράκια με 30% Λιγότερη Ζάχαρη 250g ,2.84
2025-06-05,1229259,HARIBO Starmix Ζελίνια 100g,1.2
2025-06-05,1617436,ΙΟΝ Γάλακτος Σοκολάτα 3x100g,6.86
2025-06-05,1270063,KINDER Joy Σοκολάτα με Έκπληξη 3x20g,3.13
2025-06-05,1295091,LACTA Oreo Σοκολάτα Γάλακτος με γεύση Φράουλα 105g,2.48
2025-06-05,1635262,ΑΛΛΑΤΙΝΗ Πτι Μπερ Μπισκότα Κλασικό 3x225g,2.73
2025-06-05,1447103,OREO Crunchy Bites Μπισκότα Γεμιστά με Κρέμα Βανίλια &amp; Επικάλυψη Σοκολάτας 110g,1.78
2025-06-05,1611836,ΠΑΠΑΔΟΠΟΥΛΟΥ Cream Crackers με Χαρούπι 190g,1.41
2025-06-05,1489541,ΠΑΠΑΔΟΠΟΥΛΟΥ Caprice Γκοφρέτα Πουράκια Classic 115g,1.64
2025-06-05,1230529,ATTIKA Μαντολάτο με Φιστίκι 90g,1.08
2025-06-05,4174066,ΙΟΝ Γάλακτος Σοκολάτα 200g,3.95
2025-06-05,2186492,ΛΑΒΔΑΣ Mastic Drops Καραμέλες Χωρίς ζάχαρη 150g,2.87
2025-06-05,1509790,LACTA Mini Σοκολατάκια Γάλακτος 350g,7.68
2025-06-05,1628421,ΠΑΠΑΔΟΠΟΥΛΟΥ 2πλο Γεμιστά Μπισκότα με κρέμα Πραλίνα Φουντουκιού 230g,1.3
2025-06-05,1596886,TWIX Σοκολάτα 3x50g,2.5
2025-06-05,1628420,ΠΑΠΑΔΟΠΟΥΛΟΥ 2πλο Γεμιστά Μπισκότα με κρέμα Αλατισμένη Καραμέλα 230g,1.3
2025-06-05,4183638,ΠΑΠΑΔΟΠΟΥΛΟΥ Cookies Μπισκότα με Κομμάτια Σοκολάτας &amp; Κακάο 180g,1.65
2025-06-05,6751564,ΙΟΝ Σοκολατάκια με Mab&#233;l Λικέρ Cherry 260g,4.88
2025-06-05,7546062,KINDER Bueno White Γκοφρέτα 39g,0.98
2025-06-05,1525235,VITAFREE Μπισκότα με Φιστίκι &amp; Σοκολάτα Χωρίς ζάχαρη 200g,2.38
2025-06-05,3718319,CHUPA CHUPS Γλειφιτζούρι Melody Pop 15g,0.48
2025-06-05,1150949,LACTA Γκοφρέτα 28-5g,0.46
2025-06-05,1392405,ΛΑΒΔΑΣ Jelly Pops Ζελεδάκια με Χυμό Φρούτων 350g,3.37
2025-06-05,1116871,ΙΟΝ Derby Caramel Σοκολάτα 38g,0.68
2025-06-05,1635054,OREO Μπισκότα Γεμιστά Original 3x154g,3.57
2025-06-05,1205247,TRIDENT Senses Τσίχλες Καρπούζι Χωρίς ζάχαρη 14τεμ 27g,1.18
2025-06-05,1617437,ΙΟΝ Derby Σοκολάτα Classic 3x38g,1.98
2025-06-05,1443889,BONORA Μπισκότα με Βρόμη και γεύση Πορτοκάλι 265g,1.35
2025-06-05,1352909,BONORA Γκοφρέτες με γεύση Φράουλα 180g,0.92
2025-06-05,4174041,ΙΟΝ Φουντουκιού Σοκολάτα Γάλακτος με ολόκληρα Φουντούκια 200g,4.4
2025-06-05,9176413,ΕΛΜΑ Τσίχλες με Μαστίχα Χίου Classic ΠΟΠ 13g,0.98
2025-06-05,1631422,ΙΟΝ Αμυγδάλου Σοκολάτα Γάλακτος με ολόκληρα Αμύγδαλα 100g,2.45
2025-06-05,1633554,HARIBO Ζελίνια Mix Fizz 100g,1.25
2025-06-05,1416560,ION Break Σοκολάτα Γάλακτος με ολόκληρα Pistachio 85g,2.4
2025-06-05,1405355,LA MERE POULARD Μπισκότα Βουτύρου 125g,1.85
2025-06-05,1617434,ΙΟΝ Αμυγδάλου Σοκολάτα Γάλακτος 3x70g,5.68
2025-06-05,1628060,LACTA Big Time Oreo Σοκολάτα Γάλακτος 300g,3.65
2025-06-05,1450235,ΙΟΝ Γάλακτος Σοκολατάκια Μίνι 350g,7.98
2025-06-05,1635256,ΑΛΛΑΤΙΝΗ Choco Bloom Γεμιστό Μπισκότo με Επικάλυψη Σοκολάτα Γάλακτος 6x35g,3.68
2025-06-05,9924937,MCVITIE&#39;S Digestives Light Μπισκότα με 30% Λιγότερα Λιπαρά 250g,0.95
2025-06-05,1620205,ΒΙΟΛΑΝΤΑ Breakfast Μπισκότα Δημητριακών με Πρωτεΐνη &amp; Βρόμη 180g,1.48
2025-06-05,1633305,BONORA Cookies γεμιστά με Πραλίνα &amp; Κομμάτια Σοκολάτας 175g,1.78
2025-06-05,1556418,CRICH Ciocofroll Μπισκότα με Σταγόνες Σοκολάτας 600g,2.65
2025-06-05,7364797,ΑΛΛΑΤΙΝΗ Πτι Μπερ Μπισκότα Κλασικό 225g,1.0
2025-06-05,1647574,ΙΟΝ Σοκοφρέτα Γκοφρέτα Σοκολάτας Υγείας 4x38g,2.3
2025-06-05,1572418,ΠΑΠΑΔΟΠΟΥΛΟΥ Γεμιστά Μπισκότα με γεύση Σοκολάτα 58g,0.63
2025-06-05,1446909,LACTA Πραλίνες Φουντουκιού 165g,6.05
2025-06-05,1635260,ΑΛΛΑΤΙΝΗ Cookie Μπισκότα με Κακάο &amp; Κομματάκια Σοκολάτας 2x175g,2.29
2025-06-05,1429839,ΒΙΟΛΑΝΤΑ Πίτυρον Μπισκότα Πίτουρου Γεμιστά με Κρέμα Bitter Σοκολάτα 170g,1.92
2025-06-05,4016697,ΑΛΛΑΤΙΝΗ Cookie Μπισκότα με Κακάο &amp; Κομματάκια Σοκολάτας 175g,1.2
2025-06-05,1091481,ΛΕΙΒΑΔΑΡΑΣ Χαλβαδόπιτα Σύρου με Αμύγδαλο 45g,1.36
2025-06-05,1616000,ΠΑΠΑΔΟΠΟΥΛΟΥ Πτι Μπερ Μπισκότα Κλασικά με Σοκολάτα Γάλακτος 4x44g,2.28
2025-06-05,1376209,ΒΙΟΛΑΝΤΑ Μπισκότα Γεμιστά Βρόμης με Φιστικοβούτυρο 180g,1.98
2025-06-05,7190002,CHUPA CHUPS Big Babol Τσίχλες Tutti Frutti 6τεμ 27g,0.58
2025-06-05,5148895,ΣΑΡΑΝΤΗΣ Λουκούμια Ανάμικτα Χωρίς γλουτένη 400g,2.66
2025-06-05,2744878,ΠΑΠΑΔΟΠΟΥΛΟΥ Caprice Γκοφρέτα Πουράκια Μαύρη Σοκολάτα 250g,3.4
2025-06-05,1616202,LACTA Σοκολάτα Γάλακτος 3x85g,6.94
2025-06-05,1407051,M&amp;M&#39;S Κουφετάκια Σοκολάτας 125g,2.78
2025-06-05,1407035,M&amp;M&#39;S Κουφετάκια Σοκολάτας με Φιστίκι 125g,2.78
2025-06-05,1548721,ΒΙΟΛΑΝΤΑ Digestive Μπισκότα Γεμιστά με Κρέμα Μαύρη Σοκολάτα 200g,1.88
2025-06-05,1448838,LACTA Big Time Σοκολάτα με γεύση Τσιζκέικ Φράουλας 300g,3.65
2025-06-05,1224484,KINDER Joy Σοκολάτα με Έκπληξη 20g,1.18
2025-06-05,1633555,CHUPA CHUPS Γλειφιτζούρια Χωρίς γλουτένη Χωρίς ζάχαρη 66g,1.9
2025-06-05,1648560,KINDER Kinderini Μπισκότα 250g,4.48
2025-06-05,1631420,ΙΟΝ Φουντουκιού Σοκολάτα Γάλακτος με ολόκληρα Φουντούκια 100g,2.45
2025-06-05,1631396,TOTTIS Serenata Choco Bar Μπάρα Σοκολάτας Γάλακτος με Γκοφρέτα Peanut Butter 53g\t,0.88
2025-06-05,1632457,NESTLE Kit Kat Ball Σοκολατίνια Γάλακτος 140g,3.47
2025-06-05,1628422,ΠΑΠΑΔΟΠΟΥΛΟΥ Πτι Μπερ Μπισκότα με Σοκολάτα Γάλακτος &amp; Καρύδα 200g,1.98
2025-06-05,1524725,LACTA Cookies Μπισκότα με γέμιση Merenda 156g ,2.68
2025-06-05,1599962,SKITTLES Καραμέλες Fruits 38g,0.88
2025-06-05,1024132,TOTTIS Serenata Choco Bar Μπάρα Σοκολάτας Γάλακτος με Γκοφρέτα 53g,0.88
2025-06-05,1598488,NESTLE Nesquik Μπισκότα με Κακάο 300g,3.48
2025-06-05,1229043,ΠΑΠΑΔΟΠΟΥΛΟΥ Μπισκότα με Κακάο Χωρίς γλουτένη 200g,2.84
2025-06-05,1569402,ΦΙΛΕΝΤΕΜ Παστέλι με Φιστίκι τύπου Αιγίνης Χωρίς προσθήκη ζάχαρης 50g,3.54
2025-06-05,1599965,SKITTLES Καραμέλες Crazy Sours 38g,0.88
2025-06-05,1618309,SKITTLES Καραμέλες Fruits Vegan 136g,1.68
2025-06-05,1226225,OSCAR Σοκολατάκια Υγείας Μίνι 300g,6.1
2025-06-05,1195926,SCHAR Petit Μπισκότα Βουτύρου Χωρίς γλουτένη 165g,3.34
2025-06-05,1618310,SKITTLES Καραμέλες Crazy Sours Vegan 136g,1.68
2025-06-05,1651392,MULINO BIANCO Μπισκότα Γεμιστά Baiocchi με Κρέμα Φιστικού 240g,3.48
2025-06-05,1550830,SCHAR Chocolate O&#39;s Μπισκότα Γεμιστά Χωρίς γλουτένη 165g,3.06
2025-06-05,1612679,ΑΛΦΑ Μπίρα Lager με Αλάτι 5x330ml +1 Δώρο,4.75
2025-06-05,1612660,ΑΛΦΑ Μπίρα Lager με Αλάτι 330ml,1.08
2025-06-05,1648498,BLONDER Μπίρα Lager 330ml,0.64
2025-06-05,1065526,ΑΛΦΑ Μπίρα Lager 4x500ml,5.8
2025-06-05,3282159,ΑΛΦΑ Μπίρα Lager 5x330ml +1 Δώρο,5.25
2025-06-05,1181494,EDELSTEINER Μπίρα Pils 500ml,0.95
2025-06-05,8010183,ΑΜΣΤΕΛ Μπίρα Lager 4x500ml,5.96
2025-06-05,7136674,ΑΜΣΤΕΛ Μπίρα Lager 5x330ml +1 Δώρο,4.2
2025-06-05,1260137,ΦΙΞ Άνευ Μπίρα Χωρίς Αλκοόλ 5x330ml +1 Δώρο,3.75
2025-06-05,1115056,HEINEKEN Μπίρα Lager 5x330ml +1 Δώρο,5.05
2025-06-05,1584459,KAISER Μπίρα Pilsner 4x330ml +2 Δώρο,5.44
2025-06-05,8010241,HEINEKEN Μπίρα Lager 4x500ml,7.08
2025-06-05,2327237,SERKOVA Βότκα 700ml,13.08
2025-06-05,4108569,JOHNNIE WALKER Ουίσκι Red Label 700ml,17.0
2025-06-05,6838767,GORDON&#39;S Τζιν 700ml,14.55
2025-06-05,1274880,ΜΗΛΟΚΛΕΦΤΗΣ Forbidden Apple 330ml,1.1
2025-06-05,1434137,ΜΑΜΟΣ Μπίρα Pils 5x330ml +1 Δώρο,4.64
2025-06-05,6697841,ΦΙΞ Ελλάς Μπίρα Lager 5x330ml +1 Δώρο,3.79
2025-06-05,4328340,KAISER Μπίρα Pilsner 4x500ml,7.76
2025-06-05,6988257,STELLA ARTOIS Μπίρα Lager 330ml,1.23
2025-06-05,1223447,ΔΟΥΚΑΣ Λευκός Οίνος Μοσχοφίλερο Βιολογικός ΠΓΕ 750ml,8.7
2025-06-05,1390807,BLONDER Μπίρα Lager 10x250ml,4.9
2025-06-05,6293278,ΦΙΞ Ελλάς Μπίρα Lager 4x500ml,4.57
2025-06-05,1270762,ΜΑΜΟΣ Μπίρα Pils 4x500ml,6.56
2025-06-05,1582225,ΑΜΣΤΕΛ Radler Μπίρα με Λεμόνι 3x330ml +1 Δώρο,3.24
2025-06-05,1273419,ΦΙΞ Ελλάς Μπίρα Lager 8x330ml +4 Δώρο,8.4
2025-06-05,1587750,ΑΛΦΑ Μπίρα Χωρίς Αλκοόλ 4x330ml +2 Δώρο,3.48
2025-06-05,1405700,FISCHER Μπίρα Pilsner 4x330ml +2 Δώρο,5.44
2025-06-05,1221774,ΒΕΡΓΙΝΑ Μπίρα Lager 5x330ml +1 Δώρο,4.65
2025-06-05,6742233,ΠΑΡΑΓΚΑ Κυρ-Γιάννη Λευκός Οίνος ΠΓΕ 750ml,9.25
2025-06-05,1389190,ΑΜΣΤΕΛ Free Μπίρα Χωρίς Αλκοόλ 5x330ml +1Δώρο,2.9
2025-06-05,1223129,ΔΟΥΚΑΣ Ροζέ Οίνος Ημίγλυκος Βιολογικός ΠΓΕ 750ml,8.7
2025-06-05,1516125,ΝΥΜΦΗ Μπίρα Lager 5x330ml +1Δώρο,5.35
2025-06-05,1518444,STELLA ARTOIS 0.0 Μπίρα Χωρίς Αλκοόλ 330ml,1.06
2025-06-05,1584070,ΦΙΞ Άνευ Μπίρα με Λεμόνι Χωρίς Αλκοόλ 3x330ml +1 Δώρο                         ,2.45
2025-06-05,1648048,ΜΑΜΟΣ Μπίρα Pils 9x330ml +3 Δώρο,10.44
2025-06-05,1579009,ΑΜΣΤΕΛ Free Μπίρα με Λεμόνι Χωρίς Αλκοόλ 3x330ml +1 Δώρο,2.49
2025-06-05,4056123,ABSOLUT Βότκα 700ml,16.9
2025-06-05,1534792,EDELSTEINER Μπίρα Pils 6x330ml,4.15
2025-06-05,5416763,DON SIMON Ερυθρός Οίνος Sangria 1lt,2.18
2025-06-05,1194860,CASARITO Acquesi Ημιαφρώδης Λευκός Οίνος Moscato D&#39;Asti DOCG 750ml,8.1
2025-06-05,8010035,ΑΛΦΑ Μπίρα Lager 500ml,1.64
2025-06-05,9945114,ΝΙΚΟΛΑΣ ΡΕΠΑΝΗΣ Λευκός Οίνος Μοσχοφίλερο ΠΓΕ 750ml,3.43
2025-06-05,1223475,ΕΒΙΒΑ Οινοποιία Ζαρογκίκα Λευκός Οίνος 1-5lt,3.2
2025-06-05,6998116,FISCHER Μπίρα Pilsner 500ml,1.72
2025-06-05,1275253,ΔΟΥΚΑΣ Ερυθρός Οίνος Merlot &amp; Pinot Noir Βιολογικός 750ml,8.7
2025-06-05,2804227,PERONI Nastro Azzurro Μπίρα Lager 330ml,1.95
2025-06-05,1582612,CORONA Extra Μπίρα Lager 330ml,1.98
2025-06-05,1488071,ΝΙΚΟΛΑΣ ΡΕΠΑΝΗΣ Λευκός Οίνος Μοσχοφίλερο ΠΓΕ 1-5lt,5.5
2025-06-05,5414156,CLAUSTHALER Original Μπίρα Χωρίς Αλκοόλ 330ml,0.95
2025-06-05,1126851,ΑΛΛΟΤΙΝΟ Ελληνικά Κελλάρια Λευκός Οίνος 500ml,2.4
2025-06-05,1401487,BOUTARI Λευκός Οίνος Μοσχοφίλερο ΠΓΕ 750ml,5.95
2025-06-05,6624449,SMIRNOFF Βότκα 700ml,17.9
2025-06-05,1291729,ΠΑΡΑΓΚΑ Flowers Κυρ-Γιάννη Ροζέ Οίνος Ημίξηρος ΠΓΕ 750ml,8.6
2025-06-05,1223495,ΦΙΛΟΚΤΗΤΗΣ Ευάμπελος Γη Λευκός Οίνος 750ml,12.45
2025-06-05,1464662,MYTHOS Ice Μπίρα Lager 330ml,1.16
2025-06-05,1506635,ΕΖΑ Μπίρα Lager 4x330ml +2 Δώρο,4.35
2025-06-05,1622822,CORONA Cero 0.0 Μπίρα Χωρίς Αλκοόλ 330ml,1.32
2025-06-05,1584071,ΜΑΜΟΣ Μπίρα Αφιλτράριστη 330ml,1.12
2025-06-05,2894764,ΚΤΗΜΑ ΒΙΒΛΙΑ ΧΩΡΑ Λευκός Οίνος ΠΓΕ 750ml,11.76
2025-06-05,1143181,PAULANER Μπίρα Weiss 500ml,2.4
2025-06-05,4052080,BUD Μπίρα Lager 330ml,1.56
2025-06-05,1458794,ΒΕΡΓΙΝΑ Μπίρα Lager 4x500ml,5.32
2025-06-05,1227954,ΦΙΛΟΚΤΗΤΗΣ Ευάμπελος Γη Ροζέ Οίνος ΠΓΕ 750ml,12.45
2025-06-05,1610402,ΝΗΣΟΣ Μπίρα Pilsner 5x330ml +1 Δώρο,5.7
2025-06-05,4264255,ΜΑΛΑΜΑΤΙΝΑ Λευκός Οίνος Ρετσίνα 500ml,1.95
2025-06-05,1401944,ΚΤΗΜΑ ΓΕΡΟΒΑΣΙΛΕΙΟΥ Λευκός Οίνος Μαλαγουζιά ΠΓΕ 750ml,12.88
2025-06-05,6988364,STELLA ARTOIS Μπίρα Lager 6x330ml,4.95
2025-06-05,1038089,ΝΤΑΜΑ ΚΟΥΠΑ Nico Lazaridi Λευκός Οίνος ΠΓΕ 750ml,5.14
2025-06-05,4358628,DEWAR&#39;S Ουίσκι White Label 700ml,16.85
2025-06-05,5461447,ΒΕΡΓΙΝΑ Μπίρα Weiss 500ml,2.1
2025-06-05,1126847,ΑΛΛΟΤΙΝΟ Ελληνικά Κελλάρια Ερυθρός Οίνος Ημίγλυκος 500ml,2.55
2025-06-05,1124941,PILS HELLAS Μπίρα Pils 5x330ml +1 Δώρο,4.05
2025-06-05,4095014,FAMOUS GROUSE Ουίσκι 700ml,18.0
2025-06-05,1475480,ΜΗΛΟΚΛΕΦΤΗΣ Velvet Blush 330ml,1.1
2025-06-05,1452018,ΚΙΝΤΩΝΗΣ Λευκός Οίνος Μαλαγουζιά ΠΓΕ 750ml,4.3
2025-06-05,1215264,ΚΡΗΤΙΚΟΣ Κτήμα Μιχαλάκη Λευκός Οίνος ΠΓΕ 750ml,3.8
2025-06-05,1226603,ΣΤΡΟΦΥΛΙ Ερυθρός Οίνος Ημίγλυκος 1-5lt,3.88
2025-06-05,1480402,ΒΕΡΓΙΝΑ Μπίρα Χωρίς Αλκοόλ 5x330ml +1 Δώρο,3.75
2025-06-05,1125290,HENNINGER Μπίρα Lager 5x330ml +1 Δώρο,4.4
2025-06-05,4092326,GRANT&#39;S Ουίσκι 700ml,15.9
2025-06-05,2344372,ΠΑΡΑΓΚΑ Κυρ-Γιάννη Ερυθρός Οίνος ΠΓΕ 750ml,9.85
2025-06-05,1098603,DON SIMON Ερυθρός Οίνος Sangria 1-5lt,3.2
2025-06-05,1632994,GORDON&#39;S Space 250ml,2.15
2025-06-05,1253058,ΦΙΞ Άνευ Μπίρα Χωρίς Αλκοόλ 330ml,0.86
2025-06-05,4510491,ΠΛΩΜΑΡΙ Ούζο 700ml,10.9
2025-06-05,1533030,ΤΡΕΙΣ ΜΑΓΙΣΣΕΣ Κτήμα Μπαραφάκα Ροζέ Οίνος Ημίγλυκος 750ml,11.15
2025-06-05,1452017,ΚΙΝΤΩΝΗΣ Λευκός Οίνος Chardonnay ΠΓΕ 750ml,3.9
2025-06-05,1562580,ΒΕΡΓΙΝΑ Μπίρα Lager 9x330ml +3 Δώρο,9.45
2025-06-05,1590257,SOMERSBY Μηλίτης Φράουλα &amp; Lime Χωρίς Αλκοόλ 330ml,1.12
2025-06-05,1490702,ΜΠΛΕ ΤΡΑΚΤΕΡ Κυρ-Γιάννη Λευκός Οίνος ΠΓΕ 750ml ,10.5
2025-06-05,1275256,ΔΟΥΚΑΣ Ερυθρός Οίνος Αγιωργίτικο Βιολογικός ΠΓΕ 750ml,8.7
2025-06-05,1264851,MYTHOS Μπίρα Lager 8x330ml +4 Δώρο,9.2
2025-06-05,1270760,ΜΑΜΟΣ Μπίρα Pils 500ml,1.84
2025-06-05,4109419,ΛΗΜΝΟΣ Limnos Wines Λευκός Οίνος ΠΟΠ 750ml,6.5
2025-06-05,4098000,BEEFEATER Τζιν 700ml,17.85
2025-06-05,1223011,ΕΒΙΒΑ Οινοποιία Ζαρογκίκα Ροζέ Οίνος 1-5lt,3.3
2025-06-05,1133262,TANQUERAY Τζιν 700ml,21.45
2025-06-05,4517470,ESTRELLA Damm Barcelona Μπίρα Lager 330ml,1.54
2025-06-05,1182933,STRONGBOW Red Berries 330ml,1.48
2025-06-05,1098794,ΚΤΗΜΑ ΑΛΦΑ Λευκός Οίνος Μαλαγουζιά ΠΓΕ 750ml,10.57
2025-06-05,4513883,ΑΚΡΕΣ Σκούρας Λευκός Οίνος ΠΓΕ 750ml,5.56
2025-06-05,1490700,ΜΠΛΕ ΤΡΑΚΤΕΡ Κυρ-Γιάννη Ερυθρός Οίνος ΠΓΕ 750ml ,10.85
2025-06-05,1126860,ΑΛΛΟΤΙΝΟ Ελληνικά Κελλάρια Ερυθρός Οίνος 500ml,2.45
2025-06-05,5526330,CARLSBERG Μπίρα Pilsner 5x330ml +1 Δώρο,5.6
2025-06-05,1223442,ΔΟΥΚΑΣ Ροζέ Οίνος Μαυρούδι &amp; Φιλέρι Βιολογικός ΠΓΕ 750ml,8.7
2025-06-05,6495204,METAXA 3* Αλκοολούχο Ποτό 350ml,7.25
2025-06-05,1221516,ΣΕΡΓΙΑΝΙ Λευκός Οίνος 750ml,4.9
2025-06-05,1118665,APEROL Απεριτίφ 700ml,15.65
2025-06-05,4098968,BALLANTINE&#39;S Ουίσκι 700ml,17.9
2025-06-05,8010068,ΑΛΦΑ Μπίρα Lager 330ml,1.05
2025-06-05,2035707,MINI CHIC Αφρώδης Ροζέ Οίνος Raspberry 200ml,2.38
2025-06-05,9873498,JACK DANIEL&#39;S Ουίσκι 700ml,25.3
2025-06-05,1126858,ΑΛΛΟΤΙΝΟ Ελληνικά Κελλάρια Ροζέ Οίνος 500ml,2.45
2025-06-05,1221452,CLASSE ROYALE Μπίρα Lager 500ml,1.05
2025-06-05,4106852,ΜΙΝΙ Ούζο 700ml,10.2
2025-06-05,1464648,GUINNESS Blonde Μπίρα IPA 440ml,2.84
2025-06-05,1269750,ΝΗΣΟΣ All Day Μπίρα Lager Βιολογική Χωρίς γλουτένη 330ml,2.22
2025-06-05,1286361,ΑΛΦΑ Μπίρα Lager 9x330ml +3 Δώρο,9.45
2025-06-05,1397027,SIGNORE GIUSEPPE Λευκός Οίνος Aφρώδης Prosecco DOC 750ml,7.4
2025-06-05,1136089,WYBOROWA Βότκα 700ml,14.5
2025-06-05,1489688,WYBOROWA Βότκα 700ml +Ποτήρι Δώρο,14.5
2025-06-05,1285707,GRALSBURG Μπίρα Pils 500ml,0.97
2025-06-05,4266870,HAIG Ουίσκι Gold Label 700ml,20.85
2025-06-05,1037959,ΡΗΓΑΣ ΚΟΥΠΑ Nico Lazaridi Ερυθρός Οίνος ΠΓΕ 750ml,5.14
2025-06-05,1171098,MYTHOS Μπίρα Lager 5x330ml +1 Δώρο,5.75
2025-06-05,1227512,PATRAIKI WINES Ερυθρός Οίνος Γλυκός Μαυροδάφνη Πατρών ΠΟΠ 750ml,4.6
2025-06-05,4105821,ΚΑΤΩΓΙ ΑΒΕΡΩΦ Ερυθρός Οίνος 750ml,9.6
2025-06-05,2514032,ΡΟΥΣΣΟΣ Ερυθρός Οίνος Νάμα 375ml,5.35
2025-06-05,4108775,VAT 69 Ουίσκι 700ml,15.65
2025-06-05,1228058,ΕΒΙΒΑ Οινοποιία Ζαρογκίκα Ερυθρός Οίνος 1-5lt,3.45
2025-06-05,4088878,KAISER Μπίρα Pilsner 500ml,1.99
2025-06-05,2894798,ΚΤΗΜΑ ΒΙΒΛΙΑ ΧΩΡΑ Ερυθρός Οίνος ΠΓΕ 750ml,14.14
2025-06-05,1098926,ΤΟ ΔΕΚΑΡΑΚΙ Τσίπουρο Μονοποικιλιακό Μοσχάτο  700ml,14.3
2025-06-05,5461462,ΒΕΡΓΙΝΑ Red Μπίρα Amber Lager 500ml,2.2
2025-06-05,1646370,ΦΙΞ Άνευ Μπίρα με Σαγκουίνι 3x330ml +1 Δώρο,2.62
2025-06-05,6278394,MCFARLAND Μπίρα Red Ale 330ml,2.6
2025-06-05,5219324,ΑΡΩΜΑ ΛΗΜΝΟΥ Limnos Wines Λευκός Οίνος Βιολογικός ΠΟΠ 750ml,7.2
2025-06-05,1446931,ΝΥΜΦΗ Μπίρα Lager 500ml,1.84
2025-06-05,9945106,ΝΙΚΟΛΑΣ ΡΕΠΑΝΗΣ Ερυθρός Οίνος Αγιωργίτικο ΠΓΕ 750ml,3.43
2025-06-05,1221562,ARALDICA Ημιαφρώδης Λευκός Οίνος Moschato D&#39;Asti DOCG 750ml,8.05
2025-06-05,1221804,ΛΙΟΓΕΡΜΑ Ερυθρός Οίνος Αγιωργίτικο ΠΓΕ 750ml,6.3
2025-06-05,9249517,BREEZER με γεύση Καρπούζι 275ml,2.01
2025-06-05,4026670,ΑΜΣΤΕΛ Μπίρα Lager 500ml,1.68
2025-06-05,1117310,SOMERSBY Μηλίτης Apple 330ml,1.25
2025-06-05,1588360,ΦΙΞ Μαύρη Μπίρα Lager 330ml,1.72
2025-06-05,1520665,SEPTEM Mylos Μπίρα Lager 500ml,2.29
2025-06-05,1223491,ΦΙΛΟΚΤΗΤΗΣ Ευάμπελος Γη Ερυθρός Οίνος 750ml,14.15
2025-06-05,1223374,SEPTEM Friday&#39;s Μπίρα Pale Ale 330ml,2.27
2025-06-05,4109062,ΚΡΗΤΙΚΟΣ Boutari Λευκός Οίνος Βηλάνα ΠΓΕ 750ml,4.69
2025-06-05,4090569,CALLIGA Ελληνικά Κελλάρια Ροζέ Οίνος Ημίξηρος 750ml,8.5
2025-06-05,7175631,BOMBAY SAPPHIRE Τζιν 700ml,21.1
2025-06-05,1168568,MITILIΝI Ούζο 200ml,2.7
2025-06-05,4128021,BUDWEISER Budvar Μπίρα Lager 500ml,2.25
2025-06-05,1282680,ΣΑΜΑΡΟΠΕΤΡΑ Κυρ-Γιάννη Λευκός Οίνος ΠΓΕ 750ml,13.55
2025-06-05,7371685,HISTORIA Κτήμα Αβαντίς Λευκός Οίνος Ασσύρτικο Viognier ΠΓΕ 750ml,7.8
2025-06-05,4108346,BACARDI Ρούμι 700ml,18.55
2025-06-05,1481480,ΝΙΚΟΛΑΣ ΡΕΠΑΝΗΣ Ερυθρός Οίνος Αγιωργίτικο ΠΓΕ 1-5lt,5.5
2025-06-05,1168808,MITILIΝI Ούζο 700ml,7.95
2025-06-05,1432564,BREWDOG Punk Μπίρα IPA 330ml,2.95
2025-06-05,4111613,BAILEY&#39;S Λικέρ 700ml,18.3
2025-06-05,1473632,ΠΙΚΡΗ Μπίρα IPA 330ml,2.74
2025-06-05,1470820,MONASTERE Μπίρα Double 500ml,2.3
2025-06-05,1067010,ΣΗΜΕΙΟ Boutari Ροζέ Οίνος Ημίξηρος ΠΓΕ 750ml,6.23
2025-06-05,1516099,ΝΥΜΦΗ Μπίρα Lager 330ml,1.17
2025-06-05,1432447,DOMAINE COSTA LAZARIDI Ροζέ Οίνος ΠΓΕ 750ml,17.7
2025-06-05,1576424,ΝΙΚΟΛΑΣ ΡΕΠΑΝΗΣ Ερυθρός Οίνος ΠΟΠ Νεμέα 750ml,4.83
2025-06-05,1394008,ΑΝΕΜΟΒΟΡΙ Λευκός Οίνος Ρετσίνα 1-5lt,3.0
2025-06-05,1559266,ΜΠΛΕ ΤΡΑΚΤΕΡ Κυρ-Γιάννη Ροζέ Οίνος ΠΓΕ 750ml,10.45
2025-06-05,2082956,ΑΚΑΚΙΕΣ Κυρ-Γιάννη Ροζέ Οίνος ΠΟΠ 750ml,9.85
2025-06-05,4115945,JAMESON Ουίσκι 700ml,21.1
2025-06-05,1226081,J.P. CHENET Ice Edition Αφρώδης Ροζέ Οίνος Ημίξηρος 750ml,5.6
2025-06-05,6920722,CLAN MACGREGOR Ουίσκι 700ml,13.5
2025-06-05,2894772,ΚΤΗΜΑ ΒΙΒΛΙΑ ΧΩΡΑ Ροζέ Οίνος ΠΓΕ 750ml,16.5
2025-06-05,5361282,METAXA 5 Stars Αλκοολούχο Ποτό 700ml,17.5
2025-06-05,5924923,ACHAIA CLAUSS Μαυροδάφνη Πατρών 601 Ερυθρός Οίνος ΠΟΠ 375ml ,4.9
2025-06-05,7247315,MYTHOS Μπίρα Lager 4x500ml,6.48
2025-06-05,2626406,CHATEAU JULIA Domaine Costa Lazaridi Λευκός Οίνος Chardonnay ΠΓΕ 750ml,15.5
2025-06-05,1649186,ΑΛΦΑ Μπίρα Lager 6x330ml,5.76
2025-06-05,8789281,LA TRAPPE Trappist Μπίρα Quadrupel 330ml,3.5
2025-06-05,1099079,ΑΠΟΣΤΟΛΑΚΗΣ Τσίπουρο χωρίς γλυκάνισο 700ml,13.8
2025-06-05,7161367,ΤΕΣΣΕΡΙΣ ΛΙΜΝΕΣ Κυρ-Γιάννη Λευκός Οίνος ΠΓΕ 750ml,16.7
2025-06-05,4090502,MONTENERO Ελληνικά Κελλάρια Ερυθρός Οίνος ΠΟΠ Νεμέα 750ml,8.35
2025-06-05,4379947,SAMOS VIN DOUX ΕΟΣ Σάμου Λευκός Οίνος Γλυκός ΠΟΠ 750ml,8.35
2025-06-05,1591736,APEROL Spritz 3x200ml,9.0
2025-06-05,1297479,MAVRAKIS Λικέρ Μαστίχα 500ml,9.48
2025-06-05,1473630,ΚΙΡΚΗ Μπίρα Pale Ale 330ml,2.58
2025-06-05,1610902,DISARONNO Originale Λικέρ 700ml + Velvet Λικέρ 50ml,19.6
2025-06-05,1221454,CLASSE ROYALE Μπίρα Lager 330ml,0.8
2025-06-05,1222550,VICTOR Ερυθρός Οίνος Νάμα 375ml,3.1
2025-06-05,9442765,ΠΛΩΜΑΡΙ Ούζο 200ml,4.05
2025-06-05,7480106,STOLI Βότκα 700ml,17.1
2025-06-05,1098598,ΜΑΥΡΟ ΠΡΟΒΑΤΟ Nico Lazaridi Λευκός Οίνος ΠΓΕ 750ml,9.62
2025-06-05,1221465,MONTMARTRE Αφρώδης Λευκός Οίνος Brut 750ml,4.35
2025-06-05,6494710,METAXA 3* Αλκοολούχο Ποτό 700ml,13.85
2025-06-05,8009185,ΚΑΤΩΓΙ ΑΒΕΡΩΦ Λευκός Οίνος 750ml,9.0
2025-06-05,1298534,ΒΟΡΟΙΝΟΣ Λευκός Οίνος Ημίξηρος 3lt,11.8
2025-06-05,1523091,ΜΑΥΡΟ ΠΡΟΒΑΤΟ Nico Lazaridi Ερυθρός Οίνος ΠΓΕ 750ml,11.34
2025-06-05,4089231,KAISER Μπίρα Pilsner 330ml,1.36
2025-06-05,1394328,L&#39; ESPRIT DU LAC Κυρ-Γιάννη Ροζέ Οίνος ΠΟΠ 750ml,16.7
2025-06-05,4056214,CAMPARI Bitter 700ml,20.75
2025-06-05,5950670,MARTINI Αφρώδης Λευκός Οίνος Γλυκός Asti DOCG 200ml,3.78
2025-06-05,1466902,PICCOLO MONDO Semeli Ροζέ Οίνος Ημίγλυκος 750ml,8.6
2025-06-05,6161210,ERDINGER Μπίρα Weiss 500ml,3.0
2025-06-05,2804300,KOZEL Dark Μπίρα 500ml,2.6
2025-06-05,9107434,ΜΙΝΙ Ούζο 200ml,3.82
2025-06-05,1493864,ΝΙΚΟΛΑΣ ΡΕΠΑΝΗΣ Ροζέ Οίνος Αγιωργίτικο ΠΓΕ 750ml,4.06
2025-06-05,1104565,ΚΤΗΜΑ ΑΛΦΑ Λευκός Οίνος Sauvignon Blanc ΠΓΕ 750ml,21.0
2025-06-05,1252814,BORDEAUX Dulong Premium Ερυθρός Οίνος Merlot Cabernet 750ml,7.9
2025-06-05,2894749,ΚΤΗΜΑ ΓΕΡΟΒΑΣΙΛΕΙΟΥ Λευκός Οίνος ΠΓΕ 750ml,12.04
2025-06-05,1404097,ΜΑΜΟΣ Μπίρα Pils 330ml,1.16
2025-06-05,9659020,ΤΟ ΚΡΑΣΙ ΤΗΣ ΠΑΡΕΑΣ Ένωση Πεζών Κρήτης Λευκός Οίνος 1lt,4.02
2025-06-05,6879928,ΤΣΙΛΙΛΗ Τσίπουρο χωρίς γλυκάνισο 200ml,4.08
2025-06-05,1299244,J.P CHENET Ερυθρός Οίνος Cabernet Syrah 750ml,5.5
2025-06-05,1421300,HAVANA CLUB Ρούμι 3 Ετών 700ml,18.25
2025-06-05,6544134,PICCOLO MONDO Semeli Λευκός Οίνος Ημίγλυκος 750ml,8.6
2025-06-05,4026381,ΑΜΣΤΕΛ Μπίρα Lager 330ml,1.05
2025-06-05,1632992,SMIRNOFF Ice 250ml,1.92
2025-06-05,1539791,OLMECA Τεκίλα Λευκή 700ml,22.8
2025-06-05,2157436,ΛΗΜΝΙΑ ΓΗ Χατζηγεωργίου Λευκός Οίνος ΠΟΠ Λήμνος 750ml,9.55
2025-06-05,1400062,ΑΛΦΑ Μπίρα Χωρίς Αλκοόλ 330ml,0.88
2025-06-05,1227959,THE FALLEN OAK Κυρ-Γιάννη Ερυθρός Οίνος ΠΓΕ 750ml,13.6
2025-06-05,4091625,CUTTY SARK Ουίσκι 700ml,17.8
2025-06-05,1569114,SOPHIAS Cavino Λευκός Oίνος 500ml,1.98
2025-06-05,1162375,VINA ESMERALDA Torres Λευκός Οίνος Vegan 750ml,9.5
2025-06-05,2420891,SKINOS Λικέρ Μαστίχα 700ml,18.7
2025-06-05,1275265,ODYSSEY Red Μπίρα 330ml,2.4
2025-06-05,4110482,ΟΥΖΟ 12 700ml,9.95
2025-06-05,1389099,ΤΣΙΛΙΛΗ Τσίπουρο χωρίς γλυκάνισο 700ml,12.9
2025-06-05,4266862,FINLANDIA Βότκα 700ml ,14.65
2025-06-05,6479158,FRANZISKANER Μπίρα Weiss 500ml,2.88
2025-06-05,1610395,ΝΗΣΟΣ Μπίρα Pilsner 500ml,1.69
2025-06-05,4109187,ΝΑΟΥΣΣΑ Boutari Ερυθρός Οίνος ΠΟΠ 750ml,7.91
2025-06-05,1596307,ΥΨΙΠYΛΗ Limnos Wines Ροζέ Οίνος Ημίξηρος 750ml,7.4
2025-06-05,9694274,PORTES Σκούρας Ερυθρός Οίνος ΠΓΕ 750ml,7.7
2025-06-05,1649196,ΜΑΜΟΣ Μπίρα Αφιλτράριστη 4x330ml,4.5
2025-06-05,6293302,ΦΙΞ Ελλάς Μπίρα Lager 330ml,1.05
2025-06-05,6136543,BREEZER με γεύση Λάιμ 275ml,2.16
2025-06-05,1225776,CASARITO Acquesi Ημιαφρώδης Λευκός Οίνος Moscato D&#39;Asti DOCG 375ml,5.72
2025-06-05,2635274,THEMA Κτήμα Παυλίδη Λευκός Οίνος ΠΓΕ 750ml,15.1
2025-06-05,7090772,ΚΤΗΜΑ ΑΒΑΝΤΙΣ Ερυθρός Οίνος Syrah ΠΓΕ 750ml,14.1
2025-06-05,1491313,FLOWERS Ελληνικά Κελλάρια Λευκός Οίνος Μαλαγουζιά ΠΓΕ 750ml,7.5
2025-06-05,1452016,ΚΙΝΤΩΝΗΣ Ερυθρός Οίνος Merlot ΠΓΕ 750ml,3.9
2025-06-05,1099077,ΑΠΟΣΤΟΛΑΚΗΣ Τσίπουρο χωρίς γλυκάνισο 200ml,4.8
2025-06-05,8534901,URSUS Βότκα Roter 700ml,16.0
2025-06-05,1226896,GANCIA Αφρώδης Λευκός Οίνος Prosecco Brut 200ml,3.7
2025-06-05,6124978,ΒΕΡΓΙΝΑ Μπίρα Lager 500ml,1.62
2025-06-05,1646366,ΦΙΞ Άνευ Μπίρα με Σαγκουίνι 330ml,0.98
2025-06-05,1104567,ΚΤΗΜΑ ΑΛΦΑ Ερυθρός Οίνος Ξινόμαυρο ΠΟΠ 750ml,18.1
2025-06-05,4513818,ΑΚΡΕΣ Σκούρας Ερυθρός Οίνος ΠΓΕ 750ml,5.6
2025-06-05,8934465,RUSSIAN STANDARD Βότκα 700ml,19.4
2025-06-05,1649195,ΜΑΜΟΣ Μπίρα Pils 6x330ml,6.05
2025-06-05,4108494,JOHNNIE WALKER Ουίσκι Black Label 700ml,33.6
2025-06-05,4091344,DRAMBUIE Λικέρ 700ml,29.6
2025-06-05,1186551,JACK DANIEL&#39;S Tennessy Honey Λικέρ 700ml ,24.5
2025-06-05,2626380,CHATEAU JULIA Domaine Costa Lazaridi Ερυθρός Οίνος Merlot ΠΓΕ 750ml,21.7
2025-06-05,6830269,MARTINI Aφρώδης Λευκός Οίνος Prosecco DOC 750ml,9.4
2025-06-05,1011481,KTHMA ΑΛΦΑ Ροζέ Οίνος ΠΟΠ 750ml,14.7
2025-06-05,1584068,ΦΙΞ Άνευ Μπίρα με Λεμόνι Χωρίς Αλκοόλ 330ml,0.9
2025-06-05,1635808,ΡΟΜΒΟΣ Τσίπουρο χωρίς γλυκάνισο 700ml,10.5
2025-06-05,4862496,MARTINI Αφρώδης Λευκός Οίνος Γλυκός Asti DOCG 750ml,11.2
2025-06-05,4108700,JAGERMEISTER Λικέρ 700ml,19.6
2025-06-05,1560533,LE COQ Κοκτέιλ Mojito με γεύση Λάιμ 330ml,2.78
2025-06-05,4112439,ΨΗΛΕΣ ΚΟΡΦΕΣ ΕΟΣ Σάμου Λευκός Οίνος 750ml,8.0
2025-06-05,1289210,ΑΜΣΤΕΛ Free Μπίρα Χωρίς Αλκοόλ 330ml,0.88
2025-06-05,1569109,SOPHIAS Cavino Ημίγλυκος Ερυθρός Oίνος 500ml,1.98
2025-06-05,1491302,ΚΤΗΜΑ ΓΕΡΟΒΑΣΙΛΕΙΟΥ Ροζέ Οίνος Ξινόμαυρο ΠΓΕ 750ml,18.25
2025-06-05,1298531,ΒΟΡΟΙΝΟΣ Ροζέ Οίνος Ημίξηρος 3lt,12.8
2025-06-05,1596499,SIGNORE GIUSEPPE Λευκός Οίνος Aφρώδης Prosecco DOC 200ml,3.3
2025-06-05,1104566,ΚΤΗΜΑ ΑΛΦΑ Ερυθρός Οίνος ΠΓΕ 750ml,20.37
2025-06-05,1215267,ΚΡΗΤΙΚΟΣ Κτήμα Μιχαλάκη Ερυθρός Οίνος ΠΓΕ 750ml,3.89
2025-06-05,1394129,ΓΗ ΚΑΙ ΟΥΡΑΝΟΣ Thymiopoulos Ερυθρός Οίνος ΠΟΠ 750ml,19.5
2025-06-05,4114153,CHIVAS REGAL Ουίσκι 12ετών 700ml,32.8
2025-06-05,1621155,MIX Κοκτέιλ Pornstar Martini 330ml,2.18
2025-06-05,4054524,MARIE BRIZARD Λικέρ Triple Sec 700ml,13.4
2025-06-05,1297483,MAVRAKIS Λικέρ Limoncello 500ml,9.2
2025-06-05,7689177,ΜΙΝΙ Ούζο 350ml,5.7
2025-06-05,1168799,MOET &amp; CHANDON Imp&#233;rial Σαμπάνια Brut 200ml,17.25
2025-06-05,4025854,HEINEKEN Μπίρα Lager 330ml,1.26
2025-06-05,1065406,VANTANA 3&#39; Μπράντι 350ml,5.95
2025-06-05,1223276,ΗΔΩΝΙΚΟ Τσίπουρο χωρίς γλυκάνισο 700ml,16.4
2025-06-05,1221469,MONTMARTRE Αφρώδης Λευκός Οίνος Demi Sec 750ml,4.35
2025-06-05,1492045,BRILLA Prosecco Αφρώδης  Ροζέ Οίνος 750ml,10.75
2025-06-05,4731071,TULLAMORE DEW Ουίσκι 700ml,20.7
2025-06-05,1268720,ΑΓΙΟΝΕΡΙ Τσίπουρο χωρίς γλυκάνισο 500ml,13.05
2025-06-05,4089264,KAISER Μπίρα Pilsner 500ml,1.94
2025-06-05,1181943,ΑΜΣΤΕΛ Radler Μπίρα με Λεμόνι 330ml,1.08
2025-06-05,1652405,BREEZER Exotic με γεύση Passion Fruit &amp; Mango 275ml,2.01
2025-06-05,7161425,ΔΥΟ ΕΛΙΕΣ Κυρ-Γιάννη Ερυθρός Οίνος ΠΓΕ 750ml,18.5
2025-06-05,4094785,COINTREAU Λικέρ 700ml,23.1
2025-06-05,6998124,FISCHER Μπίρα Pilsner 330ml,1.36
2025-06-05,1224231,BUSHMILLS Original Ουίσκι 700ml,21.5
2025-06-05,1558301,TANQUERAY Τζιν Χωρίς Aλκοόλ 700ml,21.0
2025-06-05,1560554,KAHLUA Λικέρ Coffee 700ml,18.4
2025-06-05,1113882,OLMECA Λικέρ Dark Chocolate 700ml,16.4
2025-06-05,6293179,ΦΙΞ Ελλάς Μπίρα Lager 330ml,1.42
2025-06-05,8573511,ΡΑΜΝΙΣΤΑ Κυρ-Γιάννη Ερυθρός Οίνος ΠΟΠ 750ml,21.0
2025-06-05,1429915,ΑΜΣΤΕΛ Free Μπίρα με Λεμόνι Χωρίς Αλκοόλ 330ml,0.93
2025-06-05,1229773,PICCOLO MONDO Semeli Ερυθρός Οίνος Ημίγλυκος 750ml,8.6
2025-06-05,9659046,ΤΟ ΚΡΑΣΙ ΤΗΣ ΠΑΡΕΑΣ Ένωση Πεζών Κρήτης Ερυθρός Οίνος 1lt,4.2
2025-06-05,1480344,ΒΕΡΓΙΝΑ Μπίρα Χωρίς Αλκοόλ 330ml ,0.87
2025-06-05,1397661,ΤΟ ΔΕΚΑΡΑΚΙ Τσίπουρο Μονοποικιλιακό Ροδίτης 700ml,13.5
2025-06-05,1097962,MARTINI Βερμούτ Bianco 1lt,11.85
2025-06-05,2894756,ΚΤΗΜΑ ΓΕΡΟΒΑΣΙΛΕΙΟΥ Ερυθρός Οίνος ΠΓΕ 750ml,13.89
2025-06-05,1549905,CRODINO Απεριτίφ Χωρίς Αλκοόλ 3x175ml,5.35
2025-06-05,1491330,ΚΤΗΜΑ ΜΙΧΑΛΑΚΗ Λευκός Οίνος Μοσχάτο Σπίνας ΠΓΕ 750ml,6.15
2025-06-05,2894863,ΚΤΗΜΑ ΓΕΡΟΒΑΣΙΛΕΙΟΥ Λευκός Οίνος Chardonnay ΠΓΕ 750ml,23.4
2025-06-05,1532636,BRILLA Prosecco Αφρώδης Λευκός Οίνος 750ml,10.6
2025-06-05,1636134,BIBLINOS Κτήμα Βιβλία Χώρα Ροζέ Οίνος ΠΓΕ 750ml,18.6
2025-06-05,7311160,ΒΕΡΓΙΝΑ Μπίρα Lager 330ml,1.05
2025-06-05,4025888,HEINEKEN Μπίρα Lager 500ml,1.77
2025-06-05,7375686,ΜΑΓΙΚΟ ΒΟΥΝΟ Nico Lazaridi Ερυθρός Οίνος ΠΓΕ 750ml,38.6
2025-06-05,1635810,ΡΟΜΒΟΣ Ούζο 700ml,7.3
2025-06-05,1120842,METAXA 12* Αλκοολούχο Ποτό 700ml,33.8
2025-06-05,1636113,PAPARGYRIOU Blanc Λευκός Οίνος Μοσχούδι Ασσύρτικο 750ml,12.9
2025-06-05,5464516,MYTHOS Μπίρα Lager 330ml,1.15
2025-06-05,4114435,CAPTAIN MORGAN Dark Ρούμι 700ml,18.6
2025-06-05,2437424,ΜΠΑΜΠΑΤΖΙΜ Τσίπουρο χωρίς γλυκάνισο 700ml,14.85
2025-06-05,7375702,ΜΑΓΙΚΟ ΒΟΥΝΟ Nico Lazaridi Λευκός Οίνος ΠΓΕ 750ml,22.65
2025-06-05,8010084,ΑΛΦΑ Μπίρα Lager 500ml,1.45
2025-06-05,4111837,MALIBU Λικέρ Coconut 700ml,16.5
2025-06-05,1480293,ΡΟΜΒΟΣ Τσίπουρο χωρίς γλυκάνισο 200ml,3.3
2025-06-05,1119450,ΕΖΑ Μπίρα Pilsener 330ml,1.25
2025-06-05,1121125,PILS HELLAS Μπίρα Pils 330ml,0.96
2025-06-05,2437390,ΜΠΑΜΠΑΤΖΙΜ Ούζο 700ml,11.55
2025-06-05,3393865,ΟΡΕΙΝΟΣ ΗΛΙΟΣ Semeli Λευκός Οίνος ΠΓΕ 750ml,7.24
2025-06-05,1633224,M MINUTY Chateau Minuty Ροζέ Οίνος 750ml,23.3
2025-06-05,4264404,HENNINGER Μπίρα Lager 330ml,0.88
2025-06-05,1610397,ΝΗΣΟΣ Μπίρα Pilsner 330ml,1.26
2025-06-05,9899691,SOUTHERN COMFORT Λικέρ 700ml,19.85
2025-06-05,1197095,DIMPLE Ουίσκι Golden Selection 700ml,35.8
2025-06-05,1269555,FAMOUS GROUSE Ουίσκι Smoky Black 700ml,22.3
2025-06-05,1623527,CLASSE ROYALE Μπίρα Lager 6x330ml,4.8
2025-06-05,1129622,VINSANTO Santorini Santo Wines Λευκός Οίνος Γλυκός ΠΟΠ 500ml,45.0
2025-06-05,1569849,TAMNAVULIN Double Cask Ουίσκι Malt 700ml,27.5
2025-06-05,1612667,ΑΛΦΑ Μπίρα Lager με Αλάτι 330ml,0.95
2025-06-05,1120517,JAMESON Black Barrel Ουίσκι 700ml,33.85
2025-06-05,1405252,GORDON&#39;S Τζιν Pink 700ml,17.6
2025-06-05,1098925,ΤΟ ΔΕΚΑΡΑΚΙ Τσίπουρο Μονοποικιλιακό Μοσχάτο 200ml,4.5
2025-06-05,1270761,ΜΑΜΟΣ Μπίρα Pils 500ml,1.64
2025-06-05,5608005,MARIE BRIZARD Σιρόπι Γρεναδίνης 700ml,5.2
2025-06-05,3393873,ΟΡΕΙΝΟΣ ΗΛΙΟΣ Semeli Ερυθρός Οίνος ΠΓΕ 750ml,7.24
2025-06-05,1492772,DIPLOMATICO Reserva Exclusiva Ρούμι 700ml,38.8
2025-06-05,1380397,VILLA MASSA Λικέρ Limoncello 500ml,17.8
2025-06-05,6565584,CHATEAU Nico Lazaridi Λευκός Οίνος ΠΓΕ 750ml,14.5
2025-06-05,1842574,SMIRNOFF Βότκα North 700ml,16.4
2025-06-05,6988372,STELLA ARTOIS Μπίρα Lager 330ml,1.34
2025-06-05,1536250,VOTANIKON Τζιν 700ml,27.3
2025-06-05,3394079,HAVANA CLUB Ρούμι 7 Ετών 700ml,25.8
2025-06-05,1475761,COPPA COCKTAILS Mojito 700ml,15.3
2025-06-05,4026399,ΑΜΣΤΕΛ Μπίρα Lager 500ml,1.5
2025-06-05,6297618,ΝΕΜΕΑ RESERVE Semeli Ερυθρός Οίνος ΠΟΠ 750ml,14.2
2025-06-05,1567600,ΣΕΡΓΙΑΝΙ Ερυθρός Οίνος ΠΓΕ 750ml,4.9
2025-06-05,1098666,HENDRICK&#39;S Τζιν 700ml,38.8
2025-06-05,6879993,ΤΣΙΛΙΛΗ Τσίπουρο με γλυκάνισο 700ml,14.15
2025-06-05,1636186,ΚΤΗΜΑ ΓΕΡΟΒΑΣΙΛΕΙΟΥ Λευκός Οίνος Μαλαγουζιά ΠΓΕ 1-5lt,34.0
2025-06-05,1596021,VALDOURO Ruby Eρυθρός Οίνος Γλυκός Πόρτο 750ml,8.2
2025-06-05,7375280,ΣΥΝΟΡΟ Σκούρας Ερυθρός Οίνος ΠΓΕ 750ml,30.8
2025-06-05,4108312,CARDHU Ουίσκι Malt 12 Ετών 700ml,40.4
2025-06-05,1475766,COPPA COCKTAILS Strawberry Daquiri 700ml,15.8
2025-06-05,1636132,ΚΤΗΜΑ ΒΙΒΛΙΑ ΧΩΡΑ Λευκός Οίνος ΠΓΕ 1-5lt,30.0
2025-06-05,1026414,JOHNNIE WALKER Ουίσκι Double Black Label 700ml,38.3
2025-06-05,1610478,HAVANA CLUB Ρούμι Especial 700ml,19.8
2025-06-05,2806628,GREY GOOSE Βότκα 700ml,46.0
2025-06-05,1226242,CHIVAS REGAL Ουίσκι Extra 13 ετών 700ml,35.5
2025-06-05,4452801,RAMAZZOTTI Σαμπούκα 700ml,17.8
2025-06-05,4109385,SANTORINI NYKTERI Santo Wines Λευκός Οίνος ΠΟΠ 750ml,34.5
2025-06-05,6544092,ΟΡΕΙΝΟΣ ΗΛΙΟΣ Semeli Ροζέ Οίνος ΠΓΕ 750ml,7.24
2025-06-05,1275496,ΕΖΑ Μπίρα Lager 330ml,1.2
2025-06-05,4092276,GLENFIDDICH Single Malt Ουίσκι 12 ετών 700ml,43.8
2025-06-05,1099091,JACK DANIEL&#39;S Gentleman Jack Ουίσκι 700ml,33.5
2025-06-05,1185196,CARDHU Gold Reserve Ουίσκι Malt 700ml,40.2
2025-06-05,1452423,MONKEY SHOULDER Ουίσκι Blended Malt 700ml,33.6
2025-06-05,4109344,SANTORINI ASSYRTIKO Santo Wines Λευκός Οίνος ΠΟΠ 750ml,32.5
2025-06-05,1636118,CATENA ALTA Bodega Catena Zapata Λευκός Οίνος 750ml,30.25
2025-06-05,1636114,CATENA ALTA Bodega Catena Zapata Ερυθρός Οίνος 750ml,55.8
2025-06-05,4053310,MOET &amp; CHANDON Imp&#233;rial Σαμπάνια Brut 750ml,56.4
2025-06-05,5071097,MARTINI Βερμούτ Rosato 1lt,13.15
2025-06-05,1636146,PERPETUUS Nico Lazaridi Λευκός Οίνος Chardonnay ΠΓΕ 750ml,26.0
2025-06-05,1570123,ROKU Τζιν 700ml +Δώρο Ποτήρι,34.4
2025-06-05,1098617,BELVEDERE Βότκα Βιολογική 700ml,50.8
2025-06-05,1632293,TITO&#39;S Handmade Βότκα 700ml,25.0
2025-06-05,1474764,ΑΜΟΡΓΙΟΝ Ρακόμελο 500ml,15.8
2025-06-05,1636115,AMARONE DELLA VALPOLICELLA Zenato Ερυθρός Οίνος 750ml,64.5
2025-06-05,5520259,CARLSBERG Mπίρα Pilsner 330ml,1.25
2025-06-05,1633685,CHAIRMAN&#39;S RESERVE Spiced Ρούμι 700ml +2 Ποτήρια Δώρο,27.6
2025-06-05,1477167,THEA MANTINIA Semeli Λευκός Οίνος ΠΟΠ 750ml,17.2
2025-06-05,6293229,ΦΙΞ Ελλάς Μπίρα Lager 500ml,1.43
2025-06-05,7247307,MYTHOS Μπίρα Lager 500ml,1.62
2025-06-05,1224242,THE GLENLIVET Ουίσκι Malt Founder&#39;s Reserve 700ml ,34.7
2025-06-05,1528375,DARK CAVE Τσίπουρο Παλαιωμένο 700ml,45.0
2025-06-05,1622657,ΜΑΝΤΙΝΕΙΑ CUVEE Boutari Λευκός Οίνος ΠΟΠ 750ml,12.7
2025-06-05,1636100,ΟΙΝΟΤΡΙΑ ΓΗ Domaine Costa Lazaridi Ερυθρός Οίνος Βιολογικός ΠΓΕ 750ml,23.45
2025-06-05,1194748,CIROC Βότκα 700ml,48.0
2025-06-05,1404118,SERKOVA Crystal Pure Βότκα 700ml,21.1
2025-06-05,4003505,FRANGELICO Λικέρ 700ml,20.8
2025-06-05,1636148,EVIL EYE Nico Lazaridi Ροζέ Οίνος ΠΓΕ 750ml,27.0
2025-06-05,4112181,METAXA Αλκοολούχο Ποτό Private Reserve Orama 700ml,69.0
2025-06-05,1474323,DELEAR Semeli Ροζέ Οίνος 750ml,16.7
2025-06-05,1299753,JAMESON Caskmates Ουίσκι 700ml,26.1
2025-06-05,1377545,SPIROPOULOS FAMILY Τσίπουρο Παλαιωμένο 700ml,26.4
2025-06-05,1636147,PERPETUUS Nico Lazaridi Ερυθρός Οίνος 750ml,40.0
2025-06-05,1828003,ΒΕΡΓΙΝΑ Μπίρα Lager 500ml,1.58
2025-06-05,1649181,ΑΜΣΤΕΛ Μπίρα Lager 6x330ml,5.8
2025-06-05,1452463,ABERLOUR Double Cask Matured Ουίσκι 12 ετών 700ml,54.75
2025-06-05,1301273,JOHNNIE WALKER Ουίσκι Green Label 700ml,50.5
2025-06-05,1492587,ΔΥΟ ΕΛΙΕΣ Κυρ-Γιάννη Ερυθρός Οίνος ΠΓΕ 1-5lt,36.9
2025-06-05,4054102,HENNESSY Very Special Κονιάκ 700ml,46.5
2025-06-05,1226089,PRINCE LAURENT Σαμπάνια Brut 750ml,23.8
2025-06-05,1636070,ITALICUS Απεριτίφ Rosolio di Bergamotto 700ml,35.65
2025-06-05,4111704,VEUVΕ CLICQUOT Ponsardin Σαμπάνια Brut 750ml,70.0
2025-06-05,1532041,LAGAVULIΝ Ουίσκι 8 ετών 700ml,61.0
2025-06-05,1122222,BELUGA Noble Βότκα 700ml,52.0
2025-06-05,6991467,TALISKER Skye Ουίσκι 700ml,43.4
2025-06-05,2432607,NONINO Monovitigno Γκράπα Μοσχάτο 700ml,40.8
2025-06-05,1537929,PIERRE MIGNON Σαμπάνια Brut 750ml,35.0
2025-06-05,2432664,NONINO Monovitigno Γκράπα Παλαιωμένη Chardonnay 700ml,40.8
2025-06-05,1395917,ALWAYS Daily to Go Σερβιετάκια Normal Fresh Scent 20τεμ,1.39
2025-06-05,1596533,ALWAYS Ultra Σερβιέτες No2 Long 36τεμ,3.99
2025-06-05,1617861,PAMPERS Premium Care Πάνες Νο4 9-14kg 68τεμ,18.47
2025-06-05,1618283,PAMPERS Premium Care Pants Πάνες Βρακάκι Νο5 11-17kg 52τεμ,18.51
2025-06-05,1221455,ΓΛΑΡΟΣ Χαρτί Κουζίνας Επαγγελματικό 800g,2.5
2025-06-05,1221559,ΓΛΑΡΟΣ Χαρτοπετσέτες 30x30cm 110τεμ 190g,0.78
2025-06-05,1221496,ΓΛΑΡΟΣ Χαρτομάντιλα Γραφείου 100τεμ 127g,0.85
2025-06-05,1221499,ΓΛΑΡΟΣ Χαρτί Υγείας 3 Φύλλων 10τεμ 1300g,4.65
2025-06-05,1226747,WHITE LEAF Zik Zak Χειροπετσέτες 200τεμ 300g,1.75
2025-06-05,1405367,ΓΛΑΡΟΣ Χαρτί Υγείας Μίνι 2 Φύλλων 10τεμ 750g,2.46
2025-06-05,1221518,ΓΛΑΡΟΣ Χαρτί Υγείας 4 Φύλλων 10τεμ 1400g,5.1
2025-06-05,1221459,ΓΛΑΡΟΣ Χαρτί Κουζίνας Γίγας 2x543g,3.8
2025-06-05,1640392,SEPTONA Baby Μωρομάντιλα Calm n&#39; Care Χαμομήλι 3x80τεμ ,2.68
2025-06-05,5305289,ZEWA Deluxe Χαρτί Υγείας Camomile Comfort 3 Φύλλων 8τεμ 728g,3.76
2025-06-05,1221500,ΓΛΑΡΟΣ Χαρτομάντιλα Τσέπης 6τεμ 132g,0.72
2025-06-05,1226715,WHITE LEAF Χαρτομάντιλα Facial 100 φύλλα 126g,0.8
2025-06-05,1221505,ΓΛΑΡΟΣ Χαρτί Υγείας 2 Φύλλων 12τεμ 1380g,5.28
2025-06-05,1068547,EVERYDAY Hyperdry Σερβιέτες Ultra Plus Maxi Night 18τεμ,2.13
2025-06-05,1300092,SETTE Comfort Υποσέντονα 60x90cm 15τεμ,3.6
2025-06-05,1600201,SOFTEX Classic Cotton Χαρτί Υγείας 3 Φύλλων 8τεμ 624g,2.69
2025-06-05,5944269,ZEWA Exclusive Χαρτί Υγείας Ultra Soft 4 Φύλλων 8τεμ 912g,4.66
2025-06-05,1221494,ΓΛΑΡΟΣ Χαρτί Κουζίνας 4x133g,2.1
2025-06-05,1024080,EVERYDAY Hyperdry Σερβιέτες Ultra Plus Super 18τεμ,2.13
2025-06-05,1221781,SOFTCARE Χαρτοπετσέτες Καρό Πορτοκαλί 80τεμ 110g,0.58
2025-06-05,1640395,SEPTONA Baby Μωρομάντιλα Calm n&#39; Care με Αλόη 3x60τεμ ,2.26
2025-06-05,1027677,EVERYDAY Hyperdry Σερβιέτες Ultra Plus Normal 18τεμ,2.13
2025-06-05,1637655,SEPTONA Family Μωρομάντιλα Dermasoft Χαμομήλι 3x100τεμ,3.53
2025-06-05,1373597,SOFTEX Silk Χαρτί Υγείας 3 Φύλλων 8τεμ 760g,3.97
2025-06-05,1150822,SOFTEX Classic Χαρτομάντιλα Γραφείου 100τεμ 126g,1.55
2025-06-05,1600202,SOFTEX ProEco Χαρτί Κουζίνας 433g,1.89
2025-06-05,5026778,EVERYDAY All Cotton Σερβιετάκια Normal 20τεμ,1.78
2025-06-05,1643966,BABYCARE Μωρομάντιλα Χαμομήλι 4x72τεμ,3.15
2025-06-05,1221488,ΓΛΑΡΟΣ Χαρτί Κουζίνας 2x133g,1.12
2025-06-05,1500646,ZEWA Softis Χαρτομάντιλα Γραφείου Natural Soft 4 Φύλλων 80τεμ 193g,1.99
2025-06-05,1373598,SOFTEX Velvet Χαρτί Υγείας 4 Φύλλων 8τεμ 824g,4.25
2025-06-05,1221550,ΓΛΑΡΟΣ Χαρτοπετσέτες 33x33cm 25τεμ 138g,0.73
2025-06-05,1496944,ALWAYS Ultra Σερβιέτες No5 Secure Night Extra 10τεμ,2.41
2025-06-05,1136362,SANI Sensitive Υποσέντονα Maxi Plus 90x60Cm 15τεμ,3.79
2025-06-05,1223509,ZEWA Softis Χαρτομάντιλα Γραφείου Αρωματικά 4 Φύλλων 80τεμ 193g,1.99
2025-06-05,1556779,EVERYDAY Sensitive Cotton Σερβιέτες Ultra Plus Maxi Night 18τεμ +Νεσεσέρ Δώρο,2.2
2025-06-05,1401713,ΓΛΑΡΟΣ Χαρτί Υγείας Λείο 2 Φύλλων 12τεμ 1800g,5.85
2025-06-05,1221565,ΓΛΑΡΟΣ Χαρτοπετσέτες Μίνι 24x24cm 250τεμ 252g,1.2
2025-06-05,1556777,EVERYDAY Sensitive Cotton Σερβιέτες Ultra Plus Super 18τεμ +Νεσεσέρ Δώρο,2.2
2025-06-05,1223518,SOFTCARE Χαρτοπετσέτες Καρό 33x33cm 70τεμ 130g,0.75
2025-06-05,9106477,ZEWA Wisch&amp;Weg Χαρτί Κουζίνας Extra Lang 2x188g,4.78
2025-06-05,1226446,SOFTCARE Χαρτί Κουζίνας Decor 760g,2.94
2025-06-05,9106469,ZEWA Deluxe Χαρτομάντιλα Γραφείου Design 3 Φύλλων 90τεμ 162g,2.55
2025-06-05,1808005,SOFTEX Χαρτοπετσέτες Λευκές Μεγάλες 100τεμ ,1.11
2025-06-05,1153662,ALWAYS Daily Protect Σερβιετάκια Extra Long 24τεμ,1.99
2025-06-05,1635444,BABYCARE Μωρομάντιλα με Εκχύλισμα Χαμομηλιού 2x20τεμ,1.45
2025-06-05,1037178,SANI Sensitive Υποσέντονα Maxi Plus Fresh 90x60cm 15τεμ,3.9
2025-06-05,1221510,ΓΛΑΡΟΣ Χαρτί Υγείας 2 Φύλλων 2τεμ 230g,0.97
2025-06-05,1221513,ΓΛΑΡΟΣ Χαρτί Υγείας 2 Φύλλων 8τεμ 920g,3.62
2025-06-05,1339928,EVERYDAY All Cotton Σερβιετάκια Extra Long 24τεμ,2.57
2025-06-05,1556776,EVERYDAY Sensitive Cotton Σερβιέτες Ultra Plus Normal 18τεμ +Νεσεσέρ Δώρο,2.2
2025-06-05,1413371,SANI Sensitive Lady Discreet Σερβιέτες Ακράτειας με Βαμβάκι Nο5 Super 20τεμ,5.25
2025-06-05,1640393,SEPTONA Family Μωρομάντιλα Dermasoft Χαμομήλι 4x12τεμ ,1.5
2025-06-05,1593432,PAMPERS Harmonie Μωρομάντιλα Aqua 3x48τεμ,3.96
2025-06-05,1465898,SANI Sensitive Lady Discreet Σερβιέτες Ακράτειας με Βαμβάκι Νο4 Extra 16τεμ,3.49
2025-06-05,1193282,ZEWA Pure Υγρομάντιλα Τουαλέτας 42τεμ,1.97
2025-06-05,1024042,SANI Sensitive Lady Discreet Σερβιέτες Ακράτειας με Βαμβάκι Νο6 Extra Large 10τεμ,3.73
2025-06-05,1198384,ALWAYS Ultra Σερβιέτες No4 Secure Night 12τεμ,2.89
2025-06-05,1226743,WHITE LEAF Χειροπετσέτες 120τεμ 258g,1.8
2025-06-05,1545534,KLEENEX Χαρτομάντιλα Γραφείου Mindfulness Collection 3 Φύλλων 48τεμ 80g,3.34
2025-06-05,2107290,SOFTEX Χαρτοπετσέτες Λευκές 56τεμ 85-7g,0.64
2025-06-05,1532723,SEPTONA Max Μωρομάντιλα Dermasoft 60τεμ,1.8
2025-06-05,1600200,SOFTEX Classic Pure Χαρτί Υγείας 2 Φύλλων 8τεμ 496g,2.22
2025-06-05,5103593,LIBRESSE Goodnight Σερβιέτες Absorbante Maxi Super Heavy Flow 10τεμ,1.48
2025-06-05,1300099,SETTE Comfort Pants Εσώρουχα Ακράτειας Νο3 Large 14τεμ,6.39
2025-06-05,1650836,BABYCARE Μωρομάντιλα Χαμομήλι 3x72τεμ,2.46
2025-06-05,1274506,ALWAYS Platinum Σερβιέτες No3 Day &amp; Night 12τεμ,2.39
2025-06-05,1435919,SANI Sensitive Pants Εσώρουχα Ακράτειας Νο2 Medium 24τεμ,12.59
2025-06-05,1270479,SANI Sensitive Πάνες Ακράτειας Day &amp; Night Νο3 Large 12τεμ,7.11
2025-06-05,1430782,EVERYDAY Sensitive Cotton Σερβιέτες Ultra Plus Extra Long 18τεμ,3.93
2025-06-05,7094907,BABYLINO Sensitive Πάνες Cotton Soft Νο5 Junior 11-16kg 44τεμ,9.95
2025-06-05,1411744,SOFTEX Grande Roll Χαρτί Κουζίνας 350g,2.38
2025-06-05,1444321,CAREFREE Σερβιετάκια Aloe 56τεμ,2.19
2025-06-05,1221558,ΓΛΑΡΟΣ Χαρτοπετσέτες Λευκές 40x40cm 25τεμ 202g,1.02
2025-06-05,1586769,ENDLESS Extra Χαρτοπετσέτες Καρό 33x33εκ 160 Φύλλα 305γρ,1.83
2025-06-05,7095524,BABYLINO Sensitive Πάνες Cotton Soft Νο4 Maxi 8-13kg 50τεμ,9.95
2025-06-05,1560308,BABYLINO Sensitive Πάνες Cotton Soft Νο6 13-18kg 38τεμ,9.46
2025-06-05,1434488,ALWAYS Maxi Night Σερβιέτες Profresh 9τεμ,2.14
2025-06-05,1092894,ALWAYS Daily Fresh Σερβιετάκια Normal 20τεμ,1.33
2025-06-05,6621908,TENA Discreet Σερβιέτες Ακράτειας Maxi Night 12τεμ,4.62
2025-06-05,1435925,SANI Sensitive Pants Εσώρουχα Ακράτειας No3 Large 24τεμ,15.09
2025-06-05,1560310,BABYLINO Sensitive Πάνες Cotton Soft Νο7 Extra Large Plus 15+ kg 36τεμ,9.48
2025-06-05,6170989,EVERYDAY All Cotton Σερβιετάκια Extra Long 44τεμ,4.54
2025-06-05,1596529,ALWAYS Ultra Σερβιέτες No1 Normal 40τεμ,3.99
2025-06-05,1300096,SETTE Lady Σερβιέτες Ακράτειας Super 10τεμ,2.54
2025-06-05,1600820,BABYLINO Sensitive Pants Πάνες Βρακάκι Cotton Soft Νο6 13-18kg 31τεμ,8.83
2025-06-05,1300093,SETTE Comfort Υποσέντονα 90x180cm 15τεμ,6.55
2025-06-05,1604753,BABYLINO Sensitive Pants Πάνες Βρακάκι Cotton Soft Νο5 10-16kg 34τεμ,8.83
2025-06-05,1650835,BABYCARE Calming Μωρομάντιλα με Εκχυλίσματα Λεβάντας &amp; Βαμβακιού 3x72τεμ ,3.48
2025-06-05,1426859,TENA Men Absorbent Protector3 Επιθέματα Ακράτειας Super 8τεμ,3.05
2025-06-05,1516510,TENA Lights Σερβιετάκια Ακράτειας Long 20τεμ    ,2.64
2025-06-05,1853340,TENA Pants Plus Εσώρουχα Ακράτειας XL 12τεμ,9.68
2025-06-05,3447620,SANI Sensitive Lady Discreet Σερβιέτες Ακράτειας με Βαμβάκι No5 Super 10τεμ,2.82
2025-06-05,1449690,PAMPERS Premium Care Πάνες Νο6 13+kg 38τεμ,13.48
2025-06-05,1176479,BABYLINO Sensitive Πάνες Cotton Soft Νο5+ Junior Plus 12-17kg 42τεμ,9.95
2025-06-05,1270758,PAMPERS Premium Care Πάνες Νο5 11-16Kg 44τεμ ,13.48
2025-06-05,1221547,ΓΛΑΡΟΣ Χαρτοπετσέτες Κόκκινες 33x33cm 25τεμ 138g,0.73
2025-06-05,9386285,EVERYDAY All Cotton Σερβιετάκια Normal 60τεμ,4.15
2025-06-05,1771757,O.B. Pro Comfort Ταμπόν Super 16τεμ,3.55
2025-06-05,1092898,ALWAYS Daily Protect Σερβιετάκια Long 26τεμ,1.99
2025-06-05,1444320,CAREFREE Cotton Feel Σερβιετάκια Flexiform Fresh 56τεμ,2.46
2025-06-05,6683122,SANI Sensitive Πάνες Ακράτειας Day &amp; Night Νο4 Extra Large 10τεμ,7.11
2025-06-05,1116093,TENA Discreet Protect+ Σερβιέτες Ακράτειας Maxi 12τεμ,4.52
2025-06-05,1604745,BABYLINO Sensitive Pants Πάνες Βρακάκι Cotton Soft Νο7 15-25kg 28τεμ ,8.83
2025-06-05,1596536,ALWAYS Ultra Σερβιέτες No3 Day &amp; Night 32τεμ,4.79
2025-06-05,1300098,SETTE Comfort Pants Εσώρουχα Ακράτειας Νο2 Medium 14τεμ,6.29
2025-06-05,5448287,TENA Pants Plus Εσώρουχα Ακράτειας Large 14τεμ,9.35
2025-06-05,7095557,BABYLINO Sensitive Πάνες Cotton Soft Νο4+ Maxi Plus 10-15kg 46τεμ,9.95
2025-06-05,1300097,SETTE Lady Σερβιέτες Ακράτειας Extra 10τεμ,1.75
2025-06-05,2460491,TENA Discreet Σερβιέτες Ακράτειας Extra 20τεμ,4.88
2025-06-05,1063124,EVERYDAY Fresh Σερβιέτες Ultra Plus Maxi Night 18τεμ,3.05
2025-06-05,1636050,BABYCARE Calming Μωρομάντιλα με Εκχυλίσματα Λεβάντας &amp; Βαμβακιού 2x20τεμ,1.45
2025-06-05,5178355,LIBRESSE V-Protection Ultra+ Σερβιέτες Regular Flow 2x10τεμ,2.36
2025-06-05,1273516,PAMPERS Premium Care Πάνες Νο3 6-10kg 60τεμ,12.73
2025-06-05,7095508,BABYLINO Sensitive Πάνες Cotton Soft Νο3 Midi 4-9kg 56τεμ,9.95
2025-06-05,1300090,SETTE Comfort Slip Πάνες Ακράτειας Νο3 Large 12τεμ,6.5
2025-06-05,1459471,ALWAYS Discreet Σερβιέτες Ακράτειας Long Plus 8τεμ,3.83
2025-06-05,1480413,PAMPERS Pants Πάνες Βρακάκι Νο5 11-17kg 56τεμ ,15.57
2025-06-05,9386228,EVERYDAY Extra Dry Σερβιετάκια Normal Χαμομήλι 60τεμ,3.98
2025-06-05,1430400,EVERYDAY Hyperdry Σερβιέτες Ultra Plus Extra Long 18τεμ,3.75
2025-06-05,1448162,CAREFREE Σερβιετάκια Plus Large 48τεμ,2.35
2025-06-05,7333503,EVERYDAY Fresh Σερβιέτες Ultra Plus Normal 18τεμ,3.05
2025-06-05,1653233,BABYCARE Sensitive Plus Μωρομάντιλα 3x54τεμ ,2.19
2025-06-05,1553232,SANI Sensitive Pants Εσώρουχα Ακράτειας Νο4 Extra Large 14τεμ,11.68
2025-06-05,1433548,PAMPERS Premium Care Πάνες Νο2 4-8kg 68τεμ,13.48
2025-06-05,1300095,SETTE Lady Σερβιέτες Ακράτειας Normal 10τεμ,1.5
2025-06-05,1596522,ALWAYS Platinum Σερβιέτες No2 Super 26τεμ,3.99
2025-06-05,1771765,O.B. Pro Comfort Ταμπόν Normal 16τεμ,3.68
2025-06-05,1593431,PAMPERS Harmonie Μωρομάντιλα Aqua 48τεμ ,1.98
2025-06-05,1201478,TENA Pants Plus Εσώρουχα Ακράτειας Medium 14τεμ,7.63
2025-06-05,1220273,TENA Pants Εσώρουχα Ακράτειας Plus Night Large 12τεμ,12.58
2025-06-05,1630677,ALWAYS Ultimate Night Σερβιέτες No6 8τεμ,2.41
2025-06-05,1617867,PAMPERS Premium Care Πάνες Νο1 2-5kg 72τεμ,13.48
2025-06-05,1221552,ΓΛΑΡΟΣ Χαρτοπετσέτες Κόκκινες 40x40cm 25τεμ 202g,1.02
2025-06-05,6134647,EVERYDAY All Cotton Σερβιετάκια Large 50τεμ,4.35
2025-06-05,1616241,ZEWA Wisch &amp; Weg Χαρτί Κουζίνας Half Sheet 4x110g,5.7
2025-06-05,1649390,SOFTEX Χαρτομάντιλα Τσέπης Classic 4 Φύλλων 6τεμ 134g,1.16
2025-06-05,1596540,ALWAYS Ultra Σερβιέτες No1 Normal 20τεμ,2.41
2025-06-05,1436045,PAMPERS Premium Care Pants Πάνες Βρακάκι Νο6 13-19kg 31τεμ,12.78
2025-06-05,1476112,EVERYDAY Sensitive Σερβιέτες Ultra Plus Mini 18τεμ,2.91
2025-06-05,1641938,SEPTONA Baby Μωρομάντιλα Calm n&#39; Care Χαμομήλι 2x20τεμ ,1.35
2025-06-05,1593265,PAMPERS Pants Πάνες Βρακάκι Νο8 17+kg 32τεμ,13.17
2025-06-05,1221529,BEST Χαρτοβάμβακας 50 Φύλλα 320g,2.38
2025-06-05,1504688,PAMPERS Pants Πάνες Βρακάκι Νο6 13-19kg 48τεμ,15.57
2025-06-05,1596545,ALWAYS Ultra Σερβιέτες No2 Long 18τεμ,2.41
2025-06-05,1273517,PAMPERS Premium Care Πάνες Νο4 9-14kg 52τεμ,13.48
2025-06-05,7333628,EVERYDAY Fresh Σερβιέτες Ultra Plus Super 18τεμ,3.05
2025-06-05,1300091,SETTE Comfort Slip Πάνες Ακράτειας Νο4 Extra Large 10τεμ,6.5
2025-06-05,1476109,EVERYDAY Σερβιέτες Double Dry Maxi Night 16τεμ,3.54
2025-06-05,1642997,EVERYDAY Σερβιετάκια Extra Dry Extra Large 44τεμ,4.46
2025-06-05,1270731,TENA Discreet Σερβιέτες Ακράτειας Normal 24τεμ,6.04
2025-06-05,1434492,ALWAYS Maxi Σερβιέτες Long 12τεμ,2.14
2025-06-05,1270446,SANI Sensitive Πάνες Ακράτειας Day &amp; Night Νο2 Medium 15τεμ,7.11
2025-06-05,1293155,TENA Men Active Fit Pants Εσώρουχα Ακράτειας Plus Small - Medium 9τεμ,6.65
2025-06-05,1274501,ALWAYS Platinum Σερβιέτες No2 Super 14τεμ,2.39
2025-06-05,5960851,LIBRESSE V-Protection Σερβιέτες Ultra Long+ με Φτερά Heavy Flow 2x8τεμ,2.36
2025-06-05,1525899,PAMPERS Night Pants Νο5 12-17kg 22τεμ,7.65
2025-06-05,1459467,ALWAYS Discreet Σερβιέτες Ακράτειας Long 10τεμ,3.83
2025-06-05,5168117,TENA Men Absorbent Protector2 Επιθέματα Ακράτειας Medium 10τεμ,3.05
2025-06-05,1097018,SANI Sensitive Pants Εσώρουχα Ακράτειας No3 Large 14τεμ,8.95
2025-06-05,1097016,SANI Sensitive Pants Εσώρουχα Ακράτειας Νο1 Small 14τεμ,6.45
2025-06-05,1097010,SANI Sensitive Pants Εσώρουχα Ακράτειας Νο2 Medium 14τεμ,7.51
2025-06-05,1596518,ALWAYS Platinum Σερβιέτες No1 Normal 30τεμ,3.99
2025-06-05,1300089,SETTE Comfort Slip Πάνες Ακράτειας Νο2 Medium 15τεμ,6.5
2025-06-05,1604752,BABYLINO Sensitive Pants Πάνες Βρακάκι Cotton Soft Νο4 7-13kg 38τεμ,8.83
2025-06-05,1596549,ALWAYS Ultra Σερβιέτες No3 Day &amp; Night 16τεμ,2.41
2025-06-05,1220272,TENA Pants Εσώρουχα Ακράτειας Plus Night Medium 12τεμ,11.15
2025-06-05,1587821,TENA Discreet Σερβιέτες Ακράτειας Ultra Normal 16 τεμ,3.37
2025-06-05,1504686,PAMPERS Pants Πάνες Βρακάκι Νο4 9-15kg 66τεμ,17.97
2025-06-05,1617845,PAMPERS Pants Πάνες Βρακάκι Νο7 15+kg 42τεμ,15.6
2025-06-05,1293154,TENA Men Active Fit Pants Εσώρουχα Ακράτειας Plus Large - Extra Large 8τεμ,6.65
2025-06-05,1625447,SANI Sensitive Lady Discreet Σερβιέτες Ακράτειας με Βαμβάκι Nο3 Normal 20τεμ,5.26
2025-06-05,1650833,BABYLINO Sensitive Μωρομάντιλα Χαμομήλι 3x54τεμ,3.73
2025-06-05,1622482,SEPTONA Calm n&#39; Care Πάνες Junior Nο5 11-16Kg 44τεμ,8.85
2025-06-05,1598599,ALWAYS Expert Σερβιετάκια Daily Extra Protect Long 22τεμ,1.99
2025-06-05,1436043,PAMPERS Premium Care Pants Πάνες Βρακάκι Νο4 9-15kg 38τεμ,13.2
2025-06-05,2460475,TENA Lady Σερβιέτες Ακράτειας Super 15τεμ,5.4
2025-06-05,1436044,PAMPERS Premium Care Pants Πάνες Βρακάκι Νο5 11-17kg 34τεμ,13.2
2025-06-05,1622500,SEPTONA Calm n&#39; Care Πάνες Extra Large Nο6 13-20Kg 38τεμ,8.85
2025-06-05,1622473,SEPTONA Calm n&#39; Care Πάνες Maxi Nο4 8-13Kg 52τεμ,8.85
2025-06-05,1449699,PAMPERS Active Baby Πάνες Νο5 11-16kg 64τεμ,16.45
2025-06-05,1622462,SEPTONA Calm n&#39; Care Πάνες Βρακάκι Extra Large Nο5 10-16Kg 42τεμ,9.85
2025-06-05,1649850,ZEWA Softis Χαρτομάντιλα Τσέπης Classic 4 Φύλλων 8τεμ 176g,2.22
2025-06-05,1415882,PAMPERS Active Baby Πάνες Νο7 15+kg 40τεμ,14.96
2025-06-05,1622475,SEPTONA Calm n&#39; Care Πάνες Βρακάκι Extra Large Nο6 14-20Kg 36τεμ,9.85
2025-06-05,1449700,PAMPERS Active Baby Πάνες Νο4 9-14kg 76τεμ,16.45
2025-06-05,1449702,PAMPERS Active Baby Πάνες Νο6 13-18kg 56τεμ,16.45
2025-06-05,1459459,ALWAYS Discreet Εσώρουχα Ακράτειας Plus Medium 9τεμ,7.55
2025-06-05,1459458,ALWAYS Discreet Εσώρουχα Ακράτειας Plus Large 8τεμ,7.55
2025-06-05,1622480,SEPTONA Calm n&#39; Care Πάνες Midi Nο3 4-9Kg 60τεμ,8.85
2025-06-05,1588418,PAMPERS Premium Care Πάνες Νο1 2-5kg  50τεμ,10.4
2025-06-05,1496266,DECORATA Χαρτοπετσέτες Κόκκινες 3φύλλων 33x33cm 20τεμ,1.26
2025-06-05,1623976,SANI Sensitive Pants Fresh Εσώρουχα Ακράτειας Νο2 Medium 14τεμ,8.4
2025-06-05,1433546,PAMPERS Premium Care Πάνες Νο2 4-8kg 46τεμ,9.77
2025-06-05,1590662,BABYLINO Swimpants Πάνες Μαγιό Νο4-5 9-15kg 14τεμ,5.15
2025-06-05,1603975,PAMPERS Premium Care Πάνες Νο2 4-8kg 136τεμ,29.69
2025-06-05,1493080,PAMPERS Premium Care Πάνες Νο4 9-14kg 104τεμ,29.69
2025-06-05,1492757,SANI Sensitive Men Επιθέματα Ακράτειας Νο2 Medium 10τεμ ,3.69
2025-06-05,1398871,PAMPERS Splashers Πάνες Μαγιό Νο4-5 11τεμ,5.05
2025-06-05,1398883,PAMPERS Splashers Πάνες Μαγιό Νο5-6 10τεμ,5.05
2025-06-05,1493079,PAMPERS Premium Care Πάνες Νο3 6-10kg 120τεμ,29.69
2025-06-05,1504684,PAMPERS Pants Πάνες Βρακάκι Νο7 17+kg 38τεμ,14.48
2025-06-05,1378745,PAMPERS Pants Πάνες Βρακάκι No5 12-17kg 48τεμ,14.51
2025-06-05,1590673,BABYLINO Swimpants Πάνες Μαγιό Νο5-6 14+kg 14τεμ,5.5
2025-06-05,1493182,PAMPERS Pants Πάνες No5 11-17kg 96τεμ,30.09
2025-06-05,1510516,PAMPERS Pants Πάνες Βρακάκι Νο7 17+kg 74τεμ,30.09
2025-06-05,1651631,ΣΚΛΑΒΕΝΙΤΗΣ Παγωτό Παραγωγής μας Φιστίκι με Σοκολάτα Γάλακτος &amp; Καταΐφι Dubai Style 300g (500ml),4.8
2025-06-05,1649247,VENEZIA Παγωτό με γεύσεις Βανίλια Φιστίκι Κακάο &amp; Φράουλα 1500g (3lt),5.65
2025-06-05,1649245,VENEZIA Παγωτό με γεύσεις Βανίλια Κακάο Καραμέλα &amp; Μπανάνα 1500g (3lt),5.65
2025-06-05,1649765,Πατάτες MCCAIN Crinkle Original Vegan 750g,4.26
2025-06-05,1655710,Φυτικό Παστίτσιο ΜΠΑΡΜΠΑ ΣΤΑΘΗΣ 360&#176; Meal Vegan 350g,6.25
2025-06-05,1655706,Φυτικός Μουσακάς ΜΠΑΡΜΠΑ ΣΤΑΘΗΣ 360&#176; Meal Vegan 350g,7.9
2025-06-05,1498792,Σοκολατόπιτα BAKER MASTER 750g,7.1
2025-06-05,1498782,Πορτοκαλόπιτα BAKER MASTER 1000g,5.95
2025-06-05,1498787,Ραβανί BAKER MASTER 1100g,5.45
2025-06-05,1498798,Καρυδόπιτα BAKER MASTER 1100g,6.6
2025-06-05,1612168,Κουλούρι Θεσσαλονίκης ΑΛΙΜΠΙΝΙΣΗΣ 2τεμ 200g,0.98
2025-06-05,1527882,Μίνι Κρουασάν LE FOURNIL DE PIERRE Σοκολάτας 350g,3.05
2025-06-05,1527884,Μίνι Κρουασάν LE FOURNIL DE PIERRE Βουτύρου 300g,3.05
2025-06-05,1427102,Αρακάς Μέτριος ΜΑΡΑΤΑ 1kg,1.95
2025-06-05,4070611,Αρακάς ΜΠΑΡΜΠΑ ΣΤΑΘΗΣ 1kg,3.31
2025-06-05,1427131,Σπανάκι Φύλλα ΜΑΡΑΤΑ σε μερίδες 1kg,1.9
2025-06-05,1223584,Κρεμμυδάκι ARDO σε κύβους 350g,1.0
2025-06-05,9669086,Αρακάς Λαδερός ΜΠΑΡΜΠΑ ΣΤΑΘΗΣ Ας Μαγειρέψουμε 1kg,3.9
2025-06-05,2789097,Αρακάς ΜΠΑΡΜΠΑ ΣΤΑΘΗΣ Βιολογικός 450g,2.98
2025-06-05,1225718,Ψαροκροκέτες ΜΟΥΡΑΓΙΟ 15τεμ 450g,2.15
2025-06-05,1427148,Φασολάκια Στρογγυλά ΜΑΡΑΤΑ 1kg,1.94
2025-06-05,7280621,Σπανακόρυζο ΜΠΑΡΜΠΑ ΣΤΑΘΗΣ Ας Μαγειρέψουμε 1kg,3.84
2025-06-05,1221390,Ψαροκροκέτες ΠΥΡΟΦΑΝΙ από Φιλέτο Μπακαλιάρου 15τεμ 450g,2.65
2025-06-05,1446505,Τυροπιτάκια ΜΑΡΑΤΑ με Σφολιάτα 1kg,2.6
2025-06-05,1185058,Κρουασάν Βουτύρου ΧΡΥΣΗ ΖΥΜΗ 300g,2.12
2025-06-05,1129376,Πατάτες ΑΙΝΟΣ Κλασικές 1kg,2.78
2025-06-05,1446503,Λουκανικοπιτάκια ΜΑΡΑΤΑ με Σφολιάτα 1kg,2.96
2025-06-05,1129371,Φασολάκια Πλατιά ΑΙΝΟΣ 1kg,2.34
2025-06-05,4070447,Φασολάκια Στρογγυλά ΜΠΑΡΜΠΑ ΣΤΑΘΗΣ 1kg,3.43
2025-06-05,1221441,Αρακάς ΑΙΝΟΣ 1kg,2.55
2025-06-05,1223871,Σολομός Φιλέτο σε Μερίδες 4x125g,12.2
2025-06-05,4876561,Σπανάκι Φύλλα ΜΠΑΡΜΠΑ ΣΤΑΘΗΣ 1kg,3.44
2025-06-05,6332894,Φασολάκια Πλατιά ΜΠΑΡΜΠΑ ΣΤΑΘΗΣ 1kg,3.41
2025-06-05,1620561,Φρούτα του Δάσους ARDO Mix 450g,2.9
2025-06-05,4641973,Γαρίδες Βρασμένες Αποφλοιωμένες 80/120 Εισαγωγής 425g,4.9
2025-06-05,1598565,Ψαροκροκέτες CAPTAIN IGLO 15τεμ 420g,5.76
2025-06-05,1195776,Κρουασάν Βουτύρου ΧΡΥΣΗ ΖΥΜΗ με Πραλίνα Φουντουκιού 480g,3.2
2025-06-05,2789113,Σπανάκι σε Φύλλα ΜΠΑΡΜΠΑ ΣΤΑΘΗΣ Βιολογικό 450g,2.5
2025-06-05,1427091,Ανάμικτα Λαχανικά ΜΑΡΑΤΑ 1kg,1.9
2025-06-05,1583832,Μπακαλιάρος Φιλέτο ΠΥΡΟΦΑΝΙ Πανέ 240g,2.48
2025-06-05,9669094,Φασολάκια Στρογγυλά Λαδερά ΜΠΑΡΜΠΑ ΣΤΑΘΗΣ Ας Μαγειρέψουμε 1kg,3.88
2025-06-05,1598618,Μπαγκέτα Γαλλική MANTINGA με γέμιση Βούτυρο και Σκόρδο 175g,1.24
2025-06-05,1113762,Top Burger IFANTIS 70g,0.68
2025-06-05,1082374,Κοτομπουκιές CRETA FARMS Εν Ελλάδι Νοστιμιές 400g,4.9
2025-06-05,1129373,Μπρόκολο ΑΙΝΟΣ 750g,2.16
2025-06-05,1117471,Κοτομπουκιές Πανέ IFANTIS Απλά Γευστικό 500g,6.15
2025-06-05,1234491,Παγάκια CRYSTAL ICE 2-5kg,1.58
2025-06-05,1627011,Φασολάκια Πλατιά ΜΑΡΑΤΑ 1kg,2.1
2025-06-05,1223334,Μανιτάρια ARDO σε φέτες 350g,1.35
2025-06-05,1151212,Μπουγάτσα Θεσσαλονίκης ΧΡΥΣΗ ΖΥΜΗ με Κρέμα &amp; Άρωμα Βανίλιας Vegan 450g,3.1
2025-06-05,1223679,Σπανακόρυζο ΑΙΝΟΣ 1kg,3.92
2025-06-05,1082342,Κεφτεδάκια CRETA FARMS Εν Ελλάδι Νοστιμιές 420g,3.66
2025-06-05,1568775,Αρακάς ΜΠΑΡΜΠΑ ΣΤΑΘΗΣ 420g,2.28
2025-06-05,1446501,Τυροπιτάκια ΜΑΡΑΤΑ Κουρού 1kg,3.36
2025-06-05,1272794,Κοτομπουκιές Πανέ MEAT HOUSE Προψημένες 330g,3.45
2025-06-05,2789105,Φασολάκια Στρογγυλά ΜΠΑΡΜΠΑ ΣΤΑΘΗΣ Βιολογικά 450g,2.98
2025-06-05,1413887,Πίτσα ALFA Μαργαρίτα 730g,5.8
2025-06-05,1151225,Μπουγάτσα Θεσσαλονίκης ΧΡΥΣΗ ΖΥΜΗ με Μυζήθρα &amp; Φέτα ΠΟΠ 450g,3.15
2025-06-05,1225173,Σπανακοτυρόπιτα ALFA Κασσιάτα τύπου Ζαγορίου με Πράσο &amp; Σέσκουλο 650g,3.32
2025-06-05,1405630,Μπουγάτσα με Κρέμα ΜΑΡΑΤΑ 450g,1.7
2025-06-05,1224106,Ρεβίθια ΜΠΑΡΜΠΑ ΣΤΑΘΗΣ 600g,2.19
2025-06-05,1427119,Καλαμπόκι Γλυκό ΜΑΡΑΤΑ σε κόκκους 1kg,2.45
2025-06-05,4070413,Πατάτες ΜΠΑΡΜΠΑ ΣΤΑΘΗΣ Κλασικές 1kg,4.6
2025-06-05,1224505,Κεφτεδάκια IFANTIS Απλά Γευστικό 500g,3.95
2025-06-05,1141172,Τυρόπιτα Κοζανίτικη ALFA Κιχί με Φέτα ΠΟΠ &amp; Μυζήθρα 800g,4.19
2025-06-05,5183330,Φασολάκια Πλατιά ΜΠΑΡΜΠΑ ΣΤΑΘΗΣ Βιολογικά 450g,2.98
2025-06-05,1644672,Σπανακόρυζο ΜΑΡΑΤΑ 1kg,2.9
2025-06-05,1624689,Πατάτες MYDIBEL Tradition 1kg,2.05
2025-06-05,1012969,Κιχάκια ALFA Παραδοσιακά με Φέτα ΠΟΠ &amp; Μυζήθρα 800g,3.8
2025-06-05,1222764,Τυροπιτάκια BAKER MASTER με Ζύμη Κουρού 450g,2.3
2025-06-05,1221435,Μύδια Ψίχα Εισαγωγής 450g,3.3
2025-06-05,1430486,Ροδέλες Πανέ ΠΥΡΟΦΑΝΙ με Θράψαλο 400g,2.2
2025-06-05,1543912,Λουκανικοπιτάκια ALFA Εκλεκτά με Καπνιστό Λουκάνικο &amp; Κέτσαπ 450g,2.23
2025-06-05,1178158,Πατάτες FARM FRITES Classic 1kg,2.58
2025-06-05,1569982,Φασολάδα ΜΠΑΡΜΠΑ ΣΤΑΘΗΣ Ας Μαγειρέψουμε 900g,6.76
2025-06-05,1546866,Μαϊντανός ΜΠΑΡΜΠΑ ΣΤΑΘΗΣ 50g,1.82
2025-06-05,1221926,Γλώσσα Φιλέτο χωρίς δέρμα Εισαγωγής 850g,7.55
2025-06-05,1545194,Γαρίδες Γίγας PESCANOVA Βρασμένες Αποφλοιωμένες Ινδο Ειρηνικού 350g,8.68
2025-06-05,5696364,Μπριάμ ΜΠΑΡΜΠΑ ΣΤΑΘΗΣ Ας Μαγειρέψουμε 1kg,5.1
2025-06-05,1632340,Πίτσα ΜΑΡΑΤΑ Μαργαρίτα 2x380g,4.4
2025-06-05,1569992,Ρεβίθια ΜΠΑΡΜΠΑ ΣΤΑΘΗΣ Ας Μαγειρέψουμε 900g,6.58
2025-06-05,1221388,Καλαμάρια Κομμένα Καθαρισμένα Εισαγωγής 510g,5.35
2025-06-05,1568777,Φασολάκια Πλατιά ΜΠΑΡΜΠΑ ΣΤΑΘΗΣ 420g,2.38
2025-06-05,1601591,Φιλέτο Μπακαλιάρου PESCANOVA με Τραγανό Πανάρισμα 2τεμ 250g,2.78
2025-06-05,6249932,Σαλάτα Καλαμποκιού ΜΠΑΡΜΠΑ ΣΤΑΘΗΣ 450g,3.8
2025-06-05,1587974,Σπανάκι Φύλλα ΑΙΝΟΣ 1kg,2.78
2025-06-05,1615272,Βατόμουρα ARDO 300g,3.9
2025-06-05,1566739,Μπουγάτσα Θεσσαλονίκης ΧΡΥΣΗ ΖΥΜΗ με Κρέμα &amp; Άρωμα Βανίλιας Vegan 800g,4.8
2025-06-05,1068504,Πατάτες MCCAIN Airfryer Chips Vegan 600g,3.86
2025-06-05,1554896,Άνηθος ΜΠΑΡΜΠΑ ΣΤΑΘΗΣ 60g,2.1
2025-06-05,1475785,Φασολάκια Πλατιά Γιαχνί ΜΠΑΡΜΠΑ ΣΤΑΘΗΣ Ας Μαγειρέψουμε 1kg,6.62
2025-06-05,1568418,Σπιτικά Τρίγωνα ΧΡΥΣΗ ΖΥΜΗ με Φέτα ΠΟΠ &amp; Κατίκι Δομοκού 700g,6.06
2025-06-05,1569971,Φακές με λαχανικά ΜΠΑΡΜΠΑ ΣΤΑΘΗΣ Επιλέγουμε Vegan 400g,3.92
2025-06-05,1632343,Πίτσα ΜΑΡΑΤΑ Σπέσιαλ 2x460g,5.2
2025-06-05,5696380,Αρακάς με Αγκινάρες ΜΠΑΡΜΠΑ ΣΤΑΘΗΣ Ας Μαγειρέψουμε 1kg,4.9
2025-06-05,1528288,Φασόλια Χάντρες ΜΠΑΡΜΠΑ ΣΤΑΘΗΣ 600g,3.25
2025-06-05,1569885,Κινόα με λαχανικά ΜΠΑΡΜΠΑ ΣΤΑΘΗΣ Επιλέγουμε Vegan 400g,4.4
2025-06-05,1013065,Σπανακοτυρόπιτα ALFA τύπου Μετσόβου με Φέτα ΠΟΠ 850g,3.86
2025-06-05,1267782,Τηγανόψωμο ΑΛΙΜΠΙΝΙΣΗΣ Ευβοίας 2x225g,2.5
2025-06-05,1225164,Τυρόπιτα ALFA Κασσιάτα τύπου Ζαγορίου με Μυζήθρα Φέτα ΠΟΠ Γιαούρτι &amp; Γραβιέρα 650g,3.4
2025-06-05,1569967,Ρεβίθια με λαχανικά ΜΠΑΡΜΠΑ ΣΤΑΘΗΣ Επιλέγουμε Vegan 400g,3.92
2025-06-05,1225991,Κουρουδάκια Πολύσπορα BAKER MASTER με Τυρί Κρέμα &amp; Ζύμη Κουρού Ολικής Άλεσης 450g,3.2
2025-06-05,1272793,Σνίτσελ Κοτόπουλου Πανέ MEAT HOUSE Προψημένο 330g,3.45
2025-06-05,1221917,Πέρκα Φιλέτο Εισαγωγής,9.8
2025-06-05,1029457,Χόρτα Ραδίκια ΜΠΑΡΜΠΑ ΣΤΑΘΗΣ 600g,3.5
2025-06-05,1589730,Πίτσα ΧΡΥΣΗ ΖΥΜΗ Μαργαρίτα 2x385g,7.85
2025-06-05,1578212,Γαρίδες Γίγας KALLIMANIS Βρασμένες Αποφλοιωμένες 350g,7.16
2025-06-05,1154761,Φύλλο Ζύμης για Πίτσα ALFA από Σπίτι 2x300g,2.96
2025-06-05,7257439,Πίτσα IFANTIS Rock &#39;n Roll 3x460g,9.9
2025-06-05,1631397,Μπάμιες ΜΠΑΡΜΠΑ ΣΤΑΘΗΣ Ποικιλία Αλεξανδρινή 420g,4.18
2025-06-05,1427066,Αγκινάρες ΜΑΡΑΤΑ 1kg,4.28
2025-06-05,1507880,Χωριάτικη Κοτόπιτα ALFA Τσαλακωτή με Γραβιέρα Κρήτης 900g,9.0
2025-06-05,4638888,Φασολάκια Στρογγυλά ΑΙΝΟΣ Ελληνικά 1kg,2.65
2025-06-05,1224293,Μπρόκολο Mix ARDO 1kg,2.76
2025-06-05,1568298,Τυροπιτάκια Κουρού ΧΡΥΣΗ ΖΥΜΗ με Μυζήθρα &amp; Φέτα ΠΟΠ 800g,5.0
2025-06-05,1174974,Γαρίδες Βρασμένες Αποφλοιωμένες 30/50 Εισαγωγής 425g,6.4
2025-06-05,1418036,Γύρος Κοτόπουλο CRETA FARMS Εν Ελλάδι Προψημένος Χωρίς γλουτένη 330g,5.6
2025-06-05,1221403,Μπακαλιάρος Pollock Φιλέτο χωρίς δέρμα 850g,5.15
2025-06-05,1644683,Αρακάς Λαδερός ΜΑΡΑΤΑ 1kg,2.9
2025-06-05,1516212,Πατάτες ΑΙΝΟΣ Κυδωνάτες με Φλούδα &amp; Μυρωδικά 1kg,3.95
2025-06-05,1604946,Πίτσα CASTELLO με Προζύμι Special 1250g,6.95
2025-06-05,1222762,Ζαμπονοτυροπιτάκια BAKER MASTER με Ζύμη Σφολιάτας 450g,2.55
2025-06-05,1221930,Μπακαλιάρος Ρολό Φιλέτο,8.74
2025-06-05,8176273,Πατάτες ΜΠΑΡΜΠΑ ΣΤΑΘΗΣ Χωριάτικες Νάξου ΠΓΕ 1kg,4.95
2025-06-05,4132726,Πατάτες ΜΠΑΡΜΠΑ ΣΤΑΘΗΣ Baby 1kg,4.62
2025-06-05,1437976,Φύλλο Κρούστας ΜΑΡΑΤΑ 450g,1.85
2025-06-05,5696323,Αγκινάρες Αλά Πολίτα ΜΠΑΡΜΠΑ ΣΤΑΘΗΣ Ας Μαγειρέψουμε 1kg,7.64
2025-06-05,1418032,Γύρος Χοιρινός CRETA FARMS Εν Ελλάδι Προψημένος Χωρίς γλουτένη 330g,5.55
2025-06-05,6249783,Σαλάτα Εποχής ΜΠΑΡΜΠΑ ΣΤΑΘΗΣ 750g,4.05
2025-06-05,1615273,Φράουλες ARDO 450g,2.05
2025-06-05,1573510,Σουσαμίνια ΧΡΥΣΗ ΖΥΜΗ με Κασέρι ΠΟΠ &amp; Γραβιέρα 700g,5.12
2025-06-05,1302068,Χορτόπιτα ALFA Τσαλακωτή τύπου Πηλίου με Σπανάκι Φρέσκο Κρεμμυδάκι Πράσο &amp; Θυμάρι Vegan 850g,4.48
2025-06-05,1221907,Κοκκινόψαρο Ακέφαλο 300g - 500g Εισαγωγής,2.81
2025-06-05,1013016,Τυρόπιτα ALFA τύπου Μετσόβου με Φέτα ΠΟΠ &amp; Μυζήθρα 850g,3.86
2025-06-05,1501258,Γαρίδες Μεγάλες PESCANOVA Βρασμένες Αποφλοιωμένες Ινδο Ειρηνικού 350g,7.98
2025-06-05,1606411,BONORA Χωνάκια Βανίλια 6τεμ 414g,2.75
2025-06-05,1013207,Ρολάκια με Πατάτα ALFA Παραδοσιακά Vegan 800g,3.68
2025-06-05,1029432,Μίνι Μακεδονίτικα Στριφτάρια ΧΡΥΣΗ ΖΥΜΗ με Φέτα ΠΟΠ &amp; Μυζήθρα 800g,5.88
2025-06-05,6020077,Μανιτάρια ΜΠΑΡΜΠΑ ΣΤΑΘΗΣ σε φέτες 450g,4.2
2025-06-05,1543914,Ρολάκια Λαχανικών ALFA Εκλεκτά με γεύση Τυριού Vegan 450g,1.93
2025-06-05,1568776,Φασολάκια Στρογγυλά ΜΠΑΡΜΠΑ ΣΤΑΘΗΣ 420g,2.14
2025-06-05,1141169,Μπουγάτσα Θεσσαλονίκης ALFA με Κρέμα Άρωμα Βανίλιας Vegan 800g,3.0
2025-06-05,1545520,Φυτικά Nuggets GARDEN GOURMET Vegan 300g,4.48
2025-06-05,1171292,Καλαμάρια Ολόκληρα Καθαρισμένα 20/40 Εισαγωγής 630g,5.75
2025-06-05,1029455,Ψητά Λαχανικά ΜΠΑΡΜΠΑ ΣΤΑΘΗΣ 500g,4.2
2025-06-05,2906246,Φύλλο Παραδοσιακό ΧΑΒΕΛΑΣ Ζαγορίσιο 750g,3.55
2025-06-05,1268563,Μπρόκολο Ισπανίας 1kg,2.9
2025-06-05,1514730,Λαχανόρυζο ΜΠΑΡΜΠΑ ΣΤΑΘΗΣ Ας Μαγειρέψουμε 1kg,6.62
2025-06-05,5182803,Μπρόκολο ΜΠΑΡΜΠΑ ΣΤΑΘΗΣ Βιολογικό 500g,3.42
2025-06-05,1446502,Σπανακοτυροπιτάκια ΜΑΡΑΤΑ με Σφολιάτα 750g,2.7
2025-06-05,1632291,Mini Strudel ΧΡΥΣΗ ΖΥΜΗ με Κρέμα Ζαχαροπλαστικής &amp; Φράουλα 500g,2.35
2025-06-05,1464913,Καλαμπόκι ΜΠΑΡΜΠΑ ΣΤΑΘΗΣ 600g,3.4
2025-06-05,1569937,Πλιγούρι με λαχανικά ΜΠΑΡΜΠΑ ΣΤΑΘΗΣ Επιλέγουμε Vegan 400g,3.92
2025-06-05,1223891,Φασολάκια Χάντρες ΑΙΝΟΣ 1kg,3.65
2025-06-05,1594901,Μπάμιες ΑΙΝΟΣ μεσαίες 1000g,5.28
2025-06-05,1467285,Πατάτες MCCAIN Chef Gourmet Vegan 500g,3.76
2025-06-05,1604112,Φασόλια Γίγαντες ΜΠΑΡΜΠΑ ΣΤΑΘΗΣ Ας Μαγειρέψουμε 750g,7.48
2025-06-05,1141180,Φύλλο Χωριάτικο ALFA Κιχί Κοζάνης 750g,3.55
2025-06-05,6554877,Προϊόν Απομίμησης Καβουριού 7 ΘΑΛΑΣΣΕΣ Εισαγωγής 250g,1.4
2025-06-05,1632290,Mini Strudel ΧΡΥΣΗ ΖΥΜΗ με Κρέμα Ζαχαροπλαστικής Κανέλα &amp; Μήλο 500g,2.95
2025-06-05,4021820,Γαρίδες Jinga Βρασμένες Αποφλοιωμένες 31/40 με ουρά Εισαγωγής 425g,6.95
2025-06-05,1600805,Στριφτή Τυρόπιτα ΜΑΡΑΤΑ με Μυζήθρα &amp; Φέτα 1kg,4.8
2025-06-05,1223574,Λαχανάκια Βρυξελλών ARDO 1kg,2.23
2025-06-05,1566737,Μακεδονίτικο Στριφτάρι ΧΡΥΣΗ ΖΥΜΗ με Μυζήθρα &amp; Φέτα ΠΟΠ 800g,6.35
2025-06-05,1223879,Αρακάς Ψιλός ARDO 400g,1.08
2025-06-05,1583847,Μπάμιες ΜΠΑΡΜΠΑ ΣΤΑΘΗΣ Ποικιλία Αλεξανδρινή 750g,6.7
2025-06-05,1270575,Ανάμικτα Φρούτα ALTERRA Smoothies Wild Forest 300g,3.82
2025-06-05,1591051,BONORA Σάντουιτς Βανίλια Κακάο 6τεμ 420g,4.2
2025-06-05,1446506,Λουκανικοπιτάκια ΜΑΡΑΤΑ Κουρού 1kg,4.25
2025-06-05,1606413,BONORA Χωνάκια Βανίλια Σοκολάτα με Σιρόπι Σοκολάτας &amp; Φουντούκια 6τεμ 414g,3.7
2025-06-05,1628238,Πίτσα CASTELLO με Προζύμι Μαργαρίτα 1150g,6.3
2025-06-05,1637652,Peskitos Μπακαλιάρου PESCANOVA 8τεμ 320g,3.08
2025-06-05,1429956,Σπανακοτυρόπιτα ΧΡΥΣΗ ΖΥΜΗ Χορευτή με Φέτα ΠΟΠ Μυζήθρα &amp; Πράσο 850g,5.76
2025-06-05,8951873,Αρακάς Λαδερός με Μελιτζάνες ΜΠΑΡΜΠΑ ΣΤΑΘΗΣ Ας Μαγειρέψουμε 1kg,6.4
2025-06-05,6098339,Σπιτική Χορτόπιτα Νηστίσιμη ΧΡΥΣΗ ΖΥΜΗ με Σπανάκι Αντίδια &amp; Πράσο Vegan 850g ,4.98
2025-06-05,1423212,Σαρδέλα Φιλέτο STELLA MARE 500g,6.12
2025-06-05,5008560,Πατάτες MCCAIN Golden Long Vegan 1kg,4.65
2025-06-05,1574963,Σουσαμίνια ΧΡΥΣΗ ΖΥΜΗ με Λουκάνικο Κέτσαπ &amp; Μουστάρδα 700g,5.36
2025-06-05,1624688,Πατάτες MYDIBEL Classic Χωρίς γλουτένη 1kg,2.05
2025-06-05,1556657,Πατάτες FARM FRITES Wedges Seasoned Extra Crunchy 600g,2.85
2025-06-05,2722213,Πεϊνιρλί ΧΡΥΣΗ ΖΥΜΗ με Μπέικον &amp; Κασέρι 650g,6.75
2025-06-05,1603460,Ψαροκροκέτες CAPTAIN IGLO 10τεμ 280g,4.98
2025-06-05,1574659,Μπακαλιάρος Ακέφαλος 300g - 500g,1.94
2025-06-05,1377432,Θαλασσινά Ανάμεικτα Εισαγωγής 425g,3.1
2025-06-05,1223929,Γαρίδες Βρασμένες Ακέφαλες 26/30 Εισαγωγής 340g,5.75
2025-06-05,1589732,Πίτσα ΧΡΥΣΗ ΖΥΜΗ Special 2x430g,9.34
2025-06-05,1617658,ΣΚΛΑΒΕΝΙΤΗΣ Παγωτό Παραγωγής μας Αλμυρή Καραμέλα με Καραμελωμένα Πεκάν Χωρίς γλουτένη 300g (500ml),3.4
2025-06-05,1223580,Καρότα ARDO σε φέτες 1kg,1.72
2025-06-05,1470098,Φυτικά Μπιφτέκια BEYOND Burger Original Vegan 226g,5.8
2025-06-05,1221386,Πίτσα BAKER MASTER Μαργαρίτα 415g,3.7
2025-06-05,7408784,Πατάτες MCCAIN Μediterranean Vegan 750g,4.34
2025-06-05,1528373,Γαρίδες Πανέ PESCANOVA με Νιφάδες Καλαμποκιού 240g,4.16
2025-06-05,1412097,Ρύζι με Καλαμπόκι ΜΠΑΡΜΠΑ ΣΤΑΘΗΣ Χωρίς γλουτένη 600g,3.96
2025-06-05,1600809,Στριφτή Σπανακοτυρόπιτα ΜΑΡΑΤΑ με Μυζήθρα &amp; Πράσο 1kg,4.95
2025-06-05,1032279,Βάση για Πίτσα Ιταλική ΧΡΥΣΗ ΖΥΜΗ 600g,3.3
2025-06-05,1223655,Σπανακοτυροπιτάκια BAKER MASTER Χειροποίητα με Ζύμη Κουρού 450g,2.65
2025-06-05,1571759,Τυροπιτάκια Σφολιάτας ΧΡΥΣΗ ΖΥΜΗ με Μυζήθρα &amp; Φέτα ΠΟΠ 800g,4.84
2025-06-05,1500434,Μπούτια Κοτόπουλου Ολλανδίας 1-5kg,5.4
2025-06-05,1449460,Χωριάτικη Σπανακοτυρόπιτα BAKER MASTER με Φέτα Καλαβρύτων Φρέσκα Λαχανικά &amp; Μυρωδικά 850g,6.95
2025-06-05,1585823,Ταμπουλέ με Λαχανικά ΜΠΑΡΜΠΑ ΣΤΑΘΗΣ Επιλέγουμε Vegan 400g,3.96
2025-06-05,1575416,Γλώσσα Λιμάντα Φιλέτο KALLIMANIS χωρίς δέρμα 450g,7.98
2025-06-05,1524545,Spring Rolls NIKOLOPOULOU Λαχανικών Vegan 8τεμ 360g,3.95
2025-06-05,1589066,Σκιουφιχτά ΜΠΑΡΜΠΑ ΣΤΑΘΗΣ με Φυτικό Κιμά &amp; Λαχανικά Vegan 630g,5.25
2025-06-05,1592461,Φασολάκια Στρογγυλά FROZA 1000g,1.88
2025-06-05,1223915,Μπιφτέκι Κοτόπουλο ΥΨΗΣΤΟΝ 520g,5.2
2025-06-05,8950545,Φύλλο Σφολιάτας ΧΡΥΣΗ ΖΥΜΗ 850g,4.5
2025-06-05,1502940,Φασόλια Μαυρομάτικα ΜΠΑΡΜΠΑ ΣΤΑΘΗΣ 450g,2.88
2025-06-05,1223582,Καρότα Baby ARDO 1kg,1.98
2025-06-05,1225995,Χταπόδι Ολόκληρο Νο7 Εισαγωγής,14.1
2025-06-05,1618269,Γλυκοπατάτες ΜΠΑΡΜΠΑ ΣΤΑΘΗΣ Δίχρωμες Νάξου 500g,5.68
2025-06-05,6833495,Μπάμιες IFANTIS Extra 450g,3.48
2025-06-05,1129370,Μπάμιες ΑΙΝΟΣ ψιλές 1kg,6.25
2025-06-05,1429952,Κοτόπιτα ΧΡΥΣΗ ΖΥΜΗ Χορευτή με Γραβιέρα Κρήτης ΠΟΠ &amp; Πιπεριές 850g,6.53
2025-06-05,1222763,Λουκανικοπιτάκια BAKER MASTER με Ζύμη Σφολιάτας 450g,2.55
2025-06-05,4876587,Μπρόκολο ΜΠΑΡΜΠΑ ΣΤΑΘΗΣ 750g,4.18
2025-06-05,4069498,Σαλάτα Ανάμικτη Λαχανικών ΜΠΑΡΜΠΑ ΣΤΑΘΗΣ 450g,2.88
2025-06-05,1221406,Πατάτες LUTOSA Χωρίς γλουτένη 1kg,2.65
2025-06-05,1222768,Σοκολατοπιτάκια BAKER MASTER με Ζύμη Κουρού 450g,3.3
2025-06-05,1302078,Κασερόπιτα ALFA Τσαλακωτή τύπου Πηλίου με Κασέρι &amp; Γραβιέρα 850g,5.05
2025-06-05,1151210,Μπουγάτσα Θεσσαλονίκης ΧΡΥΣΗ ΖΥΜΗ με Πραλίνα Φουντουκιού Vegan 450g,4.42
2025-06-05,1119084,Μίνι Καλτσόνε KANAKI Cheese Delight με 3 Τυριά 450g,4.42
2025-06-05,1437973,Φύλλο Χωριάτικο ΜΑΡΑΤΑ 700g,2.1
2025-06-05,1221914,Μπακαλιάρος Cod Φιλέτο με δέρμα ελαφρώς αλατισμένος Εισαγωγής,9.52
2025-06-05,6736953,Φύλλο Κρούστας ΧΡΥΣΗ ΖΥΜΗ 450g,3.4
2025-06-05,4054565,Ρύζι με Λαχανικά ARDO Hawaian Mix 1kg,2.35
2025-06-05,1508588,Μπακαλιάρος Pollock Φιλέτο PESCANOVA 425g,5.48
2025-06-05,1606408,BONORA Μίνι Ξυλάκια Βανίλια με Επικάλυψη Σοκολάτας Γάλακτος &amp; Αμυγδάλου 12τεμ 456g,5.45
2025-06-05,5363338,Κασερόπιτα ΧΡΥΣΗ ΖΥΜΗ Σπιτική 850g,5.36
2025-06-05,1614737,Φαλάφελ IFANTIS 410g,3.61
2025-06-05,1136565,Κοτόπουλο Φιλέτο IFANTIS Απλά Γευστικό σε λωρίδες 350g,5.3
2025-06-05,1648890,Φασολάκια Λαδερά ΜΑΡΑΤΑ 1kg,2.8
2025-06-05,1543899,Αγκινάρες ΜΠΑΡΜΠΑ ΣΤΑΘΗΣ 750g,9.18
2025-06-05,1606406,BONORA Ξυλάκια Βανίλια με Επικάλυψη Σοκολάτας Γάλακτος &amp; Αμυγδάλου 6τεμ 510g,5.25
2025-06-05,1158437,Τυροπιτάκια ALFA Κεφάτα Κουρού 800g,3.43
2025-06-05,1221887,Χταπόδι Ολόκληρο Νο6 Εισαγωγής,21.62
2025-06-05,1565381,Σαλάτα Μεξικάνα ΜΠΑΡΜΠΑ ΣΤΑΘΗΣ 450g,3.4
2025-06-05,2789139,Καλαμπόκι ΜΠΑΡΜΠΑ ΣΤΑΘΗΣ Βιολογικό 450g,3.74
2025-06-05,1062569,Ζύμη Κουρού ΧΡΥΣΗ ΖΥΜΗ 650g,4.13
2025-06-05,1227012,Πίτες για Σουβλάκια ΤΟ ΧΩΡΙΟ 10τεμ 800g,2.28
2025-06-05,1618275,Φυτικός Κιμάς BEYOND Mince Vegan 250g,4.85
2025-06-05,1606410,BONORA Sticks Λεπτά Ξυλάκια με γεύση Βανίλιας &amp; Επικάλυψη με γεύση Κακάο 12τεμ 456g,3.65
2025-06-05,1549706,PIRULO Γρανίτα Καρπούζι Vegan Χωρίς γλουτένη 5τεμ 335g (365ml),3.9
2025-06-05,1412113,Ρύζι με Μανιτάρια ΜΠΑΡΜΠΑ ΣΤΑΘΗΣ Χωρίς γλουτένη 600g,3.96
2025-06-05,1491319,Πατάτες MCCAIN Kid Smile 650g,3.96
2025-06-05,1117476,Φιλετάκια Κοτόπουλου Ψητά IFANTIS Απλά Γευστικό 390g,6.45
2025-06-05,1637774,Fish Sticks PESCANOVA 15τεμ 450g,4.33
2025-06-05,1224700,Κοκκινόψαρο Ακέφαλο 700g και Άνω Εισαγωγής,8.7
2025-06-05,1226028,Μπακαλιάρος σε φέτες Εισαγωγής,6.7
2025-06-05,1545461,Καβουροδαγκάνες ΜΟΥΡΑΓΙΟ Πανέ 250g,2.48
2025-06-05,1429953,Τυρόπιτα ΧΡΥΣΗ ΖΥΜΗ Χορευτή με Καπνιστό Τυρί Μετσόβου &amp; Γραβιέρα Κρήτης 850g,5.48
2025-06-05,1466129,BEN &amp; JERRY&#39;S Παγωτό Cookie Dough 406g (465ml),4.83
2025-06-05,1222767,Μπουγατσάκια BAKER MASTER με Ζύμη Σφολιάτας 450g,2.6
2025-06-05,1575242,Mini Rollitos ALFA με Μυζήθρα Φέτα ΠΟΠ &amp; Γραβιέρα 750g,3.58
2025-06-05,5182894,Ανάμικτα Λαχανικά ΜΠΑΡΜΠΑ ΣΤΑΘΗΣ Βιολογικά 450g,3.4
2025-06-05,1644692,Αρακάς με Αγκινάρες ΜΑΡΑΤΑ 1kg,3.6
2025-06-05,1587200,Γύρος Χοιρινός MEGAS YEEROS Χωρίς γλουτένη 330g,5.8
2025-06-05,1540737,Nuggets Κοτόπουλου ΠΙΝΔΟΣ 500g,5.95
2025-06-05,1574630,Τσιπούρα Φιλέτο 300g,7.35
2025-06-05,1610516,Sea Sticks με Θράψαλο ΜΟΥΡΑΓΙΟ 300g,2.28
2025-06-05,1223586,Φαλάφελ NIKOLOPOULOU Vegan 500g,4.36
2025-06-05,1224511,Μπιφτέκια IFANTIS Απλά Γευστικό 8τεμ 640g,5.5
2025-06-05,1630940,Μπουγάτσα Θεσσαλονίκης ALFA με Κρέμα Άρωμα Βανίλιας Vegan Χωρίς προσθήκη ζάχαρης 450g,2.56
2025-06-05,1270572,Ανάμικτα Φρούτα ALTERRA Smoothies Pink Paradise 300g,3.82
2025-06-05,1599595,Mini Rollitos ALFA με Τσένταρ &amp; Μπέικον 750g,3.58
2025-06-05,1609325,BONORA Παγωτό Στρατσιατέλα Χωρίς γλουτένη 550g (1lt),3.5
2025-06-05,1223598,Σφολιάτα BAKER MASTER 800g,2.85
2025-06-05,1144619,Σπανακοτυρόπιτα Κοζανίτικη ALFA Κιχί με Φέτα ΠΟΠ &amp; Μυζήθρα 800g,4.19
2025-06-05,1501241,Χταπόδι Πλοκάμι PESCANOVA Εισαγωγής 600g,17.45
2025-06-05,1223902,Μπιφτέκι Μοσχαρίσιο ΥΨΗΣΤΟΝ 520g,7.05
2025-06-05,1478717,Φυτικά Μπιφτέκια VEGANACT Genius Meat Free Vegan 230g,4.62
2025-06-05,1620530,Κους Κους με Λαχανικά ΜΠΑΡΜΠΑ ΣΤΑΘΗΣ Επιλέγουμε Vegan 400g,4.4
2025-06-05,1221946,Κοτόπουλο ΠΙΝΔΟΣ oλόκληρο,5.64
2025-06-05,1601674,Κιμαδόπιτα ALFA Κασσιάτα τύπου Ζαγορίου με Κρεμμύδι &amp; Πράσο 650g,3.86
2025-06-05,1604769,Θράψαλα Ειρηνικού σε ροδέλες 630g,7.3
2025-06-05,1441416,Κεφτεδάκια MEAT HOUSE Προψημένα 420g,4.0
2025-06-05,1194981,Πατάτες LUTOSA Χωρίς γλουτένη 2-5kg,6.25
2025-06-05,1449462,Κασεροπιτάκια BAKER MASTER με Ζύμη Σφολιάτας 450g,2.75
2025-06-05,1587197,Γύρος Κοτόπουλο MEGAS YEEROS Χωρίς γλουτένη 330g,5.4
2025-06-05,1574552,Αναπλήρωμα τύπου Σνίτσελ GARDEN GOURMET Vegan 270g,4.48
2025-06-05,1562571,Μπάμιες ΜΠΑΡΜΠΑ ΣΤΑΘΗΣ Εκλεκτές Ποικιλίες 750g,7.86
2025-06-05,4640173,Ανάμικτα Λαχανικά ARDO Mexico Mix 1kg,2.25
2025-06-05,1460818,Χωριάτικη Σπανακόπιτα BAKER MASTER με Φρέσκα Λαχανικά &amp; Μυρωδικά Νηστίσιμη 900g,6.95
2025-06-05,1221932,Σουπιά Ολόκληρη Καθαρισμένη Εισαγωγής,15.62
2025-06-05,1432424,MAGIC Double Παγωτό Salted Caramel 310g (440ml),8.68
2025-06-05,1417210,Τυροπιτάκια ΚΑΝΑΚΙ Κουρού με Μυζήθρα Φέτα &amp; Μανούρι 800g,4.3
2025-06-05,1617338,Ροδέλες Κρεμμυδιού ARDO Πανέ 450g,2.4
2025-06-05,1628233,Ροδέλες Θράψαλου Πανέ PESCANOVA Caprichos A La Romana 400g,5.48
2025-06-05,1222765,Τυροπιτάκια BAKER MASTER με Ζύμη Σφολιάτας 450g,2.18
2025-06-05,1412147,Ρύζι Κίτρινο Mexicana ΜΠΑΡΜΠΑ ΣΤΑΘΗΣ Χωρίς γλουτένη 600g,3.96
2025-06-05,1459581,Μακεδονικό Στριφτάρι ΧΡΥΣΗ ΖΥΜΗ με Κολοκύθα Σταφίδες &amp; Καρύδια Vegan 600g,4.88
2025-06-05,1222766,Τρίγωνα Τυροπιτάκια BAKER MASTER Χειροποίητα με Χωριάτικο Φύλλο 450g,3.52
2025-06-05,1119081,Καλτσόνε Mini KANAKI Classic 450g,4.88
2025-06-05,1458739,Μπακαλιάρος Ρολό Φιλέτο PESCANOVA 480g,7.48
2025-06-05,1221430,Καλαμάρια Ολόκληρα με δέρμα Εισαγωγής 850g,4.45
2025-06-05,1141179,Φύλλο Σφολιάτας ALFA του Χεριού σας 800g,4.28
2025-06-05,1268649,DESINO Minis Mix Παγωτό Ξυλάκι 12τεμ 428g (600ml),5.45
2025-06-05,1377767,Γαρίδες Βρασμένες Αποφλοιωμένες 10/20 Εισαγωγής 425g,8.3
2025-06-05,1473618,Χυμός Ρόδι POM STAR 500ml,3.6
2025-06-05,1390062,HAAGEN-DAZS Παγωτό Belgian Chocolate Χωρίς γλουτένη 400g (460ml),8.38
2025-06-05,1377775,ΣΚΛΑΒΕΝΙΤΗΣ Σορμπέ Παραγωγής μας Μάνγκο 0% Λιπαρά Vegan Χωρίς γλουτένη 350g (500ml),3.9
2025-06-05,1632289,Mini Strudel ΧΡΥΣΗ ΖΥΜΗ με Κρέμα Ζαχαροπλαστικής &amp; Λεμόνι 500g,2.95
2025-06-05,1575237,Mini Rollitos ALFA με γεύση Πίτσα 750g,5.65
2025-06-05,5390349,Αρακάς ΜΠΑΡΜΠΑ ΣΤΑΘΗΣ Έξτρα Φίνος 400g,3.48
2025-06-05,4876579,Κρεμμυδάκια Στρογγυλά ΜΠΑΡΜΠΑ ΣΤΑΘΗΣ 750g,4.7
2025-06-05,1505931,Φυτικά Κεφτεδάκια MEGA MEATLESS Vegan Χωρίς γλουτένη 360g,6.26
2025-06-05,1554498,Φτερούγες Κοτόπουλου ΠΙΝΔΟΣ Bbq 600g,4.1
2025-06-05,1455075,Σουπιά Καθαρισμένη Κομμένη Εισαγωγής 850g,14.4
2025-06-05,1277892,Λουκανικοπιτάκια Σφολιάτας ΧΡΥΣΗ ΖΥΜΗ 800g,6.38
2025-06-05,1617568,ΣΚΛΑΒΕΝΙΤΗΣ Σορμπέ Παραγωγής μας Λεμόνι Vegan Χωρίς γλουτένη 350g (500ml),3.9
2025-06-05,1221922,Γλαύκος σε φέτες Εισαγωγής,6.26
2025-06-05,1401743,ΣΚΛΑΒΕΝΙΤΗΣ Παγωτό Γάλακτος Παραγωγής μας Γιαούρτι με Σιρόπι Μαυροκέρασο Χωρίς γλουτένη 300g (500ml),3.4
2025-06-05,1596430,Φύλλο Χωριάτικο ΧΡΥΣΗ ΖΥΜΗ 650g,3.28
2025-06-05,1617560,ΣΚΛΑΒΕΝΙΤΗΣ Παγωτό Παραγωγής μας Cheesecake 300g (500ml),3.4
2025-06-05,1227939,Μπιφτέκια Λαχανικών JUST HOT 4τεμ 320g,3.47
2025-06-05,1275670,Κολοκυθοκεφτέδες NIKOLOPOULOU Vegan 350g,3.94
2025-06-05,1553396,Φυτικά Nuggets MEGA MEATLESS Vegan 330g,5.38
2025-06-05,1505933,Φυτικά Burgers MEGA MEATLESS Vegan Χωρίς γλουτένη 520g,7.66
2025-06-05,1588594,Σολομός Φιλέτο NORDIC SEAFOOD σε μερίδες 2x125g,6.4
2025-06-05,1643003,MAGIC Utopia Παγωτό Double Hazelnut 310g (440ml),8.68
2025-06-05,1491023,Πατσαβουρόπιτα Μυτιλήνης ΡΟΔΟΥΛΑ με Κασέρι &amp; Κεφαλοτύρι 900g,7.98
2025-06-05,1585206,ΣΚΛΑΒΕΝΙΤΗΣ Σορμπέ Παραγωγής μας Φράουλα Vegan Χωρίς γλουτένη 350g (500ml),3.9
2025-06-05,1223663,Τρίγωνα Σπανακοτυροπιτάκια BAKER MASTER Χειροποίητα με Χωριάτικο Φύλλο 450g,4.32
2025-06-05,1650249,ΑΛΙΜΠΙΝΙΣΗΣ Πιροσκί Λουκάνικο 2x140g,2.58
2025-06-05,1649166,BEN &amp; JERRY&#39;S Παγωτό Brookieees &amp; Cream 388g (465ml),4.83
2025-06-05,6156426,ΚΡΙ ΚΡΙ Master Παγωτίνια 0% Ζάχαρη 8τεμ 280g,8.4
2025-06-05,1545294,Φυτικά Κεφτεδάκια GARDEN GOURMET Vegan 300g,5.98
2025-06-05,1536669,Πατσαβουρόπιτα Νάξου ΡΟΔΟΥΛΑ με Γραβιέρα &amp; Φέτα 900g,7.86
2025-06-05,1223921,Γάμπαρη Αποφλοιωμένη Εγχώρια 425g,6.2
2025-06-05,1611328,Πίτσα ΧΡΥΣΗ ΖΥΜΗ Special Ατομική 4τεμ 540g,7.46
2025-06-05,1584269,BEN &amp; JERRY&#39;S Παγωτό Chocolatey Love-A-Fair 402g (465ml),4.83
2025-06-05,1609326,BONORA Παγωτό Κρέμα Μπισκότο 550g (1lt),3.5
2025-06-05,1150599,Παγκάσιος KALLAS Redda Φιλέτο 850g,4.48
2025-06-05,1390154,HAAGEN-DAZS Παγωτό Salted Caramel Χωρίς γλουτένη 400g (460ml),8.38
2025-06-05,1223937,Γάμπαρη Ολόκληρη Νο1 Αργεντινής 1kg,14.8
2025-06-05,1429429,Σουρίμι Sticks PESCANOVA με γεύση Καβουριού Χωρίς γλουτένη 250g,3.38
2025-06-05,1480302,Χωριάτικη Κασερόπιτα BAKER MASTER με Κασέρι ΠΟΠ Μυτιλήνης 880g,6.45
2025-06-05,1268193,MAGIC Παγωτό Almond Χωρίς γλουτένη 297g (440ml),8.68
2025-06-05,1491019,Πατσαβουρόπιτα Κρήτης ΡΟΔΟΥΛΑ με Σπανάκι Χόρτα &amp; Μυζήθρα 900g,7.75
2025-06-05,1466131,BEN &amp; JERRY&#39;S Παγωτό Chocolate Fudge Brownie 408g (465ml),4.83
2025-06-05,1574018,Γλώσσα Λιμάντα Φιλέτο PESCANOVA χωρίς δέρμα 425g,8.96
2025-06-05,1223893,Ανάμικτα Λαχανικά ARDO Mix China Style 1kg,2.66
2025-06-05,1604084,Σολομός Φιλέτο PESCANOVA Ατλαντικού σε μερίδες 2x125g ,11.7
2025-06-05,1600314,Φύλλο Καταΐφι ΧΑΒΕΛΑΣ Ζαγορίσια Παραδοσιακή Ζύμη 500g,2.98
2025-06-05,1158439,Λουκανικοπιτάκια Κουρού ALFA Κεφάτα 800g,4.17
2025-06-05,1268185,MAGIC Παγωτό Classic Χωρίς γλουτένη 297g (440ml),8.68
2025-06-05,7641749,Φύλλα Σφολιάτας PAT FLAT 650g,2.28
2025-06-05,1226569,DESINO Mix Χωνάκια με γεύση Βανίλια Σοκολάτα &amp; Βανίλια Φράουλα 6τεμ 414g (720ml),3.9
2025-06-05,1223054,Αγκινάρες ΑΙΝΟΣ 1kg,6.55
2025-06-05,1425027,Χταπόδι Πλοκάμι Εισαγωγής 700g ,16.3
2025-06-05,1259482,Μύδια με μισό Κέλυφος Εισαγωγής 450g,5.15
2025-06-05,1606065,Φαλάφελ NIKOLOPOULOU με Ρεβίθια &amp; Παντζάρι Vegan 500g,3.95
2025-06-05,1221384,Πίτσα BAKER MASTER Special 540g,4.95
2025-06-05,1449463,Χωριάτικη Τυρόπιτα BAKER MASTER με Φέτα Καλαβρύτων &amp; Μυζήθρα 850g,6.05
2025-06-05,1614714,DESINO Παγωτό Ξυλάκι Triple Caramel 4x74g 296g (360ml),4.58
2025-06-05,1223936,Γάμπαρη Ολόκληρη Νο2 Αργεντινής 1kg,13.9
2025-06-05,1610276,Γαρίδες Γίγας KALLIMANIS Βρασμένες Αποφλοιωμένες με ουρά 350g,7.66
2025-06-05,1514858,Φυτικά Μπιφτέκια GARDEN GOURMET Sensational Burger Vegan 226g,4.8
2025-06-05,1555880,Χωριάτικη Στριφτή Τυρόπιτα BAKER MASTER με Φέτα &amp; Μυζήθρα 850g,6.7
2025-06-05,1614365,BEN &amp; JERRY&#39;S Παγωτό Sundae Dulce De-lish 350g (427ml),4.83
2025-06-05,1099876,Πατάτες ΜΠΑΡΜΠΑ ΣΤΑΘΗΣ Φούρνου Κυδωνάτες ΠΓΕ 1kg,4.9
2025-06-05,1534408,Χωριάτικη Κοτόπιτα BAKER MASTER με Φιλέτο Κοτόπουλο &amp; Κόκκινη Πιπεριά 1000g,7.6
2025-06-05,1630934,Σπιτικές Τυρόπιτες MY GLUTEN FREE DAY με Φέτα ΠΟΠ Χωρίς γλουτένη 5τεμ 500g,8.2
2025-06-05,1511495,Ψωμάκια Hirata Bao Buns CARDINAL 400g,6.4
2025-06-05,5027453,Πατάτες MCCAIN Tradition Vegan 1kg,4.37
2025-06-05,6833552,Φασολάκια Πλατιά IFANTIS 1kg,2.62
2025-06-05,1218272,Χυμός Ρόδι ΦΑΡΡΩΝ 1lt,5.98
2025-06-05,1224510,Χάμπουργκερ IFANTIS Απλά Γευστικό 8τεμ 640g,6.25
2025-06-05,1232986,ΜΑΡΑΤΑ Mini Παγωτό Κρέμας με γεύση Βανίλια &amp; Επικάλυψη Σοκολάτας σε ξυλάκι 30τεμ 600g,6.85
2025-06-05,1614715,DESINO Maxi Sandwich Stracciatella 4x90g 360g (520ml),3.9
2025-06-05,4057667,Φύλλο Κρούστας KANAKI 450g,2.35
2025-06-05,5378591,Σπιτική Χορτόπιτα ΧΡΥΣΗ ΖΥΜΗ με Σπανάκι Μυζήθρα Αντίδια &amp; Πράσο 850g,5.4
2025-06-05,1640398,Ροδέλες Θράψαλο PESCANOVA Ειρηνικού 400g,6.96
2025-06-05,1227395,Προϊόν Απομίμησης Αστακού 7 ΘΑΛΑΣΣΕΣ Εισαγωγής 250g,1.88
2025-06-05,1459032,Φυτικά Burger IFANTIS Esti Vegan 220g,4.77
2025-06-05,1572281,Σνίτσελ Λαχανικών VEGANACT με Superfoods Vegan 200g,2.7
2025-06-05,1534612,Τόνος Φιλέτο NORDIC SEAFOOD χωρίς δέρμα σε μερίδες 250g,5.6
2025-06-05,1590829,BONORA Παγωτό Αλμυρή Καραμέλα &amp; Βανίλια Χωρίς γλουτένη 1-1kg (2lt),6.5
2025-06-05,1299521,Συκώτια &amp; Καρδιές Κοτόπουλου ΠΙΝΔΟΣ Εγχώρια,2.99
2025-06-05,1456886,Γάμπαρη PESCANOVA Finest Selection Αργεντινής 400g,9.95
2025-06-05,6833487,Αρακάς IFANTIS 1kg,2.53
2025-06-05,1617564,ΣΚΛΑΒΕΝΙΤΗΣ Σορμπέ Παραγωγής μας Σοκολάτα 350g (500ml),3.9
2025-06-05,1630933,Πίτες για Σουβλάκι MY GLUTEN FREE DAY Vegan Χωρίς γλουτένη 5τεμ 500g,4.3
2025-06-05,5545033,Σπιτική Τυρόπιτα ΧΡΥΣΗ ΖΥΜΗ με Φέτα ΠΟΠ &amp; Κατίκι Δομοκού 850g,5.58
2025-06-05,1466126,BEN &amp; JERRY&#39;S Core Παγωτό Caramel Sutra 442g (465ml),4.83
2025-06-05,1471595,Φυτικά Λουκάνικα BEYOND Sausage Vegan 200g,5.8
2025-06-05,1221912,Μπακαλιάρος Ακέφαλος Εισαγωγής,7.13
2025-06-05,1578476,Ζύμη Κουρού KANAKI με Μαγιά 650g,3.05
2025-06-05,1609328,BONORA Παγωτό Βανίλια Χωρίς γλουτένη 550g (1lt),3.5
2025-06-05,1609327,BONORA Παγωτό Σοκολάτα Χωρίς γλουτένη 550g (1lt),3.5
2025-06-05,1649168,CORNETTO Παγωτό Χωνάκι Classico 6τεμ 360g (540ml),8.9
2025-06-05,1601589,Πατάτα Ογκρατέν ROYAL με Κρέμα Γάλακτος &amp; Τυρί Έμενταλ 4τεμ 400g,3.7
2025-06-05,1223913,Κεμπάπ ΥΨΗΣΤΟΝ 480g,6.65
2025-06-05,1390159,HAAGEN-DAZS Παγωτό Strawberry Cheesecake 400g (460ml),8.38
2025-06-05,1413896,Πίτσα ALFA Special 810g,7.0
2025-06-05,1250758,Μπουγάτσα Θεσσαλονίκης BAKER MASTER με Κρέμα 815g,4.95
2025-06-05,1506246,Φυτικά Μπιφτέκια UNCONVENTIONAL Vegan 220g,4.98
2025-06-05,1624082,TORRE Παγωτό Βανίλια &amp; Κακάο με Στέβια Χωρίς πρόσθετη ζάχαρη 500g (1lt),5.4
2025-06-05,1506947,MAGIC Double Παγωτό Gold Caramel Billionaire 303g (440ml),8.68
2025-06-05,1606405,BONORA Ξυλάκια Βανίλια με Επικάλυψη Σοκολάτας Γάλακτος 6τεμ 480g,5.25
2025-06-05,1562615,Βίδες με Μανιτάρια &amp; Καρότο ΜΠΑΡΜΠΑ ΣΤΑΘΗΣ Vegan 750g,4.46
2025-06-05,1614713,DESINO Joy Mochi Παγωτό με γεύση Βανίλια &amp; γέμιση Σιρόπι Φρούτα του Δάσους 6τεμ 180g,4.6
2025-06-05,1589268,PAW PATROL Παγωτό Ξυλάκι με γεύση Σοκολάτα &amp; Βανίλια 6τεμ 198g (360ml),3.2
2025-06-05,1221943,Χταπόδι Ολόκληρο Νο5 Εισαγωγής,26.65
2025-06-05,1224698,Φαγκρί Ολόκληρο Εισαγωγής,6.26
2025-06-05,3776705,Φύλλο Σφολιάτας KANAKI 800g,2.8
2025-06-05,1584262,MAGIC Mini Double Ξυλάκια Caramel Chocolate Χωρίς γλουτένη 6τεμ 282g (330ml),5.4
2025-06-05,1610296,Καλαμάρι PESCANOVA Κομμένο &amp; Καθαρισμένο Ινδίας 530g,8.48
2025-06-05,1302072,Τυρόπιτα ALFA Τσαλακωτή τύπου Πηλίου με Μυζήθρα &amp; Φέτα 850g,4.73
2025-06-05,1515266,Πίτσα GREAT VEGAN Greek Style Vegan 450g,3.85
2025-06-05,1129381,Αγκινάρες με Αρακά ΑΙΝΟΣ 1kg,5.2
2025-06-05,1455561,Γαρίδες Ολόκληρες Νο2 Ατλαντικού 425g,9.95
2025-06-05,1280300,Φύλλο Παραδοσιακό Ολικής Άλεσης ΧΑΒΕΛΑΣ Ζαγορίσιο 750g,3.98
2025-06-05,1250757,Μπουγάτσα Θεσσαλονίκης BAKER MASTER Χειροποίητη με Τυρί 450g,2.75
2025-06-05,1425657,Πατάτες MCCAIN Rustic Vegan 750g,4.5
2025-06-05,1225987,Σουπιά Ολόκληρη Εισαγωγής,11.16
2025-06-05,1615607,Κοτομπουκιές IFANTIS Barbeque 500g,6.45
2025-06-05,1584117,ΚΡΙ ΚΡΙ Master Mini Παγωτό Ξυλάκι Κακάο με Επικάλυψη Σοκολάτας Γάλακτος 0% προσθήκη ζάχαρης 8τεμ 280g,8.4
2025-06-05,1226013,Μπαρμπούνια Ολόκληρα Εισαγωγής,6.32
2025-06-05,1470403,Κασερόπιτα ΧΡΥΣΗ ΖΥΜΗ Χορευτή 850g,6.1
2025-06-05,1558005,ΣΚΛΑΒΕΝΙΤΗΣ Παγωτό Παραγωγής μας Φιστικοβούτυρο &amp; Μπισκότο 550g (1lt),4.3
2025-06-05,1649869,Φιλέτο Ψαριού CAPTAIN IGLO με Τυρί Ένταμ &amp; Μυρωδικά 300g,6.78
2025-06-05,1649175,CORNETTO Παγωτό Χωνάκι Chocolate 6τεμ 360g (540ml),8.9
2025-06-05,1502941,Γύρος Φυτικός MEGA MEATLESS Vegan Χωρίς γλουτένη 330g,6.34
2025-06-05,1600828,Ζύμη Κουρού BAKER MASTER με Μαγιά 700g,3.1
2025-06-05,1614352,ALGIDA Sandwich Original 6τεμ 402g (600ml),8.9
2025-06-05,1506871,CALIPPO Supermix Γρανίτες Χωρίς γλουτένη 5τεμ 525g (525ml),4.33
2025-06-05,1628380,Πίτσα BAKER MASTER Vegetarian Λεπτή ζύμη 385g,3.7
2025-06-05,1117468,Ρολό Κοτόπουλο IFANTIS Γεμιστό Κατεψυγμένο,12.06
2025-06-05,1614404,NIRVANA Παγωτό Pralines &amp; Cream 549g (750ml),13.7
2025-06-05,1226269,ΣΚΛΑΒΕΝΙΤΗΣ Παγωτό Παραγωγής μας Παρφέ Βανίλια Χωρίς γλουτένη 300g (500ml),3.4
2025-06-05,1432423,MAGIC Double Παγωτό White Chocolate &amp; Cookies 300g (440ml),8.68
2025-06-05,1584263,CORNETTO Miniature Παγωτό Χωνάκι Chocolate Cacao &amp; Classico 10τεμ 190g (280ml),7.18
2025-06-05,9269382,Φύλλα Κρέπας CASTELLO 10τεμ 400g,3.92
2025-06-05,1226275,ΣΚΛΑΒΕΝΙΤΗΣ Παγωτό Παραγωγής μας Κρέμα με Μπισκότο &amp; Σοκολάτα 300g (500ml),3.4
2025-06-05,1226280,ΣΚΛΑΒΕΝΙΤΗΣ Παγωτό Παραγωγής μας Στρατσιατέλα Χωρίς γλουτένη 300g (500ml),3.4
2025-06-05,1519351,Κοτόπουλο Ελεύθερης Βοσκής ΠΙΝΔΟΣ,8.91
2025-06-05,1226268,ΣΚΛΑΒΕΝΙΤΗΣ Παγωτό Παραγωγής μας Παρφέ Σοκολάτα Χωρίς γλουτένη 300g (500ml),3.4
2025-06-05,1614309,MAGIC Mini Double Ξυλάκια Caramel Almond Gold Caramel Billionaire 6τεμ 282g (330ml),5.4
2025-06-05,1268643,BONORA Παγωτό Καϊμάκι Χωρίς γλουτένη 1-1kg (2lt),6.5
2025-06-05,1649172,ALGIDA Twister Mini Pineapple Ανανάς Φράουλα Λεμόνι 8τεμ 312g (400ml),6.98
2025-06-05,1609330,BONORA Παγωτό Καϊμάκι Χωρίς γλουτένη 550g (1lt),3.5
2025-06-05,1466048,DESINO Παγωτό Χωνάκι Κακάο Φιστίκι 6τεμ 384g (720ml),3.68
2025-06-05,1534840,Κοτομπουκιές Γεμιστές MEGAS YEEROS 340g\t,5.2
2025-06-05,1221414,Γάμπαρη Ολόκληρη Νο3 Αργεντινής 1kg,12.9
2025-06-05,1476007,Πίτσα Σκεπαστή ΓΙΑΝΝΙΩΤΗ 850g,7.0
2025-06-05,1376547,BONORA Παγωτό Βανίλια Σοκολάτα Χωρίς γλουτένη 1-1kg (2lt),5.4
2025-06-05,1501296,Γαρίδες Γίγας PESCANOVA Βρασμένες Αποφλοιωμένες με oυρά Ινδο Ειρηνικού 350g,9.95
2025-06-05,1204216,Φύλλο Παραδοσιακό KANAKI Χοντρό 650g,2.35
2025-06-05,1649162,BEN &amp; JERRY&#39;S Παγωτό Sweet Mango Memories 413g (465ml),4.83
2025-06-05,1402941,BONORA Παγωτό Παρφέ Βανίλια &amp; Σοκολάτα Χωρίς γλουτένη 1-1kg (2lt),6.5
2025-06-05,1623707,ALOMA Παγωτό Βανίλια Κακάο 1455g (3lt),15.9
2025-06-05,6714802,Προϊόν Απομίμησης Γαρίδας 250g,1.88
2025-06-05,1630935,Σπιτικές Σπανακόπιτες MY GLUTEN FREE DAY με Φέτα ΠΟΠ Χωρίς γλουτένη 5τεμ 500g,8.2
2025-06-05,1520668,DESINO Παγωτό Βανίλια Κακάο Φράουλα Φιστίκι 1-5kg (3lt) ,5.65
2025-06-05,1649167,ALGIDA Classic Mix 6τεμ 372g (482ml),4.3
2025-06-05,5695366,Φύλλο Βηρυτού KANAKI 450g,2.92
2025-06-05,1610311,Γάμπαρη Γίγας PESCANOVA Finest Selection Αργεντινής 500g,12.98
2025-06-05,1332696,Τυροκροκέτες JUST HOT 350g,4.22
2025-06-05,1226288,ΣΚΛΑΒΕΝΙΤΗΣ Παγωτό Παραγωγής μας Βανίλια Χωρίς γλουτένη 550g (1lt),5.8
2025-06-05,1612252,MAGNUM Over Mini Sandwich 6τεμ 348g (360ml),11.05
2025-06-05,1455564,Γαρίδες Ολόκληρες Νο4 Ατλαντικού 425g,7.9
2025-06-05,1226285,ΣΚΛΑΒΕΝΙΤΗΣ Παγωτό Παραγωγής μας Παρφέ Σοκολάτα Χωρίς γλουτένη 550g (1lt),5.8
2025-06-05,1520577,DESINO Παγωτό Βανίλια Κακάο Καραμέλα Μπανάνα 1-5kg (3lt) ,5.65
2025-06-05,4057287,Ζύμη Κουρού KANAKI 450g,3.2
2025-06-05,1226565,DESINO Παγωτό Βανίλια Κακάο Φράουλα 1kg (2lt),4.35
2025-06-05,1614484,ΚΡΙ ΚΡΙ Greek Frozen Yogurt Παγωτό Ξυλάκι Strawberry Peach 8τεμ 280g,7.9
2025-06-05,1227410,Χταπόδι Ολόκληρο Νο4 Εισαγωγής,37.4
2025-06-05,4057584,Φύλλο Καταΐφι KANAKI 450g,3.57
2025-06-05,1226263,ΣΚΛΑΒΕΝΙΤΗΣ Παγωτό Παραγωγής μας Καϊμάκι Χωρίς γλουτένη 550g (1lt),5.8
2025-06-05,1431294,BONORA Παγωτό Βανίλια Σοκολάτα Φράουλα Χωρίς γλουτένη 1-1kg (2lt),5.4
2025-06-05,1645160,Γαρίδες Παναρισμένες Panko Tempura 7 ΘΑΛΑΣΣΕΣ Αποφλοιωμένες με ουρά 200g,5.95
2025-06-05,1402946,ΣΚΛΑΒΕΝΙΤΗΣ Παγωτό Παραγωγής μας Φιστίκι Χωρίς γλουτένη 300g (500ml),3.9
2025-06-05,1593418,MILKA Lava Cake Σουφλέ με Σοκολάτα Γάλακτος 2x90g,4.98
2025-06-05,1614371,MAGIC Mini Collection Ξυλάκια Chocolate &amp; Crunchy Cookies White Chocolate &amp; Cookies 6τεμ 270g (330ml),5.4
2025-06-05,1226272,ΣΚΛΑΒΕΝΙΤΗΣ Παγωτό Παραγωγής μας Κρέμα με Μπισκότο &amp; Σοκολάτα 550g (1lt),5.8
2025-06-05,1226276,ΣΚΛΑΒΕΝΙΤΗΣ Παγωτό Παραγωγής μας Παρφέ Βανίλια Χωρίς γλουτένη 550g (1lt),5.8
2025-06-05,1402938,ΣΚΛΑΒΕΝΙΤΗΣ Παγωτό Παραγωγής μας Φράουλα Βατόμουρο Χωρίς γλουτένη 300g (500ml),3.9
2025-06-05,1614399,NIRVANA Παγωτό Chocolate &amp; Choco Chips 578g (750ml),13.7
2025-06-05,1226568,DESINO Παγωτό Βανίλια Σοκολάτα 1kg (2lt),3.0
2025-06-05,1268646,ΚΡΙ ΚΡΙ Heartmade Παγωτό Βανίλια &amp; Σιρόπι Φράουλας 0% Ζάχαρη 750g (1-5lt),9.2
2025-06-05,1595460,Γαρίδες Μαριναρισμένες NORDIC SEAFOOD με Σκόρδο 200g,5.35
2025-06-05,1592657,WOWCHI Mochi με Γέμιση Παγωτό Μάνγκο Χωρίς γλουτένη 6x32g,7.9
2025-06-05,1568297,Σπιτικά Τρίγωνα ΧΡΥΣΗ ΖΥΜΗ με Σπανάκι Αντίδια Πράσο &amp; Μυζήθρα 700g,5.98
2025-06-05,1614381,NIRVANA Παγωτό Cookies &amp; Cream 538g (750ml),13.7
2025-06-05,1390162,HAAGEN-DAZS Παγωτό Vanilla Χωρίς γλουτένη 400g (460ml),8.38
2025-06-05,1595465,Ορεκτικά με Γαρίδες &amp; Γλυκόξινη Σάλτσα NORDIC SEAFOOD 230g,5.45
2025-06-05,1614355,MAGIC Double Sunlover Παγωτό White Chocolate Mango Sauce Coconut 311g (440ml),8.68
2025-06-05,1232988,ΜΑΡΑΤΑ Mini Παγωτό Κρέμας με γεύση Βανίλια Επικάλυψη Σοκολάτας &amp; Καραμελωμένα Φιστίκια σε χωνάκι 10τεμ 400g,6.75
2025-06-05,4220992,ΚΡΙ ΚΡΙ Master Παγωτίνια με Σοκολάτα Γάλακτος Ίον 8τεμ 280g,7.9
2025-06-05,1649666,PLAN(E)T Protein Παγωτό Chocolate &amp; Peanut Butter Praline Vegan Χωρίς λακτόζη Χωρίς προσθήκη ζάχαρης 250g (420ml),5.75
2025-06-05,1226266,ΣΚΛΑΒΕΝΙΤΗΣ Παγωτό Παραγωγής μας Σοκολάτα Χωρίς γλουτένη 550g (1lt),5.8
2025-06-05,1045701,ΕΒΓΑ Τα Κλασικά Παγωτό Καϊμάκι Πολίτικο 570g (900ml),8.98
2025-06-05,1649868,Φιλέτο Ψαριού CAPTAIN IGLO με Σπανάκι 300g,6.78
2025-06-05,1357526,Συκωταριά Αρνίσια Νέας Ζηλανδίας,8.06
2025-06-05,1592659,WOWCHI Mochi με Γέμιση Παγωτό Μαύρη Σοκολάτα Vegan Χωρίς γλουτένη 6x32g,7.9
2025-06-05,1630998,Φυτικά No Chicken Nuggets VEGANO GEN Vegan 360g,6.55
2025-06-05,1584364,NUII Mini Adventure Ξυλάκια Texan Pecan &amp; New York Cookies &amp; Cream 6τεμ 255g (330ml),7.7
2025-06-05,1388746,CORNETTO Παγωτό Χωνάκι Classico Vegan Χωρίς γλουτένη 4τεμ 240g (360ml),7.58
2025-06-05,1590833,SNICKERS Παγωτοσοκολάτες 6τεμ 270g (301-8ml),9.5
2025-06-05,1506913,CORNETTO Soft Παγωτό Χωνάκι Chocolatey 4τεμ 324g (560ml),8.9
2025-06-05,1649170,MAGIC Mini Παγωτό Ξυλάκι Classic Almond &amp; White Chocolate Χωρίς γλουτένη 8τεμ 336-8g (440ml),5.4
2025-06-05,1648876,NIRVANA Παγωτό Rasberry Truffle 313g (420ml),8.78
2025-06-05,1614369,CORNETTO Soft Παγωτό Χωνάκι Stracciatella &amp; Caramel 4τεμ 324g (560ml),8.9
2025-06-05,1501458,Σάλτσα Ποικιλίας Θαλασσινών ARBI με Καραβίδες &amp; Μύδια Χωρίς γλουτένη 450g ,5.95
2025-06-05,4998852,Έντερα Αρνίσια Ισπανίας ,18.62
2025-06-05,1506358,Sushi NORDIC SEAFOOD 250g,5.75
2025-06-05,1151255,Γαρίδες Vannamei Βρασμένες Ολόκληρες 40/60 Εισαγωγής 500g,8.75
2025-06-05,1590842,MARS Παγωτοσοκολάτες 6τεμ 240g (297ml),9.5
2025-06-05,1614477,ΚΡΙ ΚΡΙ Greek Frozen Yogurt Παγωτό Sour Cherry 320g (450ml),3.93
2025-06-05,1631000,Φυτικά No Chicken Balls VEGANO GEN Vegan 360g,6.45
2025-06-05,1227448,Χταπόδι Ολόκληρο Νο3 Εισαγωγής,46.2
2025-06-05,4998787,Συκωταριά Αρνίσια Ισπανίας,9.04
2025-06-05,1631002,Φυτικά Νο Fish Sticks VEGANO GEN Vegan 360g,6.12
2025-06-05,1647750,DESINO Soft Παγωτό Χωνάκι Vanilla 4τεμ 324g (560ml),4.45
2025-06-05,1226284,ΣΚΛΑΒΕΝΙΤΗΣ Παγωτό Παραγωγής μας Στρατσιατέλα Χωρίς γλουτένη 550g (1lt),5.8
2025-06-05,1592656,WOWCHI Mochi με Γέμιση Παγωτό Βανίλια &amp; Ξηρούς Καρπούς Χωρίς γλουτένη 6x32g,7.9
2025-06-05,1226063,Καβούρια Εισαγωγής,10.68
2025-06-05,1595457,Γαρίδες Πικάντικες NORDIC SEAFOOD σε στικ 250g,6.45
2025-06-05,1614481,ΚΡΙ ΚΡΙ Greek Frozen Yogurt Παγωτό Salted Caramel 320g (450ml),3.93
2025-06-05,1630993,Φυτικά Νο Chicken Sticks VEGANO GEN Vegan 360g,6.55
2025-06-05,4221016,ΚΡΙ ΚΡΙ Master Παγωτίνια με Επικάλυψη Σοκολάτας Γάλακτος Αμυγδάλου Ίον 8τεμ 280g,7.9
2025-06-05,1501462,Σάλτσα με Ποικιλία Θαλασσινών ARBI Χωρίς γλουτένη 450g,5.95
2025-06-05,1584368,NUII Mini Adventure Ξυλάκια Australian Macadamia &amp; Nordic Berry Χωρίς γλουτένη 6τεμ 253g (330ml),7.7
2025-06-05,1634364,Γύρος Μεξικάνικος Al Pastor MEGAS YEEROS Χωρίς γλουτένη 330g,5.96
2025-06-05,1649661,PLAN(E)T Παγωτό Strawberry Cheesecake Vegan Χωρίς λακτόζη Χωρίς προσθήκη ζάχαρης 250g,5.75
2025-06-05,1223914,Κυπριακή Σεφταλιά ΥΨΗΣΤΟΝ 500g,5.3
2025-06-05,1501609,Χταπόδι Πλοκάμι Μεγάλο Εισαγωγής,13.75
2025-06-05,1180288,TWIX Παγωτoσοκολάτες 6τεμ 6x34g,9.5
2025-06-05,1593420,TOBLERONE Cheesecakes 2x85g,4.98
2025-06-05,1596619,WOWCHI Mochi με Γέμιση Παγωτό Φουντούκι Χωρίς γλουτένη 6x29g,7.9
2025-06-05,1505464,Γαρίδες Ολόκληρες Νο0 Ατλαντικού 425g,14.75
2025-06-05,1610867,NIRVANA Παγωτό Brownies &amp; Salted Caramel 302g (420ml),8.08
2025-06-05,1623704,ALOMA Παγωτό Κακάο Μπισκότο Φουντούκι 1455g (3lt),15.9
2025-06-05,1623705,ALOMA Παγωτό Κακάο Βανίλια Φράουλα 1455g (3lt),15.9
2025-06-05,6231559,ALOMA Παγωτό Παρφέ Βανίλια Σοκολάτα 1010g (1900ml),18.2
2025-06-05,1455074,Χτένια μισό Κέλυφος Εισαγωγής 450g,9.8
2025-06-05,1401849,SCHAR Παγωτό Χωνάκι με Κρέμα &amp; Σοκολάτα Χωρίς γλουτένη 6τεμ 420g (510ml),9.98
2025-06-05,1649158,ΕΒΓΑ Παγωτό Κακάο Βανίλια Φράουλα 1350g (2700ml),14.9
2025-06-05,1649667,PLAN(E)T Ξυλάκια Triple Chocolate &amp; Holy Bueno Vegan Χωρίς λακτόζη 225g (350ml),6.95
2025-06-05,1614358,SCANDAL Παγωτό Caramel Secrets 510g (850ml),6.55
2025-06-05,1649206,ΚΡΙ ΚΡΙ Heartmade Παγωτό Βανίλια Κακάο Φράουλα &amp; Φιστίκι 1-5kg (3lt),13.3
2025-06-05,1649657,PLAN(E)T Παγωτό Triple Chocolate Vegan Χωρίς Λακτόζη 250g (420ml),5.75
2025-06-05,1648875,NUII Mini Adventure Ξυλάκια Indian Combo &amp; New Zeland Honey Χωρίς γλουτένη 6τεμ 264g (330ml),7.7
2025-06-05,1649209,ΚΡΙ ΚΡΙ Heartmade Παγωτό Αγριοκέρασο 750g (1500ml),9.25
2025-06-05,1648503,ΚΡΙ ΚΡΙ Greek Frozen Yoghurt Παγωτό Hazelnut 320g (450ml),6.58
2025-06-05,1649660,PLAN(E)T Παγωτό Holy Bueno με Πραλίνα Φουντουκιού &amp; Κακάο Vegan Χωρίς λακτόζη 250g (420ml),5.75
2025-06-05,7017684,Μπόλιες Αμνοεριφίων Ισπανίας,12.06
2025-06-05,1649148,ΕΒΓΑ Παγωτό Peanut &amp; Banana 442g (825ml),7.68
2025-06-05,1649204,ΚΡΙ ΚΡΙ Heartmade Παγωτό Βανίλια &amp; Κακάο 1-5kg (3lt),13.3
2025-06-05,1614393,NIRVANA Παγωτό Pralines &amp; Cream 310g (420ml),8.78
2025-06-05,1614390,NIRVANA Παγωτό Chocolate &amp; Choco Chips 322g (420ml),8.78
2025-06-05,1624084,TORRE Παγωτό Βανίλια Super Foods 500g (1lt),5.4
2025-06-05,1649211,ΚΡΙ ΚΡΙ Heartmade Παγωτό Βανίλια Φράουλα Πραλίνα &amp; Μπισκότο 1-5kg (3lt),13.3
2025-06-05,1501390,Χταπόδι Μαγειρεμένο κομμένο Εισαγωγής 200g,9.5
2025-06-05,1654061,Φυτικά Κεφτεδάκια με Πατάτες Νάξου ΜΠΑΡΜΠΑ ΣΤΑΘΗΣ 360&#176; Meal Vegan 420g,5.96
2025-06-05,1649205,ΚΡΙ ΚΡΙ Heartmade Παγωτό Βανίλια Κακάο Καραμέλα &amp; Μπανάνα 1-5kg (3lt),13.3
2025-06-05,1649220,ΚΡΙ ΚΡΙ Heartmade Παγωτό Βανίλια Κακάο &amp; Φράουλα 1-5kg (3lt),13.3
2025-06-05,1393598,BOSS Mini Collection Παγωτό Ξυλάκι 8τεμ 273g (400ml),10.98
2025-06-05,1584406,HAAGEN-DAZS Pierre Herm&#232; Παγωτό Macaron Double Chocolate Ganache 360g (420ml),8.58
2025-06-05,1649153,ΕΒΓΑ Παγωτό Φουντούκι Κακάο Μπισκότο 1350g (2700ml),14.9
2025-06-05,1614372,SCANDAL Παγωτό Choco Orgy 482g (850ml),6.55
2025-06-05,1614400,NIRVANA Παγωτό Cookies &amp; Cream 302g (420ml),8.78
2025-06-05,1464645,Καραβίδες Oλόκληρες 13/16 Εισαγωγής 700g,19.5
2025-06-05,1225816,Γαλοπούλα RONSARD μικρή Γαλλίας ,14.88
2025-06-05,1630600,ΣΚΛΑΒΕΝΙΤΗΣ Παγωτό Παραγωγής μας Πεπόνι Χωρίς γλουτένη 300g (500ml),3.4
2025-06-05,1649214,ΚΡΙ ΚΡΙ Heartmade Παγωτό Cookies &amp; Cream 750g (1500ml),5.49
2025-06-05,1614380,NIRVANA Παγωτό Cookie Dough 302g (420ml),8.78
2025-06-05,1649146,ΕΒΓΑ Παγωτό Βανίλια 0% Χωρίς προσθήκη ζάχαρης 500g (1000ml),7.5
2025-06-05,1225817,Γαλοπούλα RONSARD μεσαία Γαλλίας,18.14
2025-06-05,1358537,Γαρίδες Γίγας Ολόκληρες 5/10 Ατλαντικού,17.0
2025-06-05,1649216,ΚΡΙ ΚΡΙ Heartmade Παγωτό Stracciatella 750g (1500ml),5.49
2025-06-05,1226035,Αστακός Εισαγωγής,36.1
2025-06-05,1225818,Γαλοπούλα RONSARD μεγάλη Γαλλίας ,21.86
2025-06-05,1623687,ΕΒΓΑ Παγωτό Cookies &amp; Cream 457g (825ml),7.68
2025-06-05,1649161,ΕΒΓΑ Παγωτό Μπανάνα Κακάο Καραμέλα 1350g (2700ml),14.9
2025-06-05,1638197,Καραβίδες Ολόκληρες 4/8 Εισαγωγής 750g,26.0
2025-06-05,1654051,Φυτικά Κεφτεδάκια με Ρύζι &amp; Λαχανικά ΜΠΑΡΜΠΑ ΣΤΑΘΗΣ 360&#176; Meal Vegan 420g,5.96
2025-06-05,1654510,Φασόλια Σόγιας Edamame SHIRAKIKU 400g,3.35
2025-06-05,1215785,ALFA Απιονισμένο Νερό 4lt,1.15
2025-06-05,1199607,CAMPER GAZ Φιαλίδιο Υγραερίου 190g,1.25
2025-06-05,1290486,DROLIO Συλλέκτης Υγρασίας Κρεμάστρα Λεβάντα 210g,1.32
2025-06-05,1245621,MASTER ENERGY Αλκαλικές Μπαταρίες AA 4τεμ,2.35
2025-06-05,9945098,ΕΛ ΓΚΡΕΚΟ Φιαλίδιο Υγραερίου Cv 470 Plus Μπεζ,6.95
2025-06-05,1221655,DROLIO Συλλέκτης Υγρασίας Ανταλλακτικό 400g,0.98
2025-06-05,1224290,DROLIO Συλλέκτης Υγρασίας 230g,1.25
2025-06-05,1245619,MASTER ENERGY Αλκαλικές Μπαταρίες AAA 4τεμ,2.35
2025-06-05,1228695,ΕΞΩΚΚΛΗΣΙ Καρβουνάκι Κασετίνα Μεγάλη 2Χ6τεμ,1.06
2025-06-05,1223806,POLY-BAG Σακούλες Χαλιών 0-50x5m,0.76
2025-06-05,1382751,Αεροστεγής Θήκη Φύλαξης Ρούχων 70x110cm,1.8
2025-06-05,1497973,POLY-BAG Σακούλες για Παλτά &amp; Φορεμάτα 4τεμ,0.76
2025-06-05,1382750,Αεροστεγής Θήκη Φύλαξης Ρούχων 65x85cm,1.6
2025-06-05,8719403,CAJOLINE Intense Φακελάκια Φρεσκάδας Blue Fresh 3τεμ,2.6
2025-06-05,1409182,Πέλλετ Ξύλου Plus A1 15kg,6.8
2025-06-05,1273444,KITTEN Αποχνουδωτής Ρολό 75 φύλλων Aνταλλακτικό 2τεμ,1.32
2025-06-05,1473811,ΕΛ ΓΚΡΕΚΟ Φιαλίδιο Υγραερίου Cv 470 Plus Λευκό,6.95
2025-06-05,1498278,POLY-BAG Σακούλες για Κουστούμια 5τεμ,0.76
2025-06-05,1290484,DROLIO Συλλέκτης Υγρασίας Κρεμάστρα 210g,1.32
2025-06-05,1630393,SOUPLINE Mistral Αρωματικό Σπρέι Υφασμάτων Vegan 300ml,4.48
2025-06-05,1220647,LION Κεριά Ρεσώ Premium Λευκά 50τεμ,3.2
2025-06-05,1273238,KITTEN Αποχνουδωτής Ρολό 75 φύλλων,0.98
2025-06-05,1253068,KITTEN Μανταλάκια Χρωματιστά 18τεμ,1.25
2025-06-05,1199600,CAMPER GAZ Φιαλίδιο Υγραερίου με βαλβίδα 500g,4.65
2025-06-05,1241653,LION Κεριά Ρεσώ Λευκά 50τεμ,6.7
2025-06-05,6079578,ΕΛ ΓΚΡΕΚΟ Φιαλίδιο Υγραερίου Cv 470 Plus Μαύρο,6.95
2025-06-05,1267725,KITTEN Μανταλάκια Style Χρωματιστά 18τεμ,1.9
2025-06-05,9285552,SOUPLINE Αρωματικά Φακελάκια για Ντουλάπες Φρεσκάδα Εξοχής 3τεμ,2.98
2025-06-05,1226228,OSKAR Λεβάντα 12τεμ,1.8
2025-06-05,1179804,AROXOL Full Season Σκοροκτόνο Τζελ με &#39;Αρωμα Λεβάντας 12τεμ,7.18
2025-06-05,1222531,DRAGON Προσάναμμα Παραφίνης 32τεμ,1.5
2025-06-05,3257631,BIC Megalighter Design Αναπτήρας ,3.4
2025-06-05,1222615,TESA Pack Basic Ταινία Συσκευασίας Διάφανη 66mx50mm,2.5
2025-06-05,1144177,CAMPINGAZ Φιαλίδιο Υγραερίου C206 Gls 190g,1.98
2025-06-05,1221646,DROLIO Συλλέκτης Υγρασίας με 2 Ανταλλακτικά 800g,2.4
2025-06-05,1219751,AROXOL Dual Action Εντομοκτόνο για Κατσαρίδες &amp; Κουνούπια 300ml,2.05
2025-06-05,1407270,LAGUELLE Κρεμάστρες Αντιολισθητικές 2τεμ,3.0
2025-06-05,1243875,DRAGON Προσάναμμα Πεπιεσμένου Ξύλου 32τεμ,1.1
2025-06-05,9904111,GLADE Αρωματικό Χώρου Σπρέι Μανόλια Βανίλια 300ml,4.74
2025-06-05,1524134,EUROGOLD Απλώστρα Μεταλλική 18m,14.0
2025-06-05,4447439,FINO Λεβάντα 15g,1.45
2025-06-05,1241612,LION Κερί Διαρκείας 4 Ημερών Σ020,1.95
2025-06-05,8766362,AIRWICK Essential Oils Αρωματικό Χώρου Ηλεκτρικής Συσκευής Βανίλια &amp; Άνθη Λευκού Τσαγιού Ανταλλακτικό 19ml,5.08
2025-06-05,1247551,LIBERTY Φίλτρο Απορροφητήρα 45x75cm,1.7
2025-06-05,1267726,KITTEN Μανταλάκια Ξύλινα 24τεμ,0.95
2025-06-05,1642067,BIC Maxi Αναπτήρες Διάφορα χρώματα 2τεμ,2.5
2025-06-05,1225064,ΕΞΩΚΚΛΗΣΙ Μοσχολίβανο Κασετίνα 25g,0.85
2025-06-05,4317541,MERITO Βοηθητικό Σιδερώματος Σπρέι 500ml,3.55
2025-06-05,1267286,TEZA Εντομοκτόνο Σπρέι για Κατσαρίδες &amp; Μυρμήγκια Χωρίς άρωμα 300ml,2.87
2025-06-05,1228690,ΕΞΩΚΚΛΗΣΙ Φυτιλάκι Μελισσοκέρι 15g,0.87
2025-06-05,1268707,RAID Μυρμηγκοκτόνο Δόλωμα 1τεμ,3.48
2025-06-05,1241650,AURA Αρωματικά Κεριά Ρεσώ Vanilla 30τεμ,3.9
2025-06-05,1393815,AFROSO Fresh Αρωματικό Χώρου Σπρέι Άνθη Βανίλιας Ανταλλακτικό 15ml,2.86
2025-06-05,1098605,TESA Standard Χαρτοταινία 50mx30mm,2.9
2025-06-05,1437671,GOLD LIGHT Λάδι Λάμπας 1lt,3.5
2025-06-05,1467317,ΕΛ ΓΚΡΕΚΟ Φιαλίδιο Υγραερίου Cv 300 Plus 240g,4.64
2025-06-05,2424505,AROXOL Mec Instant Εντομοκτόνο Σπρέι  για Κατσαρίδες &amp; Μυρμήγκια Άοσμο 400ml,4.15
2025-06-05,1290392,PYROX Spiral Active Εντομοαπωθητικές Σπείρες για Κουνούπια &amp; Κουνούπι Τίγρης 10τεμ,1.89
2025-06-05,1221734,AIRWICK Essential Oils Αρωματικό Χώρου Αυτόματης Συσκευής Διάχυσης Μανόλια &amp; Άνθη Κερασιάς Ανταλλακτικό 250ml,6.47
2025-06-05,5128111,FEGO Green Σκοροαπωθητικό για Συρτάρια &amp; Ντουλάπες Λεβάντα 6τεμ,3.42
2025-06-05,6188742,AIRWICK Essential Oils Αρωματικό Χώρου Αυτόματης Συσκευής Διάχυσης Βανίλια &amp; Ορχιδέα Ανταλλακτικό 250ml,6.47
2025-06-05,1519303,MASTER LIGHT Λαμπτήρας Led Θερμό Φως 11W E27,3.6
2025-06-05,1467621,AROXOL Pure &amp; Strong Εντομοαπωθητικό Υγρό Σετ 30 νύχτες,4.3
2025-06-05,1268710,KITTEN Καλαθάκι για Μανταλάκια,1.0
2025-06-05,1241451,Τσάντα Πολλαπλών Χρήσεων Jean,0.78
2025-06-05,1117693,GLADE Αρωματικό Χώρου Αυτόματο Σπρέι Sensual Sandalwood &amp; Jasmine Ανταλλακτικό 269ml,7.58
2025-06-05,1650677,BAYGON Εντομοαπωθητικό Υγρό 120 Νύχτες ανταλλακτικό 2X36ml ,4.34
2025-06-05,1225350,AURA Αρωματικά Κεριά Ρεσώ Cinnamon 30τεμ,3.9
2025-06-05,1194146,BOSS Ναφθαλίνη 80g,2.68
2025-06-05,1269974,VAPONA Παγίδα Σκόρου Τροφίμων 3τεμ,3.65
2025-06-05,1267728,KITTEN Σχοινί Απλώματος Ενισχυμένο 20m,1.35
2025-06-05,1134075,RAID Σκοροκτόνο Τζελ Λεβάντα 6τεμ,3.98
2025-06-05,1524412,VAM GAS Υγραέριο για Αναπτήρες 250ml,1.7
2025-06-05,1195542,CAMEL Σφουγγαράκι Γυαλίσματος Παπουτσιών Διάφανο,3.77
2025-06-05,1519302,MASTER LIGHT Λαμπτήρας Led Ψυχρό Φως 11W E27,3.6
2025-06-05,1229691,ΣΚΛΑΒΕΝΙΤΗΣ Λιβάνι Εισαγωγής 25g,0.65
2025-06-05,1628184,ΕΛ ΓΚΡΕΚΟ Φιαλίδιο Υγραερίου Cv 470 Plus Ματζέντα,6.95
2025-06-05,1222530,Ξυλοκάρβουνα 5kg,6.2
2025-06-05,1230742,MISTER MAGIC Ovetto Αποσμητικό Ψυγείου,2.98
2025-06-05,1066548,GLADE Touch &amp; Fresh Αρωματικό Χώρου Sandalwood &amp; Jasmin Ανταλλακτικό 10ml,4.58
2025-06-05,1425181,GLADE Touch &amp; Fresh Αρωματικό Χώρου Ocean Adventure Aνταλλακτικό 10ml,4.58
2025-06-05,1465516,BOTANICA Αρωματικό Κερί Βανίλια &amp; Μανόλια Ιμαλαΐων,7.8
2025-06-05,1052673,VILEDA Rapid Σιδερόπανο,7.9
2025-06-05,6848311,AIRWICK Essential Oils Ηλεκτρική Συσκευή Διάχυσης Αρωματικού Χώρου Βανίλια &amp; Άνθη Λευκού Τσαγιού &amp; Ανταλλακτικό,5.98
2025-06-05,1445249,GLADE Scented Oil Αρωματικό Χώρου Ηλεκτρικό Romantic Vanilla Blossom Ανταλλακτικό 20ml,5.88
2025-06-05,1465520,BOTANICA Αρωματικό Κερί Βετιβέρ Καραϊβικής &amp; Σανδαλόξυλο,7.8
2025-06-05,4611497,SAMBA Σιδερόπανο με Λάστιχο 50x140cm,3.4
2025-06-05,1393092,VAPONA Εντομοαπωθητικές Ταμπλέτες για Κουνούπια &amp; Κουνούπι Τίγρης 20τεμ +10 Δώρο,2.8
2025-06-05,1586391,AROXOL Care &amp; Protect Απωθητική Λοσιόν Σώματος για Κουνούπια &amp; Σκνίπες 100ml,3.84
2025-06-05,1145861,AIRWICK Essential Oils Αρωματικό Χώρου Ηλεκτρικής Συσκευής Άνθη Λεβάντας Ανταλλακτικό 19ml,5.08
2025-06-05,1047941,BIC Megalighter Relax Αναπτήρας,3.95
2025-06-05,1467366,BOSS Καμφορά 12τεμ,2.47
2025-06-05,1245624,MASTER ENERGY Αλκαλική Μπαταρία Πλακέ 9Volt,2.6
2025-06-05,1222616,TESA Pack Basic Ταινία Συσκευασίας Καφέ 66mx50mm,2.5
2025-06-05,6848204,AIRWICK Essential Oils Αυτόματη Συσκευή Διάχυσης Αρωματικού Χώρου Βανίλια &amp; Ορχιδέα &amp; Ανταλλακτικό,7.5
2025-06-05,3195385,RAID Κατσαριδοκτόνο Δόλωμα 6τεμ,5.82
2025-06-05,1066559,CAMEL Βερνίκι Παπουτσιών Υγρό Μαύρο 75ml,3.38
2025-06-05,5461512,AROXOL Plus Εντομοκτόνο Σπρέι 300ml,2.59
2025-06-05,1250326,PHILIPS Λαμπτήρας Led Θερμό Φως Σφαιρικό 4-9-40W E14,3.5
2025-06-05,1631992,AIRWICK Active Fresh Αρωματικό Χώρου Σπρέι Soft Cotton 237ml,4.97
2025-06-05,1299256,GLADE Αρωματικό Χώρου Αυτόματο Σπρέι Romantic Vanilla Blossom Ανταλλακτικό 269ml,7.58
2025-06-05,1650676,BAYGON Εντομοαπωθητικό Υγρό για 60 Νύχτες Σετ 36ml,4.28
2025-06-05,1268446,TEZA Εντομοαπωθητικές Ταμπλέτες 30τεμ,1.94
2025-06-05,1267054,TEZA Extra Εντομοκτόνο Σπρέι για Κατσαρίδες &amp; Μυρμήγκια 400ml ,3.12
2025-06-05,1133728,BAYGON Crawling Εντομοκτόνο Σπρέι για Κατσαρίδες &amp; Μυρμήγκια 400ml,3.2
2025-06-05,6188684,AIRWICK Essential Oils Αρωματικό Χώρου Αυτόματης Συσκευής Διάχυσης Λεβάντα &amp; Χαμομήλι Ανταλλακτικό 250ml,6.47
2025-06-05,1245622,MASTER ENERGY Αλκαλικές Μπαταρίες C 2τεμ,2.6
2025-06-05,1582364,AIRWICK Essential Mist Συσκευή Διάχυσης Αρωματικού Χώρου με Άρωμα Βανίλιας &amp; Καστανής Ζάχαρης &amp; Ανταλλακτικό,8.8
2025-06-05,1221874,HAPPY FEET Πάτοι Παπουτσιών Νο39,1.4
2025-06-05,1245623,MASTER ENERGY Αλκαλικές Μπαταρίες D 2τεμ,2.6
2025-06-05,1550820,TAI After Bite Rollon για μετά το Τσίμπημα με Αμμωνία 15ml,1.0
2025-06-05,1586397,TAI New Εντομοαπωθητικές Ταμπλέτες 30τεμ ,2.08
2025-06-05,1179750,AROXOL Εντομοκτόνο Σπρέι για Μυρμήγκια 250ml,2.48
2025-06-05,1394476,AFROSO Fresh Αρωματικό Χώρου Σπρέι Άνθη Βανίλιας Σετ 15ml,3.98
2025-06-05,1221861,HAPPY FEET Πάτοι Παπουτσιών Νο37,1.4
2025-06-05,1628182,ΕΛ ΓΚΡΕΚΟ Φιαλίδιο Υγραερίου Cv 470 Plus Μοβ,6.95
2025-06-05,1134078,RAID Εντομοαπωθητικό Υγρό για 30 Νύχτες Σετ,3.24
2025-06-05,4066197,ΗΛΕΜ Ταινία Μονωτική Μεγάλη Νο 21Ν,1.1
2025-06-05,3417227,ΗΛΕΜ Πολύπριζο Σούκο 3 Θέσεων με Διακόπτη 1-5m 3x1-5mm,5.9
2025-06-05,1221871,HAPPY FEET Πάτοι Παπουτσιών Νο38,1.4
2025-06-05,1221881,HAPPY FEET Πάτοι Παπουτσιών Νο40,1.4
2025-06-05,1434351,AROXOL Εντομοκτόνο για Ακάρεα &amp; Σκόρους 300ml,5.45
2025-06-05,1229398,FLERIANA Απωθητικό για Κατσαρίδες &amp; Μυρμήγκια 400ml,5.35
2025-06-05,1654572,AROXOL Liquid Prallethrin Εντομοκτόνο Υγρό για Κουνούπια &amp; Κουνούπι Τίγρης Ανταλλακτικό 2X45ml ,4.99
2025-06-05,1221858,HAPPY FEET Πάτοι Παπουτσιών Νο43,1.4
2025-06-05,1653236,TEZA Liquid Solution Εντομοαπωθητικό Υγρό Ανταλλακτικό για 120 Νύχτες 2X50ml ,4.16
2025-06-05,1221873,HAPPY FEET Πάτοι Παπουτσιών Νο44,1.4
2025-06-05,1221877,HAPPY FEET Πάτοι Παπουτσιών Νο45,1.4
2025-06-05,1235724,ΣΚΛΑΒΕΝΙΤΗΣ Ισοθερμική Τσάντα 51x49cm,1.6
2025-06-05,1219911,TEZA Universal Εντομοκτόνο Σπρέι για Ιπτάμενα &amp; Έρποντα 300ml,2.09
2025-06-05,1425249,GLADE Αρωματικό Χώρου Αυτόματο Σπρέι Sensual Sandalwood &amp; Jasmin Σετ,8.98
2025-06-05,1650681,RAID Εντομοαπωθητικό Υγρό 120 Νύχτες ανταλλακτικό 2X36ml ,4.64
2025-06-05,1221879,HAPPY FEET Πάτοι Παπουτσιών Νο41,1.4
2025-06-05,1550822,TAI After Bite Rollon για μετά το Τσίμπημα με Μενθόλη 15ml,1.0
2025-06-05,1653838,AROXOL Pure &amp; Strong Εντομοκτόνο Υγρό για Κουνούπια &amp; Κουνούπια Τίγρης Ανταλλακτικό 2X25ml ,5.46
2025-06-05,1445247,GLADE Scented Oil Αρωματικό Χώρου Ηλεκτρικό Romantic Vanilla Blossom Σετ  20ml,7.28
2025-06-05,1299258,GLADE Sense &amp; Spray Αρωματικό Χώρου Romantic Vanilla Blossom Ανταλλακτικό 18ml,5.34
2025-06-05,1650242,AROXOL Σκοροκτόνες Ταμπλέτες με Άρωμα Λεβάντας 20τεμ,2.46
2025-06-05,1444690,ENERGIZER Μπαταρίες Max 522 9Volt,5.7
2025-06-05,4216008,AIRWICK Essential Oils Αρωματικό Χώρου Stick Up Λεβάντα &amp; Χαμομήλι 2τεμ,6.98
2025-06-05,1630604,AROXOL Gel Pro Εντομοκτόνο σε σύριγγα για Κατσαρίδες10g,7.9
2025-06-05,1283782,Σιδερώστρα Ατμού Gold 120x38cm,32.0
2025-06-05,1549696,ΕΛ ΓΚΡΕΚΟ Καφεστία Original,26.95
2025-06-05,1221870,HAPPY FEET Πάτοι Παπουτσιών Νο42,1.4
2025-06-05,1283781,EUROGOLD Σιδερώστρα Ατμού Basic 114x34cm,24.0
2025-06-05,1483044,ΕΛ ΓΚΡΕΚΟ Καμινέτo Primal,17.98
2025-06-05,1066498,AIRWICK Αιθέρια Έλαια Αρωματικό Κερί με Άρωμα Βανίλιας,3.5
2025-06-05,1319360,TEZA Bait Κατσαριδοκτόνο Δόλωμα 4τεμ,3.5
2025-06-05,1646446,ENERGIZER Μπαταρίες Max Plus E91 AA 6τεμ,6.98
2025-06-05,1599923,COLLONIL Care Γαλάκτωμα Sneaker White για Αθλητικά 100ml,7.95
2025-06-05,1584076,TAI New Εντομοαπωθητικές Ταμπλέτες 14τεμ,1.1
2025-06-05,1519294,MASTER LIGHT Λαμπτήρας Led Θερμό Φως 11W B22,3.6
2025-06-05,1599913,COLLONIL Αυτογυάλιστος Σπόγγος Άχρωμο,3.78
2025-06-05,1250320,PHILIPS Λαμπτήρας Led Θερμό Φως 8-60W Β22,4.0
2025-06-05,1425252,GLADE Touch &amp; Fresh Αρωματικό Χώρου Tranquil Lavender &amp; Aloe Σετ 10ml ,5.54
2025-06-05,1614253,BAYGON Barrier Σπρέι για Κατσαρίδες &amp; Μυρμήγκια 500ml,5.35
2025-06-05,1599912,COLLONIL Αυτογυάλιστος Σπόγγος Μαύρο,3.78
2025-06-05,1647354,ENERGIZER Μπαταρίες Max Plus E92 AAA 6τεμ,7.15
2025-06-05,3417235,ΗΛΕΜ Πολύπριζο Σούκο 5 Θέσεων με Διακόπτη 1-5m 3x1-5mm,7.3
2025-06-05,1238196,Τσάντα Πολλαπλών Χρήσεων Πρόσωπα,0.78
2025-06-05,1653238,TEZA Liquid Solution Σετ 2σε1 Ηλεκτρική Συσκευη &amp; Ανταλλακτικό Υγρό για 60 Νύχτες 50ml,3.82
2025-06-05,1494148,SOKA Κασετίνα με Είδη Ραπτικής Μεσαία 203Β,5.8
2025-06-05,7101553,AUTAN Εντομοαπωθητική Λοσιόν Family Care 100ml,5.68
2025-06-05,1235725,ΣΚΛΑΒΕΝΙΤΗΣ Ισοθερμική Τσάντα 40x33cm,1.35
2025-06-05,5238308,AUTAN Εντομοαπωθητικό Σπρέι Family Care 100ml,7.25
2025-06-05,1599911,COLLONIL Αδιαβροχοποιητικό Σπρέι 300ml,9.75
2025-06-05,1599925,COLLONIL Cleaning Αφρός Καθαρισμού Δερμάτων &amp; Υφασμάτων 125ml,7.95
2025-06-05,1534413,DURACELL Plus Αλκαλική Μπαταρία 100% Extra Life AA 1-5V 4τεμ,4.0
2025-06-05,1126323,ENERGIZER Φακός Metal Light,7.5
2025-06-05,1392719,CAMPER GAZ Καμινέτο Υγραερίου Simple 190g,11.0
2025-06-05,1616183,Ισοθερμική Τσάντα Μπλε 5lt,3.5
2025-06-05,1586398,TAI New Εντομοαπωθητικές Σπείρες 10τεμ,1.55
2025-06-05,1455892,ENERGIZER Μπαταρίες Max E95 D,6.8
2025-06-05,1455889,ENERGIZER Μπαταρίες Max E93 C,5.15
2025-06-05,1534416,DURACELL Plus Αλκαλική Μπαταρία 100% Extra Life AAA 1-5V 4τεμ,4.0
2025-06-05,1586394,ΤΑΙ New Εντομοαπωθητικό Υγρό Σετ για 30 Νύχτες 21ml,4.05
2025-06-05,1653321,TEZA Mat Solution Σετ Εντομαπωθητική Ηλεκτρική Συσκευή &amp; 20 Πλακίδια,2.89
2025-06-05,1586392,ΤΑΙ New Εντομοαπωθητικό Υγρό για 45 Νύχτες Ανταλλακτικό 27ml,2.35
2025-06-05,1435165,TEZA Exterminator Gel Εντομοκτόνο Τζελ σε σύριγγα για Κατσαρίδες10g,6.99
2025-06-05,1549442,BAYGON Κατσαριδοκτόνο Σπρέι Σωληνάκι 400ml,7.56
2025-06-05,1616182,Ισοθερμική Τσάντα Ασημί 5lt,3.5
2025-06-05,1616181,Ισοθερμική Tσάντα Πορτοκαλί 5lt,3.5
2025-06-05,4206157,CAMPINGAZ Καμινέτο G206 Μπλε,21.2
2025-06-05,1616185,Ισοθερμική Τσάντα Πράσινη 5lt,3.5
2025-06-05,1615739,TAI New Εντομοαπωθητική Λοσιόν Family 100ml,5.2
2025-06-05,1616194,Ισοθερμική Τσάντα Μπλε 33lt,7.8
2025-06-05,1616188,Ισοθερμική Τσάντα Μπλε 22lt,6.5
2025-06-05,1599914,COLLONIL Care Αυτογυάλιστο Υγρό Βερνίκι Μαύρο 125ml,6.68
2025-06-05,1616193,Ισοθερμική Τσάντα Ασημί 33lt,7.8
2025-06-05,1616186,Ισοθερμική Τσάντα Πορτοκαλί 22lt,6.5
2025-06-05,1616190,Ισοθερμική Τσάντα Πορτοκαλί 33lt,7.8
2025-06-05,1616195,Ισοθερμική Τσάντα Πράσινη 33lt,7.8
2025-06-05,1616187,Ισοθερμική Τσάντα Ασημί 22lt,6.5
2025-06-05,1599918,COLLONIL Care Αυτογυάλιστο Υγρό Βερνίκι Άχρωμo 125ml,6.68
2025-06-05,1616189,Ισοθερμική Τσάντα Πράσινη 22lt,6.5
2025-06-05,4110219,VAPONA Σκοροκτόνο Mini Thin 20 φύλλα,3.36
2025-06-05,1606271,BISON Κόλλα Στιγμής Super Glue 3g,2.7
2025-06-05,1221834,ΠΙΕΣΤΟ Γάλα Συμπυκνωμένο Ελαφρύ 410g,0.86
2025-06-05,1221830,ΠΙΕΣΤΟ Γάλα Συμπυκνωμένο Πλήρες 410g,0.86
2025-06-05,4154027,ΝΟΥΝΟΥ Γάλα Συμπυκνωμένο Ελαφρύ 10x15g,1.18
2025-06-05,4354643,ΛΟΥΜΙΔΗΣ ΠΑΠΑΓΑΛΟΣ Παραδοσιακός Καφές Ελληνικός 194g,4.03
2025-06-05,1224529,MILLHOUSE Νιφάδες Βρόμης 500g,0.98
2025-06-05,4029740,NESCAFE Classic Καφές Στιγμιαίος 200g,9.22
2025-06-05,9641242,QUAKER Νιφάδες Βρόμης Ολικής Άλεσης 500g,1.89
2025-06-05,4154183,ΝΟΥΝΟΥ Γάλα Συμπυκνωμένο Πλήρες 10x15g,1.18
2025-06-05,1210602,ΝΟΥΝΟΥ Γάλα Συμπυκνωμένο Ελαφρύ 6x400g,6.34
2025-06-05,1219166,QUAKER Τραγάνες Μπουκιές Δημητριακών με Βρόμη &amp; Σοκολάτα 600g,3.8
2025-06-05,1116612,ΝΟΥΝΟΥ Γάλα Συμπυκνωμένο Πλήρες 400g,1.26
2025-06-05,1221825,BONORA Δημητριακά Honey Rings 375g,1.96
2025-06-05,4175816,JACOBS Εκλεκτός Καφές Φίλτρου 500g,11.75
2025-06-05,1210601,ΝΟΥΝΟΥ Γάλα Συμπυκνωμένο Πλήρες 6x400g,6.34
2025-06-05,1226090,GMUNDNER MILCH Γάλα Υψηλής Παστερίωσης Ελαφρύ 1lt,0.95
2025-06-05,1352916,BONORA Action Δημητριακά με Μαύρη Σοκολάτα 375g,2.6
2025-06-05,4154498,ΝΟΥΝΟΥ Γάλα Συμπυκνωμένο Ελαφρύ 170g,0.57
2025-06-05,1205338,JACQMOTTE Φίλτρα Καφέ Νο1x4 40τεμ,1.05
2025-06-05,1412346,JACOBS Flavours Καφές Φίλτρου Φουντούκι 250g,6.25
2025-06-05,1001442,ΠΑΠΑΔΟΠΟΥΛΟΥ Digestive Bar Μπάρες Δημητριακών με Κομματάκια Σοκολάτας &amp; Σοκολάτα Γάλακτος 5x28g,2.21
2025-06-05,1430219,AGRINO Ρυζογκοφρέτες με Ρίγανη Χωρίς γλουτένη 110g,1.98
2025-06-05,1116614,ΝΟΥΝΟΥ Γάλα Συμπυκνωμένο Ελαφρύ 400g,1.26
2025-06-05,1419198,BONORA Action Μπάρες Δημητριακών με Σοκολάτα Γάλακτος 6x23g,1.5
2025-06-05,4028809,ΛΟΥΜΙΔΗΣ ΠΑΠΑΓΑΛΟΣ Παραδοσιακός Καφές Ελληνικός 490g,10.3
2025-06-05,4028841,ΛΟΥΜΙΔΗΣ ΠΑΠΑΓΑΛΟΣ Παραδοσιακός Καφές Ελληνικός 96g,2.08
2025-06-05,1587779,STARBUCKS Καφές Espresso Smooth Caramel 10 κάψουλες συμβατές με μηχανή Nespresso 51g,4.97
2025-06-05,1419199,BONORA Action Μπάρες Δημητριακών με Μαύρη Σοκολάτα 6x23g,1.5
2025-06-05,1226006,BONORA Καφές Ελληνικός 194g,2.28
2025-06-05,7547482,ΛΟΥΜΙΔΗΣ ΠΑΠΑΓΑΛΟΣ Παραδοσιακός Καφές Ελληνικός 340g,6.08
2025-06-05,1471248,AGRINO Ρυζογκοφρέτα με Μαύρη Σοκολάτα Χωρίς γλουτένη 60g,2.07
2025-06-05,1594786,KELLOGG&#39;S Coco Pops Δημητριακά Chocos 550g,3.98
2025-06-05,1281190,NESCAFE Azera Καφές Στιγμιαίος Freddo Espresso 95g ,4.37
2025-06-05,1601135,ΙΟΝ Protein Μπάρα Σοκολάτας με Φουντούκι με Στέβια Χωρίς προσθήκη ζάχαρης 50g,1.19
2025-06-05,1178964,ΠΑΥΛΙΔΗΣ Merenda Πραλίνα Φουντουκιού 360g,2.77
2025-06-05,1221815,GOOD FOOD Γκοφρέτες Καλαμποκιού &amp; Θαλασσινό Αλάτι Χωρίς γλουτένη 105g,1.25
2025-06-05,5645684,NESCAFE Gold Στιγμιαίο Ρόφημα Cappuccino Χωρίς γλουτένη 10x14g,2.62
2025-06-05,1479221,HEALTHY HABITS Φιστικοβούτυρο Απαλό 180g,1.98
2025-06-05,1221485,BONORA Καφές Φίλτρου Φουντούκι 250g,4.25
2025-06-05,1599381,HEALTHY HABITS Μπάρες Βρόμης με Φιστικοβούτυρο &amp; Μαύρη Σοκολάτα Χωρίς γλουτένη 4x35g,3.51
2025-06-05,1221838,BONORA Κακάο σε σκόνη 125g,1.98
2025-06-05,1500724,AGRINO Mini Ρυζογκοφρέτες με Ρίγανη Χωρίς γλουτένη 50g,0.98
2025-06-05,4282877,ΝΟΥΝΟΥ Γάλα Ζαχαρούχο Συμπυκνωμένο 397g,1.88
2025-06-05,1292871,ΑΦΟΙ ΧΑΪΤΟΓΛΟΥ Φιστικοβούτυρο Απαλό Vegan Χωρίς γλουτένη 350g,2.84
2025-06-05,1500725,AGRINO Mini Ρυζογκοφρέτες με Τυρί Χωρίς γλουτένη 50g,0.98
2025-06-05,1468518,QUAKER Τραγανές Μπουκιές Δημητριακών με Βρόμη &amp; Σοκολάτα 450g,2.9
2025-06-05,1340915,RICE UP Ρυζογκοφρέτες ολικής άλεσης με Μαύρο Imperial Ρύζι Vegan Χωρίς γλουτένη Χωρίς αλάτι 120g,0.85
2025-06-05,4029799,NESCAFE Classic Καφές Στιγμιαίος 100g,5.42
2025-06-05,1001440,ΠΑΠΑΔΟΠΟΥΛΟΥ Digestive Bar Μπάρες Δημητριακών με Κόκκινα Φρούτα &amp; Σοκολάτα Γάλακτος 5x28g,2.21
2025-06-05,1529290,AGRINO Mini Ρυζογκοφρέτες Pizza Χωρίς γλουτένη 50g,0.98
2025-06-05,1418537,ΙΟΝ Protein Μπάρα Σοκολάτας με Φουντούκι 50g,1.2
2025-06-05,1594465,NATURE VALLEY Crunchy Μπάρες Δημητριακών με Βρόμη &amp; Μέλι 5x42g,2.58
2025-06-05,1587780,STARBUCKS Καφές Espresso Creamy Vanilla 10 κάψουλες συμβατές με μηχανή Nespresso 51g,4.97
2025-06-05,1468543,QUAKER Τραγανές Μπουκιές Δημητριακών Απλή Γκρανόλα με Βρόμη 450g,2.21
2025-06-05,1178965,ΠΑΥΛΙΔΗΣ Merenda Πραλίνα Φουντουκιού 570g,5.17
2025-06-05,1439670,AGRINO Γκοφρέτες Καλαμποκιού με Ρύζι Χωρίς γλουτένη 120g,1.58
2025-06-05,1224574,BONORA Choco Balls Δημητριακά 375g,2.0
2025-06-05,1520748,HEALTHY HABITS Μαρμελάδα Φράουλα Vegan Χωρίς πρόσθετη ζάχαρη 280g,3.98
2025-06-05,1500589,ΝΟΥΝΟΥ Γάλα Συμπυκνωμένο Ελαφρύ 4x170g,2.68
2025-06-05,4174736,JACOBS Εκλεκτός Καφές Φίλτρου 250g,6.77
2025-06-05,1446891,STARBUCKS Καφές Espresso House Blend Lungo 10 κάψουλες συμβατές με μηχανή Nespresso 57g,4.95
2025-06-05,1434686,L&#39;OR Profondo Καφές Espresso Lungo 20 κάψουλες συμβατές με μηχανή Nespresso 104g,7.37
2025-06-05,1484245,BONJOUR Μερμελάδα Φράουλα 20g,0.08
2025-06-05,1221693,ATTIKI Fino Μέλι Δάσους Ελληνικό 30g,0.32
2025-06-05,1599379,HEALTHY HABITS Μπάρες Βρόμης με Αμυγδαλοβούτυρο &amp; Μαύρη Σοκολάτα Χωρίς γλουτένη 4x35g,3.73
2025-06-05,1221820,BONORA Corn Flakes Δημητριακά 375g,1.78
2025-06-05,1419200,BONORA Action Μπάρες Δημητριακών με Μπισκότο &amp; Σταγόνες Λευκής Σοκολάτας 6x23-5g,1.5
2025-06-05,1462133,ILLY Καφές Espresso Classico 10 κάψουλες συμβατές με μηχανή Nespresso 57g,4.43
2025-06-05,1592207,BONORA Action Δημητριακά με Σοκολάτα Γάλακτος 375g,2.6
2025-06-05,1562539,ΠΑΠΑΔΟΠΟΥΛΟΥ Granola Μπάρες Δημητριακών με Μαύρη Σοκολάτα Χωρίς προσθήκη ζάχαρης 5x42g,3.35
2025-06-05,1594462,NATURE VALLEY Crunchy Μπάρες Δημητριακών με Βρόμη &amp; Μαύρη Σοκολάτα 5x42g,2.58
2025-06-05,1393839,BONORA Crunchy Muesli με Βρόμη &amp; Μαύρη Σοκολάτα 500g,2.75
2025-06-05,1569258,STARBUCKS Καφές Espresso Roast 18 κάψουλες συμβατές με μηχανή Nespresso 101g,7.98
2025-06-05,4173480,ΙΟΝ Σκόνη Κακάο 125g,2.56
2025-06-05,1221959,ΜΑΡΑΤΑ Ταχίνι με Κακάο 350g,2.58
2025-06-05,1533042,ΛΟΥΜΙΔΗΣ ΠΑΠΑΓΑΛΟΣ Καφές Ελληνικός Χωρίς καφεΐνη 143g,3.38
2025-06-05,1221463,BONORA Καφές Φίλτρου Κλασικός 500g,5.7
2025-06-05,1508034,HUNGRY NOT Protein 40% Μπάρες με Πραλίνα Φουντουκιού 3x45g,3.5
2025-06-05,1226094,GMUNDNER MILCH Γάλα Υψηλής Παστερίωσης Πλήρες 1lt,1.05
2025-06-05,2080141,NESTLE Fitness Μπάρες Δημητριακών Ολικής Άλεσης με Σοκολάτα 6x23-5g,2.3
2025-06-05,1567902,BONORA Καφές Espresso Lungo σε Κάψουλες συμβατές με μηχανή Nespresso 10x5-2g,2.0
2025-06-05,1468530,QUAKER Τραγανές Μπουκιές Δημητριακών με Βρόμη &amp; Σοκολάτα Γάλακτος 450g,2.9
2025-06-05,1446885,STARBUCKS Καφές Espresso Blonde Roast 10 κάψουλες συμβατές με μηχανή Nespresso 53g,4.95
2025-06-05,1402625,ΠΙΕΣΤΟ Γάλα Ζαχαρούχο Συμπυκνωμένο 397g,1.2
2025-06-05,1481324,BONJOUR Μερμελάδα Βερίκοκο 20g,0.08
2025-06-05,1113500,ΠΑΠΑΔΟΠΟΥΛΟΥ Digestive Bar Μπάρες Δημητριακών με Μαύρη Σοκολάτα Χωρίς προσθήκη ζάχαρης 5x28g,2.51
2025-06-05,1471249,AGRINO Ρυζογκοφρέτα με Σοκολάτα Γάλακτος Χωρίς γλουτένη 60g,2.07
2025-06-05,1221697,BONORA Καφές Στιγμιαίος 200g,4.86
2025-06-05,4198578,LIPTON Yellow Label Μαύρο Τσάι 20 φακελάκια x1-5g,2.14
2025-06-05,1292166,COFFEEWAY Αρωματικός Καφές Φίλτρου Vanilla Hazelnut 200g,6.78
2025-06-05,9679408,NESCAFE Στιγμιαίο Ρόφημα Cappuccino Χωρίς γλουτένη 250g,3.98
2025-06-05,4154555,ΝΟΥΝΟΥ Γάλα Συμπυκνωμένο Πλήρες 170g,0.77
2025-06-05,1224527,MILLHOUSE Μπάρες Δημητριακών με Σοκολάτα &amp; Πορτοκάλι 6x25g,1.18
2025-06-05,1446887,STARBUCKS Καφές Espresso Roast Decaf 10 κάψουλες συμβατές με μηχανή Nespresso 57g,4.95
2025-06-05,1492115,FINO Χαμομήλι 10 φακελάκια x0-8g,0.68
2025-06-05,1419201,BONORA Action Μπάρες Δημητριακών με Κόκκινα Φρούτα &amp; Λευκή Σοκολάτα 6x23-5g,1.5
2025-06-05,1567900,BONORA Καφές Espresso Classico σε Κάψουλες συμβατές με μηχανή Nespresso 10x5-2g,2.0
2025-06-05,1423759,HUNGRY NOT Protein Μπάρες Πρωτεΐνης με Μαύρη Σοκολάτα &amp; Μπισκότο 3x45g,3.5
2025-06-05,1544880,ΙΟΝ Protein Μπάρα Σοκολάτας με Καραμέλα 50g,1.2
2025-06-05,1270911,RICE UP Ρυζογκοφρέτες ολικής άλεσης με Επτά Σπόρους Vegan Χωρίς γλουτένη 120g,0.85
2025-06-05,6982854,ΟΛΥΜΠΟΣ Ταχίνι με Κακάο Χωρίς γλουτένη 300g,3.4
2025-06-05,1003387,BRAVO Κλασικός Καφές Ελληνικός 193g,2.55
2025-06-05,1063900,NUTRICIA Almiron Growing Up Νηπιακό Ρόφημα Γάλακτος 2+ Έτους χωρίς φοινικέλαιο 1lt,1.85
2025-06-05,1166600,NOVO Go Barista Ρόφημα Γάλακτος 1% Λιπαρά 1lt,1.22
2025-06-05,1116781,NESTLE Lion Δημητριακά Καραμέλα &amp; Σοκολάτα 400g,2.2
2025-06-05,1430221,AGRINO Ρυζογκοφρέτες Κλασικές Χωρίς γλουτένη 110g,1.58
2025-06-05,1224423,MILLHOUSE Νιφάδες Βρόμης Βιολογικές 500g,1.9
2025-06-05,1224546,JACQMOTTE Φίλτρα Καφέ Νο1x2 40τεμ,0.97
2025-06-05,1556770,L&#39;OR Καφές Espresso Καραμέλα 10 κάψουλες συμβατές με μηχανή Nespresso 52g,4.0
2025-06-05,4027900,NESTLE Nesquik Δημητριακά 375g,1.98
2025-06-05,4171641,ΕΥΡΙΠΟΣ Χαμομήλι 25 φακελάκια 25g,1.68
2025-06-05,1434056,NESCAFE Dolce Gusto Καφές Espresso Intenso 16 κάψουλες 112g,6.82
2025-06-05,1221491,BONORA Καφές Φίλτρου Βανίλια Καραμέλα 250g,4.25
2025-06-05,1276200,DIMELLO Καφές Espresso Forza Dark Roast αλεσμένος 250g,6.72
2025-06-05,3227972,NESTLE Fitness Δημητριακά Ολικής Άλεσης με Σκούρα Σοκολάτα 375g,3.1
2025-06-05,1225025,BDL Σπόροι Chia Βιολογικοί 250g,3.8
2025-06-05,4273157,KELLOGG&#39;S Corn Flakes Δημητριακά 500g,3.45
2025-06-05,1599377,HEALTHY HABITS Μπάρες Βρόμης με Φιστικοβούτυρο Χωρίς γλουτένη 4x35g,3.21
2025-06-05,1221952,ΜΑΡΑΤΑ Ταχίνι με Μέλι 300g,2.15
2025-06-05,1430217,AGRINO Ρυζογκοφρέτες Κανέλα Χωρίς γλουτένη 110g,1.98
2025-06-05,1556162,GOOD FOOD Καλαμπογκοφρέτες με Πάπρικα Χωρίς γλουτένη 120g,1.35
2025-06-05,4029831,NESCAFE Classic Καφές Στιγμιαίος 50g,2.95
2025-06-05,5536255,FINO Πράσινο Τσάι 10 φακελάκια x1-5g,0.8
2025-06-05,1605072,NESTLE Fitness Δημητριακά Ολικής Άλεσης Original 540g,2.94
2025-06-05,8535858,ΓΙΩΤΗΣ Κακάο σε Σκόνη Vegan 125g,2.34
2025-06-05,1532442,ΑΝΘΟΣ Μέλι Ανθέων 900g,4.4
2025-06-05,1301104,BONORA Μαρμελάδα Έξτρα Φράουλα 450g,1.26
2025-06-05,1531627,ΒΙΟΛΑΝΤΑ Zero Μπάρες Δημητριακών με Κομμάτια Μαύρης Σοκολάτας Χωρίς ζάχαρη 6x30g,3.15
2025-06-05,1582429,KELLOGG&#39;S Extra Granola με Σοκολάτα &amp; Ξηρούς Καρπούς 450g,5.27
2025-06-05,1210603,ΝΟΥΝΟΥ Kid Ρόφημα Γάλακτος Συμπυκνωμένο 6x400g,6.7
2025-06-05,1297591,L&#39;OR Καφές Espresso Ristretto 20 κάψουλες συμβατές με μηχανή Nespresso 104g,7.37
2025-06-05,1224582,BONORA Bran Flakes Δημητριακά 375g,1.74
2025-06-05,1418982,BONAPI Μέλι Ανθέων 350g,2.7
2025-06-05,1567901,BONORA Καφές Espresso Ristretto σε Κάψουλες συμβατές με μηχανή Nespresso 10x5-2g,2.0
2025-06-05,1225984,BONORA Καφές Ελληνικός 487g,5.65
2025-06-05,4156303,BONNE MAMAN Έξτρα Μαρμελάδα Φράουλα 370g,3.14
2025-06-05,1221956,ΜΑΡΑΤΑ Ταχίνι 900g,5.1
2025-06-05,1262341,NATURE VALLEY Protein Μπάρες Peanut &amp; Chocolate Χωρίς γλουτένη 4x40g,4.95
2025-06-05,3189958,NESCAFE Στιγμιαίο Ρόφημα Καφέ Caramel Latte 8x17g,2.53
2025-06-05,1137561,LIPTON Πράσινο Τσάι Classic 20 φακελάκια x1-3g,2.84
2025-06-05,1599378,HEALTHY HABITS Granola Βρόμης με Φουντουκοβούτυρο &amp; Μαύρη Σοκολάτα 350g,3.21
2025-06-05,1412347,JACOBS Flavours Καφές Φίλτρου Καραμέλα 250g,6.25
2025-06-05,2726339,KELLOGG&#39;S All Bran Μπάρες Δημητριακών Σοκολάτα 6x40g,3.15
2025-06-05,1520747,HEALTHY HABITS Μαρμελάδα Βερίκοκο Vegan Χωρίς πρόσθετη ζάχαρη 280g,3.98
2025-06-05,1642071,NESCAFE Smooth Hazelnut Καφές Στιγμιαίος με γεύση Φουντούκι 95g,5.48
2025-06-05,9618653,LIPTON Χαμομήλι 20 φακελάκια x1g,1.83
2025-06-05,1585194,ΜΑΡΑΤΑ Ταχίνι Ολικής Άλεσης 300g,2.08
2025-06-05,1500588,ΝΟΥΝΟΥ Γάλα Συμπυκνωμένο Πλήρες 4x170g,2.68
2025-06-05,1500731,L&#39;OR Καφές Espresso Ristretto 40 κάψουλες συμβατές με μηχανή Nespresso 502g,14.28
2025-06-05,1226262,ΦΙΛΕΝΤΕΜ Φιστικοβούτυρο Vegan 220g,2.9
2025-06-05,4027850,NESTLE Cheerios με Μέλι 375g,4.3
2025-06-05,1412348,JACOBS Flavours Καφές Φίλτρου Βανίλια 250g,6.25
2025-06-05,1599382,HEALTHY HABITS Granola Βρόμης με Φιστικοβούτυρο &amp; Μαύρη Σοκολάτα 350g,4.28
2025-06-05,1485140,ΗΠΕΙΡΟΣ Ζεμύθα Protein Μπάρες με Σοκολάτα Χωρίς γλουτένη 5x42g,2.38
2025-06-05,1250730,MILLHOUSE Light &amp; Diet Δημητριακά με Μαύρη Σοκολάτα 375g,3.23
2025-06-05,1418536,ΙΟΝ Protein Μπάρα Σοκολάτας με Καρύδα 50g,1.2
2025-06-05,1270068,RICE UP Brown Rice Rolls με Πίτσα &amp; Ελαιόλαδο Χωρίς γλουτένη 50g,0.75
2025-06-05,1470757,MILLHOUSE Protein Μπάρες Ξηρών Καρπών με Μαύρη Σοκολάτα 4x35g,2.48
2025-06-05,1275923,L&#39;OR Decaffeinato Καφές Espresso Ristretto 10 κάψουλες συμβατές με μηχανή Nespresso 52g,3.87
2025-06-05,1456102,MILLHOUSE Corn Flakes Δημητριακά 375g,1.57
2025-06-05,6515944,KELLOGG&#39;S All Bran Δημητριακά Fibre Plus 375g,4.19
2025-06-05,1633133,NESTLE Fitness Granola Μπάρες Δημητριακών με Σκούρα Σοκολάτα 5x38g,2.08
2025-06-05,1221948,ΜΑΡΑΤΑ Ταχίνι 300g,1.95
2025-06-05,1642070,NESCAFE Rich Caramel Καφές Στιγμιαίος με γεύση Καραμέλα 95g,5.48
2025-06-05,4191128,MELITTA Φίλτρα Καφέ Original Νο1x4 40τεμ,1.76
2025-06-05,1520637,COFFEE ISLAND Παραδοσιακός Καφές Ελληνικός αλεσμένος 170g,3.1
2025-06-05,1195240,MILLHOUSE Crunchy Oat Τραγανές Μπουκιές Δημητριακών με Βρόμη και Σκούρα Σοκολάτα 375g,2.48
2025-06-05,1562534,ΠΑΠΑΔΟΠΟΥΛΟΥ Granola Μπάρες Δημητριακών με Μαύρη Σοκολάτα &amp; Κακάο 5x42g,3.13
2025-06-05,1295900,CORNY BIG Μπάρα Δημητριακών με Σοκολάτα &amp; Μπανάνα 50g,0.75
2025-06-05,1468520,QUAKER Τραγανές Μπουκιές Δημητριακών με Βρόμη &amp; Ξηρούς Καρπούς 450g,2.9
2025-06-05,1441558,ΛΟΥΜΙΔΗΣ ΠΑΠΑΓΑΛΟΣ Κουπάτος Καφές Ελληνικός 290g,4.55
2025-06-05,1529293,AGRINO Ρυζογκοφρέτες με Αλατισμένη Καραμέλα Χωρίς γλουτένη 70g,2.38
2025-06-05,1595492,NESTLE Fitness Δημητριακά Ολικής Άλεσης με Σκούρα Σοκολάτα 540g,4.39
2025-06-05,1306730,ΑΦΟΙ ΧΑΪΤΟΓΛΟΥ Φιστικοβούτυρο Crunchy Vegan Χωρίς γλουτένη 350g,2.84
2025-06-05,1462131,ILLY Καφές Espresso Classico Lungo 10 κάψουλες συμβατές με μηχανή Nespresso 57g,4.43
2025-06-05,1113501,ΠΑΠΑΔΟΠΟΥΛΟΥ Digestive Bar Μπάρες Δημητριακών με Πορτοκάλι &amp; Μαύρη Σοκολάτα 5x28g,2.21
2025-06-05,9679275,NESCAFE Στιγμιαίο Ρόφημα Cappuccino Decaf 10x12-5g,2.53
2025-06-05,1456045,MILLHOUSE Choco Flakes 375g,2.37
2025-06-05,1409406,NESCAFE Dolce Gusto Καφές Cappuccino σε Κάψουλες 8x17g+8x6-3g,6.4
2025-06-05,4029567,NESCAFE Classic Καφές Στιγμιαίος Decaf 100g,5.84
2025-06-05,4201562,FERRERO Nutella Πραλίνα Φουντουκιού 400g,3.71
2025-06-05,1635707,ΜΑΡΑΤΑ Φιστικοβούτυρο Απαλό 350g,2.45
2025-06-05,8339004,FERRERO Nutella Πραλίνα Φουντουκιού 750g,5.39
2025-06-05,8871220,ΜΑΚΕΔΟΝΙΚΟ Ταχίνι με Μέλι Χωρίς γλουτένη 350g,4.29
2025-06-05,1420047,NESTLE Lion Wild Δημητριακά Ολικής Άλεσης με Σοκολάτα &amp; Καραμέλα 410g,4.98
2025-06-05,1534445,FINO Τσάι Βουνού 10 φακελάκια x 0-8g,1.33
2025-06-05,5118666,ΜΑΚΕΔΟΝΙΚΟ Ταχίνι με Κακάο Vegan Χωρίς γλουτένη  350g,3.63
2025-06-05,1301106,BONORA Μαρμελάδα Έξτρα Βερίκοκο 450g,1.26
2025-06-05,1446890,STARBUCKS Καφές Espresso Roast 10 κάψουλες συμβατές με μηχανή Nespresso 57g,4.95
2025-06-05,1169331,BDL Λιναρόσπορος Καφέ σπασμένος Βιολογικός 300g,2.16
2025-06-05,1224514,MILLHOUSE Νιφάδες Βρόμης με Super Fruits &amp; Μαύρη Σοκολάτα 500g,2.67
2025-06-05,1295043,JACOBS Gold Καφές Στιγμιαίος 95g,6.28
2025-06-05,1617964,ΙΟΝ Nucrema Πραλίνα Φουντουκιού 380g,2.48
2025-06-05,1635308,NUTRI VALLEY 30% Protein Μπάρα με γεύση Σοκολάτα Γάλακτος Χωρίς γλουτένη 3x40g,1.93
2025-06-05,1270916,RICE UP Ρυζογκοφρέτες ολικής άλεσης με Αλάτι Ιμαλαϊων Vegan Χωρίς γλουτένη 120g,0.85
2025-06-05,1545090,NESCAFE Gold Καφές Στιγμιαίος 190g,9.37
2025-06-05,1600284,NESCAFE Στιγμιαίο Ρόφημα Chocolate Caramel Brownie Mocha 7x21-4g,2.62
2025-06-05,1429987,ΣΚΛΑΒΕΝΙΤΗΣ Χαμομήλι 15g,0.53
2025-06-05,1433373,NESTLE Fitness Μπάρες Δημητριακών Ολικής Άλεσης Choco Banana 6x23-5g,2.3
2025-06-05,1615831,NESCAFE Dolce Gusto Καφές Espresso Lungo 16 κάψουλες 89-6g,6.82
2025-06-05,4215653,MELITTA Auslese Καφές Φίλτρου Classic 250g,4.72
2025-06-05,1226138,GMUNDNER MILCH Γάλα Υψηλής Παστερίωσης με Κακάο 200ml,0.45
2025-06-05,1599375,HEALTHY HABITS Granola Βρόμης με Αμυγδαλοβούτυρο 350g,2.98
2025-06-05,1592214,BONORA Action Δημητριακά Original 375g,1.72
2025-06-05,7252265,FYTRO Μούσλι με Σταφίδα &amp; Μπανανά Vegan Χωρίς προσθήκη ζάχαρης 500g,2.6
2025-06-05,1190963,NESTLE Fitness Μπάρες Δημητριακών Ολικής Άλεσης με Σοκολάτα Γάλακτος 6x22-5g,2.3
2025-06-05,1632887,COFFEE LAB Καφές Espresso Brazil 10 κάψουλες συμβατές με μηχανή Nespresso 52g,3.6
2025-06-05,1221515,BONORA Καφές Στιγμιαίος 100g,2.54
2025-06-05,1529299,AGRINO Ρυζογκοφρέτες με Γιαούρτι &amp; Φράουλα Χωρίς γλουτένη 64g,2.38
2025-06-05,4141180,ΖΩΓΡΑΦΟΣ Μαρμελάδα Φράουλα Light Vegan Χωρίς γλουτένη 415g,2.75
2025-06-05,4778957,ΣΥΝΕΡΓΑΣΙΑ Χρυσή Κρήτη Μέλι Θυμαρίσιο 450g,6.34
2025-06-05,1262317,NATURE VALLEY Protein Μπάρες Salted Caramel Nut Χωρίς γλουτένη 4x40g,4.95
2025-06-05,1115769,ΓΙΩΤΗΣ Caotonic Ρόφημα Στιγμής με Κακάο Χωρίς γλουτένη 400g,2.16
2025-06-05,1482163,L&#39;OR Selecton Barista Καφές Espresso 10 κάψουλες συμβατές με μηχανή Nespresso 52g,3.87
2025-06-05,1237098,ΠΑΥΛΙΔΗΣ Merenda Πραλίνα Φουντουκιού 1kg,6.59
2025-06-05,1665470,LIPTON Μαύρο Τσάι με Βανίλια &amp; Καραμέλα 20 φακελάκια πυραμίδα x1-7g,3.37
2025-06-05,1526606,STARBUCKS Kαφές Espresso Breakfast Blend 10 κάψουλες συμβατές με μηχανή Nespresso 56g,4.98
2025-06-05,1418611,ΟΙΚΟΓΕΝΕΙΑ ΚΑΡΙΜΑΛΗ Μέλι Κωνοφόρων Άνθεων 920g,7.28
2025-06-05,1665454,LIPTON Μαύρο Τσάι με Φρούτα του Δάσους 20 φακελάκια πυραμίδα x1-7g,3.37
2025-06-05,1598521,BONORA Digestive Μπάρες Δημητριακών με Μπισκότο &amp; Σοκολάτα Γάλακτος 6x28g,2.4
2025-06-05,6752380,ΣΥΝΕΡΓΑΣΙΑ Χρυσή Κρήτη Μέλι Θυμαρίσιο 900g,12.64
2025-06-05,1224657,BDL Νιφάδες Βρόμης Ολικής Άλεσης με Β-Γλυκάνες Βιολογικές 500g,1.92
2025-06-05,1418984,BONAPI Μέλι Ανθέων 500g,3.0
2025-06-05,1210604,ΝΟΥΝΟΥ Noulac Γάλα 2ης Βρεφικής Ηλικίας 6+ Μηνών 6x400g,6.7
2025-06-05,1477310,L&#39;OR Καφές Espresso Colombia 20 κάψουλες συμβατές με μηχανή Nespresso 104g,7.66
2025-06-05,1597437,KELLOGG&#39;S Coco Pops Δημητριακά 330g,4.76
2025-06-05,1226004,BONORA Καφές Ελληνικός 96g,1.18
2025-06-05,1541357,KELLOGG&#39;S Krave Δημητριακά με γεύση Choco Nut 410g,3.55
2025-06-05,1632888,COFFEE LAB Καφές Espresso Guatemala 10 κάψουλες συμβατές με μηχανή Nespresso 52g,3.6
2025-06-05,1545089,NESCAFE Gold Καφές Στιγμιαίος 95g,5.08
2025-06-05,1418950,ΟΛΥΜΠΟΣ Super Spread Πραλίνα Φουντουκιού με Στέβια Χωρίς ζάχαρη 350g,3.12
2025-06-05,4198305,LIPTON Χαμομήλι 10 φακελάκια x1g,0.97
2025-06-05,1446893,STARBUCKS Καφές Espresso Pike Place Roast Lungo 10 κάψουλες συμβατές με μηχανή Nespresso 53g,4.95
2025-06-05,1222044,ΟΛΥΜΠΟΣ Ταχίνι Ολικής Άλεσης Χωρίς γλουτένη 300g,4.75
2025-06-05,1437712,DOUWE EGBERTS Καφές Στιγμιαίος Espresso 185g,9.73
2025-06-05,4215851,LAVAZZA Qualita Rossa Καφές Espresso αλεσμένος 250g,8.7
2025-06-05,4567616,NESTLE Fitness Δημητριακά Original 375g,2.19
2025-06-05,1301502,BONORA Πραλίνα Φουντουκιού 400g,2.0
2025-06-05,1224432,MILLHOUSE Light &amp; Diet Δημητριακά με Σοκολάτα Γάλακτος 375g,3.25
2025-06-05,1611941,ΒΙΟΛΑΝΤΑ Μπάρες Βρόμης με Μαύρη Σοκολάτα 10x20g,2.68
2025-06-05,1437852,DOUWE EGBERTS Καφές Στιγμιαίος Φουντούκι 100g,5.8
2025-06-05,9516139,MILLHOUSE Bio Corn Flakes Δημητριακά Βιολογικά 375g,2.85
2025-06-05,1586550,NESTLE Kit Kat Δημητριακά με Σοκολάτα 330g,4.98
2025-06-05,5137336,HEMO Ρόφημα Κακάο 400g,2.42
2025-06-05,1469434,ILLY Καφές Espresso Decaffeinato 10 κάψουλες συμβατές με μηχανή Nespresso 57g,4.43
2025-06-05,1484419,FINO Αφέψημα Μέντα 10 φακελάκια x1g,0.7
2025-06-05,1630738,L&#39;OR Καφές Espresso Maranelo Ristretto 10 κάψουλες συμβατές με μηχανή Nespresso 52g,3.98
2025-06-05,1585544,KELLOGG&#39;S Extra Granola με Σοκολάτα Γάλακτος 450g,5.18
2025-06-05,1633134,NESTLE Fitness Granola Μπάρες Δημητριακών με Κράνμπερι 5x38g,2.08
2025-06-05,1214089,NESTLE Fitness Δημητριακά με Σοκολάτα Γάλακτος 375g,3.1
2025-06-05,2773067,NESTLE Cookie Crisp Δημητριακά 375g,4.32
2025-06-05,4155693,BONNE MAMAN Έξτρα Μαρμελάδα Βερίκοκο Χωρίς γλουτένη 370g,3.14
2025-06-05,1112386,ΓΙΩΤΗΣ Sweet &amp; Balance Μαρμελάδα Φράουλα με Στέβια Χωρίς προσθήκη ζάχαρης 300g,3.36
2025-06-05,4028817,ΛΟΥΜΙΔΗΣ ΠΑΠΑΓΑΛΟΣ Σκούρος Καφές Ελληνικός 194g,3.19
2025-06-05,1470746,MILLHOUSE Protein Μπάρες Ξηρών Καρπών με Σοκολάτα Γάλακτος 4x35g,2.48
2025-06-05,1418307,DIMELLO Καφές Φίλτρου Bold Premium Blend αλεσμένος 250g,6.48
2025-06-05,1462086,ΒΙΟΛΑΝΤΑ Bran Flakes Δημητριακά Βρόμης Vegan Χωρίς προσθήκη ζάχαρης 370g,3.67
2025-06-05,9408642,ATTIKI Μέλι 5x30g,2.4
2025-06-05,4272928,KELLOGG&#39;S Corn Flakes Δημητριακά 375g,2.69
2025-06-05,1592204,BONORA Action Δημητριακά με Φρούτα 375g,2.4
2025-06-05,1614990,NUTRI VALLEY Granola Τραγανές Μπουκιές Βρόμης με Μαύρη Σοκολάτα Χωρίς προσθήκη ζάχαρης 375g,3.7
2025-06-05,1630739,L&#39;OR Καφές Espresso Imola Ristretto 10 κάψουλες συμβατές με μηχανή Nespresso 52g,3.98
2025-06-05,1506628,STARBUCKS Καφές Espresso Italian Style Roast 10 κάψουλες συμβατές με μηχανή Nespresso 56g,4.98
2025-06-05,1461018,ΙΟΝ Protein Μπάρα Σοκολάτας με Κακάο 50g,1.2
2025-06-05,4175014,JACOBS Καφές Φίλτρου Decaf 250g,7.95
2025-06-05,1441576,SISINNI Gianduia Κρέμα με Στέβια Χωρίς γλουτένη Χωρίς προσθήκη ζάχαρης 380g,4.45
2025-06-05,1595219,NESTLE Fitness Δημητριακά με Σοκολάτα Γάλακτος 540g,4.39
2025-06-05,1617966,ΙΟΝ Nucrema Δίχρωμη Πραλίνα Φουντουκιού 380g,2.48
2025-06-05,4355681,NESTLE Nesquik Δημητριακά Choco Waves 375g,3.28
2025-06-05,1000593,BRAVO Κλασικός Καφές Ελληνικός 95g,1.38
2025-06-05,4188900,ATTIKI Μέλι 1kg,14.92
2025-06-05,1420185,BONORA Πραλίνα Φουντουκιού 750g,3.5
2025-06-05,1437700,DOUWE EGBERTS Καφές Στιγμιαίος Καραμέλα 100g,5.8
2025-06-05,1063898,NUTRICIA Almiron Growing Up Νηπιακό Ρόφημα Γάλακτος 1+ Έτους χωρίς φοινικέλαιο 1lt,1.63
2025-06-05,1496027,ILLY Iperespresso Καφές Espresso Classico 18 κάψουλες 120-6g,10.85
2025-06-05,8466104,MILLHOUSE Bran Sticks Δημητριακά 375g,2.98
2025-06-05,1292163,COFFEEWAY Αρωματικός Καφές Φίλτρου Cookies &amp; Cream 200g,5.88
2025-06-05,4678918,ΔΑΣΚΑΛΑΚΗ Μέλι Κρήτης 930g,8.6
2025-06-05,1649963,STARBUCKS Καφές Espresso Ristretto Shot 10 Κάψουλες συμβατές με μηχανή Nespresso 57g,4.98
2025-06-05,1530647,COFFEEWAY Αρωματικός Καφές Espresso Exquisite Hazelnut 10 κάψουλες συμβατές με μηχανή Nespresso 50g,4.35
2025-06-05,1063816,ORIENTAL EXPRESS Γάλα Καρύδας Vegan Χωρίς γλουτένη 400ml,2.4
2025-06-05,1099624,NESTLE Nesquik Ρόφημα Κακάο 400g,4.1
2025-06-05,1635708,ΜΑΡΑΤΑ Φιστικοβούτυρο Τραγανό 350g,2.45
2025-06-05,1388687,SISINNI Άλειμμα Κακάο με Φουντούκια Vegan Χωρίς γλουτένη 400g,2.42
2025-06-05,1224507,MILLHOUSE Crunchy Oat Τραγανές Μπουκιές Δημητριακών με Βρόμη- Κακάο &amp; Σκούρα Σοκολάτα 375g,2.48
2025-06-05,4191508,ILLY Καφές Espresso Classico αλεσμένος 250g,10.05
2025-06-05,1275724,ROYAL Γάλα Ζαχαρούχο Καραμελωμένο 6% Λιπαρά 395g,1.96
2025-06-05,1074263,NESTLE Fitness Μπάρες Δημητριακών Ολικής Άλεσης Cookies &amp; Cream 6x23-5g,2.3
2025-06-05,1597096,BONORA Digestive Μπάρες Δημητριακών με Μπισκότο &amp; Μαύρη Σοκολάτα 6x28g,2.4
2025-06-05,1296834,ΝΟΥΝΟΥ Γεύσεις Σπιτικές Αλμυρά &amp; Γλυκά 400g,1.04
2025-06-05,1586779,KELLOGG&#39;S Extra Granola με Φρούτα &amp; Ξηρούς Καρπούς Vegan 400g,5.37
2025-06-05,1589737,KELLOGG&#39;S Special K Δημητριακά 700g,7.38
2025-06-05,1477083,ΟΛΥΜΠΟΣ Άλειμμα Φιστίκι Χωρίς γλουτένη 200g,1.74
2025-06-05,8550519,ΓΙΩΤΗΣ Ρόφημα Σοκολάτας Vegan 400g,3.96
2025-06-05,1630937,HEALTHY HABITS Μαρμελάδα Σύκο Vegan Χωρίς πρόσθετη ζάχαρη 280g,3.98
2025-06-05,9803230,ATTIKI Μέλι 470g,9.66
2025-06-05,1221692,BONORA Καφές Στιγμιαίος Χωρίς καφεΐνη 100g,3.06
2025-06-05,1301105,BONORA Μαρμελάδα Έξτρα Κεράσι 450g,1.26
2025-06-05,1211278,FINO Αφέψημα Λουίζα 10 φακελάκια x1g,1.2
2025-06-05,1045388,BRAVO Κλασικός Καφές Ελληνικός 485g,5.67
2025-06-05,1198012,ΟΛΥΜΠΟΣ Ταχίνι Χωρίς γλουτένη 300g,3.22
2025-06-05,1479162,HEALTHY HABITS Αμυγδαλοβούτυρο 180g,3.98
2025-06-05,1043142,NESTLE Professional Plantage Καφές Φίλτρου 488g,9.95
2025-06-05,1221544,JOYA Ρόφημα Σόγιας Βιολογικό Vegan Χωρίς ζάχαρη 1lt,2.3
2025-06-05,3614278,ΜΑΚΕΔΟΝΙΚΟ Ταχίνι Ολικής Άλεσης Vegan Χωρίς γλουτένη 300g,3.39
2025-06-05,1469526,STARBUCKS Καφές Espresso Colombia 10 κάψουλες συμβατές με μηχανή Nespresso 57g,5.25
2025-06-05,1635302,ΠΑΠΑΔΟΠΟΥΛΟΥ Digestive Bar High Protein Μπάρες Δημητριακών με Σοκολάτα Γάλακτος Φουντούκια &amp; Πραλίνα 5x28g,2.78
2025-06-05,5500491,ΜΑΚΕΔΟΝΙΚΟ Ταχίνι με Πορτοκάλι Vegan Χωρίς γλουτένη 350g,3.6
2025-06-05,8558827,SPIN SPAN Extra Μαρμελάδα Φράουλα Χωρίς γλουτένη 380g,3.8
2025-06-05,1418311,DIMELLO Καφές Φίλτρου Mild Premium Blend αλεσμένος 250g,6.48
2025-06-05,1433376,NESTLE Nesquik Μπάρες Δημητριακών Maxi Choco 6x25g,2.49
2025-06-05,1454881,NESCAFE Classic Καφές Στιγμιαίος 700g,30.1
2025-06-05,6511828,ΒΛΑΧΑΣ Συμπυκνωμένο Γάλα Ελαφρύ 6x410g,7.02
2025-06-05,4216180,LAVAZZA Crema E Gusto Καφές Espresso Classic αλεσμένος 250g,8.1
2025-06-05,1376164,MILLHOUSE Νιφάδες Βρόμης με Σκούρα Σοκολάτα 500g,1.7
2025-06-05,1633135,NESTLE Fitness Granola Μπάρες Δημητριακών με Μέλι 5x38g,2.08
2025-06-05,1224501,MILLHOUSE Crunchy Oat Τραγανές Μπουκιές Δημητριακών με Βρόμη- Super Fruits &amp; Σκούρα Σοκολάτα 375g,2.44
2025-06-05,1632890,COFFEE LAB Καφές Espresso Kenya 10 κάψουλες συμβατές με μηχανή Nespresso 52g,3.6
2025-06-05,1640377,ΛΟΥΜΙΔΗΣ ΠΑΠΑΓΑΛΟΣ Έκαστος Καφές Ελληνικός Κοσμοπολίτης 96g,2.38
2025-06-05,4675351,ΔΑΣΚΑΛΑΚΗ Μέλι Κρήτης 450g,4.55
2025-06-05,1462083,ΒΙΟΛΑΝΤΑ Bran Flakes Δημητριακά Βρόμης με Μαύρη Σοκολάτα Vegan 370g,3.67
2025-06-05,1224072,MILLHOUSE Light &amp; Diet Δημητριακά 375g,2.2
2025-06-05,1630936,HEALTHY HABITS Μαρμελάδα Μήλο Vegan Χωρίς πρόσθετη ζάχαρη 280g,3.98
2025-06-05,1633136,SISINNI Άλλειμα Κρέμα Pistacchio με Στέβια Vegan Χωρίς γλουτένη Χωρίς λακτόζη Χωρίς προσθήκη ζάχαρης 380g,6.1
2025-06-05,1221519,BRINK Ρυζογκοφρέτες με Αλάτι Βιολογικές 100g,1.2
2025-06-05,4161618,WEETABIX Original Δημητριακά Ολικής Άλεσης 430g,4.3
2025-06-05,7252281,FYTRO Νιφάδες Βρόμης Ολικής Άλεσης Vegan 500g,1.44
2025-06-05,1581056,NESCAFE Azera Καφές Στιγμιαίος Freddo Espresso σε Στικς 12x3-5g,2.28
2025-06-05,1224221,ΕΥ BIO Ρόφημα Αμυγδάλου Βιολογικό Vegan Χωρίς γλουτένη Χωρίς προσθήκη ζάχαρης 1lt,3.43
2025-06-05,6205660,TWININGS Earl Grey Μαύρο Τσάι 25 φακελάκια 50g,5.58
2025-06-05,1223422,ΣΚΛΑΒΕΝΙΤΗΣ Τσάι Βουνού Ελληνικό 50g,1.18
2025-06-05,1647712,L&#39;OR Καφές Espresso Maranelo Lungo 10 κάψουλες συμβατές με μηχανή Nespresso 52g,3.98
2025-06-05,5275581,LIPTON Αφέψημα Φρούτων Μήλο &amp; Κανέλα 20 φακελάκια πυραμίδα x2-2g,3.2
2025-06-05,4678009,ΟΛΥΜΠΟΣ Ταχίνι με Μέλι Χωρίς γλουτένη 300g,3.86
2025-06-05,1540569,NESTLE Clusters Δημητριακά Ολικής Άλεσης με Σοκολάτα 325g,4.64
2025-06-05,4028361,ΒΛΑΧΑΣ Συμπυκνωμένο Γάλα Ελαφρύ 410g,1.17
2025-06-05,1130713,ΝΟΥΝΟΥ Kid Ρόφημα Γάλακτος Συμπυκνωμένο 400g,1.33
2025-06-05,1439431,NESCAFE Dolce Gusto Καφές Freddo Espresso Napoli Style 16 κάψουλες 128g,6.82
2025-06-05,8161804,ΜΑΚΕΔΟΝΙΚΟ Ταχίνι Vegan Χωρίς γλουτένη 300g,3.43
2025-06-05,1393315,SANDIEMI Bio Bran Στικς Δημητριακά Βιολογικά 250g,1.7
2025-06-05,1295521,BDL Κακάο Criollo σε σκόνη Βιολογικό 125g,3.04
2025-06-05,1105174,JACOBS Tassimo Καφές Espresso Freddo 16 κάψουλες 144g,5.37
2025-06-05,1637205,ΟΛΥΜΠΟΣ Ταχίνι με Κακάο Zero Χωρίς γλουτένη Χωρίς προσθήκη ζάχαρης 280g,4.88
2025-06-05,1478805,NUTRI VALLEY Peppa Pig Δημητριακά Honey Rings 375g,2.2
2025-06-05,1635703,COFFEE LAB Καφές Espresso Decaf 10 κάψουλες συμβατές με μηχανή Nespresso 52g,3.6
2025-06-05,7793250,NESTLE Fitness Δημητριακά Ολικής Άλεσης με Φρούτα 375g,2.39
2025-06-05,1373843,ΟΛΥΜΠΟΣ Ταχίνι Ολικής Άλεσης Βιολογικό Χωρίς γλουτένη 280g,3.99
2025-06-05,1635706,COFFEE LAB Καφές Espresso Ethiopia 10 κάψουλες συμβατές με μηχανή Nespresso 52g,3.6
2025-06-05,1650143,ΠΑΠΑΔΟΠΟΥΛΟΥ Granola Protein Μπάρες Δημητριακών με Μαύρη Σοκολάτα &amp; Ξηρούς Καρπούς 5x42g,3.08
2025-06-05,1614985,NUTRI VALLEY Granola Τραγανές Μπουκιές Βρόμης με Μαύρη Σοκολάτα Χωρίς γλουτένη 320g,2.75
2025-06-05,1597092,BONORA Digestive Μπάρες Δημητριακών με Μπισκότο Κόκκινα Φρούτα &amp; Σοκολάτα Γάλακτος 6x28g,2.4
2025-06-05,1099014,ΑΦΟΙ ΧΑΪΤΟΓΛΟΥ Μαξιλαράκια Δημητριακών Cocoa Bites 375g,3.68
2025-06-05,1643039,ΛΟΥΜΙΔΗΣ ΠΑΠΑΓΑΛΟΣ Έκαστος Καφές Ελληνικός Μονοποικιαλιακός 96g,2.98
2025-06-05,1491000,FINO Αφέψημα Φασκόμηλο 10 φακελάκια x0-8g,0.77
2025-06-05,1454559,DIMELLO Καφές Espresso Forte Lungo 10 κάψουλες συμβατές με μηχανή Nespresso 56g,3.48
2025-06-05,1628772,NUTRI VALLEY Scooby Doo Δημητριακά Crispy Pillows 375g,2.2
2025-06-05,1532285,ΡΟΔΑΝΘΗ Μέλι 900g,5.96
2025-06-05,1433378,EVERGREEN Διατροφική Μαγιά με Βιταμίνη Β12 σε Νιφάδες Vegan 100g,3.24
2025-06-05,1469524,STARBUCKS Καφές Espresso Caf&#233; Verona 10 κάψουλες συμβατές με μηχανή Nespresso 55g,4.95
2025-06-05,1494624,FINO Αφέψημα Φύλλα Αλεξάνδρειας 10 φακελάκια x1g,0.8
2025-06-05,4191714,ILLY Καφές Espresso σε κόκκους 250g,10.48
2025-06-05,1030854,TWININGS Πράσινο Τσάι Pure Green 10 φακελάκια 20g,3.75
2025-06-05,1632923,COFFEE ISLAND Καφές Espresso με γεύση Banoffee 10 κάψουλες συμβατές με μηχανή Nespresso 52g,3.6
2025-06-05,8882995,ST.DALFOUR Άλλειμα Φρούτων Φράουλα 284g,4.7
2025-06-05,1456060,MILLHOUSE Choco Pops 375g,2.58
2025-06-05,1591066,NUTRI VALLEY Granola Τραγανές Μπουκιές Βρόμης με Μαύρη Σοκολάτα 30% Λιγότερη Ζάχαρη 450g,3.7
2025-06-05,1060428,LIPTON Πράσινο Τσάι Intense Mint 20 φακελάκια x1-6g,3.46
2025-06-05,1454566,DIMELLO Καφές Espresso Ristretto 10 κάψουλες συμβατές με μηχανή Nespresso 56g,3.48
2025-06-05,4156204,BONNE MAMAN Έξτρα Μαρμελάδα Ροδάκινο Χωρίς γλουτένη 370g,3.14
2025-06-05,8558785,SPIN SPAN Extra Μαρμελάδα Βερίκοκο Χωρίς γλουτένη 380g,3.8
2025-06-05,1646648,NESCAFE Στιγμιαίο Ρόφημα Mocha 8x17g,2.4
2025-06-05,1418983,BONAPI Μέλι Ανθέων 1kg,5.15
2025-06-05,1224997,ΜΟΝΑΣΤΗΡΙ Μέλι Κρήτης από Θυμάρι Βότανα &amp; Κωνοφόρα Δένδρα 450g,5.5
2025-06-05,1393304,SANDIEMI Bio Bran Flakes Δημητριακά Βιολογικά 250g,1.7
2025-06-05,4216099,LAVAZZA Qualita Oro Καφές Espresso αλεσμένος 250g,10.9
2025-06-05,6205652,TWININGS English Breakfast Μαύρο Τσάι 25 φακελάκια 50g,5.58
2025-06-05,1223240,ΣΚΛΑΒΕΝΙΤΗΣ Μαύρο Τσάι Εισαγωγής 25g,0.4
2025-06-05,1488782,FINO Αφέψημα Τίλιο 10 φακελάκια x1g,1.08
2025-06-05,4760179,BONNE MAMAN Έξτρα Μαρμελάδα 4 Φρούτα Χωρίς γλουτένη 370g,3.39
2025-06-05,1635704,COFFEE LAB Καφές Espresso Strong 10 κάψουλες συμβατές με μηχανή Nespresso 52g,3.6
2025-06-05,1635298,NUTRI VALLEY Granola Τραγανές Μπουκιές Βρόμης με Μαύρη Σοκολάτα &amp; Μπανάνα Χωρίς προσθήκη ζάχαρης 375g,3.18
2025-06-05,8871246,ΜΑΚΕΔΟΝΙΚΟ Ταχίνι Βιολογικό Vegan Χωρίς γλουτένη 300g,4.16
2025-06-05,1632891,JACOBS Gold Καφές Στιγμιαίος 200g,12.57
2025-06-05,8883217,ST.DALFOUR Άλλειμα Φρούτων Τέσσερα Φρούτα 284g,4.7
2025-06-05,4028585,ΒΛΑΧΑΣ Συμπυκνωμένο Γάλα Πλήρες 410g,1.17
2025-06-05,1600658,KELLOGG&#39;S Extra Granola με Καραμελωμένα Φουντούκια 375g,5.28
2025-06-05,1520884,OREO O&#39;s  Δημητριακά 350g,3.95
2025-06-05,1177680,ΠΑΥΛΙΔΗΣ Merenda Άλειμμα με γεύση Κακάο 360g,3.62
2025-06-05,1221031,ΘΕΑΡΕΣΤΟΝ Μέλι Ανθέων Κωνοφόρων 700g,10.14
2025-06-05,1275922,L&#39;OR Καφές Espresso Ristretto 10 κάψουλες συμβατές με μηχανή Nespresso 52g,3.87
2025-06-05,6511810,ΒΛΑΧΑΣ Συμπυκνωμένο Γάλα Πλήρες 6x410g,7.02
2025-06-05,1448871,SISINNI Κρέμα Αμυγδάλου με Στέβια Vegan Χωρίς γλουτένη Χωρίς προσθήκη ζάχαρης 400g,4.42
2025-06-05,1532440,NESTLE Nan Optipro Junior 1+ Ρόφημα Γάλακτος Χωρίς προσθήκη ζάχαρης 1lt,2.58
2025-06-05,1526477,LAVAZZA Qualita Oro Καφές Espresso 10 κάψουλες συμβατές με μηχανή Nespresso 57g,5.92
2025-06-05,4778940,ATTIKI Μέλι Θυμαρίσιο Ελληνικών Νήσων 1kg,14.35
2025-06-05,8558934,SPIN SPAN Extra Μαρμελάδα Βύσσινο Χωρίς γλουτένη 380g,3.8
2025-06-05,4188868,ATTIKI Μέλι 455g,8.24
2025-06-05,4162921,FYTRO Πίτυρο Βρόμης Vegan 500g,3.35
2025-06-05,1230187,ΑΓΙΑΣΜΕΝΟ Μέλι Ελάτου &amp; Άγριων Βοτάνων 450g,6.4
2025-06-05,1395058,TSAKIRIS FAMILY Le Petit Dejeuner Corn Flakes Χωρίς γλουτένη Χωρίς λακτόζη 300g,3.4
2025-06-05,1502854,ΜΑΚΕΔΟΝΙΚΟ Ταχίνι με Ρόδι &amp; Cranberries Vegan Χωρίς Γλουτένη 330g,4.11
2025-06-05,1454084,COFFEEWAY Αρωματικός Καφές Espresso Delightful Caramel 10 κάψουλες συμβατές με μηχανή Nespresso 50g,4.35
2025-06-05,1493828,AROMA MELISSAS Μέλι Πεύκου Άγρια Βότανα 900g,9.08
2025-06-05,1260687,ΕΥ BIO Ρόφημα Ρυζιού Βιολογικό Vegan Χωρίς γλουτένη Χωρίς προσθήκη ζάχαρης 1lt,2.57
2025-06-05,1223274,ΣΚΛΑΒΕΝΙΤΗΣ Γλυκάνισο Εισαγωγής 25g,0.48
2025-06-05,1526496,LAVAZZA Qualita Rossa Καφές Espresso 10 κάψουλες συμβατές με μηχανή Nespresso 57g,5.67
2025-06-05,1524267,SCHLAGFIX Κρέμα για Καφέ Vegan Χωρίς γλουτένη 10x10g,0.78
2025-06-05,1081011,JACOBS Tassimo Cappuccino Classico 16 κάψουλες για 8 ροφήματα 260g,5.66
2025-06-05,1211279,FINO Αφέψημα Μελισσόχορτο 10 φακελάκια x1g,0.94
2025-06-05,1630747,STARBUCKS Στιγμιαίο Ρόφημα Caramel Latte 5x23g,4.48
2025-06-05,1477086,ΦΙΛΕΝΤΕΜ Βούτυρο Φουντουκιού Vegan 250g,6.98
2025-06-05,1127916,KROCUS KOZANIS PRODUCTS Ρόφημα με Κανέλα Γαρύφαλλο &amp; Κρόκο Κοζάνης Χωρίς γλουτένη 10 φακελάκια 18g,3.0
2025-06-05,1148999,ΣΥΝΕΡΓΑΣΙΑ Τσάι του Βουνού Ελληνικό 30g,2.4
2025-06-05,1545273,ΦΙΛΕΝΤΕΜ Ταχίνι Κουβερτούρα Χαρουπόμελο Vegan 220g,4.85
2025-06-05,1648206,NESCAFE Στιγμιαίο Ρόφημα Καφέ Vanilla Latte 8x17g,2.4
2025-06-05,1222770,ΟΛΥΜΠΟΣ Ταχίνι Χωρίς γλουτένη 900g,6.55
2025-06-05,1486956,ΟΛΑ BIO Corn Flakes Βιολογικά Χωρίς προσθήκη ζάχαρης Χωρίς αλάτι 250g,2.1
2025-06-05,1227640,FALANI Μαρμελάδα Πορτοκάλι 380g,1.98
2025-06-05,1460566,ST.DALFOUR Άλλειμα Φρούτων Μήλο &amp; Κανέλα 284g,4.7
2025-06-05,9141425,LAVAZZA Espresso Barista Καφές Espresso Gran Crema σε κόκκους 1kg,40.85
2025-06-05,1589345,NESCAFE Frappe Ρόφημα Στιγμιαίου Καφέ σε Σέικερ 3g,0.48
2025-06-05,1279895,LAVAZZA Καφές Espresso Decaffeinated αλεσμένος 250g,11.15
2025-06-05,1280298,ΜΑΚΕΔΟΝΙΚΟ Ταχίνι με Μαστίχα Χίου Vegan Χωρίς γλουτένη 350g,3.83
2025-06-05,3283249,CADBURY Ρόφημα Σοκολάτας 250g,4.48
2025-06-05,4164323,REGILAIT Γάλα Αποβουτυρωμένο σε σκόνη 250g,4.77
2025-06-05,1630743,STARBUCKS Στιγμιαίο Ρόφημα Cinnamon Dolce Latte 5x23-5g,4.48
2025-06-05,1165839,ΕΥΡΙΠΟΣ Αφέψημα Βαλεριάνα 20 φακελάκια 24g,3.68
2025-06-05,1518258,ΟΛΥΜΠΟΣ Ταχίνι Ολικής Άλεσης με Σουσάμι Έβρου Χωρίς γλουτένη 260g,4.65
2025-06-05,1223415,ΣΚΛΑΒΕΝΙΤΗΣ Αφέψημα Φασκόμηλο Ελληνικό 50g,0.98
2025-06-05,1132975,ΝΟΥΝΟΥ Noulac Γάλα 2ης Βρεφικής Ηλικίας 6+ Μηνών 400g,1.33
2025-06-05,1170934,ΟΛΥΜΠΟΣ Ταχίνι με Στέβια Χωρίς γλουτένη 280g,3.54
2025-06-05,1649244,MILLHOUSE Νιφάδες Βρόμης Protein 500g,2.25
2025-06-05,1115370,ΜΑΚΕΔΟΝΙΚΟ Ταχίνι με Πρεβιοτικές Ίνες Χωρίς γλουτένη 330g,3.92
2025-06-05,1168973,ΕΥΡΙΠΟΣ Αφέψημα Τσουκνίδα 20 φακελάκια 24g,2.92
2025-06-05,1491077,ΓΙΩΤΗΣ Κακάο σε σκόνη 1Kg,15.45
2025-06-05,1637207,ΟΛΥΜΠΟΣ Ταχίνι με Κακάο Βιολογικό 300g,6.95
2025-06-05,1578017,NUTRI VALLEY Ταχίνι Vegan Χωρίς γλουτένη Χωρίς προσθήκη ζάχαρης 310g,4.25
2025-06-05,1594216,TCHIBO Milano Καφές Espresso αλεσμένος 250g,7.48
2025-06-05,3283405,CADBURY Ρόφημα Σοκολάτας 500g,8.35
2025-06-05,1487388,FINO Αφέψημα Δίκταμο 10 φακελάκια x1g,1.23
2025-06-05,1502494,ΟΛΥΜΠΟΣ Ταχίνι High Protein Χωρίς γλουτένη 280g,5.58
2025-06-05,1648458,ΑΜΒΡΟΣΙΑ Μέλι 2x900g,10.45
2025-06-05,1594466,BRAZITA Στιγμιαίος Καφές 100g,3.6
2025-06-05,1065437,NESCAFE Classic Καφές Στιγμιαίος 2-75kg,102.7
2025-06-05,1223523,SEA DYKES Πράσινο Τσάι 20 φακελάκια x2g,2.3
2025-06-05,1149104,ΣΥΝΕΡΓΑΣΙΑ Αφέψημα Φασκόμηλο Ελληνικό 30g,1.96
2025-06-05,1500728,ΤOUJOURS Πράσινο Τσάι Βιολογικό 50g ,5.25
2025-06-05,1129208,ΦΥΤΟΚΡΙ Υποκατάστατο Καφέ 100g,0.72
2025-06-05,1453076,ΟΛΑ BIO Τσάι Matcha Βιολογικό 100g,8.14
2025-06-05,1496030,ILLY Iperespresso Καφές Espresso Decaffeinato 18 κάψουλες 120-6g,10.85
2025-06-05,1290966,AVA Perle Απορρυπαντικό Πιάτων Υγρό με άρωμα Λεμόνι &amp; Εκχύλισμα Χαμομηλιού 900ml,1.98
2025-06-05,1595797,AVA Perle Απορρυπαντικό Πιάτων Υγρό με Πράσινο Σαπούνι &amp; Μαστίχα Χίου 430ml,1.32
2025-06-05,1648262,LENOR Ενισχυτικό Άρωματος Ρούχων Gold Orchid 270g,6.34
2025-06-05,1650271,DROLIO Μαλακτικό Ρούχων Συμπυκνωμένο &#39;Aνθη Πορτοκαλιάς &amp; White Musk 60 πλύσεις,2.58
2025-06-05,1654942,ΕΥΡΗΚΑ Απορρυπαντικό Ρούχων Υγρό Oriental White Musk 60 Πλύσεις,15.98
2025-06-05,1654936,ΕΥΡΗΚΑ Απορρυπαντικό Ρούχων Υγρό Oriental Gold Orchid 60 Πλύσεις,15.98
2025-06-05,1221642,DROLIO Ultra Χλωροκαθαριστικό Παχύρευστο με άρωμα Λεμόνι 1-25lt,0.94
2025-06-05,5122742,KLINEX Ultra Χλωρίνη Λεμόνι 750ml,1.96
2025-06-05,1482248,DUCK Deep Action Καθαριστικό Τουαλέτας Τζελ Φρεσκάδα Θάλασσας 750ml,1.89
2025-06-05,1136295,FAIRY Ultra Απορρυπαντικό Πιάτων Υγρό Original 900ml,2.89
2025-06-05,1226611,NEAT WASH Σφουγγάρι Κουζίνας 6τεμ,0.97
2025-06-05,1437910,AVA Απορρυπαντικό Πιάτων Υγρό με Λευκό Ξίδι &amp; άρωμα Πράσινο Μήλο 430ml,1.0
2025-06-05,5494935,DETTOL Αντιβακτηριδιακό Απολυμαντικό Σπρέι για Όλες τις Επιφάνειες 500ml,2.13
2025-06-05,3241189,KLINEX Χλωρίνη Σπρέι Πολλαπλών Χρήσεων με Ενεργό Χλώριο 750ml,2.35
2025-06-05,9268681,CIF Κρέμα Καθαρισμού για Όλες τις Επιφάνειες Λεμόνι 500ml,2.22
2025-06-05,1381856,AJAX Boost Καθαριστικό Πατώματος Ξίδι &amp; Μήλο 1lt,1.43
2025-06-05,1476792,BREF Wc Power Active Στερεό Μπλοκ Tουαλέτας Ocean 2x50g,2.65
2025-06-05,1223889,KITTEN Πανάκια Καθαρισμού Ανταλλακτικά 20τεμ,1.45
2025-06-05,1465815,PRACTIC Γάντια Νιτριλίου Medium μαύρα 50τεμ,2.0
2025-06-05,1562572,DETTOL Power &amp; Fresh Πανάκια Καθαρισμού Πολλαπλών Χρήσεων Λεμόνι 30τεμ,1.73
2025-06-05,1587711,SOUPLINE Μαλακτικό Ρούχων Συμπυκνωμένο Mistral 92 πλύσεις,5.67
2025-06-05,1614870,LENOR Συμπυκνωμένο Μαλακτικό Ρούχων Amber &amp; Orchid 82 πλύσεις ,5.59
2025-06-05,1144047,AJAX F&#234;te des Fleurs Καθαριστικό Πατώματος Λουλούδια Λίμνης 1lt,1.83
2025-06-05,1063156,KLINEX Ultra Χλωρίνη Λεμόνι 2lt,3.17
2025-06-05,1381838,DETTOL Αντιβακτηριδιακό Απολυμαντικό Σπρέι για Όλες τις Επιφάνειες Λεμόνι &amp; Μέντα 500ml,2.13
2025-06-05,1482252,DUCK Total Action Καθαριστικό Τουαλέτας Τζελ Λεβάντα 750ml,1.89
2025-06-05,1596332,FAIRY Max Power Απορρυπαντικό Πιάτων Υγρό 660ml,2.43
2025-06-05,1616916,CAJOLINE Intense Care Μαλακτικό Ρούχων Συμπυκνωμένο Άγρια Ορχιδέα &amp; Σανδαλόξυλο 82 πλύσεις,4.95
2025-06-05,6350466,FINISH Powerball Rinse &amp; Shine Aid Στεγνωτικό Λαμπρυντικό Πλυντηρίου Πιάτων Λεμόνι 400ml,4.29
2025-06-05,1631081,VIAKAL Καθαριστικό Σπρέι κατά των Αλάτων Classic  800ml,4.73
2025-06-05,5122759,KLINEX Ultra Χλωρίνη Λεμόνι 1250ml,2.53
2025-06-05,1221648,DROLIO Ultra Χλωροκαθαριστικό Παχύρευστο με άρωμα Λουλουδιών 1-25lt,0.94
2025-06-05,1187090,AJAX Καθαριστικό Τζαμιών Crystal Clean 750ml,2.22
2025-06-05,1578498,TESORI D&#39;ORIENTE Συμπυκνωμένο Μαλακτικό Ρούχων White Musk 38 πλύσεις,3.48
2025-06-05,1465817,PRACTIC Γάντια Νιτριλίου Large μαύρα 50τεμ,2.0
2025-06-05,1631763,KLINEX Power 5 Στερεό Block Τουαλέτας Πράσινο Λεμόνι 2x50g,2.41
2025-06-05,7156177,KLINEX Hygiene Καθαριστικό Σπρέι Μπάνιο &amp; Άλατα Χωρίς Χλώριο 750ml  ,2.55
2025-06-05,9268699,CIF Κρέμα Καθαρισμού για Όλες τις Επιφάνειες Original 500ml,2.22
2025-06-05,1603573,SKIP Απορρυπαντικό Πλυντηρίου Ρούχων Υγρό Active Clean 70 πλύσεις 3-5lt,11.89
2025-06-05,1524325,KITTEN Σφουγγαρίστρα Χονδρό Σπείρωμα,2.8
2025-06-05,1630670,K2R Colour Catcher Χρωμοπαγίδα 52 φύλλα,5.58
2025-06-05,3202041,AJAX F&#234;te des Fleurs Καθαριστικό Πατώματος Άνθη Πασχαλιάς 1lt,1.83
2025-06-05,1222953,KITTEN Πανάκια για Σκονοσκουπάκι Ανταλλακτικά 10τεμ,2.0
2025-06-05,1603578,SKIP Απορρυπαντικό Πλυντηρίου Ρούχων Υγρό Spring Fresh 70 πλύσεις 3-5lt,11.89
2025-06-05,9302316,TUBOFLO Αποφρακτικό Σκόνη Κρύο Νερό 60g,0.98
2025-06-05,4217758,WETTEX The Original Σπογγοπετσέτα Classic Νο2,2.23
2025-06-05,1136297,FAIRY Ultra Απορρυπαντικό Πιάτων Υγρό Λεμόνι 900ml,2.89
2025-06-05,1616037,KLINEX Power Foam Ενεργός Αφρός Καθαρισμού για Λεκάνη &amp; Μπάνιο Floral Fresh χωρίς χλώριο 435ml,2.55
2025-06-05,1553556,FINISH Powerball Power All In 1 Απορρυπαντικό Πλυντηρίου Πιάτων Ταμπλέτες Λεμόνι 85τεμ,17.5
2025-06-05,1179947,OVERLAY Express Λιποκαθαριστής Κουζίνα Καθαριστικό Σπρέι με Άρωμα Λεμόνι 650ml,2.47
2025-06-05,1074963,SANITAS Hygiene Fresh Σφουγγαράκι Αντιβακτηριδιακό Κουζίνας 1τεμ,0.59
2025-06-05,1584107,DROLIO Απορρυπαντικό Πλυντηρίου Ρούχων Υγρό Blue Energy 44 πλύσεις,4.2
2025-06-05,1204446,GREPA Γάντια Latex Medium 100τεμ,4.0
2025-06-05,1594374,KLINEX Hygiene Υγρά Πανάκια Καθαρισμού Γενικής Χρήσης Φρεσκάδα Ωκεανού Χωρίς χλώριο 30τεμ,1.75
2025-06-05,1628942,SKIP Wonder Wash Απορρυπαντικό Πλυντηρίου Ρούχων Υγρό Ultra Refresh 37 πλύσεις,7.81
2025-06-05,5818174,AJAX Kloron Απολυμαντικό &amp; Καθαριστικό Σπρέι για Όλες τις Επιφάνειες με Χλωρίνη 750ml,2.37
2025-06-05,1187099,AJAX Καθαριστικό Τζαμιών Crystal Clean Ανταλλακτικό 750ml,2.23
2025-06-05,1603579,OMO Απορρυπαντικό Πλυντηρίου Ρούχων Υγρό Τροπικά Λουλούδια &amp; Ylang Ylang 68 πλύσεις 3-4lt,7.6
2025-06-05,1187088,AJAX Καθαριστικό Τζαμιών Triple Action 750ml,2.22
2025-06-05,5185335,AJAX Ultra Καθαριστικό Πατώματος Fresh 1lt,1.89
2025-06-05,1452761,PLANET Baby Απορρυπαντικό Πιάτων Υγρό 425ml,1.78
2025-06-05,1432851,DETTOL All In One Απολυμαντικό Σπρέι Crisp Linen 400ml,3.88
2025-06-05,4035812,VIAKAL Καθαριστικό Υγρό κατά των Αλάτων Classic 500ml,2.96
2025-06-05,1113400,ΑΡΚΑΔΙ Baby Απορρυπαντικό Πλυντηρίου Ρούχων Υγρό Πράσινο Σαπούνι Vegan 26 πλύσεις ,6.9
2025-06-05,1455812,DIXAN Απορρυπαντικό Πλυντηρίου Ρούχων Τζελ Φρεσκάδα Ωκεανού 70 πλύσεις,10.95
2025-06-05,6981328,TOPINE Μικροβιοκτόνο Απολυμαντικό Σπρέι για Όλες τις Επιφάνειες Χωρίς χλώριο 750ml,1.88
2025-06-05,1133652,CIF Κρέμα Καθαρισμού για Όλες τις Επιφάνειες Pink Flowers 500ml,2.22
2025-06-05,1036546,HARPIC Active Fresh Καθαριστικό Υγρό Τουαλέτας Πεύκο 750ml,1.85
2025-06-05,1470432,DROLIO Απορρυπαντικό Πιάτων Υγρό με άρωμα Λεμόνι 1lt,1.75
2025-06-05,1371072,KITTEN Σφουγγάρι Γόμα,0.76
2025-06-05,1222560,DROLIO Καθαριστικό Τζαμιών Ανταλλακτικό 750ml,1.14
2025-06-05,1641387,FINISH Ειδικό Αλάτι Πλυντηρίου Πιάτων 1-5kg,3.73
2025-06-05,4122727,KLINEX Hygiene Καθαριστικό Απολυμαντικό Σπρέι 4σε1 Γενικής Χρήσης Χωρίς χλώριο 750ml ,2.55
2025-06-05,1583303,SOUPLINE Μαλακτικό Ρούχων Συμπυκνωμένο Mistral 60 πλύσεις,3.9
2025-06-05,1214910,VILEDA Πετσέτες Μικροϊνών Colors 4τεμ,2.68
2025-06-05,1221468,Κοντάρι Μεταλλικό με Χονδρό Σπείρωμα,1.0
2025-06-05,1423252,DROLIO Μαλακτικό Ρούχων Συμπυκνωμένο Νότες Βανίλιας 60 πλύσεις ,2.58
2025-06-05,1619011,SOUPLINE Oriental Elixir Μαλακτικό Ρούχων Συμπυκνωμένο Silk Musk 42 πλύσεις,3.49
2025-06-05,1233487,KITTEN Σπογγοπετσέτα No1 2τεμ,0.96
2025-06-05,1562573,DETTOL Αντιβακτηριδιακά Πανάκια Καθαρισμού για Όλες τις Επιφάνειες 30τεμ,1.73
2025-06-05,1156114,DETTOL Αντιβακτηριδιακό Απολυμαντικό Υγρό Ρούχων 2-5lt,7.97
2025-06-05,1584289,FINISH Powerball Ultimate All in 1  Απορρυπαντικό Πλυντηρίου Πιάτων Ταμπλέτες Λεμόνι 25τεμ ,6.93
2025-06-05,1290991,AVA Απορρυπαντικό Πιάτων Υγρό με Λευκό Ξίδι &amp; άρωμα Πράσινο Μήλο 650ml,2.15
2025-06-05,1053632,CALGON Power Αποσκληρυντικό Νερού Πλυντηρίου Ρούχων Τζελ 750ml,6.95
2025-06-05,1192242,FAIRY Clean &amp; Fresh Απορρυπαντικό Πιάτων Υγρό Μήλο 900ml,2.89
2025-06-05,1442685,DETTOL Power &amp; Fresh Αντιβακτηριδιακό Πολυκαθαριστικό Σπρέι για Όλες τις Επιφάνειες Ρόδι &amp; Λάιμ 500ml,2.02
2025-06-05,5046842,AJAX Kloron Καθαριστικό για Όλες τις Επιφάνειες με Χλωρίνη Lemon 1lt,2.46
2025-06-05,1614875,LENOR Συμπυκνωμένο Μαλακτικό Ρούχων Ocean Escape Fresh 82 πλύσεις,5.59
2025-06-05,1424996,KLINEX Ultra Plus Χλωρίνη Gold 1200ml,2.53
2025-06-05,1477240,BREF Wc Blue Active+ Στερεό Μπλοκ Τουαλέτας Flower 2x50g,2.5
2025-06-05,1446786,DETTOL Απολυμαντικό Καθαριστικό Πλυντηρίου Ρούχων Λεμόνι 250ml,4.76
2025-06-05,1221770,ΦΟΡΤΕΞ Ακουαφόρτε 450ml,0.86
2025-06-05,1587706,SOUPLINE Aroma Seduction Μαλακτικό Ρούχων Συμπυκνωμένο Βανίλια &amp; Μανταρίνι 92 πλύσεις,5.67
2025-06-05,1222480,DOMENICO Σφουγγαρίστρα Πορτοκαλί Χονδρό Σπείρωμα,2.05
2025-06-05,1509616,NEOMAT Aromatherapy Essentials Απορρυπαντικό Πλυντηρίου Ρούχων Υγρό Μαλαισιανή Ορχιδέα &amp; Έλαιο Macadamia 45 πλύσεις 2-25lt,6.48
2025-06-05,4169710,KLINEX Χλωρίνη Λεπτόρευστη Λεμόνι 2lt,1.98
2025-06-05,1192243,FAIRY Clean &amp; Fresh Απορρυπαντικό Πιάτων Υγρό Κόκκινα Μούρα 900ml,2.89
2025-06-05,1616910,CAJOLINE Μαλακτικό Ρούχων Συμπυκνωμένο Blue Fresh 82 πλύσεις,4.95
2025-06-05,1229461,NIBEL Απορρυπαντικό Πιάτων Υγρό με άρωμα Λεμόνι 4lt,3.46
2025-06-05,4418018,FABULOSO Καθαριστικό Πατώματος Φρεσκάδα Λεβάντας 1lt,1.97
2025-06-05,1606362,SKIP Απορρυπαντικό Πλυντηρίου Ρούχων Υγρό Black Velvet 28 πλύσεις,5.22
2025-06-05,1522841,DROLIO Καθαριστικό Υγρό για Όλες τις Επιφάνειες με άρωμα Βιολέτα &amp; Γιασεμί 1lt,1.35
2025-06-05,1178065,HARPIC Ενεργό Χλώριο Καθαριστικό Υγρό Τουαλέτας Λεμόνι &amp; Γκρέιπφρουτ 750ml,1.85
2025-06-05,1221652,DROLIO Χλωροκαθαριστικό με Άρωμα Λεμόνι 2lt,0.95
2025-06-05,4047502,AJAX Καθαριστικό Τζαμιών Classic 750ml,2.36
2025-06-05,1614865,LENOR Συμπυκνωμένο Μαλακτικό Ρούχων Passion Jasmine &amp; Rose de Mai 82 πλύσεις,5.59
2025-06-05,1616924,CAJOLINE Intense Care Μαλακτικό Ρούχων Συμπυκνωμένο Λίλιουμ &amp; Φρούτα του Δάσους 82 πλύσεις,4.95
2025-06-05,1064085,DETTOL Αντιβακτηριδιακό Απολυμαντικό Υγρό Ρούχων 1-5lt,4.37
2025-06-05,1421255,DROLIO Απορρυπαντικό Πλυντηρίου Ρούχων Υγρό με άρωμα Λουλουδιών 38 πλύσεις,3.55
2025-06-05,1222847,KITTEN Πανί Μικροϊνών για Τζάμια 1τεμ,0.95
2025-06-05,1463759,PLANET Baby Απολυμαντικό Σπρέι 325ml,3.5
2025-06-05,1221790,KITTEN Γάντια Γενικής Χρήσης Medium No7-5,1.2
2025-06-05,1074971,SANITAS Inox Pro Ανοξείδωτο Σύρμα με Λαβή,0.95
2025-06-05,1224755,SWAZ Καθαριστικό Υγρό Γενικής Χρήσης 1Kg,2.15
2025-06-05,1216752,KLINEX Καθαριστικό Σπρέι κατά της Μούχλας με Ενεργό Χλώριο 500ml,2.55
2025-06-05,1253073,FORZA BLU Κύβοι για Καζανάκι Μπλε 2x50g,1.95
2025-06-05,5494901,DETTOL Power &amp; Fresh Αντιβακτηριδιακό Πολυκαθαριστικό Σπρέι για Όλες τις Επιφάνειες Πράσινο Μήλο 500ml,2.02
2025-06-05,1606288,SKIP Απορρυπαντικό Πλυντηρίου Ρούχων Υγρό Talc Soft 28 πλύσεις,5.83
2025-06-05,8892614,AJAX F&#234;te des Fleurs Καθαριστικό Πατώματος Αγριολούλουδα 1lt,1.83
2025-06-05,6986756,FINISH Καθαριστικό Πλυντηρίου Πιάτων Υγρό Λεμόνι 250ml,5.92
2025-06-05,1452482,DROLIO Απορρυπαντικό Πλυντηρίου Ρούχων Υγρό με Σαπούνι Μασσαλίας 30 πλύσεις,3.56
2025-06-05,1596595,TESORI D&#39;ORIENTE Συμπυκνωμένο Μαλακτικό Ρούχων Ayurveda 38 πλύσεις,3.48
2025-06-05,1036562,HARPIC Active Fresh Καθαριστικό Υγρό Τουαλέτας Ocean Force 750ml,1.85
2025-06-05,4417747,WETTEX The Original Σπογγοπετσέτα Μαγικό Ρολό 1-5mx25cm,3.25
2025-06-05,1594376,KLINEX Hygiene Υγρά Πανάκια Καθαρισμού Γενικής Χρήσης Φρεσκάδα Λεμονιού Χωρίς χλώριο 30τεμ,1.74
2025-06-05,1479916,AJAX 4σε1 Απολυμαντικό &amp; Καθαριστικό Σπρέι για Όλες τις Επιφάνειες 500ml,1.41
2025-06-05,1187376,KLINEX Ultra Χλωρίνη Pink Power 750ml,1.96
2025-06-05,1502966,ESSEX Multi Απορρυπαντικό Πλυντηρίου Ρούχων Υγρό 75 πλύσεις,8.13
2025-06-05,1531303,PLANET Baby Απορρυπαντικό Πλυντηρίου Ρούχων Υγρό 38 πλύσεις,8.24
2025-06-05,1482250,DUCK Deep Action Καθαριστικό Τουαλέτας Τζελ Φρεσκάδα Πεύκου 750ml,1.89
2025-06-05,1641396,FAIRY Power Σπρέι 3σε1 Λεμόνι 500ml,4.98
2025-06-05,1440144,AVA Απορρυπαντικό Πιάτων Υγρό με Λευκό Ξίδι &amp; άρωμα Πράσινο Μήλο 900ml,1.8
2025-06-05,1614797,FAIRY Platinum Απορρυπαντικό Πλυντηρίου Πιάτων Ταμπλέτες Λεμόνι 15τεμ,5.24
2025-06-05,1621831,BREF Wc De Luxe Στερεό Μπλοκ Τουαλέτας Midnight Bouquet Duopack 2x50g,2.5
2025-06-05,1614433,ΕΥΡΗΚΑ Μασσαλίας Απορρυπαντικό Ρούχων Υγρό Classic 42 πλύσεις,5.8
2025-06-05,1224714,SANITAS Ultra Strong Γάντια Λάτεξ Ενισχυμένα Medium,2.1
2025-06-05,1452483,DROLIO Απορρυπαντικό Πλυντηρίου Ρούχων Υγρό για Μαύρα &amp; Σκούρα Ρούχα 30 πλύσεις,3.43
2025-06-05,1222565,DROLIO Καθαριστικό Τζαμιών 750ml,1.5
2025-06-05,1276673,KRISTAL Σόδα Πλύσεως Πλυντηρίου Ρούχων 1kg,1.88
2025-06-05,1136475,KLINEX Hygiene Καθαριστικό Υγρό Πατώματος Λεβάντα Χωρίς χλώριο 1lt,1.79
2025-06-05,1578499,TESORI D&#39;ORIENTE Συμπυκνωμένο Μαλακτικό Ρούχων Byzantium 38 πλύσεις,3.48
2025-06-05,6169577,KLINEX Hygiene Καθαριστικό Σπρέι Γενικής Χρήσης Λεμόνι Χωρίς Χλώριο 750ml,2.55
2025-06-05,1446932,ΕΥΡΗΚΑ Baby Απορρυπαντικό Πλυντηρίου Ρούχων Υγρό 36 πλύσεις,7.9
2025-06-05,1631077,VIAKAL Καθαριστικό Σπρέι κατά των Αλάτων Fresh 700ml,4.49
2025-06-05,4199980,SCOTCH-BRITE Σφουγγαράκι για το Μπάνιο Λευκό,0.95
2025-06-05,5185368,AJAX Ultra Καθαριστικό Πατώματος Λεμόνι 1lt,1.89
2025-06-05,4047148,AJAX Expert Απολυμαντικό &amp; Καθαριστικό Σπρέι Μπάνιου Ανταλλακτικό 500ml,1.67
2025-06-05,4047387,AJAX Expert Απολυμαντικό &amp; Καθαριστικό Σπρέι Μπάνιου 500ml,2.08
2025-06-05,1597473,OMINO BIANCO Αφρός Μασσαλίας Απορρυπαντικό Πλυντηρίου Ρούχων Υγρό 37 πλύσεις,4.43
2025-06-05,1136474,KLINEX Hygiene Καθαριστικό Πατώματος Υγρό για Ευαίσθητες Επιφάνειες χωρίς χλώριο 1lt,1.79
2025-06-05,1184594,DETTOL Power &amp; Fresh Αντιβακτηριδιακό Πολυκαθαριστικό Σπρέι για Όλες τις Επιφάνειες Λεμόνι &amp; Λάιμ 500ml,2.02
2025-06-05,1584302,SOUPLINE Μαλακτικό Ρούχων Συμπυκνωμένο Mistral 42 πλύσεις,2.92
2025-06-05,1528031,DROLIO Ultra Χλωροκαθαριστικό Παχύρευστο με άρωμα Λεμόνι 2lt,1.46
2025-06-05,1184123,BREF Wc Power Active Στερεό Μπλοκ Τουαλέτας Hawaii 50g,1.72
2025-06-05,1631759,KLINEX Power 5 Στερεό Block Τουαλέτας Φλαμίνγκο 50g,1.72
2025-06-05,1003692,FAIRY Ultra Απορρυπαντικό Πιάτων Υγρό Original 650ml,2.78
2025-06-05,1609615,ΑΡΚΑΔΙ Απορρυπαντικό Πιάτων Υγρό Περγαμόντο &amp; Γκρέιπφρουτ Ανταλλακτικό Vegan 900ml,2.74
2025-06-05,1377042,PLANET Καθαριστικό Τζαμιών  Crystal Ice Ανταλλακτικό 750ml,2.05
2025-06-05,1221587,DROLIO Απορρυπαντικό Πιάτων Υγρό Regular 500ml,0.95
2025-06-05,1628943,SKIP Wonder Wash Απορρυπαντικό Πλυντηρίου Ρούχων Υγρό Color Protect 37 πλύσεις,7.81
2025-06-05,1525240,FINISH Power All In 1 Απορρυπαντικό Πλυντηρίου Πιάτων Τζελ Λεμόνι 42 πλύσεις,9.97
2025-06-05,1616913,CAJOLINE Intense Care Μαλακτικό Ρούχων Συμπυκνωμένο Άγρια Ορχιδέα &amp; Σανδαλόξυλο 52 πλύσεις,3.38
2025-06-05,1593448,SKIP Ultimate Απορρυπαντικό Πλυντηρίου Ρούχων 3in1 Spring Fresh 38 κάψουλες,9.6
2025-06-05,4637245,ΑΠΟΣΜΙΝΗ Καθαριστικό Υγρό Γενικής Χρήσης 425ml,3.3
2025-06-05,1604896,HARPIC Active Fresh Καθαριστικό Υγρό Τουαλέτας Exotic Fruits 750ml,1.85
2025-06-05,4217980,WETTEX The Original Σπογγοπετσέτα Classic Νο3,1.47
2025-06-05,1573254,ΕΥΡΗΚΑ Baby Συμπυκνωμένο Μαλακτικό Ρούχων 35 πλύσεις,2.98
2025-06-05,1628405,ΑΡΚΑΔΙ Baby Συμπυκνωμένο Μαλακτικό 45 πλύσεις,2.98
2025-06-05,1633566,PAPOUTSANIS Aromatics Musk Συμπυκνωμένο Μαλακτικό Ανταλλακτικό 45 πλύσεις,3.34
2025-06-05,1616038,KLINEX Power Foam Ενεργός Αφρός Καθαρισμού για Λεκάνη &amp; Μπάνιο Arctic Fresh χωρίς χλώριο 435ml,2.55
2025-06-05,1614838,FAIRY Original Απορρυπαντικό Πλυντηρίου Πιάτων Ταμπλέτες Λεμόνι 35τεμ,8.98
2025-06-05,6070965,VANISH Oxi Action Λευκαντικό Ρούχων Χωρίς χλώριο 500g,4.5
2025-06-05,4169744,KLINEX Χλωρίνη Λεπτόρευστη Κλασική 2lt,1.98
2025-06-05,1221574,DROLIO Καθαριστικό Υγρό για Μάρμαρα &amp; Πλακάκια με Πράσινο Σαπούνι 1-5lt,2.9
2025-06-05,1614836,FAIRY Original Απορρυπαντικό Πλυντηρίου Πιάτων Ταμπλέτες Λεμόνι 22τεμ,6.14
2025-06-05,1230128,VIOPSYCTR Σκούπα Πυκνή Γενικής Χρήσης Χονδρό Σπείρωμα,1.77
2025-06-05,4646246,ENDLESS Ultra Καθαριστικό Υγρό Πατώματος Κεράσι 4lt,4.49
2025-06-05,1465813,PRACTIC Γάντια Νιτριλίου Small μαύρα 50τεμ,2.0
2025-06-05,1423249,DROLIO Μαλακτικό Ρούχων Συμπυκνωμένο Θαλασσινή Δροσιά 60 πλύσεις ,2.58
2025-06-05,1425047,DETTOL All In One Απολυμαντικό Σπρέι Spring Waterfall 400ml,3.88
2025-06-05,4199949,SCOTCH-BRITE Σφουγγάρι Αντιβακτηριδιακό Γίγας Πράσινο,0.95
2025-06-05,1441579,VILEDA Πετσέτες Μικροϊνών Colors 8τεμ,4.12
2025-06-05,1614860,LENOR Συμπυκνωμένο Μαλακτικό Ρούχων Floral Bouquet 82 πλύσεις,5.59
2025-06-05,1099611,PRACTIC Γάντια Latex Large 100τεμ,4.0
2025-06-05,1433514,ESSEX Multi Απορρυπαντικό Πλυντηρίου Ρούχων Υγρό 32 πλύσεις,3.88
2025-06-05,1380425,KLINEX Ultra Χλωρίνη Λεβάντα 1250ml,2.53
2025-06-05,1647704,KITTEN Πανάκια Μικροϊνών Γενικής Χρήσης 8τεμ ,2.65
2025-06-05,6058556,VANISH Oxi Action Ενισχυτικό Πλύσης Σκόνη Χωρίς χλώριο 500g,4.5
2025-06-05,4199899,SCOTCH-BRITE Σφουγγαράκι Μικρό πράσινο,0.9
2025-06-05,1630673,K2R Colour Catcher Χρωμοπαγίδα 22 φύλλα,3.38
2025-06-05,1492636,ΠΛΥΝΤΗΡΕΞ Ειδικό Αλάτι Πλυντηρίου Πιάτων 2kg,2.15
2025-06-05,1560268,ESSEX Multi Απορρυπαντικό Πλυντηρίου Ρούχων Σκόνη 50 πλύσεις,6.58
2025-06-05,1522847,DROLIO Καθαριστικό Υγρό για Όλες τις Επιφάνειες με άρωμα Λεβάντα 1lt,1.35
2025-06-05,1587700,SOUPLINE Μαλακτικό Ρούχων Συμπυκνωμένο Λεβάντα 92 πλύσεις,5.67
2025-06-05,1233495,KITTEN Σπογγοπετσέτα Νο2,0.76
2025-06-05,1491305,ΕΥΡΗΚΑ Quick White Υπερλευκαντικό Σκόνη 4x50g,2.5
2025-06-05,6101984,PLANET Απορρυπαντικό Πιάτων Υγρό Aloe Vera 625ml,2.0
2025-06-05,4291548,FABULOSO Καθαριστικό Πατώματος Φρεσκάδα Λουλουδιών 1lt,1.97
2025-06-05,1606348,OMO Απορρυπαντικό Πλυντηρίου Ρούχων Υγρό Λεβάντα &amp; Γιασεμί 28 πλύσεις,4.25
2025-06-05,7502396,VILEDA Σφουγγαρίστρα Turbo 100% Μικροΐνες Ανταλλακτικό,5.23
2025-06-05,1613774,SKIP Ultimate Απορρυπαντικό Πλυντηρίου Ρούχων Υγρό Extra Stain Removal 60 πλύσεις,12.45
2025-06-05,1585903,DIXAN Απορρυπαντικό Πλυντηρίου Ρούχων Σκόνη Φρεσκάδα Ωκεανού 68 πλύσεις,10.95
2025-06-05,1619395,SKIP 3in1 Απορρυπαντικό Πλυντηρίου Ρούχων Active Clean 48 κάψουλες,12.45
2025-06-05,1472847,ΕΥΡΗΚΑ Newborn Μαλακτικό Ρούχων Υγρό 1lt,2.45
2025-06-05,1291069,AVA Perle Απορρυπαντικό Πιάτων Υγρό με Εκχύλισμα Χαμομηλιού 650ml,2.39
2025-06-05,1253216,KITTEN Σπογγοπετσέτα Νο3,0.96
2025-06-05,1531923,SANITAS Food Expert Γάντια Νιτριλίου Μιας Χρήσης Μαύρα Medium 30τεμ,2.98
2025-06-05,1036522,DETTOL Power &amp; Fresh Καθαριστικό Πατώματος Αντιβακτηριαδιακό Πράσινο Μήλο 1lt,3.25
2025-06-05,1572235,DETTOL Power &amp; Fresh Πανάκια Καθαρισμού Πολλαπλών Χρήσεων Μήλο 30τεμ,1.73
2025-06-05,1594778,PLANET Baby Συμπυκνωμένο Μαλακτικό Βρεφικών Ρούχων 40 πλύσεις,2.93
2025-06-05,1221764,VIOPSYCTR Βούρτσα Πιάτων Λόλα,0.97
2025-06-05,1184602,ROLI Σκόνη Γενικού Καθαρισμού Λεμόνι 500g,1.1
2025-06-05,1470431,DROLIO Απορρυπαντικό Πιάτων Υγρό Regular 1lt,1.75
2025-06-05,1099608,PRACTIC Latex Γάντια Small 100τεμ,4.0
2025-06-05,1630308,SOUPLINE Μαλακτικό Ρούχων Συμπυκνωμένο Υποαλλεργικό με Γάλα Αμυγδάλου 60 πλύσεις,3.9
2025-06-05,1643797,ΕΥΡΗΚΑ Color Block Χρωμοπαγίδα 40 φύλλα,3.67
2025-06-05,5576103,DUCK Fresh Discs Τουαλέτας Marine,3.82
2025-06-05,1633570,PAPOUTSANIS Aromatics Musk Συμπυκνωμένο Μαλακτικό 50 πλύσεις,3.93
2025-06-05,1641403,FAIRY Platinum Quickwash Απορρυπαντικό Πιάτων Υγρό 650ml,3.84
2025-06-05,1570033,AJAX Απολυμαντικό Πατώματος με Αιθέρια Έλαια Άνθη Μηλιάς 1lt,1.99
2025-06-05,1633581,ΑΡΚΑΔΙ Απορρυπαντικό Πλυντηρίου Ρούχων Υγρό με Πράσινο Σαπούνι Κλασικό Vegan 52 πλύσεις,7.75
2025-06-05,1562112,SKIP Απορρυπαντικό Πλυντηρίου Ρούχων Σκόνη Clean Power 67 πλύσεις,12.02
2025-06-05,1539323,ΕΥΡΗΚΑ Baby Απορρυπαντικό Πιάτων Υγρό 500ml,1.88
2025-06-05,1522839,DROLIO Καθαριστικό Υγρό για Όλες τις Επιφάνειες με άρωμα Λεμόνι &amp; Μέντα 1lt,1.35
2025-06-05,9658725,KLINEX Advance Χλωρίνη για Πλυντήριο Ρούχων 2lt,2.95
2025-06-05,1230078,Φαράσι Ορθοστατικό,3.15
2025-06-05,1606285,SKIP Απορρυπαντικό Πλυντηρίου Ρούχων Υγρό Active Clean 28 πλύσεις,5.83
2025-06-05,4649794,GREPA Γάντια Πλαστικά Διάφανα Medium 100τεμ,0.98
2025-06-05,1221591,DROLIO Απορρυπαντικό Πιάτων Υγρό με άρωμα Λεμόνι 500ml,0.95
2025-06-05,4199857,SCOTCH-BRITE Σύρμα Κουζίνας Πράσινο,0.71
2025-06-05,1628388,DROLIO Απορρυπαντικό Πλυντηρίου Ρούχων Σκόνη 14 πλύσεις,1.85
2025-06-05,7507502,TUBOFLO Αποφρακτικό Υγρό 500ml,3.26
2025-06-05,9413121,CALGON Power Αποσκληρυντικό Νερού Πλυντηρίου Ρούχων Ταμπλέτες 30τεμ,11.95
2025-06-05,1221653,KITTEN Γάντια Γενικής Χρήσης Large Νο8,1.2
2025-06-05,1585953,NEOMAT Total 4+1 Eco Απορρυπαντικό Πλυντηρίου Ρούχων Υγρό Άγριο Τριαντάφυλλο 38 πλύσεις 1-71lt,4.23
2025-06-05,1634452,FINISH Powerball Power Απορρυπαντικό Πλυντηρίου Πιάτων Ταμπλέτες Λεμόνι 40τεμ,10.99
2025-06-05,1641631,DUCK Wc Aqua Blue Στερεό Μπλοκ Τουαλέτας Marine 2x36g,2.28
2025-06-05,1224681,ECOS Απορρυπαντικό Πλυντηρίου Πιάτων Υγρό Λεβάντα Vegan 47 πλύσεις,5.8
2025-06-05,1645724,SOFLAN Classic Απορρυπαντικό Πλυντηρίου Ρούχων Υγρό για Μάλλινα 24 πλύσεις 960ml,3.29
2025-06-05,4649828,GREPA Γάντια Πλαστικά Διάφανα Large 100τεμ,0.98
2025-06-05,6880967,ROL Απορρυπαντικό Ρούχων Χεριού Σκόνη 380g,1.66
2025-06-05,4419826,ACE Ενισχυτικό Πλύσης Υγρό για Χρωματιστά με Άρωμα Φρεσκάδας 2lt,4.98
2025-06-05,1470433,DROLIO Απορρυπαντικό Πιάτων Υγρό με άρωμα Λουλουδιών 1lt,1.75
2025-06-05,1624538,ΑΡΚΑΔΙ Απορρυπαντικό Πιάτων Υγρό Ρόδι &amp; Σταφύλι Ανταλλακτικό Vegan 900ml,2.74
2025-06-05,4169801,KLINEX Ultra Χλωρίνη Fresh 750ml,1.96
2025-06-05,1624524,TOPINE Gel Ultra Χλωροκαθαριστικό Λεμόνι 2x1250ml,4.13
2025-06-05,1483747,DIXAN Clean &amp; Hygiene Απορρυπαντικό Πλυντηρίου Ρούχων Τζελ 70 πλύσεις,10.95
2025-06-05,1609113,PERSIL Renew Απορρυπαντικό Πλυντηρίου Ρούχων Υγρό για Σκούρα Χρώματα 56 πλύσεις,8.71
2025-06-05,1583316,SOUPLINE Μαλακτικό Ρούχων Συμπυκνωμένο Βανίλια &amp; Ορχιδέα 60 πλύσεις,3.9
2025-06-05,1633582,PAPOUTSANIS Aromatics Love Συμπυκνωμένο Μαλακτικό 50 πλύσεις,3.93
2025-06-05,1206357,SCOTCH-BRITE Σφουγγαρίστρα Μικροϊνών Χονδρό Σπείρωμα,5.0
2025-06-05,1291109,AVA Perle Απορρυπαντικό Πιάτων Υγρό με άρωμα Λεμόνι &amp; Εκχύλισμα Χαμομηλιού 1500ml,3.32
2025-06-05,1477241,BREF Wc Blue Active+ Στερεό Μπλοκ Τουαλέτας Chlorine 2x50g,2.5
2025-06-05,5185418,AJAX Ultra Καθαριστικό Πατώματος Λεβάντα 1lt,1.89
2025-06-05,4213682,BIO SHOUT Καθαριστικό Λεκέδων 500ml,5.48
2025-06-05,1606349,OMO Απορρυπαντικό Πλυντηρίου Ρούχων Υγρό Τροπικά Λουλούδια &amp; Ylang Ylang 28 πλύσεις,4.25
2025-06-05,1036529,DETTOL Power &amp; Fresh Καθαριστικό Πατώματος Αντιβακτηριδιακό Λεμόνι &amp; Λάιμ 1lt,3.25
2025-06-05,1144088,AJAX F&#234;te des Fleurs Καθαριστικό Πατώματος Ρόδο της Αυγής 1lt,1.83
2025-06-05,1222894,KITTEN Λαβή για Σκονοσκουπάκι &amp; Ανταλλακτικά πανάκια 5τεμ,1.38
2025-06-05,1116752,KLINEX Hygiene Καθαριστικό Σπρέι Κουζίνας 4σε1 Χωρίς χλώριο 750ml,2.55
2025-06-05,1593400,PLANET AutoDishWash Απορρυπαντικό Πλυντηρίου Πιάτων Τζελ 22 πλύσεις 450ml,4.98
2025-06-05,1223314,KITTEN Πανί Μικροϊνών Γενικής Χρήσης 40x40cm 1τεμ,0.95
2025-06-05,1584277,FINISH Powerball Ultimate Plus All in 1 Απορρυπαντικό Πλυντηρίου Πιάτων Ταμπλέτες Λεμόνι 22τεμ ,6.91
2025-06-05,1606345,KLINEX Pure Hygiene Καθαριστικό Απολυμαντικό Πατώματος Herbal Fresh 1lt,1.79
2025-06-05,1616922,CAJOLINE Intense Care Μαλακτικό Ρούχων Συμπυκνωμένο Μύρτιλο &amp; Μoβ Ορχιδέα 82 πλύσεις,4.95
2025-06-05,1522845,DROLIO Καθαριστικό Υγρό για Όλες τις Επιφάνειες με άρωμα Γαρδένια &amp; Τριαντάφυλλο 1lt,1.35
2025-06-05,1423251,DROLIO Μαλακτικό Ρούχων Συμπυκνωμένο Άνθη Λεβάντας 60 πλύσεις ,2.58
2025-06-05,1474099,AJAX 4σε1 Απολυμαντικό &amp; Καθαριστικό Σπρέι για Όλες τις Επιφάνειες Ανταλλακτικό 500ml,1.67
2025-06-05,1485444,TOPINE Total Power Απολυμαντικό Υγρό για Όλες τις Επιφάνεις Μήλο Χωρίς χλώριο 1lt ,2.18
2025-06-05,1594378,KLINEX Power Fresh Καθαριστικό Τζελ Τουαλέτας Φρεσκάδα Ωκεανού 750ml,1.77
2025-06-05,1573267,PLANET Μαλακτικό Ρούχων Συμπυκνωμένο Golden Blossom 45 πλύσεις 1000ml,2.98
2025-06-05,1604695,OMINO BIANCO Απορρυπαντικό Πλυντηρίου Ρούχων Υγρό Black Wash για Σκούρα Ρούχα 27 πλύσεις,4.36
2025-06-05,4084471,VILEDA Κοντάρι Σφουγγαρίστρας Super με Χονδρό Σπείρωμα κόκκινο 1-25m,2.66
2025-06-05,1053593,CALGON Αποσκληρυντικό Νερού Πλυντηρίου Ρούχων σε Σκόνη 950g,7.98
2025-06-05,1593447,SKIP Ultimate 3in1 Απορρυπαντικό Πλυντηρίου Ρούχων Active Clean 38 κάψουλες,9.6
2025-06-05,1294664,AFROSO Στερεό Block για το Καζανάκι Powerful Ocean 50g,1.48
2025-06-05,4584983,PALMOLIVE Ultra Δύναμη Απορρυπαντικό Πιάτων Υγρό Original 1500ml,3.46
2025-06-05,1506244,TOPINE Total Power Απολυμαντικό Σπρέι Spring Valley 400ml,2.94
2025-06-05,1221752,VIOPSYCTR Σκούπα Γενικής Χρήσης χονδρό σπείρωμα,1.45
2025-06-05,1228603,BERILL Καθαριστικό Σπρέι για το Φούρνο 500ml,4.96
2025-06-05,1648197,SOUPLINE Τέλειο Σιδέρωμα Μαλακτικό Ρούχων Συμπυκνωμένο Αύρα Δροσιάς 78 πλύσεις,4.75
2025-06-05,1453074,ROL Stains Out Αφαιρετικό Σπρέι Λεκέδων Πρόπλυσης 325ml,3.38
2025-06-05,1613775,SKIP Απορρυπαντικό Πλυντηρίου Ρούχων Σκόνη Spring Fresh 50 πλύσεις,9.96
2025-06-05,1058592,PRODERM Απορρυπαντικό Πιάτων Υγρό 500ml,2.14
2025-06-05,1606287,SKIP Απορρυπαντικό Πλυντηρίου Ρούχων Υγρό Spring Fresh 28 πλύσεις,5.83
2025-06-05,1507091,AFROSO Στερεό Block Τουαλέτας Relaxing Lavender Ανταλλακτικό 2x40g,2.16
2025-06-05,1645774,ΕΥΡΗΚΑ Υπερλευκαντικό Ρούχων Classic 4x60g,2.78
2025-06-05,1463782,ROL Quick Guard Απολυμαντικό Σπρέι Υφασμάτων &amp; Επιφανειών 680ml,3.79
2025-06-05,1632303,DROLIO Απορρυπαντικό Πλυντηρίου Ρούχων Σκόνη 45 πλύσεις,5.45
2025-06-05,1101125,PRONTO Καθαριστικό &amp; Γυαλιστικό Σπρέι Ξύλινων Επίπλων 5σε1 Aloe Vera 500ml,5.18
2025-06-05,1650943,SWIFFER Dusters Χειρολαβή Ξεσκονισματος &amp; Ξεσκονόπανα Με Άρωμα 4τεμ,4.73
2025-06-05,1587629,PALMOLIVE Plus Απορρυπαντικό Πιάτων Υγρό Exotic Orchid 675ml,1.9
2025-06-05,1594379,KLINEX Power Fresh Καθαριστικό Τζελ Τουαλέτας Φρεσκάδα Λεμονιού 750ml,1.77
2025-06-05,1609616,ΑΡΚΑΔΙ Απορρυπαντικό Πιάτων Υγρό Περγαμόντο &amp; Γκρέιπφρουτ Vegan 550ml,2.28
2025-06-05,1204451,VIOPSYCTR Σετ Σκουπάκι &amp; Φαρασάκι για Καθαρισμό Νεροχύτη,0.98
2025-06-05,1630668,K2R Colour Catcher Χρωμοπαγίδα 40 φύλλα,4.88
2025-06-05,1650805,SANITAS Hygiene Fresh Σφουγγαράκι Κουζίνας Αντιβακτηριδιακό 5τεμ,1.96
2025-06-05,1513170,FINISH Power All In 1 Απορρυπαντικό Πλυντηρίου Πιάτων Τζελ Λεμόνι 30 πλύσεις,7.98
2025-06-05,1647701,KITTEN Πανάκια Μικροϊνών Γενικής Χρήσης 3τεμ,1.9
2025-06-05,1616923,CAJOLINE Μαλακτικό Ρούχων Συμπυκνωμένο Blue Fresh 52 πλύσεις,3.38
2025-06-05,1645768,ΕΥΡΗΚΑ Anti-Kalk Αποσκληρυντικό Νερού Τζελ 2x750ml,8.57
2025-06-05,1224683,ECOS Baby Απορρυπαντικό Πλυντηρίου Ρούχων Υγρό με Λεβάντα &amp; Χαμομήλι Vegan 50 πλύσεις,7.68
2025-06-05,1226438,KITTEN Πανί Μικροϊνών για Οθόνες 30x30cm,0.72
2025-06-05,4385159,OVERLAY Γυαλιστικό Σπρέι Επίπλων 250ml,3.63
2025-06-05,1221783,KITTEN Γάντια Γενικής Χρήσης Small Νο7,1.2
2025-06-05,1470435,DROLIO Απορρυπαντικό Πιάτων Υγρό με άρωμα Λουλουδιών 500ml,0.95
2025-06-05,1646450,LENOR Συμπυκνωμένο Μαλακτικό Ρούχων Amber &amp; Orchid 59 πλύσεις,4.38
2025-06-05,1613786,SKIP Απορρυπαντικό Πλυντηρίου Ρούχων Σκόνη Active Clean 50 πλύσεις,9.96
2025-06-05,1650952,SWIFFER Υγρά Πανάκια Καθαρισμού Ανταλλακτικά 10τεμ,4.86
2025-06-05,1461339,VILEDA Turbo Smart Σύστημα Καθαρισμού,31.8
2025-06-05,1641404,FAIRY Ultra Απορρυπαντικό Πιάτων Υγρό 350ml,2.48
2025-06-05,1649248,ΕΥΡΗΚΑ Color Block Χρωμοσυλλέκτης 20 φύλλα ,2.43
2025-06-05,1616232,OVERLAY Expess Απολυμαντικό &amp; Καθαριστικό Σπρέι Μπάνιου 650ml,2.16
2025-06-05,1648423,KLINEX Ultra Χλωρίνη Λεμόνι 2Χ750ml,3.13
2025-06-05,1401388,FINISH Powerball Power All in 1 Απορρυπαντικό Πλυντηρίου Πιάτων Ταμπλέτες Λεμόνι 27τεμ,9.05
2025-06-05,1584083,SOUPLINE Μαλακτικό Ρούχων Mistral 50 πλύσεις 4lt,5.58
2025-06-05,1616918,CAJOLINE Intense Care Μαλακτικό Ρούχων Συμπυκνωμένο Μύρτιλο &amp; Μoβ Ορχιδέα 52 πλύσεις,3.38
2025-06-05,1221474,DOMENICO Φαράσι με Λάστιχο &amp; Κλικ,1.0
2025-06-05,1606343,SKIP Ultimate Απορρυπαντικό Πλυντηρίου Ρούχων Υγρό Extra Stain Removal 35 πλύσεις,7.84
2025-06-05,9966649,OMINO BIANCO Αφρός Καθαρισμού Λεκέδων για Χαλιά &amp; Καναπέδες 300ml,5.91
2025-06-05,2739316,FINISH Αποσμητικό Πλυντηρίου Πιάτων Λεμόνι &amp; Λάιμ 4ml,5.97
2025-06-05,1063153,KLINEX Ultra Χλωρίνη Fresh 2lt,3.17
2025-06-05,1623608,DIXAN Απορρυπαντικό Πλυντηρίου Ρούχων Τζελ Φρεσκάδα Ωκεανού 32 πλύσεις ,5.14
2025-06-05,1584079,SOUPLINE Μαλακτικό Ρούχων Υποαλλεργικό λευκό 50 πλύσεις 4lt,5.58
2025-06-05,1600233,PLANET Baby Καθαριστικό Υγρό Πατώματος Υποαλλεργικό Vegan 1000ml,2.42
2025-06-05,1594422,ΚΥΚΛΩΨ Βούρτσα Φιαλών,1.2
2025-06-05,1619015,SOUPLINE Oriental Elixir Μαλακτικό Ρούχων Συμπυκνωμένο Mystic Amber 42 πλύσεις,3.49
2025-06-05,4169686,KLINEX Χλωρίνη Λεπτόρευστη Φρεσκάδα Δάσους 2lt,1.98
2025-06-05,1224687,ECOS Απορρυπαντικό Πλυντηρίου Ρούχων Υγρό Μανόλια &amp; Κρίνος Vegan 50 πλύσεις,7.68
2025-06-05,1221797,Βενζίνη Καθαρισμού 460ml,2.15
2025-06-05,1182467,TOPINE Gel Ultra Χλωροκαθαριστικό Λεμόνι 750ml,1.64
2025-06-05,7161201,DUCK Στερεό Block για το Καζανάκι Marine 50g,2.56
2025-06-05,1358914,PRONTO Καθαριστικό Υγρό με Σαπούνι για Ξύλινα Πατώματα &amp; Έπιπλα 1000ml,5.0
2025-06-05,1507092,AFROSO Στερεό Block Τουαλέτας Passionate Rose 40g,1.29
2025-06-05,6899322,AJAX Συρμάτινα Σφουγγαράκια με Σαπούνι 7τεμ,1.87
2025-06-05,1587016,SOUPLINE Μαλακτικό Ρούχων Mistral 17 πλύσεις 1-4lt,2.48
2025-06-05,1616921,CAJOLINE Intense Care Μαλακτικό Ρούχων Συμπυκνωμένο Λίλιουμ &amp; Φρούτα του Δάσους 52 πλύσεις,3.38
2025-06-05,1648257,LENOR Ενισχυτικό Αρώματος Ρούχων Spring Awakening 270g,6.34
2025-06-05,1609138,PERSIL Renew Απορρυπαντικό Πλυντηρίου Ρούχων Υγρό για Σκούρα Χρώματα 28 πλύσεις,4.49
2025-06-05,1623609,DIXAN Απορρυπαντικό Πλυντηρίου Ρούχων Τζελ Φρεσκάδα Άνοιξης 32 πλύσεις ,5.14
2025-06-05,1356751,PRONTO Glory Καθαριστικό Υγρό για Μάρμαρα &amp; Πλακάκια με Πράσινο Σαπούνι 1000ml,5.05
2025-06-05,1278934,SKIP Active Clean Απορρυπαντικό Πλυντηρίου Ρούχων Σκόνη 20 πλύσεις,6.2
2025-06-05,9393166,ΕΥΡΗΚΑ Senso Ενισχυτικό Πλύσης Υγρό 2lt,3.98
2025-06-05,1648165,SOUPLINE Τέλειο Σιδέρωμα Μαλακτικό Ρούχων Συμπυκνωμένο Αύρα Δροσιάς 60 πλύσεις,3.9
2025-06-05,1268241,OVERLAY Καθαριστικό Σπρέι για Inox &amp; Κεραμικές Εστίες 500ml,3.96
2025-06-05,1423258,DROLIO Μαλακτικό Ρούχων με άρωμα Πρωινή Αύρας 40 πλύσεις,2.9
2025-06-05,1610154,PERSIL Renew Απορρυπαντικό Πλυντηρίου Ρούχων Υγρό Color Detergent για Χρωματιστά Ρούχα 28 πλύσεις,4.49
2025-06-05,9980277,KLINEX Χλωρίνη Λεπτόρευστη Λεμόνι 1lt,1.25
2025-06-05,1434072,ΕΥΡΗΚΑ Express Απορρυπαντικό Ρούχων Χεριού Υγρό 900ml,2.81
2025-06-05,1496588,PRACTIC Σφουγγαρίστρα Μικροϊνών Χονδρό Σπείρωμα,3.9
2025-06-05,1224712,SANITAS Γάντια Ενισχυμένα Small,2.1
2025-06-05,1221471,Κοντάρι Μεταλλικό με Ψιλό Σπείρωμα,1.0
2025-06-05,1036090,SANITAS Κουβάς &amp; Στίφτης,6.9
2025-06-05,1648198,SOUPLINE Aroma Nurish Μαλακτικό Ρούχων Συμπυκνωμένο Καρύδα &amp; Λευκά Άνθη 78 πλύσεις,4.75
2025-06-05,1219271,OMO Απορρυπαντικό Πλυντηρίου Ρούχων Σκόνη Τροπικά Λουλούδια 45 πλύσεις,7.1
2025-06-05,1653068,ARIEL Απορρυπαντικό Ρούχων Υγρό Alpine 80 πλύσεις,14.98
2025-06-05,1641399,FAIRY Max Power Απορρυπαντικό Πιάτων Υγρό Λεμόνι 2x730ml,6.39
2025-06-05,1227266,SES Ατσαλόσυρμα Νο6 6τεμ,0.5
2025-06-05,1500997,SWIFFER Σκούπα &amp; 8 Στεγνά Πανάκια +3 Υγρά Πανάκια ,13.57
2025-06-05,1219323,BREF Wc Blue Active+ Στερεό Μπλοκ Τουαλέτας Flower 50g,1.82
2025-06-05,1423259,DROLIO Μαλακτικό Ρούχων με άρωμα Λεβάντας 40 πλύσεις,2.9
2025-06-05,1641402,FAIRY Ultra Απορρυπαντικό Πιάτων Υγρό Λεμόνι 350ml,2.48
2025-06-05,1624581,ΑΡΚΑΔΙ Σαπούνι με Ελαιόλαδο Πράσινο Vegan 4x150g,2.9
2025-06-05,1583291,SOUPLINE Μαλακτικό Ρούχων Συμπυκνωμένο Λεβάντα 60 πλύσεις,3.9
2025-06-05,1597075,SKIP Ultimate 3in1 Απορρυπαντικό Πλυντηρίου Ρούχων Κάψουλες Spring Fresh 26 πλύσεις ,8.36
2025-06-05,3907011,VILEDA Κουβάς &amp; Στίφτης,9.37
2025-06-05,1597091,VANISH Oxi Action Ενισχυτικό Πλύσης Σκόνη Χωρίς χλώριο 1Κg,8.33
2025-06-05,1648196,SOUPLINE Μαλακτικό Ρούχων Συμπυκνωμένο Mistral 78 πλύσεις,4.75
2025-06-05,1652962,ARIEL Allin1 Pods Απορρυπαντικό Πλυντηρίου Ρούχων Alpine 60 κάψουλες,14.98
2025-06-05,1223885,ΝΕΙΛΟΣ Στίφτης για Κουβά 15lt,0.86
2025-06-05,9150160,PRODERM Απορρυπαντικό Πλυντηρίου Ρούχων Υγρό 17 πλύσεις,7.25
2025-06-05,1652967,ARIEL Allin1 Pods Απορρυπαντικό Πλυντηρίου Ρούχων Alpine 76 κάψουλες,17.98
2025-06-05,1157131,ROL Απορρυπαντικό Ρούχων Χεριού Υγρό  750ml,2.17
2025-06-05,1301295,PLANET Baby Απορρυπαντικό Πλυντηρίου Ρούχων Υγρό Sweet Dream 20 πλύσεις,5.0
2025-06-05,1648182,SOUPLINE Aroma Seduction Μαλακτικό Ρούχων Συμπυκνωμένο Βανίλια &amp; Μανταρίνι 78 πλύσεις,4.75
2025-06-05,1590980,BIONOL Professional Απορρυπαντικό Κρέμα Γενικής Χρήσης 800g,4.18
2025-06-05,1648422,KLINEX Ultra Χλωρίνη Pink 2X750ml,3.13
2025-06-05,1115216,VILEDA Σκούπα 3 Action Λεπτό Σπείρωμα,5.32
2025-06-05,1648180,SOUPLINE Aroma Freshness Μαλακτικό Ρούχων Συμπυκνωμένο Paradise Collection 60 πλύσεις,3.9
2025-06-05,1442369,PRACTIC Γάντια Latex Extra Large 100τεμ,4.0
2025-06-05,1206327,VANISH Oxi Action Σαμπουάν για Χαλιά &amp; Ταπετσαρίες 500ml,8.3
2025-06-05,1221685,ΝΕΙΛΟΣ Κουβάς Oβάλ 15lt,2.7
2025-06-05,1641405,FAIRY Power Σπρέι 3σε1 Λεμόνι Ανταλλακτικό 500ml,4.55
2025-06-05,1646452,LENOR Συμπυκνωμένο Μαλακτικό Ρούχων Amber &amp; Orchid 42 πλύσεις,4.04
2025-06-05,1596874,VANISH Oxi Action Ενισχυτικό Πλύσης Τζελ Χωρίς χλώριο 1-5lt,10.8
2025-06-05,1561809,ECOS Dishmate Απορρυπαντικό Πιάτων Υγρό Υποαλλεργικό Αμύγδαλο Vegan 500ml,2.64
2025-06-05,1646443,LENOR Συμπυκνωμένο Μαλακτικό Ρούχων Ocean Escape Fresh 59 πλύσεις,4.38
2025-06-05,1476042,VANISH Oxi Action Ενισχυτικό Πλύσης Τζελ Χωρίς χλώριο 750ml,5.87
2025-06-05,1648174,SOUPLINE Aroma Nurish Μαλακτικό Ρούχων Συμπυκνωμένο Καρύδα &amp; Λευκά Άνθη 60 πλύσεις,3.9
2025-06-05,1648258,LENOR Unstoppables Ενισχυτικό Άρωματος Ρούχων Fresh 150g,4.98
2025-06-05,1649372,SWIFFER Πανάκια Καθαρισμού Ανταλλακτικα 54τεμ,8.98
2025-06-05,1604764,ASTONISH Specialist Πάστα Καθαρισμού για Κατσαρόλες &amp; Φούρνο 400g,2.98
2025-06-05,1648424,KLINEX Ultra Χλωρίνη Fresh 2Χ750ml,3.13
2025-06-05,1653069,ARIEL Απορρυπαντικό Ρούχων Υγρό Color 80 πλύσεις,14.98
2025-06-05,1221660,KITTEN Γάντια Γενικής Χρήσης Extra Large Νο9,1.2
2025-06-05,1585908,DIXAN Απορρυπαντικό Πλυντηρίου Ρούχων Τζελ Φρεσκάδα Ωκεανού 48 πλύσεις,7.96
2025-06-05,1623611,DIXAN Απορρυπαντικό Πλυντηρίου Ρούχων Τζελ Multicolor 32 πλύσεις 1-44lt,5.14
2025-06-05,1646437,LENOR Συμπυκνωμένο Μαλακτικό Ρούχων Haute Couture L&#39; Eclatante  59 πλύσεις,4.38
2025-06-05,1646407,LENOR Συμπυκνωμένο Μαλακτικό Ρούχων Haute Couture Magnificu  59 πλύσεις,4.38
2025-06-05,1224679,ECOS Καθαριστικό Γενικής Χρήσης Σπρέι Μαϊντανός Vegan 650ml,3.3
2025-06-05,1653071,ARIEL Power Απορρυπαντικό Ρούχων Υγρό +Extra Clean Power 70 πλύσεις,14.98
2025-06-05,1646394,LENOR Συμπυκνωμένο Μαλακτικό Ρούχων Passion Jasmine &amp; Rose 59 πλύσεις,4.38
2025-06-05,1443153,ECOS Υγρό Καθαρισμού Φρούτων &amp; Λαχανικών Vegan 650ml,4.42
2025-06-05,1648184,SOUPLINE Μαλακτικό Ρούχων Συμπυκνωμένο Λεβάντα 78 πλύσεις,4.75
2025-06-05,1579193,SWIFFER Dusters για Ξεσκόνισμα 5τεμ,4.75
2025-06-05,1648162,SOUPLINE Aroma Seduction Μαλακτικό Ρούχων Συμπυκνωμένο Βανίλια &amp; Μανταρίνι 60 πλύσεις,3.9
2025-06-05,1624580,ΑΡΚΑΔΙ Σαπούνι με Ελαιόλαδο Λευκό Vegan 4x150g,2.87
2025-06-05,1648193,SOUPLINE Aroma Relax Μαλακτικό Ρούχων Συμπυκνωμένο Μανόλια &amp; Λεβάντα 78 πλύσεις,4.75
2025-06-05,1653076,ARIEL Power Απορρυπαντικό Ρούχων Υγρό +Extra Clean Power 86 πλύσεις,17.98
2025-06-05,1228062,ΠΛΥΝΤΗΡΕΞ Γυαλιστικό Πλυντηρίου Πιάτων Λεμόνι 500ml,3.3
2025-06-05,1480450,VILEDA Spray Max Σύστημα Σφουγγαρίσματος με ψεκασμό ,27.99
2025-06-05,1646448,LENOR Συμπυκνωμένο Μαλακτικό Ρούχων Ocean Escape Fresh 42 πλύσεις,4.04
2025-06-05,1648409,KLINEX Ultra Χλωρίνη Regular 2Χ750ml,3.13
2025-06-05,1113396,ΑΡΚΑΔΙ Baby Απορρυπαντικό Πλυντηρίου Ρούχων Σκόνη Πράσινο Σαπούνι Vegan 20 πλύσεις,7.08
2025-06-05,1646383,LENOR Συμπυκνωμένο Μαλακτικό Ρούχων Amethyst Floral 59 πλύσεις,4.38
2025-06-05,1423255,DROLIO Μαλακτικό Ρούχων με άρωμα Πρωινή Αύρας 20 πλύσεις,2.05
2025-06-05,1651559,ARIEL Απορρυπαντικό Πλυντηρίου Ρούχων Σκόνη Alpine 73 πλύσεις,14.98
2025-06-05,1654906,SWIFFER Πανάκια Καθαρισμού Ανταλλακτικά με Άρωμα 13τεμ,3.67
2025-06-05,1652971,ARIEL Allin1 Pods Απορρυπαντικό Πλυντηρίου Ρούχων Extra Stain Removal 50 κάψουλες,14.98
2025-06-05,1423257,DROLIO Μαλακτικό Ρούχων με άρωμα Λεβάντας 20 πλύσεις,2.05
2025-06-05,1646449,LENOR Συμπυκνωμένο Μαλακτικό Ρούχων Haute Couture La Desirable 59 πλύσεις,4.38
2025-06-05,1480448,VILEDA Spray Max Σύστημα Σφουγγαρίσματος με ψεκασμό Ανταλλακτικό,6.73
2025-06-05,1653082,ARIEL Aqua Poudre Απορρυπαντικό Πλυντηρίου Ρούχων Σκόνη Alpine 91 πλύσεις,17.98
2025-06-05,1230706,MISTER MAGIC Αποσμητικό Πλυντηρίου Πιάτων Limoncino 2x6ml,3.3
2025-06-05,1654498,PLANET Απορρυπαντικό Πλυντηρίου Ρούχων Υγρό Pure Fusion+ 30 πλύσεις,5.65
2025-06-05,1652960,ARIEL Allin1 Pods Απορρυπαντικό Πλυντηρίου Ρούχων Alpine 38 κάψουλες,10.85
2025-06-05,1652955,ARIEL Allin1 Pods Απορρυπαντικό Πλυντηρίου Ρούχων Alpine 26 κάψουλες,8.5
2025-06-05,1652959,ARIEL Allin1 Pods Απορρυπαντικό Πλυντηρίου Ρούχων Touch of Lenor 33 κάψουλες,10.85
2025-06-05,1655015,PLANET Blue Hygiene Απορρυπαντικό Πιάτων Υγρό 425ml,1.35
2025-06-05,1653083,ARIEL Aqua Poudre Απορρυπαντικό Πλυντηρίου Ρούχων Σκόνη Alpine 45 πλύσεις,10.85
2025-06-05,1652963,ARIEL Allin1 Pods Απορρυπαντικό Πλυντηρίου Ρούχων Extra Stain Removal 33 κάψουλες,10.85
2025-06-05,1654927,SWIFFER Πανάκια Καθαρισμού Ανταλλακτικά Maxi 12τεμ,6.12
2025-06-05,1654499,PLANET Απορρυπαντικό Πλυντηρίου Ρούχων Σκόνη White Fusion 54 πλύσεις,9.48
2025-06-05,1651562,ARIEL Απορρυπαντικό Πλυντηρίου Ρούχων Σκόνη Color 45 πλύσεις,10.85
2025-06-05,1655572,VILEDA Σφουγγαράκι Κουζίνας Αντιβακτηριδιακό Ultra Fresh 3τεμ ,2.38
2025-06-05,1655961,OMO Απορρυπαντικό Πλυντηρίου Ρούχων Υγρό Λεβάντα &amp; Γιασεμί 30 πλύσεις,4.32
2025-06-05,1655692,ARIEL Power Απορρυπαντικό Ρούχων Υγρό +Extra Clean Power 25 πλύσεις,6.79
2025-06-05,1655974,OMO Απορρυπαντικό Πλυντηρίου Ρούχων Υγρό Τροπικά Λουλούδια &amp; Ylang Ylang 30 πλύσεις,4.32
2025-06-05,1655701,KLINEX Power Foam Ενεργός Αφρός Καθαρισμού για Λεκάνη &amp; Μπάνιο Mint Boost Με Ενεργό χλώριο 435ml,2.55
2025-06-05,1097256,MAGGI Noodles με γεύση Κοτόπουλο 59-2g,0.6
2025-06-05,1097261,MAGGI Noodles με γεύση Βοδινό 59-2g,0.6
2025-06-05,1548652,SUGARTIA Ζάχαρη Λευκή Κρυσταλλική 1kg,0.67
2025-06-05,1221484,ΜΑΡΑΤΑ Ντομάτα Passata Ελαφρά Συμπυκνωμένος Χυμός 500g,0.48
2025-06-05,1221661,ΜΑΡΑΤΑ Ντομάτες ψιλοκομμένες 400g,0.56
2025-06-05,1227949,ΜΑΡΑΤΑ Ντομάτες τριμμένες 500g,0.62
2025-06-05,1223413,ΣΚΛΑΒΕΝΙΤΗΣ Ρύζι Μπλου Μπόνετ Ελληνικό 500g,0.95
2025-06-05,4168464,MELISSA Σπαγγέτι Νο6 500g,0.64
2025-06-05,1221723,ΜΑΡΑΤΑ Σπαγγέτι Νο6 500g,0.57
2025-06-05,5461025,ΦΙΝΟ Ξίδι Χωρίς γλουτένη 390ml,0.32
2025-06-05,8408452,PUMMARO Ντομάτα Πασσάτα Κλασικό 500g,0.68
2025-06-05,1221789,ΜΑΡΑΤΑ Αλεύρι για Όλες τις Χρήσεις 1kg,0.65
2025-06-05,1223408,ΣΚΛΑΒΕΝΙΤΗΣ Ρύζι Καρολίνα Ελληνικό 500g,1.08
2025-06-05,4658795,KYKNOS Ντοματοπελτές Διπλής Συμπύκνωσης 70g,0.65
2025-06-05,4622353,KYKNOS Ντομάτα τριμμένη 500g,0.97
2025-06-05,1223400,ΣΚΛΑΒΕΝΙΤΗΣ Ρύζι Μπασμάτι Εισαγωγής 500g,1.4
2025-06-05,1221809,ΜΑΡΑΤΑ Πένες Ριγέ 500g,0.62
2025-06-05,1221729,ΜΑΡΑΤΑ Λαζάνια 500g,0.6
2025-06-05,1163732,KYKNOS Ντοματοπολτός Διπλής Συμπύκνωσης 70g,0.7
2025-06-05,8494791,PUMMARO Ντομάτα Πασσάτα Κλασική 3x250g,1.47
2025-06-05,1221511,ΑΤΛΑΣ Βανιλίνη 5τεμ 3g,0.35
2025-06-05,1302723,ΜΑΡΑΤΑ Χυμός Ντομάτας Ελαφρά Συμπυκνωμένος 3x250g,1.15
2025-06-05,1429948,FISHERMAN&#39;S BOAT Φιλέτο Τόνου σε Νερό 150g,1.8
2025-06-05,1223409,ΣΚΛΑΒΕΝΙΤΗΣ Φακές ψιλές Ελληνικές 500g,1.15
2025-06-05,4166229,MELISSA Σπαγγετίνη Νο10 500g,0.64
2025-06-05,8434805,KYKNOS Χυμός Ντομάτας Ελαφρά Συμπυκνωμένος 500g,0.72
2025-06-05,1221725,ΜΑΡΑΤΑ Σπαγγετίνη Νο10 500g,0.57
2025-06-05,1221816,ΜΑΡΑΤΑ Κοφτό 500g,0.62
2025-06-05,1227952,ΜΑΡΑΤΑ Ντοματοπολτός 410g,1.1
2025-06-05,1221819,ΜΑΡΑΤΑ Κριθαράκι Μέτριο 500g,0.62
2025-06-05,1221812,ΜΑΡΑΤΑ Βίδες 500g,0.62
2025-06-05,1221466,ΜΑΡΑΤΑ Φαρίνα 500g,0.37
2025-06-05,1402904,ΜΑΡΑΤΑ Καλαμπόκι Γλυκό 3x140g,1.95
2025-06-05,1352915,ΜΑΡΑΤΑ Κέτσαπ Χωρίς γλουτένη 560g,1.6
2025-06-05,1303462,ΜΑΡΑΤΑ Μουστάρδα Απαλή 500g,1.1
2025-06-05,9041179,ΤΟΠ Ξίδι από Κρασί Χωρίς γλουτένη 350ml,0.86
2025-06-05,1429435,ΤΟ ΣΠΙΤΙΚΟ Ξίδι Λευκό Vegan 2lt,1.6
2025-06-05,1214964,BARILLA Collezione Λιγκουίνι 500g,1.09
2025-06-05,1223405,ΣΚΛΑΒΕΝΙΤΗΣ Ρύζι Γλασέ Ελληνικό 500g,0.78
2025-06-05,1573615,EL DION Ηλιέλαιο 1lt,1.75
2025-06-05,4324596,MELISSA Σπαγγέτι Ολικής Άλεσης No6 500g,0.93
2025-06-05,1223203,ΣΚΛΑΒΕΝΙΤΗΣ Πιπέρι Μαύρο τριμμένο 50g,0.6
2025-06-05,4060802,MISKO Σπαγγέτι Νο6 500g,0.8
2025-06-05,1223414,ΣΚΛΑΒΕΝΙΤΗΣ Φακές ψιλές Εισαγωγής 500g,0.94
2025-06-05,4167136,PUMMARO Ντοματάκι ψιλοκομμένο 400g,0.94
2025-06-05,7385008,MELISSA Πένες Ριγέ 500g,0.93
2025-06-05,1621295,ΜΑΡΑΤΑ Μανιτάρια κομμένα 230g,1.1
2025-06-05,4155008,KYKNOS Ντοματοπολτός Διπλής Συμπύκνωσης 410g,1.95
2025-06-05,1560549,MELISSA Τορτελίνι με 5 Τυριά 250g,1.88
2025-06-05,1489442,ΖΩΓΡΑΦΟΣ Ζάχαρη Καστανή Vegan Χωρίς γλουτένη 500g,1.55
2025-06-05,1429949,FISHERMAN&#39;S BOAT Φιλέτο Τόνου σε Ηλιέλαιο 200g,1.8
2025-06-05,1195693,ROYAL SUGAR Ζάχαρη Καστανή 1kg,1.7
2025-06-05,4168225,MELISSA Κριθαράκι Μέτριο 500g,0.71
2025-06-05,4017281,MAC MAGIC Μαγιά Ξηρή 3x9g,0.93
2025-06-05,1621296,ΜΑΡΑΤΑ Μανιτάρια κομμένα 115g,0.77
2025-06-05,1100012,RIO MARE Τόνος σε Ελαιόλαδο 2x160g,5.93
2025-06-05,1591730,MOLON LAVE Εξαιρετικό Παρθένο Ελαιόλαδο 1lt,7.4
2025-06-05,4172417,ΚΑΛΑΣ Κλασικό Αλάτι Θαλασσινό 400g,1.82
2025-06-05,1250663,ΜΑΡΑΤΑ Ντοματοπολτός 200g,0.9
2025-06-05,4172235,ΚΟΡΩΝΙΣ Αλάτι Ψιλό 500g,0.4
2025-06-05,4062543,BARILLA Σπαγγέτι Νο5 500g,0.95
2025-06-05,1272573,KYKNOS Ντομάτα τριμμένη 680g,1.66
2025-06-05,1576375,ΓΙΩΤΗΣ Μπέικιν Πάουντερ 3x20g,0.44
2025-06-05,5744297,HELLMANN&#39;S Real Μαγιονέζα 450ml,2.67
2025-06-05,1223224,ΣΚΛΑΒΕΝΙΤΗΣ Ρίγανη Αποξηραμένη τριμμένη 25g,0.42
2025-06-05,1486096,ΜΑΡΑΤΑ Πένες Ριγέ Ολικής Άλεσης 500g,0.75
2025-06-05,1221714,ΜΑΡΑΤΑ Σόδα 400g,1.3
2025-06-05,4154340,KYKNOS Ντομάτες ψιλοκομμένες αποφλοιωμένες σε χυμό Ντομάτας 400g,1.02
2025-06-05,1486094,ΜΑΡΑΤΑ Λιγκουίνι Ολικής Άλεσης 500g,0.75
2025-06-05,1223439,ΣΚΛΑΒΕΝΙΤΗΣ Φασόλια Μέτρια Εισαγωγής 500g,1.0
2025-06-05,1303489,ΜΑΡΑΤΑ Μαγιονέζα Light 500ml,1.85
2025-06-05,1223416,ΣΚΛΑΒΕΝΙΤΗΣ Ρύζι Νυχάκι Ελληνικό 500g,0.9
2025-06-05,9948886,ΑΛΛΑΤΙΝΗ Αλεύρι για Όλες τις Χρήσεις 2x1kg +1 Δώρο,2.5
2025-06-05,4375606,MELISSA Στριφτό 500g,0.8
2025-06-05,4062568,BARILLA Σπαγγετόνι No7 500g,0.95
2025-06-05,5730718,ΓΙΩΤΗΣ Κουβερτούρα σε Σταγόνες 100g,2.18
2025-06-05,1221762,ΜΑΡΑΤΑ Τορτελίνι με γέμιση Τυριών 250g,1.65
2025-06-05,3019999,KYKNOS Ντοματοπελτές Διπλής Συμπύκνωσης 70g,0.68
2025-06-05,1015849,ΤΟΠ Μηλόξιδο Χωρίς γλουτένη 350ml,1.02
2025-06-05,8337255,AGRINO Exotic Ρύζι Basmati Ινδίας 500g,3.42
2025-06-05,1228092,ΠΑΝ Ξίδι Λευκό 4lt,2.98
2025-06-05,1184153,KYKNOS Χυμός Ντομάτας Ελαφρά Συμπυκνωμένος 3x250g,1.54
2025-06-05,1223317,ΣΚΛΑΒΕΝΙΤΗΣ Πάπρικα Γλυκιά 50g,0.6
2025-06-05,4143988,3 ΑΛΦΑ Φακές Ψιλές Εισαγωγής 500g,2.3
2025-06-05,1549313,KYKNOS Ντομάτα τριμμένη 3x250g,1.95
2025-06-05,9385238,RIO MARE Τρυφερά Κομμάτια Τόνου al Naturale 72g,1.67
2025-06-05,4060810,MISKO Σπαγγετίνη Νο10 500g,0.8
2025-06-05,1221757,ΜΑΡΑΤΑ Σέλινο 500g,0.62
2025-06-05,4815916,ΓΙΩΤΗΣ Μαγιά Στιγμής 3x8g,0.98
2025-06-05,1505085,TRATA Tuna Pocket Τόνος Φιλέτο σε Νερό 80g,1.71
2025-06-05,1303523,ΜΑΡΑΤΑ Μαγιονέζα 500ml,1.95
2025-06-05,4188876,AGRINO Bella Ρύζι Parboiled 500g,2.65
2025-06-05,1223432,ΣΚΛΑΒΕΝΙΤΗΣ Φασόλια μέτρια Ελληνικά 500g,1.68
2025-06-05,1221521,ΜΑΡΑΤΑ Ντομάτες ψιλοκομμένες 370g,0.6
2025-06-05,4088266,ΓΙΩΤΗΣ Κορν Φλάουρ Vegan 200g,1.13
2025-06-05,4404943,MELISSA Λαζανάκι 500g,1.01
2025-06-05,1487567,CRISTAL Ζάχαρη Καστανή 1kg,1.5
2025-06-05,1221739,ΜΑΡΑΤΑ Παστίτσιο Νο2 500g,0.62
2025-06-05,4167201,MELISSA Κοφτό 500g,0.93
2025-06-05,4062642,BARILLA Πένες Ριγέ 500g,1.12
2025-06-05,4155164,KYKNOS Ντοματάκια ολόκληρα αποφλοιωμένα 400g,1.24
2025-06-05,1223390,ΣΚΛΑΒΕΝΙΤΗΣ Ρεβίθια μέτρια Ελληνικά 500g,1.55
2025-06-05,6012025,BARILLA Έτοιμη Σάλτσα Ζυμαρικών Pesto Alla Genovese Χωρίς γλουτένη 190g,3.17
2025-06-05,1402902,ΜΑΡΑΤΑ Καλαμπόκι Γλυκό 285g,1.0
2025-06-05,1411567,ΜΑΡΑΤΑ Πουρές Πατάτας στιγμής 250g,1.55
2025-06-05,4061883,MISKO Αχιβάδες 500g,1.1
2025-06-05,6512230,KALAMATA PAPADIMITRIOU Κρέμα Βαλσαμικού Vegan Χωρίς γλουτένη 250ml,2.76
2025-06-05,9111220,PUMMARO Σπιτική Ντομάτα στον τρίφτη 680g,1.71
2025-06-05,1170374,ORIENTAL EXPRESS Instant Noodles με γεύση Κοτόπουλο &amp; Νιφάδες Τσίλι Vegan 87g,0.98
2025-06-05,4154928,KYKNOS Ντοματοπολτός Διπλής Συμπύκνωσης 200g,1.45
2025-06-05,1221644,ΜΑΡΑΤΑ Ηλιέλαιο 2lt,3.9
2025-06-05,4168076,MELISSA Παστίτσιο Νο2 500g,0.99
2025-06-05,1842533,MAGGI Ζωμός Λαχανικών 12 κύβοι 132g,1.82
2025-06-05,6222640,HEINZ Κέτσαπ 570g,2.49
2025-06-05,4152542,KNORR Ζωμός Κότας 12 κύβοι 120g,2.13
2025-06-05,9447814,KNORR Ζωμός Λαχανικών Vegan 12 κύβοι 120g,2.13
2025-06-05,4063418,BARILLA Collezione Τορτελίνια με Τυρί 250g,2.24
2025-06-05,4062055,MISKO Κριθαράκι Μέτριο 500g,0.95
2025-06-05,6242655,PUMMARO To Κτήμα Ντομάτα Πασσάτα Βιολογική 250g,0.78
2025-06-05,1063738,ORIENTAL EXPRESS Instant Noodles με γεύση Ασιατικά Λαχανικά Vegan 87g,0.98
2025-06-05,1517720,MELISSA Σπαγγετίνη Ολικής Άλεσης Νο10 500g,0.93
2025-06-05,4087466,ΓΙΩΤΗΣ Φρουί Ζελέ με γεύση Φράουλα Χωρίς ζάχαρη 14-5g,1.37
2025-06-05,1221641,ΜΑΡΑΤΑ Ηλιέλαιο 1lt,1.97
2025-06-05,1230769,LEMONLIME Άρτυμα Λεμονιού 330ml,0.36
2025-06-05,1223465,ΜΑΚΒΕΛ Σπαγγέτι Νο6 500g,0.67
2025-06-05,4086062,ΓΙΩΤΗΣ Άνθος Αραβοσίτου με γεύση Βανίλια 43g,0.47
2025-06-05,9929266,HELLMANN&#39;S Μουστάρδα Απαλή 500g,3.25
2025-06-05,1223406,ΣΚΛΑΒΕΝΙΤΗΣ Φακές χονδρές Εισαγωγής 500g,1.18
2025-06-05,4482311,MELISSA Πένες Ριγέ Ολικής Άλεσης 500g,1.16
2025-06-05,5364526,BARILLA Ριγκατόνι 500g,1.12
2025-06-05,4060794,MISKO Λιγκουίνι Λαζάνια 500g,1.1
2025-06-05,5500418,HELLMANN&#39;S Real Μαγιονέζα 430ml,3.2
2025-06-05,1223425,ΣΚΛΑΒΕΝΙΤΗΣ Φασόλια Γίγαντες Εισαγωγής 500g,2.55
2025-06-05,6471213,BEN&#39;S ORIGINAL Ρύζι Μακρύκοκκο Parboiled 10&#39; σε μαγειρικό σακουλάκι 4x125g,2.5
2025-06-05,3059821,MELISSA Φιογκάκι 500g,1.15
2025-06-05,1221750,ΜΑΡΑΤΑ Κοράλλι 500g,0.62
2025-06-05,1224160,BDL Κινόα Βασιλική Λευκή Βιολογική 250g,2.63
2025-06-05,4166575,PUMMARO Ντομάτα Πασσάτα με Κρεμμύδι 520g,0.87
2025-06-05,1221792,ΜΑΡΑΤΑ Σπαγγέτι Νο7 Ολικής Άλεσης 500g,0.75
2025-06-05,3256815,ΜΕΤΕΩΡΑ Ξίδι Λευκό 400ml,0.88
2025-06-05,1298541,INTERMED Slim Fix Γλυκαντικό Υγρό με Στέβια 60ml,3.8
2025-06-05,6490684,RIO MARE Τόνος σε Ελαιόλαδο 3x80g,3.98
2025-06-05,1198836,MELISSA Λιγκουίνι Ολικής Άλεσης 500g,1.0
2025-06-05,3059862,ΜΥΛΟΙ ΑΓΙΟΥ ΓΕΩΡΓΙΟΥ Αλεύρι Ολικής Άλεσης 1kg,2.28
2025-06-05,1223223,ΣΚΛΑΒΕΝΙΤΗΣ Κανέλα Αποξηραμένος Φλοίος 50g,1.05
2025-06-05,2880839,ΓΙΩΤΗΣ Κουβερτούρα Γάλακτος σε Σταγόνες 100g,2.18
2025-06-05,1221669,ΑΝΘΕΛΑ Ελαιόλαδο 1lt,5.85
2025-06-05,1223278,ΣΚΛΑΒΕΝΙΤΗΣ Κανέλα τριμμένη 50g,0.64
2025-06-05,3059979,ΜΥΛΟΙ ΑΓΙΟΥ ΓΕΩΡΓΙΟΥ Αλεύρι για Τσουρέκι 1kg,3.1
2025-06-05,1221821,ΜΑΡΑΤΑ Κριθαράκι Χονδρό 500g,0.62
2025-06-05,1015846,ΤΟΠ Ξίδι Βαλσάμικο Χωρίς γλουτένη 250ml,1.95
2025-06-05,5283924,RIO MARE Τόνος al Naturale 2x112g,5.6
2025-06-05,1233376,ΩΜΕΓΑ Ζάχαρη Άχνη 400g,0.65
2025-06-05,1638906,BARILLA Έτοιμη Σάλτσα Ζυμαρικών Pesto Genovese Χωρίς γλουτένη 2x190g,5.34
2025-06-05,4167508,MELISSA Κριθαράκι Χονδρό 500g,0.71
2025-06-05,6011985,BARILLA Έτοιμη Σάλτσα Ζυμαρικών Basilico Χωρίς γλουτένη 400g,2.65
2025-06-05,4188967,PALIRIA Ντολμαδάκια Γιαλαντζί Vegan 280g,3.14
2025-06-05,1063736,ORIENTAL EXPRESS Instant Noodles με γεύση Ψητές Γαρίδες &amp; Λαχανικά Vegan 87g,0.98
2025-06-05,1125926,ΓΙΩΤΗΣ Μπεσαμέλ 162g,1.38
2025-06-05,4731477,AGRINO Φακές Ψιλές Ελληνικές 500g,2.42
2025-06-05,4470605,MISKO Τριβελάκι 500g,1.1
2025-06-05,1544161,ΑΡΟΣΙΣ Φακές Ψιλές Γρεβενών 500g,2.56
2025-06-05,1163987,KYKNOS Σάλτσα Πίτσας Vegan Χωρίς γλουτένη 400g,1.53
2025-06-05,1121305,KALAMATA PAPADIMITRIOU Μουστάρδα Απαλή Vegan Χωρίς γλουτένη 300g,2.42
2025-06-05,4166435,PUMMARO Ντομάτα Πασσάτα πιο Συμπυκνωμένο 520g,0.87
2025-06-05,4143848,3 ΑΛΦΑ Ρύζι Καρολίνα 500g,2.23
2025-06-05,5154893,KYKNOS Φασόλια Κόκκινα 240g,1.5
2025-06-05,4062501,BARILLA Σπαγγετίνι Νο3 500g,0.93
2025-06-05,1527834,KYKNOS Κέτσαπ Classic Vegan Χωρίς γλουτένη 560g,2.51
2025-06-05,4164018,MELISSA Κανελόνια 250g,1.19
2025-06-05,1486097,ΜΑΡΑΤΑ Κριθαράκι Μέτριο Ολικής Άλεσης 500g,0.75
2025-06-05,1223194,ΣΚΛΑΒΕΝΙΤΗΣ Πιπέρι Μαύρο 50g,0.75
2025-06-05,8142606,HEINZ Κέτσαπ 342g,1.84
2025-06-05,4193108,ΖΑΝΑΕ Ντολμαδάκια Γιαλαντζί Vegan 280g,2.95
2025-06-05,1591731,MOLON LAVE Εξαιρετικό Παρθένο Ελαιόλαδο 4lt,26.7
2025-06-05,4141750,3 ΑΛΦΑ Φασόλια Μέτρια Εισαγωγής 500g,2.3
2025-06-05,1221668,ΜΑΡΑΤΑ Τόνος Φιλέτο σε Νερό 2x140g,4.96
2025-06-05,6212229,BARILLA Φουζίλι 500g,1.12
2025-06-05,4145389,BARILLA Collezione Farfalle 500g,1.17
2025-06-05,5275631,MISKO Σπαγγέτι Ολικής Άλεσης Νο6 500g,1.09
2025-06-05,4356564,ΗΛΙΟΣ Σκόρδο τριμμένο 50g,2.24
2025-06-05,1065964,TRATA Τόνος σε Νερό 2x112g,5.17
2025-06-05,9385170,RIO MARE Τρυφερά Κομμάτια Tόνου σε Ελαιόλαδο 80g,1.67
2025-06-05,4482329,MELISSA Στριφτό Ολικής Άλεσης 500g,1.16
2025-06-05,4087342,ΓΙΩΤΗΣ Φαρίνα Κόκκινη 500g,1.15
2025-06-05,1151782,BEN&#39;S ORIGINAL Ρύζι Basmati 10&#39; σε μαγειρικό σακουλάκι 4x125g,4.0
2025-06-05,4087409,ΓΙΩΤΗΣ Φρουί Ζελέ με γεύση Κεράσι Χωρίς ζάχαρη 14-5g,1.37
2025-06-05,2640837,DIMFIL Bio Farma Ντοματάκι ψιλοκομμένο Βιολογικό 400g,1.47
2025-06-05,1223418,ΣΚΛΑΒΕΝΙΤΗΣ Φασόλια Μαυρομάτικα Εισαγωγής 500g,1.3
2025-06-05,7320351,MAGGI Νοστιμιά Ζωμός σε σκόνη 130g,1.98
2025-06-05,1501734,ΟΜΟΣΠΟΝΔΙΑ Ρεβίθια σε Νερό 240g,1.4
2025-06-05,1221630,ΜΑΡΑΤΑ Αραβοσιτέλαιο 1lt,2.25
2025-06-05,1223305,ΣΚΛΑΒΕΝΙΤΗΣ Μείγμα Πιπεριών 50g,1.64
2025-06-05,2782365,PUMMARO Σπιτική Ντομάτα στον τρίφτη 500g,1.03
2025-06-05,1223386,ΣΚΛΑΒΕΝΙΤΗΣ Ρεβίθια Αποφλοιωμένα Εισαγωγής 500g,1.85
2025-06-05,1163668,MELISSA Χρυσή Επιλογή Λιγκουίνι 500g,1.02
2025-06-05,1223220,ΣΚΛΑΒΕΝΙΤΗΣ Κρεμμύδι Αποξηραμένο σε νιφάδες 25g,0.38
2025-06-05,1223382,ΣΚΛΑΒΕΝΙΤΗΣ Πλιγούρι Ελληνικό 500g,1.0
2025-06-05,1615792,ΠΑΥΛΙΔΗΣ Κουβερτούρα Κλασική 3x125g,5.38
2025-06-05,1221618,ΜΑΡΑΤΑ Πυρηνέλαιο 1lt,4.45
2025-06-05,4167656,MELISSA Πένες 500g,0.94
2025-06-05,1276045,ΜΠΑΡΜΠΑ ΣΤΑΘΗΣ Σάλτσα Ντομάτας για Λαδερά 370g,1.3
2025-06-05,1182792,ORIENTAL EXPRESS Family Noodles Vegan 5x75g,2.67
2025-06-05,1221503,ROYAL SUGAR Ζάχαρη Καστανή σε στικς 50x4g,1.2
2025-06-05,1260534,BARILLA Έτοιμη Σάλτσα Ζυμαρικών Basilico Χωρίς γλουτένη 200g,1.97
2025-06-05,4189809,AGRINO Bella Ρύζι Parboiled 1kg,4.65
2025-06-05,1223398,ΣΚΛΑΒΕΝΙΤΗΣ Φάβα Ελληνική 500g,1.5
2025-06-05,1505086,TRATA Tuna Pocket Καπνιστά Κομμάτια από Φιλέτα Τόνου 80g,1.71
2025-06-05,8455289,KYKNOS Ντομάτες ψιλοκομμένες αποφλοιωμένες σε χυμό Ντομάτας 370g,1.18
2025-06-05,1597022,TASTY COOK Νοστιμομαγειρέματα Ζωμός Λαχανικών 12τεμ 120g,0.98
2025-06-05,4168407,MELISSA Σπαγγετίνη Νο7 500g,0.75
2025-06-05,1005439,ΜΥΛΟΙ ΑΓΙΟΥ ΓΕΩΡΓΙΟΥ Αλεύρι για Όλες τις Χρήσεις 1kg,1.5
2025-06-05,1001538,MISKO Χρυσή Σειρά Πλεξούδες 500g,1.29
2025-06-05,1842459,MAGGI Ζωμός Κότας 12 κύβοι 132g ,1.82
2025-06-05,1605115,HEINZ Zero Κέτσαπ Χωρίς προσθήκη ζάχαρης &amp; αλατιού 425g,2.79
2025-06-05,4276713,AGRINO Λαΐς Ρύζι Καρολίνα 500g,2.34
2025-06-05,4210704,REALEMON Χυμός Λεμονιού 250ml,1.22
2025-06-05,5744289,HELLMANN&#39;S Real Μαγιονέζα 225ml,1.55
2025-06-05,4440327,ΓΙΩΤΗΣ Φρουί Ζελέ με γεύση Φράουλα 2x100g,1.36
2025-06-05,4188512,AGRINO Σουπέ Ρύζι Γλασέ 500g,2.03
2025-06-05,1219083,TRATA Τόνος Καπνιστός σε Φυτικό Λάδι 2x160g,5.17
2025-06-05,1406498,KABASSI Αλάτι Μεσολογγίου 1kg,1.36
2025-06-05,1063730,ORIENTAL EXPRESS Instant Noodles με γεύση Μανιτάρι &amp; Νιφάδες Μανιταριού Vegan 87g,0.98
2025-06-05,1574477,ΜΑΡΑΤΑ Τορτελίνι με γέμιση Τυριών 500g ,3.25
2025-06-05,1221800,ΜΑΡΑΤΑ Φιδές ψιλός 250g,0.64
2025-06-05,1489823,ΜΙΝΕΡΒΑ Χωριό Ντομάτες τριμμένες 500g,0.98
2025-06-05,1221810,ΦΙΝΟ Ξίδι Βαλσάμικο Χωρίς γλουτένη 250ml,1.04
2025-06-05,4171948,ΜΥΛΟΙ ΑΓΙΟΥ ΓΕΩΡΓΙΟΥ Φαρίν Απ 500g,1.28
2025-06-05,1223218,ΣΚΛΑΒΕΝΙΤΗΣ Θυμάρι Αποξηραμένο 20g,0.35
2025-06-05,1501767,ΜΥΛΟΙ ΑΓΙΟΥ ΓΕΩΡΓΙΟΥ Μαγιά Ξηρή 3x8g,0.98
2025-06-05,1227951,ΜΑΡΑΤΑ Ντοματοπολτός 200g,0.74
2025-06-05,1221633,ΜΑΡΑΤΑ Αραβοσιτέλαιο 2lt,4.46
2025-06-05,1633777,PALIRIA Gold Ντολμαδάκια Γιαλαντζί Vegan 200g,2.88
2025-06-05,4173373,ΒΛΑΧΑ Χυλοπιτάκι με Αυγά 500g,2.45
2025-06-05,1169355,MELISSA Κριθαράκι Μέτριο Ολικής Αλέσης 500g,1.16
2025-06-05,1224137,ΑΝΘΟΣ Lemon Dressing 360ml,0.36
2025-06-05,4062378,MISKO Παστίτσιο Νο2 500g,1.1
2025-06-05,4220513,TRATA Σαρδέλες σε Φυτικό Λάδι 100g,1.98
2025-06-05,1134310,ΜΠΑΡΜΠΑ ΣΤΑΘΗΣ Ντομάτα στον τρίφτη 3x250g,2.24
2025-06-05,1100018,RIO MARE Insalatissime Σαλάτα με Τόνο Μεξικάνα με Κόκκινα Φασόλια Καλαμπόκι Πιπεριές 2x160g,4.98
2025-06-05,4060596,MISKO Κοφτό 500g,1.1
2025-06-05,1303466,ΜΑΡΑΤΑ Μουστάρδα Πικάντικη 500g,1.1
2025-06-05,9925777,ΓΙΩΤΗΣ Μπέικιν Πάουντερ 200g,1.56
2025-06-05,1488311,MISKO Πέννε Ριγκάτε 500g,1.1
2025-06-05,4144044,3 ΑΛΦΑ Ρύζι Basmati Ινδίας 500g,3.3
2025-06-05,1629701,MISKO Σπαγγέτι Νο6 4x500g,3.07
2025-06-05,4193124,ΖΑΝΑΕ Φασόλια Γίγαντες σε σάλτσα Ντομάτας Vegan 280g,2.43
2025-06-05,1223226,ΣΚΛΑΒΕΝΙΤΗΣ Σκόρδο Αποξηραμένο τεμαχισμένο 50g,0.9
2025-06-05,1063732,ORIENTAL EXPRESS Instant Noodles με γεύση Χοιρινό Barbeque &amp; Λαχανικά Vegan 87g,0.98
2025-06-05,1624767,TRATA Τόνος σε Νερό 3x56g,4.13
2025-06-05,1422582,KNORR Ζωμός για Βοδινό 12 κύβοι 120g,2.13
2025-06-05,1455208,ΑΡΟΣΙΣ Φακές Ψιλές Γρεβενών Βιολογικές 500g,3.5
2025-06-05,4143525,3 ΑΛΦΑ Φακές Χονδρές Εισαγωγής 500g,2.27
2025-06-05,3239761,BARILLA Integrale Σπαγγέτι Ολικής Άλεσης 500g,1.07
2025-06-05,1491558,MISKO Ριγκατόνι Ολικής Άλεσης 500g,1.29
2025-06-05,1597019,TASTY COOK Νοστιμομαγειρέματα Ζωμός Κότας 12 κύβοι 120g,0.98
2025-06-05,4087375,ΓΙΩΤΗΣ Φρουί Ζελέ με γεύση Ανανά Χωρίς ζάχαρη 14-5g,1.37
2025-06-05,4167045,PUMMARO Ντοματάκι ψιλοκομμένο με Κρεμμύδι 400g,1.28
2025-06-05,4167284,MELISSA Φιδές Ψιλός 250g,0.85
2025-06-05,1223302,ΣΚΛΑΒΕΝΙΤΗΣ Μαχλέπι τριμμένο 15g,0.86
2025-06-05,4086153,ΓΙΩΤΗΣ Άνθος Αραβοσίτου Στιγμής με γεύση Βανίλια 62g,0.93
2025-06-05,6012017,BARILLA Έτοιμη Σάλτσα Ζυμαρικών Napoletana Χωρίς γλουτένη 400g,2.65
2025-06-05,1230907,ΜΑΚΒΕΛ Κοχύλια 500g,1.04
2025-06-05,1430527,KRAFT Μαγιονέζα Χωρίς γλουτένη 490ml,2.55
2025-06-05,1221546,FALANI Κομπόστα Ροδάκινο σε Σιρόπι 480g,1.87
2025-06-05,4062238,MISKO Κριθαράκι Χονδρό 500g,0.95
2025-06-05,4167748,MELISSA Σιμιγδάλι Ψιλό 500g,1.15
2025-06-05,6143952,MISKO Φιογκάκια 500g,1.3
2025-06-05,1491575,MELISSA Σπαγγέτι με Καρότο 400g,1.13
2025-06-05,5275656,MISKO Σπαγγετίνη Ολικής Άλεσης Νο10 500g,1.09
2025-06-05,1491560,BARILLA Integrale Λιγκουίνι Ολικής Άλεσης 500g,1.25
2025-06-05,6527394,HELLMANN&#39;S Μουστάρδα Απαλή 265g,2.05
2025-06-05,5239132,HELLMANN&#39;S Μαγιονέζα Light 430ml,3.47
2025-06-05,5642970,STELLA Χυλοπίτες Χωριάτικες 500g,1.22
2025-06-05,1636507,ΚΑΛΑΣ Κλασικό Αλάτι Θαλασσινό 3x400g,3.74
2025-06-05,1223393,ΣΚΛΑΒΕΝΙΤΗΣ Ρεβίθια χονδρά Ελληνικά 500g,1.85
2025-06-05,1480090,ΖΩΓΡΑΦΟΣ Slim Line Γλυκαντικό Υγρό με Στέβια Vegan Χωρίς γλουτένη 125ml,3.18
2025-06-05,1223277,ΣΚΛΑΒΕΝΙΤΗΣ Δυόσμος Αποξηραμένος τριμμένος 15g,0.23
2025-06-05,4165866,ΜΙΝΕΡΒΑ Χωριό Εξαιρετικό Παρθένο Ελαιόλαδο Ποικιλία Κορωνέικη 1lt,8.1
2025-06-05,1583544,ΣΚΛΑΒΕΝΙΤΗΣ Ρύζι Καστανό Parboiled Ελληνικό 500g,1.35
2025-06-05,1550566,FYTRO Ζάχαρη Καστανή Ακατέργαστη από Ζαχαροκάλαμο 1kg,2.08
2025-06-05,1198812,PRIMO GUSTO Έτοιμη Σάλτσα Ζυμαρικών Pesto Genovese Χωρίς γλουτένη 190g,2.69
2025-06-05,4167797,MELISSA Σιμιγδάλι Χονδρό 500g,1.15
2025-06-05,1298596,ΜΑΡΑΤΑ Σιμιγδάλι Ψιλό 500g,0.75
2025-06-05,4166120,ΜΙΝΕΡΒΑ Ελαιόλαδο Κλασικό 1lt,6.9
2025-06-05,4200861,ZWAN Λάντσιον Μητ 200g,3.48
2025-06-05,1297984,ΚΟΥΛΑ Αλεύρι για Όλες τις Χρήσεις 3kg,3.6
2025-06-05,1224676,EVERGREEN Ζάχαρη Καρύδας Βιολογική 250g,2.2
2025-06-05,9968397,KNORR Πουρές Πατάτας με Γάλα 291g,3.65
2025-06-05,6682389,ΑΛΛΑΤΙΝΗ Αλεύρι για Όλες τις Χρήσεις 1kg,1.25
2025-06-05,6194492,ΑΦΟΙ ΚΕΡΑΜΑΡΗ Μάννα Αλεύρι Κίτρινο για ζύμωμα 1kg,1.92
2025-06-05,4143392,3 ΑΛΦΑ Ρεβίθια Αποφλοιωμένα 500g,3.7
2025-06-05,4220372,TRATA Σαρδέλες Πικάντικες σε Φυτικό Λάδι 100g,1.98
2025-06-05,1223215,ΣΚΛΑΒΕΝΙΤΗΣ Σόδα Διττανθρακικό Νάτριο 50g,0.4
2025-06-05,4358263,MISKO Αστράκι 500g,1.1
2025-06-05,1226128,ΦΙΛΕΝΤΕΜ Φακές Κόκκινες Vegan 500g,2.13
2025-06-05,1221733,ΜΑΡΑΤΑ Σπαγγέτι Νο7 500g,0.62
2025-06-05,1646923,ΜΥΛΟΙ ΑΓΙΟΥ ΓΕΩΡΓΙΟΥ Αλεύρι για Όλες τις Χρήσεις 3x1kg,3.0
2025-06-05,1296028,ΓΙΩΤΗΣ Κουβερτούρα με 54% Κακάο με Στέβια Χωρίς γλουτένη Χωρίς προσθήκη ζάχαρης 125g,2.38
2025-06-05,4173357,ΒΛΑΧΑ Τραχανάς Ξινός 500g,2.9
2025-06-05,7050438,ΑΡΑΠΙΝΑ Ρύζι Parboiled 500g,1.14
2025-06-05,4376083,ΑΦΟΙ ΚΕΡΑΜΑΡΗ Μάννα Αλεύρι για Όλες τις Χρήσεις 1kg,1.68
2025-06-05,1223313,ΣΚΛΑΒΕΝΙΤΗΣ Ξινό Κιτρικό Οξύ 50g,0.55
2025-06-05,4062741,BARILLA Κριθαράκι Μέτριο 500g,1.13
2025-06-05,1298597,ΜΑΡΑΤΑ Σιμιγδάλι Χονδρό 500g,0.75
2025-06-05,1590354,HEINZ Σάλτσα Mayo Ketchup 425g,2.75
2025-06-05,4386330,MISKO Κοφτό Μισό 500g,1.1
2025-06-05,4482428,MELISSA Τορτελίνι με Τυριά Ολικής Άλεσης 250g,2.13
2025-06-05,5027503,ΚΑΛΑΣ Κλασικό Αλάτι Θαλασσινό 750g,3.25
2025-06-05,1270763,FYTRO Ζάχαρη Καστανή Ακατέργαστη από Ζαχαροκάλαμο Vegan 500g,1.58
2025-06-05,1185133,ΑΡΟΣΙΣ Φασόλια Μέτρια Φλώρινας 500g,2.88
2025-06-05,6144018,MISKO Κουσκουσάκι 500g,1.1
2025-06-05,1223310,ΣΚΛΑΒΕΝΙΤΗΣ Μπούκοβο Καυτερό Αποξηραμένο 25g,0.38
2025-06-05,1221624,ΜΑΡΑΤΑ Πυρηνέλαιο 2lt,8.8
2025-06-05,1100014,RIO MARE Τόνος al Naturale 3x56g,3.98
2025-06-05,1204591,ΝΙΚΗ Αλάτι Χονδρό 1kg,0.72
2025-06-05,7472400,DIMFIL Bio Farma Ντομάτα Πασσάτα Βιολογική 500g,1.33
2025-06-05,1505084,TRATA Tuna Pocket Τόνος Φιλέτο σε Ελαιόλαδο 80g,1.71
2025-06-05,5589163,BEN&#39;S ORIGINAL Ρύζι Μακρύκοκκο Parboiled 10&#39; 500g,2.24
2025-06-05,1228163,BDL Κανέλα Κεϋλάνης τριμμένη Βιολογική 50g,1.72
2025-06-05,4061990,MISKO Πεπονάκι 500g,1.1
2025-06-05,4356556,ΗΛΙΟΣ Πιπέρι τριμμένο 40g,1.8
2025-06-05,5239108,HELLMANN&#39;S Αναπλήρωμα Μαγιονέζας Light 225ml,1.92
2025-06-05,4088233,ΓΙΩΤΗΣ Άνθος Αραβοσίτου με γεύση Βανίλια 160g,1.34
2025-06-05,1615022,KYKNOS Έτοιμη Σάλτσα Ντομάτας με Φέτα Χωρίς γλουτένη 350g,2.98
2025-06-05,1395365,HELLMANN&#39;S Σάλτσα Bbq Original 250ml,3.03
2025-06-05,1594905,NESTLE Dessert Κουβερτούρα με 65% Κακάο Χωρίς γλουτένη 170g,3.47
2025-06-05,3973047,DIMFIL Bio Farma Ρύζι Basmati Βιολογικό 500g,3.5
2025-06-05,1440638,17 DELICATESSEN Ceasar&#39;s Dressing 250g,1.8
2025-06-05,4172656,ΗΡΑ Αλάτι Ψιλό 500g,1.1
2025-06-05,1561789,ΜΑΡΑΤΑ Τορτελίνι Τρικολόρε με Τυρί 250g,1.65
2025-06-05,1095407,FLOKOS Καλαμάρι Καλιφόρνιας σε Άλμη 222g,4.67
2025-06-05,1114642,ΜΥΛΟΙ ΑΓΙΟΥ ΓΕΩΡΓΙΟΥ Αλεύρι για Πίτσα 1kg,2.1
2025-06-05,5130323,DE CECCO Λιγκουίνι Νο7 500g,1.72
2025-06-05,4587044,MELISSA Τορτελίνι Τρικολόρε με Τυρί 250g,1.88
2025-06-05,2477735,HEINZ Κέτσαπ 460g,2.66
2025-06-05,5713185,ΓΙΩΤΗΣ Σοκολάτα Τρούφα 100g,2.26
2025-06-05,1648204,ΓΙΩΤΗΣ Πουρές Πατάτας Στιγμής Vegan 2x125g,2.03
2025-06-05,5181300,BEN&#39;S ORIGINAL Ρύζι Basmati 10&#39; 500g,3.83
2025-06-05,1127934,KALAMATA PAPADIMITRIOU Κρέμα Βαλσαμικού με Σύκο Vegan Χωρίς γλουτένη 250ml,3.18
2025-06-05,4189577,AGRINO Φάνσυ Ρύζι Blue Rose 500g,2.3
2025-06-05,1224199,EVERGREEN Σιρόπι Αγαύης Βιολογικό 480g,5.28
2025-06-05,1594906,NESTLE Dessert Κουβερτούρα Χωρίς γλουτένη 170g,2.97
2025-06-05,3644978,ΓΙΩΤΗΣ Φαρίνα Ολικής Άλεσης 500g,1.58
2025-06-05,4063483,BARILLA Collezione Πένες Τρικολόρε 500g,1.64
2025-06-05,5130331,DE CECCO Σπαγγέτι Νο12 500g,1.72
2025-06-05,6288955,KNORR Σάλτσα Ζυμαρικών Καρμπονάρα 44g,2.55
2025-06-05,4063459,BARILLA Collezione Λαζάνια με Αυγό 500g,2.21
2025-06-05,1223307,ΣΚΛΑΒΕΝΙΤΗΣ Μοσχοκάρυδο τριμμένο 25g,1.15
2025-06-05,5191788,DE CECCO Νιόκι Πατάτας 500g,1.41
2025-06-05,1617804,MELISSA High Protein Σπαγγέτι 400g,1.72
2025-06-05,4188785,AGRINO Φίνο Ρύζι Νυχάκι 500g,2.15
2025-06-05,2887420,AGRINO Exotic Άγριο Ρύζι με Parboiled 500g,3.47
2025-06-05,1515497,COOK AT HOME Σάλτσα για Μοσχαράκι Κατσαρόλας Κοκκινιστό με Καροτάκια &amp; Κόκκινο Κρασί 520g,2.9
2025-06-05,4165403,ΜΙΝΕΡΒΑ Ηλιέλαιο 2lt,5.4
2025-06-05,1646460,HELLMANN&#39;S Sauce Μαγιονέζας Vegan Χωρίς γλουτένη 330g,3.14
2025-06-05,1621294,ΜΑΡΑΤΑ Μανιτάρια ολόκληρα 230g,1.5
2025-06-05,1063733,ORIENTAL EXPRESS Instant Noodles με γεύση Πάπιας Πεκίνου &amp; Λαχανικά Vegan 87g,0.98
2025-06-05,1411571,ΜΑΡΑΤΑ Μπεσαμέλ σε σκόνη 174g,1.04
2025-06-05,7095706,CANDEREL Γλυκαντικό σε δισκία 120τεμ (10-2g),3.4
2025-06-05,1419487,MISKO Λιγκουίνι Ολικής Άλεσης 500g,1.29
2025-06-05,1170630,MISKO Κριθαράκι Ολικής Άλεσης 500g,1.29
2025-06-05,7305394,HELLMANN&#39;S Dijonnaise με Μουστάρδα Dijon 240g,2.05
2025-06-05,1221507,ROYAL SUGAR Ζάχαρη Λευκή σε στικς 50x5g,1.16
2025-06-05,1223222,ΣΚΛΑΒΕΝΙΤΗΣ Σπόροι Σουσάμιου 25g,0.3
2025-06-05,1216707,KALAMATA PAPADIMITRIOU Μουστάρδα με Μέλι Χωρίς γλουτένη 300g,2.88
2025-06-05,1100017,RIO MARE Insalatissime Σαλάτα με Τόνο Καλαμπόκι με Αρακά Καρότα &amp; Μαύρες Ελιές 2x160g,4.98
2025-06-05,1636506,ΗΡΑ Αλάτι Ψιλό 3x500g,2.28
2025-06-05,1223260,ΣΚΛΑΒΕΝΙΤΗΣ Αμμωνία Διττανθρακικό Αμμώνιο 25g,0.25
2025-06-05,4086104,ΓΙΩΤΗΣ Άνθος Αραβοσίτου με γεύση Σοκολάτα 48g,0.53
2025-06-05,1515524,COOK AT HOME Σάλτσα για Κοτόπουλο Κατσαρόλας Λεμονάτο με Μουστάρδα &amp; Λευκό Κρασί 520g,2.9
2025-06-05,1223281,ΣΚΛΑΒΕΝΙΤΗΣ Κάρι 50g,0.84
2025-06-05,1223297,ΣΚΛΑΒΕΝΙΤΗΣ Κύμινο τριμμένο 50g,0.94
2025-06-05,4676102,ΑΡΟΣΙΣ Ρεβίθια Μικρόσπερμα Γρεβενών Βιολογικά 500g,3.12
2025-06-05,1354404,ΜΑΡΑΤΑ Χυμός Ντομάτας Ελαφρά Συμπυκνωμένος 250g,0.4
2025-06-05,1275173,KALAMATA PAPADIMITRIOU Κρέμα Βαλσαμικού Ρόδι με Στέβια Vegan Χωρίς γλουτένη 250ml,3.38
2025-06-05,4155107,KYKNOS Ντοματοπολτός Διπλής Συμπύκνωσης 860g,4.23
2025-06-05,4205316,DEL MONTE Κομπόστα Ροδάκινα Μισά σε Ελαφρύ Σιρόπι 470g,2.5
2025-06-05,2633279,NESTLE Dessert Κουβερτούρα Γάλακτος Χωρίς γλουτένη 170g,3.23
2025-06-05,4169819,MORFAT Creamy Σαντιγί 250g,2.2
2025-06-05,1380762,ΜΑΡΑΤΑ Ντομάτες τριμμένες 680g,1.65
2025-06-05,4142014,3 ΑΛΦΑ Φασόλια Γίγαντες 500g,4.34
2025-06-05,1634918,MOUSLINE Πουρές Πατάτας Χωρίς γλουτένη 250g,2.11
2025-06-05,1223308,ΣΚΛΑΒΕΝΙΤΗΣ Μπαχάρι 25g,0.64
2025-06-05,1223323,ΜΑΡΑΤΑ Ηλιέλαιο 5lt,9.65
2025-06-05,2400117,KALAMATA PAPADIMITRIOU Βαλσαμικό Ξίδι Vegan Χωρίς γλουτένη 250ml,2.15
2025-06-05,6611198,ΓΙΩΤΗΣ Κουβερτούρα Κλασική 3x125g,5.77
2025-06-05,1198041,ΧΡΥΣΕΛΙΑ Ελαιόλαδο Κλασικό 1lt,9.7
2025-06-05,4370060,AGRINO Exotic Ρύζι Jasmine Ταϋλάνδης 500g,2.73
2025-06-05,1144140,BEN&#39;S ORIGINAL Σάλτσα Γλυκόξινη 450g,3.38
2025-06-05,1532195,NISSIN Soba Cup Noodles Classic 90g,2.3
2025-06-05,4193207,BALI Ρύζι Parboiled 500g,1.92
2025-06-05,6903892,MAILLE Μουστάρδα Dijon Originale 215g,2.69
2025-06-05,1595922,ΜΑΡΑΤΑ Τονοσαλάτα με Καλαμπόκι 170g,1.9
2025-06-05,1429761,3 ΑΛΦΑ Ρύζι Καστανό 10&#39; 500g,2.58
2025-06-05,4087490,ΓΙΩΤΗΣ Φρουί Ζελέ με γεύση Κεράσι 2x100g,1.36
2025-06-05,1388861,KNORR Ζωμός Λαχανικών Βιολογικός Vegan 6 κύβοι 60g,1.83
2025-06-05,1595918,ΜΑΡΑΤΑ Τονοσαλάτα Μεξικάνα 170g,1.9
2025-06-05,1505558,KABASSI Αλάτι Μεσολογγίου Χονδρό 500g,1.0
2025-06-05,1629696,MISKO Σπαγγετίνη Νο10 4x500g,3.07
2025-06-05,1136493,HELLMANN&#39;S Ketchupito Κέτσαπ Vegan 460g,2.64
2025-06-05,1302495,ANATOLI Κακουλέ Κάρδαμο τριμμένο 8g,0.98
2025-06-05,1223211,ΣΚΛΑΒΕΝΙΤΗΣ Βασιλικός Αποξηραμένος 20g,0.28
2025-06-05,1600274,MAGGI Ζωμός για Βοδινό 12 κύβοι 120g,1.65
2025-06-05,4177556,ΑΛΤΙΣ Ελαιόλαδο Κλασικό 1lt,8.15
2025-06-05,1223493,LIMBURG Μανιτάρια Κομμένα 460g,2.2
2025-06-05,1142239,ΠΑΥΛΙΔΗΣ Κουβερτούρα Κλασική 125g,1.95
2025-06-05,1223397,ΣΚΛΑΒΕΝΙΤΗΣ Ρεβίθια χονδρά Εισαγωγής 500g,1.4
2025-06-05,5956917,ΑΦΟΙ ΧΑΪΤΟΓΛΟΥ Σουσάμι Αποφλοιωμένο Ημιψημένο 250g,1.84
2025-06-05,5576087,HELLMANN&#39;S Κέτσαπ με Stevia Vegan 465g,2.64
2025-06-05,5239124,HELLMANN&#39;S Αναπλήρωμα Μαγιονέζας Light 450ml,3.58
2025-06-05,1221673,ΑΝΘΕΛΑ Ελαιόλαδο 2lt,11.6
2025-06-05,1228084,ΠΑΝ Κρέμα Βαλσάμικο Χωρίς γλουτένη 500ml,3.79
2025-06-05,6289235,KNORR Σάλτσα Ζυμαρικών 4 Τυριά 44g,2.55
2025-06-05,4165635,ΜΙΝΕΡΒΑ Αραβοσιτέλαιο 2lt,6.7
2025-06-05,2415396,ΜΠΑΡΜΠΑ ΣΤΑΘΗΣ Ντομάτα στον τρίφτη 500g,1.14
2025-06-05,1504773,KNORR Pasta Καρμπονάρα 55g,1.33
2025-06-05,1649374,ΓΙΩΤΗΣ Φαρίνα Κόκκινη 3x500g,2.5
2025-06-05,4088019,ΓΙΩΤΗΣ Άνθος Αραβοσίτου Στιγμής με γεύση Σοκολάτα 78g,1.1
2025-06-05,1144142,BEN&#39;S ORIGINAL Σάλτσα Γλυκόξινη με Έξτρα Ανανά 450g,3.38
2025-06-05,1421902,BRAVA Μουστάρδα Απαλή Χωρίς γλουτένη 430g,2.18
2025-06-05,4141495,ΖΩΓΡΑΦΟΣ Φρουκτόζη Vegan Χωρίς γλουτένη 400g,2.2
2025-06-05,4143731,3 ΑΛΦΑ Φασόλια Μαυρομάτικα Εισαγωγής 500g,2.9
2025-06-05,1532193,NISSIN Soba Noodles Cup Teriyaki 90g,2.3
2025-06-05,4173324,ΒΛΑΧΑ Τραχανάς Γλυκός Σταρένιος με Βούτυρο &amp; Γάλα 500g,2.9
2025-06-05,8779803,HEINZ Baked Beans Λευκά Φασόλια σε σάλτσα Ντομάτας 415g,2.6
2025-06-05,1406496,KABASSI Αλάτι Ιμαλαΐων 1kg,1.48
2025-06-05,1486265,FINO Δάφνη 12g,1.23
2025-06-05,2640795,DIMFIL Bio Farma Ντοματοπολτός Βιολογικός 360g,2.82
2025-06-05,4193090,ΖΑΝΑΕ Ντολμαδάκια Γιαλαντζί Vegan 200g,2.32
2025-06-05,4061537,MISKO Extrafino Νο12 500g,1.23
2025-06-05,1223419,ΣΚΛΑΒΕΝΙΤΗΣ Σιτάρι Ελληνικό 500g,0.84
2025-06-05,1228152,BDL Κουρκουμάς Βιολογικός 50g,1.53
2025-06-05,7045719,ΝΕΑ ΦΥΤΙΝΗ Παραδοσιακή Μαγειρικό Προϊόν Φυτικό 400g,2.9
2025-06-05,1234374,MISKO Πένες Ριγκάτε Ολικής Άλεσης 500g,1.29
2025-06-05,1554481,HELLMANN&#39;S Σάλτσα Avocado &amp; Lime flavour Vegan 250ml,3.03
2025-06-05,1217974,ΠΑΝ Ξίδι Βαλσάμικο Χωρίς γλουτένη 500ml,2.92
2025-06-05,1006665,BEN&#39;S ORIGINAL Ρύζι Καστανό Parboiled 10&#39; σε μαγειρικό σακουλάκι 4x125g,2.53
2025-06-05,1644218,ONSTEVIA Επιτραπέζιο Λευκό Κρυσταλλικό Γλυκαντικό 1kg,3.28
2025-06-05,9854928,MELISSA Ταλιατέλλες 500g,1.7
2025-06-05,1141644,VERTMONT Σιρόπι Σφενδάμου Βιολογικό 187ml,6.52
2025-06-05,7282783,TRATA Γαύρος Ριγανάτος σε Φυτικό Λάδι 100g,2.1
2025-06-05,1127932,KALAMATA PAPADIMITRIOU Κρέμα Βαλσαμικού Λευκή με Πορτοκάλι &amp; Λεμόνι Vegan Χωρίς γλουτένη 250ml,3.3
2025-06-05,1534345,KNORR Μανιταρόσουπα Βελουτέ 85g,2.45
2025-06-05,1226261,ΦΙΛΕΝΤΕΜ Σάλτσα Ντομάτας σπιτική Vegan 690g,3.4
2025-06-05,1423460,BARILLA Έτοιμη Σάλτσα Ζυμαρικών Pesto Basilico Vegan Χωρίς γλουτένη 195g,3.68
2025-06-05,1597021,TASTY COOK Νοστιμομαγειρέματα Ζωμός Βοδινού 12 κύβοι 120g,0.98
2025-06-05,1589356,BEN&#39;S ORIGINAL Ρύζι Μεξικάνικο 2&#39; 220g,2.35
2025-06-05,1065966,TRATA Τονοσαλάτα Μεξικάνα 2x160g,4.68
2025-06-05,1590289,PUMMARO Ντομάτα Ψιλοκομμένη 370g,1.1
2025-06-05,5730767,ΓΙΩΤΗΣ Κουβερτούρα σε Νιφάδες 100g,2.23
2025-06-05,4193082,ΖΑΝΑΕ Ντολμαδάκια Γιαλαντζί Vegan 370g,3.65
2025-06-05,1531745,KNORR Σούπα με Ζυμαρικά ABC &amp; Λαχανικά Vegan 82g,2.35
2025-06-05,5399399,HELLMANN&#39;S Αναπλήρωμα Μαγιονέζας Lighter than Light Χωρίς γλουτένη 430ml,3.47
2025-06-05,1615457,ΕΛΜΑ Μαστίχα Χίου Ψιλή ΠΟΠ 10g,2.84
2025-06-05,1279062,ΦΙΛΕΝΤΕΜ Τόνος Λευκός Αλοννήσου σε Νερό 120g,8.35
2025-06-05,5243415,ΜΙΝΕΡΒΑ Χωριό Εξαιρετικό Παρθένο Ελαιόλαδο Ποικιλία Κορωνέικη 2lt,15.3
2025-06-05,3243979,ANATOLI 4 Πιπέρια Μύλος 36g,3.58
2025-06-05,1585122,3 ΑΛΦΑ Έτοιμα Φυσικά Ρεβίθια Χονδρά στον ατμό 180g,2.97
2025-06-05,6822662,ΜΥΛΟΙ ΑΓΙΟΥ ΓΕΩΡΓΙΟΥ Αλεύρι Καλαμποκιού 500g,1.08
2025-06-05,1230889,ΜΑΚΒΕΛ Πένες Ριγέ 500g,0.94
2025-06-05,4358180,MISKO Τορτελίνι με Τυριά 250g,2.25
2025-06-05,1179911,MELISSA Σπαγγέτι Χωρίς γλουτένη 400g,2.29
2025-06-05,9943309,VAHINE Φυσικό Άρωμα Βανίλιας 20ml,4.28
2025-06-05,1595919,ΜΑΡΑΤΑ Τονοσαλάτα Μεσογειακή 170g,1.9
2025-06-05,1430049,VIFON Noodles Στιγμής με γεύση Λαχανικών 60g,0.62
2025-06-05,1147425,ΓΙΩΤΗΣ Sweet &amp; Balance Γλυκαντικό σε δισκία 100τεμ,2.68
2025-06-05,1616508,LI-O-CHANG Σάλτσα Σόγιας 250ml,2.94
2025-06-05,8832826,ΚΑΛΑΣ Light Σκεύασμα Αλατιού 375g,2.16
2025-06-05,1080959,ΓΙΩΤΗΣ Κουβερτούρα Γάλακτος 125g,2.0
2025-06-05,8001950,BARILLA Έτοιμη Σάλτσα Ζυμαρικών Arrabbiata Χωρίς γλουτένη 400g,2.69
2025-06-05,1221806,ΜΑΡΑΤΑ Μακαρόνια Νο5 500g,0.62
2025-06-05,4358255,MISKO Σπαγγέτι Νο7 500g,0.8
2025-06-05,1223199,ΣΚΛΑΒΕΝΙΤΗΣ Πιπέρι Μαύρο τριμμένο 25g,0.45
2025-06-05,1544157,ΑΡΟΣΙΣ Ρεβίθια Μεγαλόσπερμα Λάρισας 500g,3.1
2025-06-05,1449770,HEINZ Seriously Good Sauce Μαγιονέζας 480ml,2.54
2025-06-05,1491577,MELISSA Σπαγγέτι με Σπανάκι 400g,1.13
2025-06-05,4087532,ΓΙΩΤΗΣ Φρουί Ζελέ με γεύση Ανανά 2x100g,1.36
2025-06-05,1527838,KYKNOS Κέτσαπ Πικάντικη Vegan Χωρίς γλουτένη 560g,3.48
2025-06-05,1639404,PALIRIA Γίγαντες Γιαχνί σε Σάλτσα Κρεμμυδιού &amp; Ντομάτας Vegan 200g,2.62
2025-06-05,1223273,ΣΚΛΑΒΕΝΙΤΗΣ Γαρύφαλλο τριμμένο 25g,0.94
2025-06-05,4163150,FYTRO Κιμάς Σόγια Vegan 400g,3.05
2025-06-05,1430050,VIFON Noodles Στιγμής με γεύση Μοσχάρι 60g,0.62
2025-06-05,1299307,DELICATE Σαβαγιάρ 200g,1.74
2025-06-05,1585185,3 ΑΛΦΑ Έτοιμα Φυσικά Φακές Ψιλές στον ατμό 180g,2.54
2025-06-05,1184547,ORIENTAL EXPRESS Noodles Ρυζιού Μεσαία Vegan Χωρίς Γλουτένη 225g,2.3
2025-06-05,1504772,KYKNOS Ντομάτα περαστή στο μύλο 700g,2.2
2025-06-05,4674966,ΖΩΓΡΑΦΟΣ Slim Line Γλυκαντικό σε σκόνη 90g,3.53
2025-06-05,1419299,ΜΥΛΟΙ ΑΓΙΟΥ ΓΕΩΡΓΙΟΥ Easy Bake Μείγμα για Pancakes 300g,1.56
2025-06-05,1225965,DELIGIOS Γλυκαντικό Στέβια 300g,6.8
2025-06-05,1270770,FYTRO Ζάχαρη Μαύρη Vegan 500g,2.42
2025-06-05,1251580,MELISSA Πένες Ριγέ Χωρίς γλουτένη 400g,2.29
2025-06-05,1595920,ΜΑΡΑΤΑ Τόνος σε Νερό τεμαχισμένος 3x68g,4.26
2025-06-05,1169346,KNORR Μείγμα Μυρωδικών για Σαλάτες με Άνηθο &amp; Κρεμμύδι 5x9g,1.88
2025-06-05,4930665,ΜΕΤΕΩΡΑ Ξίδι Κόκκινο 400ml,0.9
2025-06-05,1578342,PALIRIA Φάβα με Κρεμμύδια &amp; Χυμό Λεμονιού Vegan 280g,2.55
2025-06-05,1184154,KYKNOS Κέτσαπ με Στέβια Vegan Χωρίς γλουτένη 540g,4.1
2025-06-05,6527527,AGRINO Brown Family Ρύζι Καστανό Parboiled 10&#39; για Σπυρωτό Πιλάφι 500g,2.78
2025-06-05,1376103,BDL Τραχανάς με Κατσικίσιο Γάλα Βιολογικός 250g,3.38
2025-06-05,1121309,KALAMATA PAPADIMITRIOU Μουστάρδα Πικάντικη Χωρίς γλουτένη 300g,2.42
2025-06-05,4154753,KYKNOS Ντοματοχυμός 390g,0.92
2025-06-05,1221676,ΜΑΡΑΤΑ Τόνος Φιλέτο σε Ηλιέλαιο 2x195g,4.96
2025-06-05,1145535,HEINZ Soya Sauce 150ml,2.55
2025-06-05,4400677,ΗΛΙΟΣ Carino Μείγμα Μπαχαρικών για Κοτόπουλο 40g,1.8
2025-06-05,1502957,KNORR Ζωμός Λαχανικών Vegan Χωρίς γλουτένη Χωρίς Αλάτι 8 κύβοι 72g,2.07
2025-06-05,1605635,HELLMANN&#39;S Κέτσαπ Classic 540g,2.98
2025-06-05,1223271,ΣΚΛΑΒΕΝΙΤΗΣ Γαρύφαλλο 25g,0.86
2025-06-05,3243953,ANATOLI Πιπέρι Μαύρο Μύλος 45g,3.53
2025-06-05,1221536,ΜΑΡΓΑΡΙΤΑ Νισεστέ 400g,0.93
2025-06-05,1624762,TRATA Ρέγγα Καπνιστή φιλέτο 150g,3.38
2025-06-05,1194507,MELISSA Σπαγγέτι Βιολογικό 500g,1.62
2025-06-05,1290773,ΜΙΝΕΡΒΑ Χωριό Εξαιρετικό Παρθένο Ελαιόλαδο Ποικιλία Κορωνέικη 4lt,30.0
2025-06-05,1182833,ORIENTAL EXPRESS Noodles Σίτου με Αυγά 300g,2.52
2025-06-05,1223309,ΣΚΛΑΒΕΝΙΤΗΣ Μπαχάρι τριμμένο 25g,0.7
2025-06-05,1120649,ΓΙΩΤΗΣ Garni Ζαχαροπλαστικής με γεύση Βανίλια Στιγμής 2x100g,2.57
2025-06-05,4204699,DEL MONTE Κομπόστα Ανανάς Φέτες σε Φυσικό Χυμό 360g,3.62
2025-06-05,4177879,ΦΛΩΡΑ Αραβοσιτέλαιο 2lt,9.6
2025-06-05,1165793,ΠΑΝ Ξίδι Βαλσάμικο με Μέλι Χωρίς γλουτένη 250ml,3.3
2025-06-05,1125361,PORTOLA Καλαμαράκια Καλιφόρνιας σε Άλμη 222g,5.4
2025-06-05,1616607,NESTLE Dessert Κουβερτούρα Λευκή 170g,3.44
2025-06-05,4908570,ΜΕΤΕΩΡΑ Ξίδι Κόκκινο 2x400ml +1 Δώρο,1.8
2025-06-05,1585104,3 ΑΛΦΑ Έτοιμα Φυσικά Φασόλια Μαυρομάτικα στον ατμό 180g,2.8
2025-06-05,1537793,ΦΙΛΕΝΤΕΜ Φακές Μαύρες Beluga Vegan 500g,2.75
2025-06-05,9311325,ΑΦΟΙ ΚΕΡΑΜΑΡΗ Μάννα Αλεύρι Ολικής Άλεσης 1kg,1.98
2025-06-05,1491559,MISKO Παστίτσιο Νο2 Ολικής Άλεσης 500g,1.29
2025-06-05,1299059,EVERGREEN Ανθός Αλατιού Μεσολογγίου 500g,3.28
2025-06-05,4213138,TABASCO Σάλτσα Pepper 60ml,3.53
2025-06-05,1225476,ΜΕΤΕΩΡΑ Ξίδι Λευκό 2x400ml +1 Δώρο,1.76
2025-06-05,1221551,FALANI Κομπόστα Κοκτέιλ Φρούτων σε Ελαφρύ Σιρόπι 500g,2.23
2025-06-05,1223216,ΣΚΛΑΒΕΝΙΤΗΣ Δενδρολίβανο Αποξηραμένο 25g,0.35
2025-06-05,1273279,TROFINO Ρύζι Καρολίνα Ελληνικό Βιολογικό 500g,2.54
2025-06-05,1633861,MELISSA Στριφτόνι με Τομάτα 400g,1.22
2025-06-05,1609207,MOLON LAVE Εξαιρετικό Παρθένο Ελαιόλαδο 2lt,14.7
2025-06-05,1589362,BEN&#39;S ORIGINAL Ρύζι Chinese Style 2&#39; 220g,2.35
2025-06-05,4559233,HEINZ Κέτσαπ Βιολογική 580g,3.37
2025-06-05,1184545,ORIENTAL EXPRESS Noodles Ρυζιού Stir-Fry Vegan Χωρίς γλουτένη 225g,2.3
2025-06-05,1221623,FRESHLY Λάντσιον Μητ Κοτόπουλο 200g,1.98
2025-06-05,1615023,ΚΥΚΝΟΣ Έτοιμη Σάλτσα Ντομάτας Πικάντικη Vegan Χωρίς γλουτένη 350g,2.98
2025-06-05,1223462,ΟΜΟΣΠΟΝΔΙΑ Φασόλια Γίγαντες 280g,2.34
2025-06-05,1228166,BDL Τζίντζερ τριμμένο Βιολογικό 50g,2.1
2025-06-05,1635318,PALIRIA Γεύματα Τρίχρωμη Κινόα με Καλαμπόκι &amp; Dressing Πορτοκαλιού Vegan 200g,3.2
2025-06-05,1098682,TROFINO Ρύζι Κίτρινο Ελληνικό Βιολογικό 500g,2.34
2025-06-05,9937350,HELLMANN&#39;S Μουστάρδα Πικάντικη 500g,3.25
2025-06-05,4166021,ΜΙΝΕΡΒΑ Ελαιόλαδο Κλασικό 2lt,13.8
2025-06-05,1438492,TRATA Τονοσαλάτα με Καπνιστό Τόνο &amp; Κινόα 2x160g,4.68
2025-06-05,1636213,PALIRIA Γεύματα Φασόλια Μαυρομάτικα με Κόκκινες Πιπεριές &amp; Dressing Ξιδιού Vegan 200g,3.2
2025-06-05,1430020,ΜΑΡΑΤΑ Τόνος Φιλέτο σε Εξαιρετικό Παρθένο Ελαιόλαδο 2x170g,4.96
2025-06-05,1634538,PALIRIA Γεύματα Φακές με Ψητά Λαχανικά &amp; Dressing Ροδιού Vegan 200g,3.2
2025-06-05,2351732,ΓΙΩΤΗΣ Μείγμα για Ρυζόγαλο Στιγμής 105g,1.32
2025-06-05,1389118,ΦΙΛΕΝΤΕΜ Φακές Τρίχρωμες Vegan 500g,2.87
2025-06-05,1619656,FLOKOS Καπνιστό Σκουμπρί φιλέτο σε Φυτικό Λάδι 150g,3.95
2025-06-05,2853927,ΓΙΩΤΗΣ Κρέμα Ζαχαροπλαστικής με γεύση Μιλφέιγ Στιγμής 170g,1.56
2025-06-05,1560496,ORIENTAL EXPRESS Sushi Nori Φύλλα Φυκιών για Σούσι Vegan Χωρίς γλουτένη 14g,2.38
2025-06-05,1229163,ROYAL UMBRELLA Ρύζι Αρωματικό Jasmin Ταϋλάνδης 1kg,3.87
2025-06-05,4193116,ΖΑΝΑΕ Κεφτεδάκια σε Σάλτσα Ντομάτας 280g,3.58
2025-06-05,1116601,KYKNOS Αρακάς Ψιλός 280g,2.04
2025-06-05,1100020,RIO MARE Insalatissime Σαλάτα με Τόνο Κους Κους με Ρεβύθια Αρακά &amp; Ντοματίνια 2x160g,5.39
2025-06-05,1221681,ΜΑΡΑΤΑ Τόνος Φιλέτο Πικάντικος σε Ηλιέλαιο 2x195g,4.96
2025-06-05,1221637,ΜΑΡΑΤΑ Αραβοσιτέλαιο 5lt,11.0
2025-06-05,1633862,MELISSA Στριφτό με Παντζάρι 400g,1.22
2025-06-05,1216595,ΜΥΛΟΙ ΑΓΙΟΥ ΓΕΩΡΓΙΟΥ Easy Bake Μείγμα για Κρέπες 300g,1.37
2025-06-05,1474671,Ο ΜΠΑΞΕΣ Ανανάς Φέτες σε Σιρόπι 340g,2.05
2025-06-05,1120648,ΓΙΩΤΗΣ Κρέμα Ζαχαροπλαστικής με γεύση Βανίλια Στιγμής 117g,1.42
2025-06-05,1296809,ΑΝΘΕΛΑ Ελαιόλαδο 4lt,21.85
2025-06-05,1224176,NATURE&#39;S BEST HARVEST 100% Pure Λάδι Καρύδας 500ml,6.96
2025-06-05,1169138,BDL Κινόα Κόκκινη Βιολογική 250g,3.28
2025-06-05,1515509,COOK AT HOME Σάλτσα για Κοτόπουλο Φούρνου Bbq με Θυμάρι &amp; Μέλι 265g,2.43
2025-06-05,1223319,ΣΚΛΑΒΕΝΙΤΗΣ Πιπέρι Κόκκινο Καυτερό 50g,0.75
2025-06-05,1216958,MELISSA Σπαγγέτι από Δίκοκκο Σιτάρι Ολικής Άλεσης 400g,2.02
2025-06-05,1224189,KIKKOMAN Σάλτσα Σόγιας με Λιγότερο Αλάτι Vegan 150ml,4.82
2025-06-05,1269944,DELIGIOS Γλυκαντικό Στέβια σε στικς 20τεμ,2.0
2025-06-05,6194435,ΓΙΩΤΗΣ Sweet &amp; Balance Γλυκαντικό σε σκόνη 80g,3.08
2025-06-05,1590226,FLOKOS Θράψαλο σε Πικάντικη Σάλτσα 160g,3.65
2025-06-05,1225953,DELIGIOS Γλυκαντικό Στέβια 1kg,16.85
2025-06-05,1229126,MONKEY Σάλτσα Sweet Chilli 210g,2.32
2025-06-05,5868518,ΜΥΛΟΙ ΑΓΙΟΥ ΓΕΩΡΓΙΟΥ Αλεύρι για Όλες τις Χρήσεις Βιολογικό 1kg,3.6
2025-06-05,1482942,AKIS Καλαμποκάλευρο Χωρίς γλουτένη 500g,1.0
2025-06-05,1203487,ΓΙΩΤΗΣ Ζελατίνη σε σκόνη 3x10g,1.95
2025-06-05,1233454,ΧΡΥΣΕΛΙΑ Ελαιόλαδο Κλασικό 4lt,36.4
2025-06-05,4820197,ASOLO DOLCE Σφολιατίνες 200g,1.74
2025-06-05,1098683,TROFINO Ρύζι Γλασέ Βιολογικό 500g,1.76
2025-06-05,1198832,MELISSA Κριθαράκι Μέτριο Βιολογικό 500g,1.62
2025-06-05,1634541,PALIRIA Γεύματα Ρεβίθια με Κύμινο &amp; Dressing Λεμονιού Vegan 200g,3.2
2025-06-05,1224158,BDL Κεχρί Αποφλοιωμένο Vegan Βιολογικό 250g,1.66
2025-06-05,1491566,MELISSA Ριγκατόνι Ολικής Άλεσης με Χαρούπι 400g,1.39
2025-06-05,1194514,MELISSA Πένες Ριγέ Βιολογικές 500g,1.62
2025-06-05,1299234,BDL Σουσάμι Αναποφλοίωτο Βιολογικό 250g,2.08
2025-06-05,1030951,ΜΥΛΟΙ ΑΓΙΟΥ ΓΕΩΡΓΙΟΥ Φαρίνα Χωρίς γλουτένη 500g,2.92
2025-06-05,4226056,MAGGI Νοστιμιά Ζωμός σε σκόνη Βιολογικός Vegan 110g,2.29
2025-06-05,4177614,ΑΛΤΙΣ Ελαιόλαδο Κλασικό 2lt,16.2
2025-06-05,5928858,ΓΙΩΤΗΣ Sweet &amp; Balance Μείγμα για Κρέμα Καραμελέ με Στέβια Χωρίς ζάχαρη 114g,1.9
2025-06-05,1493632,ΦΙΛΕΝΤΕΜ Σκιουφικτό Παραδοσιακό Ζυμαρικό Vegan Χωρίς πρόσθετο αλάτι 500g,3.07
2025-06-05,1260159,ΣΚΛΑΒΕΝΙΤΗΣ Φασόλια χονδρά Εισαγωγής 500g,1.88
2025-06-05,7142235,ΓΙΩΤΗΣ Sweet &amp; Balance Μείγμα για Mousse με γεύση Σοκολάτα με Στέβια Χωρίς ζάχαρη 165g,3.12
2025-06-05,8538589,DEL MONTE Κομπόστα Ανανάς Κομμάτια σε Χυμό 260g,3.0
2025-06-05,1226250,ΦΙΛΕΝΤΕΜ Οσπριάδα Κρήτης Vegan 500g,3.3
2025-06-05,1484666,TROFINO Ζάχαρη Ακατέργαστη Βιολογική 500g,2.4
2025-06-05,1098684,TROFINO Ρύζι Καστανό Ελληνικό Βιολογικό 500g,2.04
2025-06-05,1529300,ΠΑΝ Κρέμα Βαλσάμικο με Μέλι Χωρίς γλουτένη 250ml,2.68
2025-06-05,1224159,BDL Φαγόπυρο Σπόρος Βιολογικό 500g,3.07
2025-06-05,1396487,ΓΙΩΤΗΣ 1-2-Bake Μείγμα για Brownies &amp; Σοκολατόπιτα 500g,2.43
2025-06-05,8721433,ΑΛΤΙΣ Παραδοσιακό Εξαιρετικό Παρθένο Ελαιόλαδο 1lt,8.5
2025-06-05,4198792,SOL Ηλιέλαιο 2lt,9.0
2025-06-05,2826451,ΛΑΤΖΙΜΑΣ Εξαιρετικό Παρθένο Ελαιόλαδο Βιολογικό 750ml,10.0
2025-06-05,4356572,HΛΙΟΣ Δαφνόφυλλο 25g,2.68
2025-06-05,6547137,NATREEN Γλυκαντικό σε σκόνη 70g,3.9
2025-06-05,4154456,KYKNOS Κομπόστα Βύσσινο σε Σιρόπι 240g,3.4
2025-06-05,1624064,HELLMANN&#39;S Truffle Mayo Αναπλήρωμα Μαγιονέζας με Τρούφα 250ml,2.28
2025-06-05,4281713,SANΟΛΑ Ηλιέλαιο 2lt,4.3
2025-06-05,4087730,ΓΙΩΤΗΣ Κρέμα Καραμελέ 112g,1.44
2025-06-05,1221807,ΜΑΡΑΤΑ Μακαρόνια Νο3 500g,0.62
2025-06-05,1260536,BLUE DRAGON Σως Τεριγιάκι Vegan 120g,1.64
2025-06-05,1419507,SCHAR Mix Βread Αλεύρι για Ψωμί Vegan Χωρίς γλουτένη Χωρίς λακτόζη 1kg,5.76
2025-06-05,1595915,ΜΑΡΑΤΑ Τόνος σε Ηλιέλαιο τεμαχισμένος 3x95g,4.26
2025-06-05,1221569,FALANI Κομπόστα Βερίκοκο σε Σιρόπι 475g,2.0
2025-06-05,1635294,RIO MARE Τόνος Πικάντικος σε Eλαιόλαδο 2x120g,6.19
2025-06-05,1221694,ΒΟΡΕΙΟΣ ΜΥΛΟΠΟΤΑΜΟΣ Εξαιρετικό Παρθένο Ελαιόλαδο ΠΟΠ 1lt,11.0
2025-06-05,4281648,CORΟΛΑ Αραβοσιτέλαιο 2lt,5.02
2025-06-05,1221686,ΜΑΡΑΤΑ Τόνος Φιλέτο σε Νερό 140g,2.48
2025-06-05,2922425,ΜΙΝΕΡΒΑ Μινερβίνη Μαγειρικό Προϊόν με άρωμα Βουτύρου 400g,3.34
2025-06-05,1060397,ΓΙΩΤΗΣ Σιρόπι με γεύση Σοκολάτα 350g,2.54
2025-06-05,1030943,ΜΥΛΟΙ ΑΓΙΟΥ ΓΕΩΡΓΙΟΥ Αλεύρι για Όλες τις Χρήσεις Χωρίς γλουτένη 1kg,4.54
2025-06-05,1223306,ΣΚΛΑΒΕΝΙΤΗΣ Μοσχοκάρυδο 25g,1.23
2025-06-05,9497652,XENIA Εξαιρετικό Παρθένο Ελαιόλαδο 1lt,7.9
2025-06-05,1488428,MISKO Σουσαμάκι 500g,1.1
2025-06-05,8721078,ΑΛΤΙΣ Παραδοσιακό Εξαιρετικό Παρθένο Ελαιόλαδο 2lt,16.75
2025-06-05,1223441,ΣΚΛΑΒΕΝΙΤΗΣ Φασόλια Μπαρμπούνια Εισαγωγής 500g,1.9
2025-06-05,1060399,ΓΙΩΤΗΣ Σιρόπι με γεύση Βύσσινο 350g,2.54
2025-06-05,1588000,HELLMANN&#39;S Dressing &amp; Dip Real Thousand Island 250ml,2.88
2025-06-05,1120316,XENIA Εξαιρετικό Παρθένο Ελαιόλαδο 2lt,15.2
2025-06-05,4857454,GAEA Οξύμελο Ξίδι Βαλσαμικό με Θυμαρίσιο Μέλι 250ml,2.95
2025-06-05,1584999,ΕΛΜΑ Μείγμα 3σε1 για Τσουρέκι Vegan Χωρίς γλουτένη Χωρίς πρόσθετα σάκχαρα 2x20g,3.18
2025-06-05,4210936,BONOMI Σφολιατίνες με Ζάχαρη 200g,2.8
2025-06-05,1567664,ΑΛΤΙΣ Ελαιόλαδο Κλασικό 3lt,24.15
2025-06-05,3645850,EL SABOR Cheese Dip Σάλτσα Τυριού 300g,2.75
2025-06-05,1482256,ΜΥΛΟΙ ΑΓΙΟΥ ΓΕΩΡΓΙΟΥ Αλεύρι Ζυμωτό 5kg,9.86
2025-06-05,5555925,RIO MARE Σολομός Φιλέτο σε Άλμη 150g,5.71
2025-06-05,2044618,ΑΦΟΙ ΧΑΪΤΟΓΛΟΥ Σησαμέλαιο Χωρίς γλουτένη 500ml,6.58
2025-06-05,1223316,ΣΚΛΑΒΕΝΙΤΗΣ Πιπέρι Άσπρο τριμμένο 50g,1.28
2025-06-05,1224117,BDL Αλεύρι Δίκοκκου Σταριού Ολικής Άλεσης Βιολογικό 1kg,4.12
2025-06-05,1120652,ΓΙΩΤΗΣ Κρέμα Ζαχαροπλαστικής με γεύση Σοκολάτα Στιγμής 200g,1.63
2025-06-05,4772604,DAKOR Corned Beef 198g,4.32
2025-06-05,4200812,ZWAN Λάντσιον Μητ Light 200g,3.78
2025-06-05,1297642,ΗΛΙΟΣ Κριθαράκι από Καλαμπόκι &amp; Ρύζι Χωρίς γλουτένη 400g,2.98
2025-06-05,1396490,ΓΙΩΤΗΣ 1-2-Bake Μείγμα για Muffins Σοκολάτας 500g,2.86
2025-06-05,4050332,ΛΑΤΖΙΜΑΣ Εξαιρετικό Παρθένο Ελαιόλαδο 2lt,16.6
2025-06-05,1203380,DE CECCO Conchiglioni Rigati 500g,2.35
2025-06-05,9953688,ΓΙΩΤΗΣ Έτοιμο Γλάσο με Σοκολάτα &amp; Κακάο 100g,2.07
2025-06-05,1290771,ΜΙΝΕΡΒΑ Ελαιόλαδο Κλασικό 4lt,27.4
2025-06-05,4087078,ΓΙΩΤΗΣ Μείγμα για Λουκουμάδες 255g,1.82
2025-06-05,1505604,MEZETE Gourmet Hummus με Ταχίνι Vegan Χωρίς γλουτένη 215g,3.28
2025-06-05,4142097,3 ΑΛΦΑ Φασόλια Χονδρά Εισαγωγής 500g,4.05
2025-06-05,1223300,ΣΚΛΑΒΕΝΙΤΗΣ Μαχλέπι 15g,0.77
2025-06-05,1222748,ΜΑΡΑΤΑ Τόνος Φιλέτο Πικάντικος σε Ηλιέλαιο 195g,2.48
2025-06-05,1593125,ΟΙ ΓΟΥΜΕΝΙΣΣΕΣ Chutney Χειροποίητο Κρεμμύδι Vegan 220g,2.68
2025-06-05,1505605,MEZETE Gourmet Hummus με Κόκκινη Ψητή Πιπεριά Vegan Χωρίς γλουτένη 215g,3.28
2025-06-05,1404907,MOLON LAVE Εξαιρετικό Παρθένο Ελαιόλαδο σε σπρέι 100ml,3.78
2025-06-05,1600312,XENIA Εξαιρετικό Παρθένο Ελαιόλαδο 3lt,21.9
2025-06-05,1598795,MISKO Τορτελίνι Τρικολόρε με Τυριά 250g,2.3
2025-06-05,1487024,FINO Εστραγκόν Αποξηραμένο 10g,1.6
2025-06-05,1376064,PONTI Di Modena Ξίδι Βαλσάμικο ΠΓΕ 250ml,2.63
2025-06-05,1229135,MONKEY Σάλτσα Sweet Chilli 510g,3.43
2025-06-05,1221715,ΒΟΡΕΙΟΣ ΜΥΛΟΠΟΤΑΜΟΣ Εξαιρετικό Παρθένο Ελαιόλαδο ΠΟΠ 2lt,21.8
2025-06-05,1648455,ΦΙΛΕΝΤΕΜ Σούπα με Ζυμαρικά &amp; Κόκκινη Κολοκύθα Vegan 400g,3.46
2025-06-05,1430021,ΜΑΡΑΤΑ Τόνος Φιλέτο σε Εξαιρετικό Παρθένο Ελαιόλαδο 170g,2.48
2025-06-05,1227967,ΚΤΗΜΑ ΚΑΛΟΝ ΟΡΟΣ Ρίγανη Βιολογική 30g,3.0
2025-06-05,1376083,PONTI Di Modena Κρέμα Βαλσάμικο Χωρίς γλουτένη 250ml,2.98
2025-06-05,1221687,ΜΑΡΑΤΑ Τόνος Φιλέτο σε Ηλιέλαιο 195g,2.48
2025-06-05,4086682,ΓΙΩΤΗΣ Μιλφέιγ 532g,6.98
2025-06-05,1497843,ΑΓΡΙΛΙΑ Εξαιρετικό Παρθένο Ελαιόλαδο Βιολογικό 750ml,13.5
2025-06-05,1631061,GAEA Dressing Μουστάρδας Χωρίς γλουτένη Χωρίς πρόσθετα σάκχαρα 250ml,3.18
2025-06-05,1467123,MINOS FOODS Gelatomania Κώνοι Παγωτού Μπισκότο 10τεμ 104g,2.67
2025-06-05,1593124,ΟΙ ΓΟΥΜΕΝΙΣΣΕΣ Chutney Χειροποίητο Σύκο με Τζίντζερ Vegan 220g,2.87
2025-06-05,1464074,ΜΑΡΑΤΑ Εξαιρετικό Παρθένο Ελαιόλαδο 2lt,22.6
2025-06-05,1222654,ΠΑΝ Κρέμα Βαλσάμικο με Πορτοκάλι &amp; Λεμόνι Χωρίς γλουτένη 250ml,2.78
2025-06-05,1542571,VITA Κορν Μπιφ 198g,4.2
2025-06-05,1636058,LA FABRICA DELLA PASTA DI GRAGNANO Σπαγγέτι ΠΓΕ 500g,3.9
2025-06-05,1636062,LA FABRICA DELLA PASTA DI GRAGNANO Λινγκουίνι ΠΓΕ 500g,3.9
2025-06-05,1127892,ΒLUE DRAGON Easy Sushi Ξίδι Ρυζιού 150ml,4.17
2025-06-05,1273205,BLUE DRAGON Σάλτσα Sweet Chilly &amp; Garlic Vegan 120g,1.64
2025-06-05,1464071,ΜΑΡΑΤΑ Εξαιρετικό Παρθένο Ελαιόλαδο 1lt,11.5
2025-06-05,1165161,ΓΙΩΤΗΣ Βάση για Τούρτα με γεύση Σοκολάτα 400g,4.64
2025-06-05,1636061,LA FABRICA DELLA PASTA DI GRAGNANO Lumaconi ΠΓΕ 500g,3.9
2025-06-05,1418767,ΒΟΡΕΙΟΣ ΜΥΛΟΠΟΤΑΜΟΣ Εξαιρετικό Παρθένο Ελαιόλαδο ΠΟΠ 4lt,42.8
2025-06-05,4577532,ΑΜΒΥΞ Ανθόνερο 200ml,2.23
2025-06-05,1099656,ΓΙΩΤΗΣ Μείγμα για Παγωτό με γεύση Cookies &amp; Cream 497g,3.97
2025-06-05,1250721,ΣΑΜΟΥΡΗ Ζαχαρόπαστα Λευκή Χωρίς γλουτένη 250g,3.42
2025-06-05,1648457,ΦΙΛΕΝΤΕΜ Σούπα με Ζυμαρικά &amp; Ντομάτα Vegan 400g,3.46
2025-06-05,1165162,ΓΙΩΤΗΣ Βάση για Τούρτα με γεύση Βανίλια 400g,4.64
2025-06-05,1221645,ΜΑΡΑΤΑ Σογιέλαιο 1lt,2.2
2025-06-05,7285786,ΓΙΩΤΗΣ Μείγμα για Παγωτό με γεύση Βανίλια με Σιρόπι γεύση Σοκολάτα 428g,3.65
2025-06-05,1482790,GAEA Οξύμελο Ξίδι Βαλσάμικο με Μέλι Βιολογικό 250ml,3.18
2025-06-05,1636060,LA FABRICA DELLA PASTA DI GRAGNANO Casarecce ΠΓΕ 500g,3.9
2025-06-05,7287295,ΓΙΩΤΗΣ Μείγμα για Παγωτό με γεύση Καϊμάκι με Σιρόπι γεύση Βύσσινο 508g,3.65
2025-06-05,1588765,SPARTA ESSENSES Άρτυμα με Τρούφα σε Εξαιρετικό Παρθένο Ελαιόλαδο 250ml,5.84
2025-06-05,7287386,ΓΙΩΤΗΣ Μείγμα για Παγωτό Παρφέ με γεύση Βανίλια με κουβερτούρα σε σταγόνες 463g,3.88
2025-06-05,1465303,ΓΙΩΤΗΣ Τούρτα Σοκολατίνα 580g,7.55
2025-06-05,1464076,ΜΑΡΑΤΑ Εξαιρετικό Παρθένο Ελαιόλαδο 4lt,44.8
2025-06-05,1636057,LA FABRICA DELLA PASTA DI GRAGNANO Farfalloni ΠΓΕ 500g,3.9
2025-06-05,1514320,ARTISAN FOODS Πάστα Wasabi 43g,2.96
2025-06-05,1626979,NAOUMIDIS Μαρμελάδα Πιπεριάς Βιολογική 260g,5.15
2025-06-05,1631062,GAEA Κρέμα Οξύμελου Χωρίς γλουτένη Χωρίς πρόσθετα σάκχαρα 200ml,3.66
2025-06-05,1627024,ΟΙ ΓΟΥΜΕΝΙΣΣΕΣ Chutney με Μπέικον 200g,5.12
2025-06-05,1250722,ΣΑΜΟΥΡΗ Ζαχαρόπαστα Κόκκινη Χωρίς γλουτένη 250g,3.42
2025-06-05,5042577,HΛΙΟΣ Δαφνόφυλλο 20g,1.0
2025-06-05,1634903,KEWPIE Dressing Καβουρδισμένου Σουσαμιού Χωρίς γλουτένη  236ml,7.1
2025-06-05,1588756,SPARTA ESSENSES Άρτυμα με Σκόρδο σε Εξαιρετικό Παρθένο Ελαιόλαδο 250ml,4.08
2025-06-05,1648897,ΓΙΩΤΗΣ Αλεύρι για Όλες τις Χρήσεις 3x1kg,2.44
2025-06-05,1588767,SPARTA ESSENSES Άρτυμα με Ρίγανη σε Εξαιρετικό Παρθένο Ελαιόλαδο 250ml,4.27
2025-06-05,1655435,ΜΥΛΟΙ ΜΑΚΕΔΟΝΙΑΣ Αλεύρι Ολικής Άλεσης 1kg,1.2
2025-06-05,1647714,ORAL-B Ηλεκτρική Οδοντόβουρτσα iO2 Black ,49.98
2025-06-05,4415733,NOXZEMA Αποσμητικό Roll On Memories 50ml,2.42
2025-06-05,4358552,NOXZEMA Men Αποσμητικό Σπρέι Pilot 150ml,2.47
2025-06-05,2901403,GLISS Colour Perfector Σαμπουάν Επανόρθωσης &amp; Προστασίας για Βαμμένα με Ανταύγειες Μαλλιά 400ml,2.6
2025-06-05,7577034,GLISS Ultimate Repair Κρέμα Conditioner για Πολύ Ταλαιπωρημένα Ξηρά Μαλλιά 200ml,2.22
2025-06-05,1614583,GILLETTE Fusion 5 Ανταλλακτικές Κεφαλές Ξυρίσματος 8τεμ,26.38
2025-06-05,1482277,GILLETTE Fusion5  Ξυριστική Μηχανή Proglide &amp; 2 Ανταλλακτικές Κεφαλές,15.18
2025-06-05,1591752,ORAL-B iO Ultimate Clean Ανταλλακτικές Κεφαλές για Ηλεκτρική Οδοντόβουρτσα 2τεμ,15.98
2025-06-05,1591057,BIOTEN Hydro X-Cell Κρέμα Τζελ Ματιών για Mείωση των Μαύρων Κύκλων 15ml,5.62
2025-06-05,1649846,OLD SPICE Αποσμητικό Σπρέι Epic Legend 150ml,3.0
2025-06-05,1491882,WET HANKIES Extra Safe Υγρομάντιλα Αντιβακτηριδιακά 63τεμ ,1.74
2025-06-05,4043493,COLGATE White Teeth Οδοντόκρεμα με Baking Soda 75ml,1.0
2025-06-05,1375673,SETTE Elements Δίσκοι Ντεμακιγιάζ Διπλής Όψης 120τεμ,1.25
2025-06-05,1211140,ΤΟ ΠΡΩΤΟ Αλκοολούχος Λοσιόν 93% με Άρωμα Λεμόνι 420ml,1.43
2025-06-05,1145439,WET HANKIES Υγρομάντιλα Αντιβακτηριδιακά με Άρωμα Λεμόνι 72τεμ,1.74
2025-06-05,1066754,ORAL-B Οδοντόκρεμα 1-2-3 Μέντα 75ml,1.1
2025-06-05,1529164,SETTE Elements Μπατονέτες 300τεμ,1.45
2025-06-05,1376966,SETTE Elements Δίσκοι Ντεμακιγιάζ Διπλής Όψης 60τεμ,1.35
2025-06-05,1394179,SETTE Elements Κρεμοσάπουνο Sweet Vanilla Ανταλλακτικό 1lt,1.65
2025-06-05,1412647,COLGATE Οδοντόκρεμα Family Action 100ml,1.22
2025-06-05,1529162,SETTE Elements Μπατονέτες 100τεμ,0.54
2025-06-05,1082334,DETTOL Soothe Κρεμοσάπουνο Λεβάντα &amp; White Musk Ανταλλακτικό 750ml,2.5
2025-06-05,5201868,WET HANKIES Υγρομάντιλα Αντιβακτηριδιακά 72τεμ,1.74
2025-06-05,1394181,SETTE Elements Κρεμοσάπουνο Μέλι &amp; Γάλα Ανταλλακτικό 1lt,1.65
2025-06-05,1183394,AIM White Now Οδοντόκρεμα 75ml,1.68
2025-06-05,1640389,SEPTONA Υγρομάντιλα Αντιβακτηριδιακά Πράσινο Μήλο 4x15τεμ ,1.28
2025-06-05,1557508,DOVE Beauty Cream Bar Σαπούνι 90g,1.04
2025-06-05,1032610,AIM Οδοντόβουρτσα Anti-Plaque μέτρια,0.63
2025-06-05,1585028,SETTE Elements Κρεμoσάπουνο Γιασεμί Ανταλλακτικό 750ml,1.35
2025-06-05,1221517,ΤΟ ΠΡΩΤΟ Αλκοολούχος Λοσιόν 70% με Άρωμα Λεμόνι 425ml,1.4
2025-06-05,1199327,SEPTONA Υγρομάντιλα Αντιβακτηριδιακά Πράσινο Μήλο 60τεμ,1.58
2025-06-05,1527776,PAPOUTSANIS Natura Αντισηπτικό Σπρέι Χεριών με 80% Αιθυλική Αλκοόλη 100ml,1.06
2025-06-05,9846478,AIM Family Protection Οδοντόκρεμα Herbal 75ml,1.1
2025-06-05,1222482,PAPOUTSANIS Natura Κρεμοσάπουνο Vanilla Caramel Ανταλλακτικό 750ml,1.85
2025-06-05,1178818,DOVE Αποσμητικό Σπρέι Talc Soft 150ml,2.81
2025-06-05,1221710,NOXZEMA Αφρόλουτρο Talc Pampering 750ml,3.05
2025-06-05,1520852,JOHNSON&#39;S Cotton Buds Μπατονέτες 100τεμ,0.86
2025-06-05,1520173,SEPTONA Baby Calm n&#39; Care Μπατονέτες Ασφαλείας Βιοδιασπώμενες 50τεμ,1.5
2025-06-05,1221778,SETTE Elements Υδρόφιλο Βαμβάκι 200g,1.4
2025-06-05,1052870,SENSODYNE Οδοντόκρεμα Repair &amp; Protect Whitening 75ml,3.5
2025-06-05,3925856,COLGATE Max White Οδοντόκρεμα White Crystals 75ml,1.6
2025-06-05,1550572,PAPOUTSANIS Karavaki Κρεμοσάπουνο Σαπούνι Μασσαλίας &amp; Χαμομήλι Ανταλλακτικό 900ml,2.08
2025-06-05,2283448,NOXZEMA Αποσμητικό Roll On Classic 75ml,3.15
2025-06-05,1224284,ΦΩΣ Φωτιστικό Οινόπνευμα 425ml,1.08
2025-06-05,2907582,DOVE Caring Κρεμοσάπουνο Ανταλλακτικό 500ml ,1.85
2025-06-05,1082335,DETTOL Κρεμοσάπουνο Antibacterial Sensitive Ανταλλακτικό 750ml,2.5
2025-06-05,9844465,NEUTRO ROBERTS Delicate Αποσμητικό Roll On Powder Fresh 50ml,2.9
2025-06-05,1645185,WET HANKIES Υγρομάντιλα Αντιβακτηριδιακά 4x15τεμ ,1.24
2025-06-05,6849608,NIVEA Men Black &amp; White Invisible Αποσμητικό Roll On Original 50ml,2.72
2025-06-05,1537926,THRACE GROUP Μάσκα Προσώπου μίας Χρήσης Tύπου FFP2-NR Μαύρες 5τεμ,1.67
2025-06-05,1211141,Αλκοολούχος Λοσιόν 93% 245ml,1.0
2025-06-05,1178822,DOVE Αποσμητικό Roll On Powder 50ml,2.58
2025-06-05,1136321,LE PETIT MARSEILLAIS Αφρόλουτρο με Βιολογικό Γάλα Βανίλιας 650ml,2.48
2025-06-05,1512818,PALMOLIVE Aroma Essence Αφρόλουτρο Ultimate Relax 650ml ,2.35
2025-06-05,1584468,SETTE Elements Κρεμοσάπουνο Γιασεμί Ανταλλακτικό 1lt,1.65
2025-06-05,1636080,WET HANKIES Υγρομάντιλα Αντιβακτηριδιακά με Άρωμα Πράσινο Μήλο 4x15τεμ ,1.24
2025-06-05,6096010,AIM Οδοντόκρεμα Crystal Gel 75ml,1.2
2025-06-05,6993448,ORAL-B Essential Οδοντικό Νήμα Κηρωμένο 50m,1.98
2025-06-05,1585030,SETTE Elements Κρεμοσάπουνο με Αντιβακτηριδιακό Παράγοντα Ανταλλακτικό 750ml,1.35
2025-06-05,1617454,DOVE Αφρόλουτρο Silky Velvet 720ml,3.57
2025-06-05,1386180,JOHNSON&#39;S Vita Rich Smoothies Αφρόλουτρο με Γιαούρτι Ροδάκινο &amp; Καρύδα 750ml,2.73
2025-06-05,6610190,ORAL-B Οδοντόβουρτσα Classic Care μέτρια 1τεμ +1 Δώρο,1.98
2025-06-05,1582150,PALMOLIVE Naturals Κρεμοσάπουνο Μέλι &amp; Γάλα Ανταλλακτικό Σακουλάκι 900ml,2.45
2025-06-05,1508147,THRACE GROUP Μάσκα Προσώπου μίας Χρήσης τύπου FFP2-NR 5τεμ,1.67
2025-06-05,1617456,DOVE Αφρόλουτρο Hydrate 720ml,3.58
2025-06-05,1099750,SENSODYNE Οδοντόκρεμα Complete Protection 75ml,3.44
2025-06-05,1224648,BIC Miss Soleil Ξυραφάκια Μιας Χρήσης Colour Collection 3 Λεπίδες 4τεμ,2.87
2025-06-05,1299848,ULTREX Men Σαμπουάν Αντιπιτυριδικό Deep Clean Action για Όλους τους Τύπους Μαλλιών 360ml,3.23
2025-06-05,1186456,PRACTIC Κάλυμμα Λεκάνης Μίας Χρήσης 15τεμ,1.95
2025-06-05,1520172,SEPTONA Μπατονέτες Βιοδιασπώμενες 200τεμ,1.15
2025-06-05,1131814,SYOSS Keratin Σαμπουάν για Αδύναμα Μαλλιά που Σπάνε 750ml,3.91
2025-06-05,2907590,DOVE Κρεμοσάπουνο Fine Silk Ανταλλακτικό 500ml,1.85
2025-06-05,1418143,PARODONTAX Complete Protection Οδοντόκρεμα Extra Fresh 75ml,4.5
2025-06-05,1644526,WET HANKIES Extra Safe Υγρομάντιλα Αντιβακτηριδιακά 4x12τεμ ,1.39
2025-06-05,9186412,BATH FLOWER Σφουγγάρι Σώματος Τούλι,1.3
2025-06-05,1148656,PALMOLIVE Naturals Αφρόλουτρο &amp; Σαμπουάν Kids Vegan 750ml,2.85
2025-06-05,1228925,ORZENE Beer Recipes Σαμπουάν για Όλους τους Τύπους Μαλλιών 750ml,3.8
2025-06-05,1505219,SEPTONA Υγρομάντιλα Αντιβακτηριδιακά 75% Οινόπνευμα 60τεμ,1.85
2025-06-05,1221595,SETTE Elements Αφρόλουτρο Μέλι &amp; Γάλα 1lt,2.1
2025-06-05,1330607,DETTOL Gentle Κρεμοσάπουνο Antibacterial Χαμομήλι 250ml,1.92
2025-06-05,1221192,SANEX Intimate Wash Υγρό Καθαρισμού για την Ευαίσθητη Περιοχή Sensitive 250ml,2.16
2025-06-05,6774467,DOVE Αποσμητικό Σπρέι Original 150ml,2.81
2025-06-05,1631009,PANTENE Repair &amp; Protect Σαμπουάν για Αναδόμηση &amp; Προστασία 800ml,5.98
2025-06-05,4450052,NOXZEMA Αποσμητικό Roll On Pilot 50ml,2.42
2025-06-05,3276276,PAPOUTSANIS Natura Κρεμοσάπουνο Almond Cream Ανταλλακτικό 750ml,1.85
2025-06-05,1152657,SEPTONA Baby Calm n&#39; Care Σαμπουάν &amp; Αφρόλουτρο Βάλσαμο &amp; Αλόη 500ml,2.49
2025-06-05,1376555,PANTENE Aqua Light Σαμπουάν για Λεπτά Μαλλιά με Τάση Λιπαρότητας 400ml,3.43
2025-06-05,6849574,NIVEA Men Black &amp; White Invisible Αποσμητικό Σπρέι Original 150ml,2.96
2025-06-05,1573250,SOFT &amp; FRESH Κρεμοσάπουνο Mango 4lt,3.45
2025-06-05,6911267,POM PON Δίσκοι Ντεμακιγιάζ 40τεμ,1.11
2025-06-05,1638060,COLGATE Total Active Οδοντόκρεμα Prevention Original 75ml,1.99
2025-06-05,1221766,SETTE Elements Υδρόφιλο Βαμβάκι 100g,0.8
2025-06-05,1529165,SETTE Elements Μπατονέτες 200τεμ,0.98
2025-06-05,1489801,ΜΕΓΑ Αντισηπτική Λοσιόν με 70% Αιθυλική Αλκοόλη Σπρέι 100ml,1.38
2025-06-05,1199376,ZANSOT Σφουγγάρι Μπάνιου από Τούλι large,1.83
2025-06-05,1278810,DETTOL Κρεμοσάπουνο Antibacterial Χαμομήλι Ανταλλακτικό 750ml,2.5
2025-06-05,3058518,AXE Αποσμητικό Σπρέι Africa 150ml,3.08
2025-06-05,1542338,ELVIVE Hydra Hyaluronic Κρέμα Conditioner Ενυδάτωσης για Αφυδατωμένα Μαλλιά 300ml,3.43
2025-06-05,1644227,SEPTONA Υγρομάντιλα Αντιβακτηριδιακά Λεμόνι 4x15τεμ ,1.28
2025-06-05,1442242,COLGATE Max White Οδοντόκρεμα Activated Charcoal 75ml,2.27
2025-06-05,1120502,PALMOLIVE Naturals Αφρόλουτρο Γάλα &amp; Μέλι 650ml,2.35
2025-06-05,3197084,NOXZEMA Αποσμητικό Roll On Talc 50ml,2.42
2025-06-05,1481559,PAPOUTSANIS Natura Αντισηπτικό Τζελ Χεριών Υγιεινή Προστασία 400ml,2.68
2025-06-05,1558364,LUX Αφρόλουτρο Magical Orchid με Έλαιο Αγριοκυπάρισσου Αντλία 600ml ,3.09
2025-06-05,1492985,FIBER Μάσκα Προσώπου Ιατρική Μιας Χρήσης τύπου II 10τεμ,0.88
2025-06-05,1483005,ΑΡΚΑΔΙ Κρεμοσάπουνο Πράσινο Ανταλλακτικό Vegan 500ml,2.58
2025-06-05,1450345,LISTERINE Teeth &amp; Gum Defense Στοματικό Διάλυμα Fresh Mint 500ml,3.9
2025-06-05,1615446,NOXZEMA Αφρόλουτρο Talc 600ml,1.98
2025-06-05,1631059,HERBAL ESSENCES Repair Σαμπουάν με Argan Oil 350ml,2.77
2025-06-05,1485190,SYOSS Men Power Σαμπουάν για Κανονικά Μαλλιά 440ml ,2.99
2025-06-05,1642881,WET HANKIES Extra Safe Υγρομάντιλα Αντιβακτηριδιακά XL 4Χ12τεμ,1.91
2025-06-05,3276243,PAPOUTSANIS Natura Κρεμοσάπουνο Aegean Breeze Ανταλλακτικό 750ml,1.85
2025-06-05,1506426,COLGATE Sensitive Instant Relief Οδοντόκρεμα Daily Protection 75ml,2.93
2025-06-05,5200969,FA Αφρόλουτρο Vanilla Yoghurt 750ml,2.75
2025-06-05,1299852,ULTREX Men Σαμπουάν Αντιπιτυριδικό Oil Control Refresh για Λιπαρά Μαλλιά &amp; Λιπαρή Επιδερμίδα 360ml,3.23
2025-06-05,5200936,FA Men Αφρόλουτρο Sport Vegan 750ml,2.9
2025-06-05,1617644,DOVE Αφρόλουτρο Gentle Pamper 720ml,3.58
2025-06-05,1148738,COLGATE Slim Soft Οδοντόβουρτσα Charcoal μαλακή,2.15
2025-06-05,8454191,AIM Οδοντόβουρτσα White System μέτρια,1.94
2025-06-05,1221616,SETTE Κρέμα Conditioner Extra Λάμψη για Όλους τους Τύπους Μαλλιών 300ml,1.7
2025-06-05,1299851,ULTREX Men Σαμπουάν Αντιπιτυριδικό Delicate Touch για Ξηροδερμία 360ml,3.23
2025-06-05,6045033,ORAL-B Στοματικό Διάλυμα Δοντιών &amp; Ούλων 500ml,3.29
2025-06-05,2291748,AXE Αφροντούς Africa 3σε1 400ml,2.18
2025-06-05,5189725,GILLETTE Original Αφρός Ξυρίσματος Sensitive 200ml,3.29
2025-06-05,1164035,ELVIVE Color Vive Σαμπουάν Περιποιήσης Χρώματος για Βαμμένα &amp; με Ανταύγειες Μαλλιά 700ml,4.2
2025-06-05,1611608,HEAD &amp; SHOULDERS Classic Clean Σαμπουάν Μαλλιών Αντιπυτιριδικό 330ml,3.48
2025-06-05,1584469,SETTE Elements Κρεμοσάπουνο Μέλι &amp; Γάλα Ανταλλακτικό 750ml,1.35
2025-06-05,1086222,BIC 1 Ξυραφάκια Μιας Χρήσης 10τεμ,2.5
2025-06-05,1385042,WELLA Wellaflex Invisible Hold Λακ Μαλλιών &#39;Εξτρα Δυνατό Κράτημα Vegan 75ml,1.55
2025-06-05,1218946,ORZENE Beer Recipes Σαμπουάν Εξισορρόπησης για Λιπαρά Μαλλιά 750ml,3.8
2025-06-05,1568669,BIOTEN Hyaluronic Gold Patches Ματιών Υδρογέλης 5-5g,1.53
2025-06-05,1134516,GARNIER Skin Active Νερό Καθαρισμού Micellaire για Ευαίσθητη Επιδερμίδα 400ml,4.26
2025-06-05,1630647,AIM Παιδική Οδοντόβουρτσα 0-6 Ετών,1.88
2025-06-05,5966692,DOVE Men+Care Αφροντούς 3in1 Clean Comfort 400ml,2.23
2025-06-05,1550660,PAPOUTSANIS Karavaki Αφρόλουτρο Δροσιά Αιγαίου 750ml,2.6
2025-06-05,1587689,DOVE Advanced Care Αποσμητικό Σπρέι Original 150ml,3.07
2025-06-05,4358560,NOXZEMA Αποσμητικό Σπρέι Memories 150ml,2.47
2025-06-05,1402896,SETTE Elements Σαπούνι Jasmin &amp; Citrus 4x125g,1.3
2025-06-05,1226120,GARNIER Skin Active Moisture Bomb Μάσκα Προσώπου Υφασμάτινη Super Hydrating &amp; Replumping για Αφυδατωμένη Επιδερμίδα 28g,1.47
2025-06-05,1470980,ULTREX Men Σαμπουάν Περιποίησης Μαλλιών Legend by CR7 360ml,3.23
2025-06-05,1150254,SENSODYNE Repair &amp; Protect Οδοντόκρεμα Extra Fresh 75ml,3.5
2025-06-05,3813375,AXE Αφροντούς Dark Temptation 3σε1 400ml,2.18
2025-06-05,1066727,ORAL-B Pro Expert Οδοντόκρεμα Professional Protection Δροσερή Μέντα 75ml,1.98
2025-06-05,1390825,ELVIVE Dream Long Σαμπουάν Επανασύστασης για Μακριά &amp; Ταλαιπωρημένα Μαλλιά 400ml,3.52
2025-06-05,1521647,ELVIVE Dream Long Κρέμα Conditioner για Μακριά &amp; Ταλαιπωρημένα Μαλλιά 300ml ,3.43
2025-06-05,1221824,LACTACYD Classic Λοσιόν Καθαρισμού Ευαίσθητης Περιοχής 200ml,3.58
2025-06-05,1591053,BIOTEN Hydro X-Cell Νερό Καθαρισμού Προσώπου Micellar με Πρεβιοτικά για Αφαίρεση Αδιάβροχου Μακιγιάζ 400ml,3.47
2025-06-05,8056566,ORAL-B Οδοντόβουρτσα 1-2-3 Indicator 35 μέτρια,1.48
2025-06-05,1221682,ΤΟ ΦΩΣ Καθαρό Οινόπνευμα 245ml,8.62
2025-06-05,1221732,MATEUS Ασετόν με Λάδι 250ml,1.48
2025-06-05,1587663,DOVE Advanced Care Αποσμητικό Roll On Original 50ml,2.85
2025-06-05,1183398,AIM White Now Οδοντόκρεμα Ice Cool 75ml,1.68
2025-06-05,8958191,ΜΕΓΑ Βαμβάκι 100g,1.4
2025-06-05,1550575,PAPOUTSANIS Karavaki Κρεμοσάπουνο Σαπούνι Μασσαλίας Ανταλλακτικό 900ml,2.08
2025-06-05,1587691,DOVE Advanced Care Αποσμητικό Σπρέι Invisible Dry 150ml,3.07
2025-06-05,1630651,ΑΙΜ Οδοντόκρεμα 0-6 Ετών 75ml,1.98
2025-06-05,1394174,SETTE Elements Κρεμοσάπουνο με Άρωμα Γαρδένιας 750ml,1.9
2025-06-05,1638045,DETTOL Κρεμοσάπουνο Wild Berries Ανταλλακτικό 750ml,2.5
2025-06-05,1464202,DETTOL Hydrate Κρεμοσάπουνο Αλόη Ανταλλακτικό 500ml,2.4
2025-06-05,1528829,PERIOGARD Οδοντόκρεμα Προστασία Ούλων 75ml,3.56
2025-06-05,8591638,DOVE Fresh Care Αποσμητικό Σπρέι 150ml,2.81
2025-06-05,1587697,DOVE Advanced Care Αποσμητικό Σπρέι Coconut &amp; Jasmine Flower Scent 150ml,3.07
2025-06-05,1638049,COLGATE Total Active Οδοντόκρεμα Prevention Fresh Mint 75ml,1.99
2025-06-05,1114467,COLGATE Slim Soft Οδοντόβουρτσα Deep Clean μαλακή,2.15
2025-06-05,1520171,SEPTONA Μπατονέτες Pop up Βιοδιασπώμενες 160τεμ,1.32
2025-06-05,1646284,POM PON Δίσκοι Ντεμακιγιάζ Στρογγυλοί 100τεμ,1.23
2025-06-05,1131708,ORAL-B 3D White Οδοντόκρεμα Artic Fresh 75ml,1.98
2025-06-05,1542340,ELVIVE Hydra Hyaluronic Σαμπουάν για Αφυδατωμένα Μαλλιά 700ml,4.2
2025-06-05,1482226,SYOSS Repair Κρέμα Conditioner για Ξηρά Ταλαιπωρημένα Μαλλιά 440ml,3.38
2025-06-05,1430445,JOHNSON&#39;S Baby Σαμπουάν Μαλλιών 750ml,2.68
2025-06-05,1375672,SETTE Elements Υγρά Μαντιλάκια Ντεμακιγιάζ με Υαλουρονικό Οξύ για Ξηρές &amp; Ευαίσθητες Επιδερμίδες 30τεμ,1.62
2025-06-05,1630653,ΑΙΜ Οδοντόκρεμα 6-13 Ετών 75ml,1.68
2025-06-05,1611600,HEAD &amp; SHOULDERS Deep Hydration Σαμπουάν Μαλλιών Αντιπυτιριδικό 330ml,3.48
2025-06-05,1082939,PAPOUTSANIS Σαπούνι με Ελαιόλαδο πράσινο 4x125g,2.16
2025-06-05,1125257,COLGATE Στοματικό Διάλυμα Triple Action 500ml,3.33
2025-06-05,1557028,LUX Αφρόλουτρο Secret Poppy με Έλαιο Περγαμόντου Αντλία 600ml,3.09
2025-06-05,1617668,PAPOUTSANIS Aromatics Musk Αφρόλουτρο Vegan 2x650ml,4.46
2025-06-05,1433497,FA Αποσμητικό Σπρέι Pink Passion Vegan 150ml ,2.44
2025-06-05,6849566,NIVEA Black &amp; White Invisible Αποσμητικό Roll On Original 50ml,2.72
2025-06-05,1587695,DOVE Advanced Care Αποσμητικό Σπρέι Talco 150ml,3.07
2025-06-05,1375675,SETTE Elements Υγρά Μαντιλάκια Ντεμακιγιάζ με Νερό Micellaire για Λιπαρές &amp; Μικτές Επιδερμίδες 30τεμ,1.62
2025-06-05,1498816,SETTE Elements Κρεμοσάπουνο με Αντιβακτηριδιακό Παράγοντα 750ml,1.9
2025-06-05,1221579,SETTE Elements Σαμπουάν 2σε1 Extra Δυνατά Μαλλιά για Όλους τους Τύπους Μαλλιών 500ml,2.1
2025-06-05,1468908,SANEX Zero% Αφρόλουτρο Hydrating Vegan 600ml,2.97
2025-06-05,1621404,NIVEA Κρεμώδες Αφρόλουτρο Creme Care 650ml,2.75
2025-06-05,1227637,AIM Family Protection Οδοντόκρεμα White 75ml,1.1
2025-06-05,1617632,DOVE Advanced Care Αφρόλουτρο Deeply Nourishing 600ml,3.85
2025-06-05,1631013,PANTENE Miracles Hydra Glow Κρέμα Conditioner για Ενυδάτωση &amp; Λάμψη 160ml,2.98
2025-06-05,1631010,PANTENE Smooth &amp; Sleek Σαμπουάν για Απαλά &amp; Μεταξένια Μαλλιά 800ml,5.98
2025-06-05,1629314,SETTE Elements Αφρόλουτρο Γαρδένια &amp; Νυχτολούλουδο Vegan 650ml,1.6
2025-06-05,1582151,PALMOLIVE Naturals Κρεμοσάπουνο Αμύγδαλο &amp; Γάλα Ανταλλακτικό Σακουλάκι Vegan 900ml,2.45
2025-06-05,1615444,NOXZEMA Αφρόλουτρο Memories 600ml,1.98
2025-06-05,1588031,DOVE Men+Care Advanced Αποσμητικό Roll On Clean Comfort 50ml,2.85
2025-06-05,5263892,LE PETIT MARSEILLAIS Θρέψη Σαμπουάν Κρεμώδες με Βιολογικό Μέλι Προβηγκίας &amp; Καριτέ για Ξηρά Ταλαιπωρημένα Μαλλιά 300ml,2.34
2025-06-05,6852198,SENSODYNE Repair &amp; Protect Οδοντόκρεμα Cool Mint 75ml,3.5
2025-06-05,5201058,FA Αφρόλουτρο Cream &amp; Oil Cacao Vegan 750ml,2.75
2025-06-05,1430849,OLD SPICE Αποσμητικό Στικ Captain 50ml,3.0
2025-06-05,7693484,LIFOPLUS Γάντι Λούφας Μπάνιου Κλασσικό,2.66
2025-06-05,1436032,BIOTEN Hyaluronic Μάσκα Προσώπου Υφασμάτινη Nourishing &amp; Firming 20ml,1.42
2025-06-05,2391639,PAPOUTSANIS Σαπούνι με Ελαιόλαδο Πράσινο 125g,0.68
2025-06-05,6584171,SYOSS Max Hold Λακ Μαλλιών για Μέγα Δυνατό Κράτημα 400ml,5.32
2025-06-05,1136322,LE PETIT MARSEILLAIS Αφρόλουτρο με Βιολογικό Άνθος Πορτοκαλιάς 650ml,2.48
2025-06-05,8191652,PALMOLIVE Naturals Κρεμοσάπουνο Milk &amp; Honey 300ml,1.57
2025-06-05,1496834,PANTENE Repair &amp; Protect Κρέμα Conditioner για Αδύναμα &amp; Ταλαιπωρημένα Μαλλιά 500ml ,5.98
2025-06-05,1629312,SETTE Elements Αφρόλουτρο Γιασεμί &amp; Βανίλια Vegan 650ml,1.6
2025-06-05,1509315,BIOTEN Vitamin C Μάσκα Προσώπου Υφασμάτινη Brightening &amp; Revitalizing 20ml,1.42
2025-06-05,1549341,PAPOUTSANIS Karavaki Σαμπουάν Μαλλιών Θρέψη &amp; Ενυδάτωση 600ml,2.65
2025-06-05,1647713,WET HANKIΕS Υγρομάντιλα Αντιβακτηριδιακά με &#39;Αρωμα Λεμόνι 4x15τεμ ,1.24
2025-06-05,1152655,SEPTONA Baby Calm n&#39; Care Κρέμα Συγκάματος Βάλσαμο &amp; Πανθενόλη 100ml,2.98
2025-06-05,6537823,STR8 Αποσμητικό Σπρέι Original 150ml,2.58
2025-06-05,1513920,PALMOLIVE Thermal Spa Αφρόλουτρο Mineral Massage 650ml,2.35
2025-06-05,1521683,ELVIVE Color Vive Κρέμα Conditioner Προστασίας Χρώματος για Βαμμένα Μαλλιά 300ml,3.43
2025-06-05,4393138,LISTERINE Total Care Στοματικό Διάλυμα Clean Mint 500ml,4.07
2025-06-05,1617645,DOVE Advanced Care Αφρόλουτρο Nourishing Silk 600ml,3.85
2025-06-05,1630648,AIM Παιδική Οδοντόβουρτσα 6-13 Ετών,1.88
2025-06-05,5953567,SYOSS Color Σαμπουάν για Βαμμένα ή με Ανταύγειες Μαλλιά 750ml,3.91
2025-06-05,1274576,LE PETIT MARSEILLAIS Απαλός Καθαρισμός Σαμπουάν με Εκχύλισμα Βιολογικού Θυμαριού &amp; Λευκή Άργιλο για Λιπαρά Μαλλιά 300ml,2.34
2025-06-05,1268223,GARNIER Fructis Δύναμη &amp; Λάμψη Σαμπουάν για Όλους τους Τύπους Μαλλιών Vegan 400ml,3.3
2025-06-05,1605357,OPEN Αντισηπτικό Απολυμαντικών Τζελ Χεριών 1lt ,5.18
2025-06-05,5953542,SYOSS Repair Σαμπουάν για Ξηρά Ταλαιπωρημένα Μαλλιά 750ml,3.91
2025-06-05,1485617,BIOTEN White Musk Αφρόλουτρο με Ενυδατικό Γάλα 750ml,2.6
2025-06-05,1620656,COLGATE Herbal Οδοντόκρεμα White 2x75ml ,2.96
2025-06-05,1491335,PAPOUTSANIS Natura Κρεμοσάπουνο Clean Lavender Ανταλλακτικό 750ml,1.85
2025-06-05,7370091,GLISS Ultimate Repair Σαμπουάν Ενδυνάμωσης για Πολύ Ταλαιπωρημένα Ξηρά Μαλλιά 400ml,2.6
2025-06-05,1646248,SEPTONA Dermasoft Δίσκοι Ντεμακιγιάζ Στρογγυλοί Διπλής Όψης 120τεμ,1.58
2025-06-05,1646294,POM PON Υγρά Μαντιλάκια Ντεμακιγιάζ Gold 2x20τεμ,2.97
2025-06-05,1631125,PANTENE Define Curls Κρέμα Conditioner Leave-on για Τέλειες Μπούκλες 230ml,3.48
2025-06-05,1633066,SETTE Elements Αφρόλουτρο Άνθη Κερασιάς &amp; Περγαμόντο 1lt,2.1
2025-06-05,1647879,POM PON Υγρά Μαντιλάκια Ντεμακιγιάζ All Skin Types 2x20τεμ,2.97
2025-06-05,5189576,GILLETTE Series Τζελ Ξυρίσματος Calming με Αλόη 75ml,2.63
2025-06-05,1591702,ΜΕΓΑ Hygiene Kids Κρεμοσάπουνο Εκπαιδευτικό 250ml,1.6
2025-06-05,1460312,SANEX Cuidado Experto Kids Αφρόλουτρο για Σώμα &amp; Μαλλιά Vegan 750ml,3.52
2025-06-05,1442113,SENSODYNE Οδοντόκρεμα Sensitivity &amp; Gum 75ml,3.64
2025-06-05,4356929,HANSAPLAST Universal Επιθέματα Πληγών 40τεμ,3.56
2025-06-05,1275279,BOTANIC THERAPY Maple Healer Σαμπουάν Επανασύστασης για Ταλαιπωρημένα Φθαρμένα Μαλλιά 400ml,2.94
2025-06-05,1611598,HEAD &amp; SHOULDERS Dry Scalp Σαμπουάν Μαλλιών Αντιπυτιριδικό 330ml,3.48
2025-06-05,1472964,GARNIER Skin Active Moisture Bomb Patches Ματιών με Χυμό Πορτοκάλι 6g,1.43
2025-06-05,1584471,SETTE Elements Κρεμοσάπουνο Βανίλια Ανταλλακτικό 750ml,1.35
2025-06-05,3273778,NIVEA Men Αφρός Ξυρίσματος Sensitive 250ml,3.65
2025-06-05,3196037,PANTENE Defined Curls Σαμπουάν για Τέλειες Μπούκλες 400ml,3.43
2025-06-05,1529319,NIVEA Κρέμα Χεριών Ενυδατική με Εκχύλισμα Ελιάς 100ml,1.3
2025-06-05,1557019,LUX Αφρόλουτρο Enticing Musk Άρωμα Σανδαλόξυλου &amp; Τριαντάφυλλου Αντλία 560ml,3.09
2025-06-05,1503675,SEPTONA Τζελ Χεριών με Ήπια Αντισηπτική Δράση με Αλόε Βέρα 80ml,1.38
2025-06-05,1112217,PANTENE Keratin Protect Μάσκα για Αδύναμα &amp; Ταλαιπωρημένα Μαλλιά 300ml,5.98
2025-06-05,1613773,CLINOFAR Φυσιολογικος Ορός Πολλαπλών Χρήσεων 30x5ml,5.6
2025-06-05,1631127,PANTENE Smooth &amp; Sleek Κρέμα Conditioner για Απαλά &amp; Μεταξένια Μαλλιά 230ml,3.48
2025-06-05,1710755,WELLA Wellaflex Curls Definition Αφρός Μαλλιών Δυνατό Κράτημα 200ml,3.29
2025-06-05,6849459,NIVEA Black &amp; White Invisible Αποσμητικό Σπρέι Original 150ml,2.96
2025-06-05,1617682,PAPOUTSANIS Aromatics Σαπούνι Musk Βανίλια Μαγαδασκάρης 4x100g,2.58
2025-06-05,6515787,OLD SPICE Αποσμητικό Στικ Whitewater 50ml,3.0
2025-06-05,1088712,SEPTONA Επιθέματα Πληγών Family 20τεμ,1.27
2025-06-05,4411237,THERAMED Junior Οδοντόκρεμα 2σε1 με γεύση Φράουλα 6+ ετών 75ml,2.1
2025-06-05,1433875,BOROTALCO Αποσμητικό Roll On Original 50ml,2.96
2025-06-05,1633073,SETTE Elements Αφροντούς για Χαλάρωση &amp; Ευεξία 1lt,2.1
2025-06-05,4464350,WELLA Wellaflex Silk Finish &amp; Hold Αφρός Μαλλιών Εξαιρετικά Δυνατό Κράτημα 200ml,3.29
2025-06-05,5263934,LE PETIT MARSEILLAIS Θρέψη Κρέμα Conditioner με Βιολογικό Μέλι Προβηγκίας &amp; Μέλι για Ξηρά Ταλαιπωρημένα Μαλλιά 200ml,2.3
2025-06-05,4210183,THERAMED Οδοντόκρεμα Gel 2σε1 Fresh Mint 75ml,2.42
2025-06-05,1194305,PANSOAP Σαπούνι Αλόη 125g,1.33
2025-06-05,1055567,COLGATE Στοματικό Διάλυμα Plax Original 250ml,2.3
2025-06-05,5953955,SYOSS Volume Σαμπουάν για Λεπτά Αδύναμα Μαλλιά 750ml,3.91
2025-06-05,1433504,FA Αποσμητικό Roll On Pink Passion Vegan 50ml,2.13
2025-06-05,7308042,BIC Ξυραφάκια Μιας Χρήσης Miss Soleil 3 Λεπίδες 4τεμ,2.87
2025-06-05,1643939,BIC Flex 3 Classic Ξυραφάκια μιας Χρήσης με 3 Λεπίδες 4τεμ ,2.6
2025-06-05,3813359,AXE Αποσμητικό Σπρέι Dark Temptation 150ml,3.08
2025-06-05,6774335,DOVE Αποσμητικό Κρέμα Roll On Original 50ml,2.89
2025-06-05,1234118,GARNIER Skin Active Διφασικό Νερό Ντεμακιγιάζ Micellaire Όλα σε 1 400ml,4.26
2025-06-05,1224642,ORAL-B Ανταλλακτική Κεφαλή Ηλεκτρικής Οδοντόβουρτσας Cross Action 2τεμ,9.98
2025-06-05,1216814,NIVEA Care Ενυδατική Κρέμα Σώματος &amp; Προσώπου για Εντατική Θρέψη 400ml,5.16
2025-06-05,1501747,BOTANIC THERAPY Kids Σαμπουάν Μαλλιών 2σε1 Βερίκοκο &amp; Άνθος Βαμβακιού 400ml,2.97
2025-06-05,1120503,PALMOLIVE Naturals Αφρόλουτρο Αμύγδαλο &amp; Γάλα Vegan 650ml,2.35
2025-06-05,1620521,NOXZEMA Pampering Talc Υγρό Κρεμοσάπουνο με Εκχύλισμα Βαμβακιού Ανταλλακτικό 750ml,2.0
2025-06-05,1646265,SEPTONA Dermasoft Δίσκοι Ντεμακιγιάζ Οβάλ Διπλής Όψης 65τεμ,1.78
2025-06-05,1275282,BOTANIC THERAPY Maple Healer Κρέμα Conditioner Επανασύστασης για Ταλαιπωρημένα Φθαρμένα Μαλλιά 200ml,2.49
2025-06-05,1550661,PAPOUTSANIS Karavaki Αφρόλουτρο Γλυκό Μανταρίνι &amp; Καλέντουλα 750ml,2.6
2025-06-05,1130785,NIVEA Skin Active Protection Αποσμητικό Roll On Talc Sensation 50ml,2.72
2025-06-05,6815302,NIVEA Ντεμακιγιάζ Ματιών 2 Φάσεων Άνθος Καλαμποκιού 125ml,2.87
2025-06-05,1584372,GILLETTE Blue 3 Ξυραφάκια Μιας Χρήσης Plus Comfort 6τεμ,7.18
2025-06-05,1617676,PAPOUTSANIS Karavaki Σαπούνι Μασσαλίας με εκχύλισμα Χαμομηλιού 4x100g,2.58
2025-06-05,1643938,BIC Pure 3 Lady Ξυραφάκια μιας Χρήσης με 3 Λεπίδες 6τεμ,2.56
2025-06-05,1386160,JOHNSON&#39;S Vita Rich Smoothies Αφρόλουτρο Comforting με Γιαούρτι Μέλι &amp; Βρόμη 750ml,2.73
2025-06-05,1611612,HEAD &amp; SHOULDERS Citrus Fresh Σαμπουάν Αντιπυτιριδικό για Λιπαρά Μαλλιά 625ml,4.98
2025-06-05,8339145,LISTERINE Στοματικό Διάλυμα Cool Mint 250ml,3.4
2025-06-05,1483042,SYOSS Men Clean &amp; Cool Σαμπουάν για Κανονικά Λιπαρά Μαλλιά 400ml,2.99
2025-06-05,4209037,PAPOUTSANIS Σαπούνι Γλυκερίνης Vegan 125g,0.7
2025-06-05,1082331,DETTOL Σαπούνι Antibacterial Sensitive 100g,0.94
2025-06-05,1614244,LE PETIT MARSEILLAIS Αφρόλουτρο με Λουλούδι Τιαρέ 650ml,2.48
2025-06-05,1221568,ARLEM Κρεμοσάπουνο Βασιλικός Πολτός 1lt,2.13
2025-06-05,1585380,PALMOLIVE Hygiene Plus Κρεμoσάπουνο Antibacterial Ανταλλακτικό 900ml,2.45
2025-06-05,1131806,SYOSS Keratin Λακ Μαλλιών με Έξτρα Δυνατό Κράτημα 400ml,5.32
2025-06-05,1251140,COLGATE Max White Οδοντόβουρτσα με Αστέρι Γυαλίσματος μέτρια 2τεμ,2.28
2025-06-05,6839310,ΑΙΜ Οδοντόκρεμα Family Protection Anti-cavity 75ml,1.1
2025-06-05,1097440,AIM Οδοντόβουρτσα Vertical Expert μαλακή,2.16
2025-06-05,2444057,NIVEA Skin Active Protection Αποσμητικό Roll On Pearl &amp; Beauty 50ml,2.72
2025-06-05,1435953,AXE Αποσμητικό Σπρέι Ice Chill 150ml,3.08
2025-06-05,1152660,SEPTONA Baby Calm n&#39; Care Σαμπουάν &amp; Αφρόλουτρο Βάλσαμο &amp; Λεβάντα 500ml,2.49
2025-06-05,1587670,DOVE Advanced Care Αποσμητικό Roll On Invisible Dry 50ml,2.85
2025-06-05,1587672,DOVE Advanced Care Αποσμητικό Roll On Talco 50ml,2.85
2025-06-05,1253047,OLD SPICE Αποσμητικό Σπρέι Whitewater 150ml,3.0
2025-06-05,5828421,LIPOSAN Balm Χειλιών The Original 4-8g,2.96
2025-06-05,9878810,HANSAPLAST Foot Expert Athlete&#39;s Foot Protection 2σε1 Αποσμητικό Σπρέι Ποδιών με Octenidine 150ml,4.96
2025-06-05,4245668,GILLETTE Blue II Ξυραφάκια Μιας Χρήσης 5τεμ,2.48
2025-06-05,1184983,STR8 Αποσμητικό Σπρέι Red Code 150ml,2.58
2025-06-05,1578676,BOTANIC THERAPY Magnetic Charcoal &amp; Black Seed Oil Σαμπουάν Εξισορρόπησης για Λιπαρό Τριχωτό Ξηρές Άκρες 400ml,2.94
2025-06-05,3273760,NIVEA Men Protect &amp; Care Αφρός Ξυρίσματος 250ml,3.43
2025-06-05,1031960,PANTENE Αφρός Μαλλιών Defined Curls 200ml,3.88
2025-06-05,1418134,PARODONTAX Complete Protection Οδοντόκρεμα Whitening 75ml,4.5
2025-06-05,5959440,LISTERINE Smart Rinse Στοματικό Διάλυμα Παιδικό Mild Berry 250ml,2.45
2025-06-05,1525169,PAPOUTSANIS Aromatics Αφρόλουτρο Love Vegan 600ml,2.5
2025-06-05,1631054,PANTENE Classic Care Σαμπουάν για Κανονικά Μαλλιά 625ml,4.98
2025-06-05,1452827,BIOTEN Detox Τζελ Καθαρισμού Προσώπου Micellar με Φυσικό Άνθρακα &amp; Πρεβιοτικά 200ml,2.97
2025-06-05,1633059,LE PETITE MARSEILLAIS Σαμπουάν 2σε1 για Βρέφη &amp; Παιδιά με Βιολογικό Βατόμουρο &amp; Βαμβάκι 300ml,2.28
2025-06-05,1633069,SETTE Elements Αφροντούς για Αναζωογόνηση &amp; Ενέργεια 1lt,2.1
2025-06-05,4210118,THERAMED Οδοντόκρεμα Gel 2σε1 Original Fresh 75ml,2.42
2025-06-05,6760847,AIM Οδοντόβουρτσα Ultra Reach μέτρια,2.47
2025-06-05,1442800,COLGATE Οδοντόκρεμα Παιδική 6-9 ετών με γεύση Μέντας 50ml,1.39
2025-06-05,1614044,AXE Αποσμητικό Σπρέι Black Vanilla 150ml,3.78
2025-06-05,1394544,GARNIER Skin Pure Charcoal Active Μάσκα Προσώπου Υφασμάτινη Μαύρη με Black Algae 28g,1.47
2025-06-05,1297458,PANSOAP Σαπούνι Βάλσαμο 125g,1.33
2025-06-05,1316054,PANSOAP Σαπούνι Γάλα Γαϊδούρας 120g,1.44
2025-06-05,1483048,SYOSS Keratin Κρέμα Conditioner για Αδύναμα Μαλλιά που Σπάνε 440ml,3.38
2025-06-05,1465559,L&#39;OREAL Revitalift Filler Μάσκα Προσώπου Υφασμάτινη Replumping 30g,2.0
2025-06-05,8163388,AIM Οδοντόκρεμα White System 75ml,1.39
2025-06-05,1497503,GARNIER Skin Active Hydra Bomb Μάσκα Προσώπου Υφασμάτινη Super Hydrating &amp; Revitalizing για Όλες τις Επιδερμίδες 28g,1.47
2025-06-05,1394171,SETTE Elements Κρεμοσάπουνο με Εκχύλισμα Αλόης 750ml,1.9
2025-06-05,1190424,PRODERM Σαμπουάν &amp; Αφρόλουτρο Νο2 1-3 ετών 400ml,2.76
2025-06-05,8454167,AIM Οδοντόβουρτσα White System σκληρή,1.94
2025-06-05,1428749,LE PETIT MARSEILLAIS Ανάλαφρη Ενυδάτωση Σαμπουάν με Βιολογικό Νερό Καρύδας για Αφυδατωμένα Μαλλιά 300ml,2.34
2025-06-05,4039798,NOXZEMA Αποσμητικό Roll On Classic 50ml,2.42
2025-06-05,6607436,NOXZEMA Men Αφρός Ξυρίσματος Sensitive 300ml,2.66
2025-06-05,1491277,ΜΕΓΑ Χειρουργικές Μάσκες μίας Χρήσης τύπου II Medium 5τεμ,0.95
2025-06-05,1229615,ORZENE Beer Recipes Σαμπουάν Αναδόμησης &amp; Προστασίας για Ξηρά &amp; Ταλαιπωρημένα Μαλλιά 750ml,3.8
2025-06-05,1199697,PANSOAP Σαπούνι Χαμομήλι 125g,1.33
2025-06-05,8944142,JOHNSON&#39;S Baby Αφρόλουτρο Bedtime Bath 500ml,2.54
2025-06-05,1100392,NIVEA Κρέμα Σώματος Rich Nourishing με Έλαιο Αμυγδάλου 400ml,5.15
2025-06-05,1482687,ELVIVE Dream Long Σαμπουάν Επανασύστασης για Μακριά &amp; Ταλαιπωρημένα Μαλλιά 700ml,4.2
2025-06-05,1631021,PANTENE Repair &amp; Protect Σαμπουάν για Αναδόμηση &amp; Προστασία 625ml,4.98
2025-06-05,1600817,SETTE Elements Κρεμοσάπουνο με Άρωμα Γαρδένιας &amp; Εκχύλισμα Βαμβακιού 400ml,1.25
2025-06-05,1597015,JOHNSON&#39;S Πούδρα με Αλόη &amp; Βιταμίνη E 100g,1.98
2025-06-05,1064844,PANTENE Sheer Volume Σαμπουάν για Λεπτά Μαλλιά χωρίς Όγκο 400ml,3.43
2025-06-05,1542337,ELVIVE Hydra Hyaluronic Σαμπουάν Ενυδάτωσης για Αφυδατωμένα Μαλλιά 400ml,3.52
2025-06-05,1222602,ECHO Κρέμα Χεριών Ενυδατική με Εκχύλισμα Ελιάς Αλόη &amp; Βιταμίνη Ε Vegan 75ml,1.66
2025-06-05,6181820,SATIN CARE Sensitive Gel Ξυρίσματος Aloe Vera Glide 200ml,3.83
2025-06-05,1620519,NOXZEMA Hydrating Υγρό Κρεμοσάπουνο Rice Milk Ανταλλακτικό 750ml,2.0
2025-06-05,1152653,SEPTONA Baby Calm n&#39; Care Ενυδατική Κρέμα Βάλσαμο &amp; Λεβάντα 150ml,2.98
2025-06-05,1393550,SETTE Elements Σαπούνι Lily &amp; Lime 125g,0.38
2025-06-05,1615441,NOXZEMA Αφρόλουτρο Pilot 600ml,1.98
2025-06-05,1291481,BATISTE Dry Σαμπουάν Μαλλιών Fresh Breezy Citrus 200ml,4.46
2025-06-05,1178750,AXE Αποσμητικό Σπρέι Black 150ml,3.08
2025-06-05,1605396,ΤΑΙ Ασετόν 85% 200ml,2.88
2025-06-05,7024185,BIC Flex4 Ξυραφάκια Μιας Χρήσης 4 Λεπίδες 3τεμ,3.54
2025-06-05,1430424,JOHNSON&#39;S Baby Oil 300ml,2.7
2025-06-05,1585451,PALMOLIVE Thermal Spa Αφρόλουτρο Smooth Butter 650ml,2.35
2025-06-05,6199004,L&#39;OREAL Studio Line Τζελ Μαλλιών Διάφανο Invisi Fix 8 για Extra Δυνατό Κράτημα 150ml,4.08
2025-06-05,1404007,LO DEPIL Αποτριχωτικές Ταινίες Προσώπου 20τεμ,2.6
2025-06-05,1275713,GARNIER Skin Active Τζελ Καθαρισμού Προσώπου Αλόη για Κανονική Μικτή Επιδερμίδα 200ml,3.5
2025-06-05,1647880,POM PON Υγρά Μαντιλάκια Ντεμακιγιάζ Sensitive 2x20τεμ,2.97
2025-06-05,1599402,PARODONTAX Active Gum Repair Οδοντόκρεμα Whitening 75ml,4.5
2025-06-05,4209599,PAPOUTSANIS Karavaki Σαπούνι Μασσαλίας 125g,0.78
2025-06-05,1591704,ΜΕΓΑ Hygiene Κρεμοσάπουνo με Εκχύλισμα Βαμβακιού Ανταλλακτικό 500ml,1.76
2025-06-05,7064512,PAPOUTSANIS Karavaki Σαπούνι Μασσαλίας με Εκχύλισμα Χαμομηλιού 125g,0.78
2025-06-05,1065035,DOVE Body Love Κρέμα Σώματος Silky 300ml,4.23
2025-06-05,1542339,ELVIVE Hydra Hyaluronic Μάσκα Ενυδάτωσης για Αφυδατωμένα Μαλλιά 300ml,6.15
2025-06-05,1637367,SYOSS Intense Keratin Μάσκα Μαλλιών 400ml,5.67
2025-06-05,1617415,PARODONTAX Active Gum Health Στοματικό Διάλυμα Extra Fresh 500ml,3.86
2025-06-05,1588485,NOXZEMA Minerals Αποσμητικό Roll On Soft Care Invisible 50ml,2.42
2025-06-05,1611603,HEAD &amp; SHOULDERS Men Ultra Invigorating Σαμπουάν Μαλλιών Αντιπυτιριδικό με Old Spice 330ml,3.48
2025-06-05,1614594,OLD SPICE Αφροντούς Rockstar 400ml,2.8
2025-06-05,1403877,NIVEA Aloe &amp; Hydration Λοσιόν Σώματος για Κανονικές &amp; Ξηρές Επιδερμίδες 400ml,5.15
2025-06-05,3875606,NIVEA Ταινίες Καθαρισμού Clear Up Stripes 6τεμ,3.77
2025-06-05,1230338,LANOVA Plus Οξυζενέ Aqua Soft Peroxide με Χαμομήλι 200ml,0.96
2025-06-05,1221583,SETTE Elements Σαμπουάν Extra Λάμψη για Όλους τους Τύπους Μαλλιών 500ml,2.1
2025-06-05,8503781,LISTERINE Total Care Στοματικό Διάλυμα Tartar Protect Arctic Mint 500ml,4.07
2025-06-05,1643937,BIC 3 Sensitive Ξυραφάκια μιας Χρήσης με 3 Λεπίδες για Ευαίσθητες Επιδερμίδες 6τεμ,2.67
2025-06-05,4093233,NIVEA Κρέμα Πολλαπλής Χρήσης 150ml,2.61
2025-06-05,4179958,NIVEA Men After Shave Balm Sensitive 100ml,6.0
2025-06-05,5963061,DOVE Men+Care Αποσμητικό Σπρέι Clean Comfort 150ml,2.81
2025-06-05,1190224,JOHNSON&#39;S Kids Conditioner Μαλλιών Σπρέι Shiny Drops 200ml,2.68
2025-06-05,1218535,BOTANIC THERAPY Honey Treasures Σαμπουάν Επανόρθωσης για Φθαρμένα Μαλλιά 400ml,2.94
2025-06-05,1631007,HERBAL ESSENCE Repair Κρέμα Conditioner Argan Oil Vegan 250ml,2.98
2025-06-05,1631014,PANTENE Miracles Lift &amp; Volume Κρέμα Conditioner για Γεμάτα &amp; Μακριά Μαλλιά χωρίς σιλικόνη 160ml,2.98
2025-06-05,6370787,JOHNSON&#39;S Face Care Daily Essentials Τζελ Καθαρισμού Προσώπου για Κανονική Επιδερμίδα 150ml,3.55
2025-06-05,1491269,ΜΕΓΑ Χειρουργικές Μάσκες μίας Χρήσης τύπου II Large 5τεμ,0.95
2025-06-05,1291440,BATISTE Dry Σαμπουάν Μαλλιών Original Classic Fresh 200ml,4.46
2025-06-05,4206025,NOXZEMA Αφρόλουτρο Neutral Protect 750ml,3.05
2025-06-05,1428875,ELVIVE Color Vive Σαμπουάν Purple Εξουδετέρωσης Κίτρινων &amp; Πορτοκαλί Τόνων για Ξανθά Λευκά &amp; με Ανταύγειες Μαλλιά 200ml,3.52
2025-06-05,1591703,ΜΕΓΑ Hygiene Κρεμοσάπουνo με Εκχύλισμα Ροδιού Ανταλλακτικό 500ml,1.76
2025-06-05,1190223,JOHNSON&#39;S Kids Σαμπουάν Μαλλιών Shiny Drops 500ml,2.53
2025-06-05,1157913,COLGATE Max White Οδοντόκρεμα Optic 75ml,2.0
2025-06-05,1567345,SOFT &amp; FRESH Κρεμοσάπουνο Mango Aνταλλακτικό 1lt,0.98
2025-06-05,1638058,COLGATE Total Active Οδοντόκρεμα Prevention Deep Clean 75ml,2.54
2025-06-05,1631020,PANTENE Repair &amp; Protect Κρέμα Conditioner Μαλλιών για Αναδόμηση &amp; Προστασία 230ml,3.48
2025-06-05,1649689,SEPTONA Dermasoft Κρεμοσάπουνο Cotton Ανταλλακτικό 1lt,1.9
2025-06-05,1614195,SYOSS Keratin Σαμπουάν για Αδύναμα Μαλλιά που Σπάνε 440ml,2.99
2025-06-05,1025365,ORZENE Beer Recipes Σαμπουάν για Όλους τους Τύπους Μαλλιών 400ml,2.58
2025-06-05,1226027,ECHO Κρέμα Χεριών Ενυδατική με Εκχύλισμα Ελιάς Αλόη &amp; Βιταμίνη Ε Vegan 200ml,2.7
2025-06-05,1599401,PARODONTAX Active Gum Repair Οδοντόκρεμα Fresh Mint 75ml,4.5
2025-06-05,1613772,PLAC AWAY Οδοντικό Νήμα Eco Twin 30τεμ,4.45
2025-06-05,9734690,L&#39;OREAL Ντεμακιγιάζ Απαλό Ματιών &amp; Χειλιών για Αδιάβροχο Μακιγιάζ 125ml,4.0
2025-06-05,1581226,WASH &amp; GO Σαμπουάν &amp; Conditioner 2σε1 Classic για Όλους τους Τύπους Μαλλιών 650ml,4.27
2025-06-05,1509388,SANEX Zero% Kids Αφρόλουτρο Head to Toe Nourishing Vegan 475ml  ,2.76
2025-06-05,1118263,FLIPPER Ζελέ Μαλλιών Extra Strong 250ml,2.5
2025-06-05,1633068,SETTE Elements Αφρόλουτρο Παιώνια &amp; Τριαντάφυλλο 1lt,2.1
2025-06-05,1492984,FIBER Χειρουργικές Μάσκες μίας Χρήσης τύπου II 50τεμ,4.45
2025-06-05,1134424,AIM Οδοντόκρεμα White System Enamel 75ml,1.48
2025-06-05,1218939,NOXZEMA Αφρόλουτρο Memories Calming 750ml,3.05
2025-06-05,6512859,GILLETTE Blue II Ξυραφάκια Μιας Χρήσης Plus Slalom 5τεμ,4.98
2025-06-05,1164040,ELVIVE Full Resist Σαμπουάν Ενδυνάμωσης για Αδύναμα Μαλλιά με τάση να σπάνε 700ml,4.2
2025-06-05,7576929,GLISS Colour Perfector Κρέμα Conditioner για Βαμμένα με Ανταύγειες Μαλλιά 200ml,2.22
2025-06-05,1199836,GILLETTE VENUS Ξυριστική Μηχανή Smooth +2 Ανταλλακτικές Κεφαλές,6.58
2025-06-05,1620658,COLGATE Herbal Οδοντόκρεμα Original 2x75ml,2.96
2025-06-05,1433756,NIVEA Rose Touch Νερό Ντεμακιγιάζ Micellar Διφασικό με Ροδόνερο 400ml,3.98
2025-06-05,1468906,SANEX Expert Skin Health Αφρόλουτρο Protector Vegan 600ml,2.97
2025-06-05,4217022,VEET Pure Αποτριχωτική Κρέμα για Ευαίσθητες Επιδερμίδες 100ml,5.08
2025-06-05,1099140,HANSAPLAST Elastic Επιθέματα Πληγών 20τεμ,2.83
2025-06-05,1132754,PANTENE Keratin Protect Λάδι Leave In για Αδύναμα &amp; Ταλαιπωρημένα Μαλλιά 100ml,5.98
2025-06-05,1617649,DOVE Advanced Care Αφρόλουτρο Nourishing Care 600ml,3.85
2025-06-05,1617652,DOVE Advanced Care Αφρόλουτρο Antistress 600ml,3.85
2025-06-05,3634060,JOHNSON&#39;S Lipcare Θρεπτικό Balm Χειλιών 4-9g,2.48
2025-06-05,6270219,PRODERM Βρεφικό Σαπούνι Νο1 0-12 Μηνών 90g,0.86
2025-06-05,1166215,ORAL-B Essential Οδοντικό Νήμα Χωρίς Κερί,1.98
2025-06-05,1617671,PAPOUTSANIS Aromatics Ylang Ylang Αφρόλουτρο Vegan 2x650ml,4.46
2025-06-05,1552720,PAPOUTSANIS Aromatics Σαπούνι Musk Βανίλια Μαδαγασκάρης 100g,0.82
2025-06-05,1484838,UNISEPT Μεσοδόντια Βουρτσάκια 0-6mm 5τεμ ,4.0
2025-06-05,1621377,PAPOUTSANIS Aromatics Αφρόλουτρο Luminous Argan Oil Vegan 600ml,2.97
2025-06-05,1402897,SETTE Elements Σαπούνι Lily &amp; Lime 4x125g,1.3
2025-06-05,1631065,PANTENE Miracles Σαμπουάν Μαλλιών για Μοριακή Αναδόμηση 250ml,3.48
2025-06-05,4163473,VASELINE Βαζελίνη Protecting Jelly Original 100ml,3.98
2025-06-05,1270020,PANTENE Color Protect Σαμπουάν Προστασίας Χρώματος για Βαμμένα Μαλλιά 400ml,3.43
2025-06-05,1646287,ELVIVE Growth Booster Σαμπουάν κατά της Τριχόπτωσης 200ml,5.33
2025-06-05,1649683,SEPTONA Αφρόλουτρο Dermasoft Exotic Coconut &amp; Mango 750ml,2.87
2025-06-05,1393551,SETTE Elements Σαπούνι Jasmin &amp; Citrus 125g,0.38
2025-06-05,8109787,VEET Expert Αποτριχωτικές Ταινίες Κεριού για Πρόσωπο με Βούτυρο Καριτέ 20τεμ,5.93
2025-06-05,1436072,ORAL-B Ανταλλακτικές Κεφαλές Ηλεκτρικής Οδοντόβουρτσας 3D White 2τεμ,9.98
2025-06-05,1615443,NOXZEMA Αφρόλουτρο Neutral 600ml,1.98
2025-06-05,1395089,OLD SPICE Αφροντούς Bearglove 400ml,2.8
2025-06-05,1587692,DOVE Advanced Care Αποσμητικό Σπρέι Soft Feel 150ml,3.07
2025-06-05,7097348,GILLETTE VENUS Ανταλλακτικές Κεφαλές Ξυρίσματος Comfort Glide Spa Breeze 4τεμ,14.77
2025-06-05,1451291,SEPTONA Kids Calm n&#39; Care Σαμπουάν &amp; Αφρόλουτρο για Αγόρια &amp; Κορίτσια 750ml,3.32
2025-06-05,1623637,ELVIVE Glycolic Gloss Σαμπουάν για Θαμπά &amp; Πορώδη Μαλλιά 200ml,5.33
2025-06-05,1633055,LE PETITE MARSEILLAIS Σαμπουάν 2σε1 για Βρέφη &amp; Παιδιά με Βιολογικό Ροδάκινο &amp; Βιολογικό Βερίκοκο 300ml,2.28
2025-06-05,1056091,ELVIVE Extraordinary Oil Λάδι για Ξηρά Μαλλιά 100ml,6.64
2025-06-05,1844596,COLGATE Οδοντόβουρτσα 6+ ετών μαλακή,1.75
2025-06-05,1223394,LACTACYD Υγρά Μαντιλάκια Καθαρισμού Ευαίσθητης Περιοχής 15τεμ,2.95
2025-06-05,1618880,HEAD &amp; SHOULDERS Classic Clean Σαμπουάν Μαλλιών Αντιπυτιριδικό 625ml,4.98
2025-06-05,1218936,NOXZEMA Men Αφρόλουτρο Pilot Refreshing 750ml,3.05
2025-06-05,2885226,GILLETTE Fusion5 Ανταλλακτικές Κεφαλές Ξυρίσματος 4τεμ,17.44
2025-06-05,1048799,COREGA Στερεωτική Κρέμα Τεχνητής Οδοντοστοιχίας Super 70g,7.96
2025-06-05,1442144,ELVIVE Color Vive Σαμπουάν Περιποιήσης Χρώματος για Βαμμένα &amp; με Ανταύγειες Μαλλιά 400ml,3.52
2025-06-05,6944433,ELNETT Satin Λακ για Βαμμένα Μαλλιά 200ml,4.07
2025-06-05,1649687,SEPTONA Dermasoft Κρεμοσάπουνο Cotton 750ml,1.65
2025-06-05,1195206,FISSAN Baby Σαμπουάν &amp; Αφρόλουτρο Bagnetto με Μέλι &amp; Γλυκερίνη 500ml,4.84
2025-06-05,1048797,COREGA 3 Minutes Καθαριστικά Δισκία Τεχνητής Οδοντοστοιχίας 48τεμ,7.54
2025-06-05,1484915,BOTANIC THERAPY Avocado Oil &amp; Shea Butter Σαμπουάν Εντατικής Θρέψης για Πολύ Ξηρά Μαλλιά που φριζάρουν 400ml,2.94
2025-06-05,1136451,DUREX Classic Προφυλακτικά Κανονική Εφαρμογή 18τεμ,11.03
2025-06-05,1623640,ELVIVE Glycolic Gloss Κρέμα Conditioner για Θαμπά &amp; Πορώδη Μαλλιά 150ml,5.33
2025-06-05,6954820,BIOTEN Skin Moisture Κρέμα Τζελ 24ωρης Ενυδάτωσης για Κανονικές Μικτές Επιδερμίδες 50ml,3.57
2025-06-05,1547104,PANTENE Hydration Sos Leave in Σπρέι Ενυδάτωσης Μαλλιών με Καρύδα 150ml,4.98
2025-06-05,1448636,TRESEMME Biotin Repair Κρέμα Conditioner για Ταλαιπωρημένα Μαλλιά 400ml,3.48
2025-06-05,1611601,HEAD &amp; SHOULDERS Menthol Fresh Σαμπουάν Μαλλιών Αντιπυτιριδικό 330ml,3.48
2025-06-05,1638050,COLGATE Total Active Οδοντόκρεμα Prevention Clean 75ml,1.99
2025-06-05,6584353,SYOSS Curl Control Αφρός Μαλλιών για Μπούκλες 250ml,4.88
2025-06-05,1631128,PANTENE Smooth &amp; Sleek Σαμπουάν για Απαλά &amp; Μεταξένια Μαλλιά 625ml,4.98
2025-06-05,1155795,NIVEA Men Κρέμα Ξυρίσματος Protect &amp; Care με Αλόη 100ml,2.08
2025-06-05,3875234,NIVEA Γαλάκτωμα Καθαρισμού Αναζωογονητικό Άνθος Λωτού για Κανονική &amp; Ξηρή Επιδερμίδα 200ml,3.3
2025-06-05,1617657,DOVE Αφρόλουτρο Hydrate 450ml,2.76
2025-06-05,1082330,DETTOL Σαπούνι Antibacterial Classic 100g,0.94
2025-06-05,1618884,HEAD &amp; SHOULDERS Derma X Pro Σαμπουάν Μαλλιών Αντιπυτιριδικό για Ξηρό Δέρμα &amp; Λεπτά Μαλλιά 300ml,3.48
2025-06-05,8739450,GILLETTE VENUS Ανταλλακτικές Κεφαλές Ξυρίσματος Smooth 4τεμ,12.46
2025-06-05,1630605,COLGATE Max fresh Blue Οδοντόκρεμα 150ml,2.68
2025-06-05,1521708,ELVIVE Full Resist Κρέμα Conditioner Ενδυνάμωσης για Μαλλιά με τάση να σπάνε 300ml,3.43
2025-06-05,3875770,NIVEA Τζελ Βαθύ Καθαρισμού Άλγη Ωκεανού για Όλους τους Τύπους της Επιδερμίδας 150ml,3.59
2025-06-05,1646260,SEPTONA Dermasoft Υγρά Μαντιλάκια Ντεμακιγιάζ με Υαλουρονικό Οξύ για Ευαίσθητες Επιδερμίδες 2x20τεμ,2.4
2025-06-05,1599385,EVERYDAY Υγρό Καθαρισμού Ευαίσθητης Περιοχής Fresh Care 250ml,2.9
2025-06-05,1614043,AXE Αποσμητικό Σπρέι Aqua Bergamot 150ml,3.78
2025-06-05,2273068,PALETTE Intensive Color Creme Βαφή Μαλλιών Νο5 Καστανό Ανοικτό ,3.42
2025-06-05,2273126,PALETTE Intensive Color Creme Βαφή Μαλλιών Νο1 Μαύρο Μπλε ,3.42
2025-06-05,1564919,GILLETTE Ανταλλακτικές Κεφαλές Ξυρίσματος Mach3 5τεμ,14.98
2025-06-05,1276022,L&#39;OREAL Wrinkle Expert Κρέμα Ημέρας Εντατική Αντιρυτιδική με Ρετινο-Πεπτίδια 45+ 50ml,11.7
2025-06-05,1413759,SETTE Baby Αφρόλουτρο &amp; Σαμπουάν με Φυσικά Εκχυλίσματα Χαμομηλιού 500ml,1.9
2025-06-05,1457183,SEPTONA Υγρομάντιλα Αντιβακτηριδιακά Πράσινο Μήλο 15τεμ,0.51
2025-06-05,7070667,SYOSS Max Hold Ζελέ Μαλλιών για Έξτρα Δυνατό Κράτημα 250ml,5.01
2025-06-05,5907779,ELVIVE Total Repair 5 Σαμπουάν Αναδόμησης για Ταλαιπωρημένα Μαλλιά 400ml,3.52
2025-06-05,6154074,LE PETIT MARSEILLAIS Λάδι Σώματος με Βούτυρο Καριτέ Γλυκό Αμύγδαλο &amp; Έλαιο Αργκάν σε σπρέι 150ml,3.88
2025-06-05,1542341,ELVIVE Hydra Hyalyronic Serum Leave In Ενυδάτωσης για Αφυδατωμένα Μαλλιά 150ml,6.15
2025-06-05,4092524,LIPOSAN Balm Χειλιών Κεράσι 4-8g,2.96
2025-06-05,1390146,SYOSS Matt Fibre Πηλός Μαλλιών για Δυνατό Κράτημα 100ml,4.88
2025-06-05,1649199,ORAL-B Complete Οδοντόκρεμα Protection &amp; Clean 75ml,1.38
2025-06-05,1441035,ECHO Κρέμα Χεριών Επανορθωτική με Εκχύλισμα Ελιάς &amp; Έλαιο Σπαθόχορτου Vegan 75ml,1.66
2025-06-05,1429895,L&#39;OREAL Wrinkle Expert Κρέμα Ημέρας Ενισχυμένης Φροντίδας Αντιρυτιδική με Πολυβιταμίνες 65+ 50ml,11.7
2025-06-05,9660408,VEET Expert Αποτριχωτικές Ταινίες Κεριού για Πόδια &amp; Σώμα με Αμυγδαλέλαιο 20τεμ,7.63
2025-06-05,1430780,SETTE Baby Αφρόλουτρο &amp; Σαμπουάν με Φυσικά Εκχυλίσματα Χαμομηλιού 1lt,3.35
2025-06-05,1649684,SEPTONA Αφρόλουτρο Dermasoft Velvet Peach &amp; Freesia 750ml,2.87
2025-06-05,1612751,CARROTEN Kids Protect Plus Αντηλιακό Γαλάκτωμα Προσώπου &amp; Σώματος Roll On Spf50+ 50ml,4.97
2025-06-05,6944680,ELVIVE Color Vive Μάσκα Περιποιήσης Χρώματος για Βαμμένα &amp; με Ανταύγειες Μαλλιά 300ml,6.15
2025-06-05,1610055,TAFT Curl Αφρός για Μαλλιά με Μπούκλες 200ml,4.22
2025-06-05,1649682,SEPTONA Αφρόλουτρο Dermasoft Cotton 750ml,2.87
2025-06-05,2772622,DUREX Pleasure Max Προφυλακτικά Κανονική Εφαρμογή 12τεμ,10.38
2025-06-05,1600818,SETTE Elements Κρεμοσάπουνο με Αντιβακτηριδιακό Παράγοντα 400ml,1.25
2025-06-05,1404018,LO DEPIL Αποτριχωτικές Ταινίες Σώματος 20τεμ,3.9
2025-06-05,1631022,PANTENE Repair &amp; Protect Κρέμα Conditioner 3 Minute Miracle για Αναδόμηση &amp; Προστασία 220ml,4.98
2025-06-05,9249228,DUREX Sensitive Προφυλακτικά Κανονική Εφαρμογή 12τεμ,10.38
2025-06-05,2273076,PALETTE Intensive Color Creme Βαφή Μαλλιών Νο6 Ξανθό Σκούρο ,3.42
2025-06-05,6590426,NIVEA Κρέμα Ημέρας Πλούσια με Αμυγδαλέλαιο για Ξηρές Επιδερμίδες 50ml,4.23
2025-06-05,1612017,HEAD &amp; SHOULDERS Classic Clean 2σε1 Σαμπουάν Μαλλιών 330ml,3.48
2025-06-05,1648266,COLGATE Οδοντόκρεμα Max Fresh Watermelon 75ml,2.38
2025-06-05,1617633,DOVE Advanced Care Αφρόλουτρο Nourishing Silk 400ml,3.18
2025-06-05,1121145,TESORI D&#39;ORIENTE Αφρόλουτρο White Musk 500ml,3.47
2025-06-05,1610232,TAFT Λακ Μαλλιών Power Cashmere 250ml,4.22
2025-06-05,1591706,ΜΕΓΑ Hygiene Κρεμοσάπουνo με Εκχύλισμα Ροδιού 600ml,2.26
2025-06-05,1638054,COLGATE Total Active Οδοντόκρεμα Prevention Enamel Strength 75ml,2.54
2025-06-05,1584542,SETTE Elements Κρεμοσάπουνο Γιασεμί 500ml,1.32
2025-06-05,1180511,DUO Προφυλακτικά Natural 12τεμ,7.12
2025-06-05,1646290,GARNIER Fructis Keratin Sleek Σαμπουάν για Ατίθασα Ξηρά Μαλλιά Vegan 200ml,3.83
2025-06-05,1211395,NEW WAVE Ζελέ Μαλλιών Rock &amp; Hold Ultra Strong 200ml,3.94
2025-06-05,1182121,NIVEA Men Κρέμα για Πρόσωπο Σώμα &amp; Χέρια 75ml,2.82
2025-06-05,1600815,SETTE Elements Κρεμοσάπουνο με εκχύλισμα Aloe Vera 400ml,1.25
2025-06-05,1614048,AXE Αποσμητικό Σπρέι Blue Lavender 150ml,3.78
2025-06-05,9830886,L&#39;OREAL Τριπλή Φροντίδα Κρέμα Ημέρας Ενυδατική Πολλαπλής Προστασίας για Κανονική &amp; Μικτή Επιδερμίδα 50ml,4.38
2025-06-05,1221584,SETTE Σαμπουάν για Παιδιά με Φυσικά Εκχυλίσματα Χαμομηλιού 500ml,1.75
2025-06-05,1623641,ELVIVE Glycolic Gloss Περιποίηση Λάμψης &amp; Λείανσης 5&#39; για Θαμπά &amp; Πορώδη Μαλλιά 200ml,6.78
2025-06-05,1612015,HEAD &amp; SHOULDERS Citrus Fresh Σαμπουάν Αντιπυτιριδικό για Λιπαρά Μαλλιά 330ml,3.48
2025-06-05,2273050,PALETTE Intensive Color Creme Βαφή Μαλλιών Νο4 Καστανό,3.42
2025-06-05,1002735,SYOSS Beauty Elixir Λάδι Περιποίησης Absolute Oil για Ταλαιπωρημένα Μαλλιά 100ml ,6.17
2025-06-05,1631017,PANTENE Miracles Lift &amp; Volume Σαμπουάν για Γεμάτα &amp; Μακριά Μαλλιά χωρίς σιλικόνη 160ml,3.48
2025-06-05,2273092,PALETTE Intensive Color Creme Βαφή Μαλλιών Νο8 Ξανθό Ανοικτό ,3.42
2025-06-05,1433874,BOROTALCO Αποσμητικό Roll On Invisible 50ml,2.96
2025-06-05,1484839,UNISEPT Μεσοδόντια Βουρτσάκια 0-7mm 5τεμ ,4.0
2025-06-05,1621237,L&#39;OREAL Bright Reveal Τζελ Καθαρισμού με Serum Προσώπου με Νiacinamide για Ευαίσθητες Επιδερμίδες 150ml,4.0
2025-06-05,1581100,PANTENE Μάσκα Μαλλιών Προστασίας Κερατίνης Defined Curls 300ml,5.98
2025-06-05,1623221,BIOTEN Patches Ματιών Glow Expert 4D,1.53
2025-06-05,1611611,HEAD &amp; SHOULDERS Classic Clean 2σε1 Σαμπουάν Μαλλιών Αντιπυτιριδικό 625ml,4.98
2025-06-05,1617655,DOVE Advanced Care Αφρόλουτρο Deeply Nourishing 400ml,3.18
2025-06-05,1448634,TRESEMME Biotin Repair Σαμπουάν για Ταλαιπωρημένα Μαλλιά 400ml,2.87
2025-06-05,1646288,GARNIER Fructis Keratin Sleek Serum για Ατίθασα Ξηρά Μαλλιά 50ml,6.98
2025-06-05,1571253,MUA Lash &amp; Brow Mάσκαρα για Βλεφαρίδες &amp; Φρύδια Διάφανη,4.48
2025-06-05,6299002,GILETTE Ξυριστική Μηχανή Mach 3 +2 Ανταλλακτικές Κεφαλές,10.38
2025-06-05,1646289,GARNIER Fructis Keratin Sleek Κρέμα Conditioner για Ατίθασα Ξηρά Μαλλιά Vegan 200ml,4.53
2025-06-05,1648268,COLGATE Οδοντόκρεμα Max Fresh Lime 75ml,2.38
2025-06-05,1270590,PANTENE Classic Care Σαμπουάν για Κανονικά Μαλλιά 400ml,3.43
2025-06-05,5971791,ΜΥΡΤΩ Κολόνια Λεμόνι 200ml,6.98
2025-06-05,1571258,MUA Loaded Lash Mάσκαρα για Όγκο XL Black,6.48
2025-06-05,1617680,PAPOUTSANIS Aromatics Σαπούνι Tabac Κέδρος &amp; Κεχριμπάρι 4x100g,2.58
2025-06-05,1647550,HD Keratin Μάσκα με Amino Acids για Ταλαιπωρημένα Μαλλιά 1lt,5.02
2025-06-05,1544731,GARNIER Skin Active Glow Boost Σέρουμ Προσώπου με Vitamin C 30ml,6.45
2025-06-05,1648202,AXE Black 3σε1 Αφρόλουτρο Body Face Hair Wash 700ml,3.78
2025-06-05,9771700,L&#39;OREAL Revitalift Κρέμα Νύχτας Ενυδατική Αντιρυτιδική &amp; Extra Συσφικτική 50ml,10.53
2025-06-05,1616180,AIM White System Οδοντόκρεμα Charcoal 75ml,1.74
2025-06-05,3641198,PALETTE Intensive Color Creme Βαφή Μαλλιών Νο3 Καστανό Σκούρο ,3.42
2025-06-05,1649027,DETTOL Soothe Ανταλλακτικό Κρεμοσάπουνο σε Σακουλάκι 500ml,2.4
2025-06-05,1564649,GILLETTE Pro Τζελ Ξυρίσματος Sensitive 200ml &#160;,5.32
2025-06-05,1596384,ELVIVE Bond Repair Σαμπουάν για Ταλαιπωρημένα Μαλλιά 200ml,5.33
2025-06-05,2273159,PALETTE Intensive Color Creme Βαφή Μαλλιών Νο6.65 Έντονο Κόκκινο ,3.42
2025-06-05,1475591,FA Men Αποσμητικό Roll On Invisible Fresh 50ml,2.13
2025-06-05,1596879,ORAL-B Vitality Pro Ηλεκτρική Οδοντόβουρτσα Protect X Clean Black,23.98
2025-06-05,1198758,L&#39;OREAL Wrinkle Expert Κρέμα Ημέρας Αντιγήρανσης &amp; Σύσφιξης με Ασβέστιο 55+ 50ml,11.7
2025-06-05,1591055,BIOTEN Hydro X-Cell Ενυδατικός Ορός Προσώπου 30ml,5.62
2025-06-05,1224725,BIOTEN Cellufight Τζελ κατά της Κυτταρίτιδας Cryo-Sculpt 200ml,4.87
2025-06-05,5671557,OLD SPICE After Shave Original 100ml,6.75
2025-06-05,3875960,NIVEA Λοσιόν Τονωτική Άνθος Λωτού για Κανονικές Επιδερμίδες 200ml,3.3
2025-06-05,1623638,ELVIVE Glycolic Gloss Leave-in Serum Λάμψης &amp; Λείανσης για Θαμπά &amp; Πορώδη Μαλλιά 150ml,6.78
2025-06-05,1532554,GILLETTE Proglide Ανταλλακτικές Κεφαλές Ξυρίσματος 4τεμ,19.48
2025-06-05,1500459,SEPTONA Baby Calm n&#39; Care Σαμπουάν &amp; Αφρόλουτρο Βάλσαμο &amp; Χαμομήλι 500ml,3.24
2025-06-05,1270589,PANTENE Smooth &amp; Sleek Σαμπουάν για Απαλά &amp; Μεταξένια Μαλλιά 400ml,3.43
2025-06-05,1121107,TESORI D&#39;ORIENTE Eau De Parfum White Musk 100ml,7.65
2025-06-05,9949165,BIC Metal Ξυραφάκια Μιας Χρήσης 10τεμ,4.2
2025-06-05,1646300,GILLETTE Blue 3 Ξυραφάκια Μιας Χρήσης Smooth 6τεμ,4.1
2025-06-05,1468903,L&#39;OREAL Men Expert Hydra Energetic Κρέμα Προσώπου Ενυδατική κατά της κούρασης 50ml,7.1
2025-06-05,1637356,HD Keratin+Prebiotics Σπρέι Μαλλιών Sea Salt Hair Texturizer 160ml,4.08
2025-06-05,1464160,L&#39;OREAL Revitalift Filler Ορός Επαναφοράς Όγκου με Υαλουρονικό Οξύ 30ml,15.2
2025-06-05,1614581,GILLETTE Proglide Ανταλλακτικές Κεφαλές Ξυρίσματος 8τεμ,29.68
2025-06-05,1184473,PALETTE Intensive Color Creme Βαφή Μαλλιών Νο6.68 Εντυπωσιακό Σοκολατί,3.42
2025-06-05,5310206,L&#39;OREAL Revitalift Κρέμα Ματιών Ενυδατική Αντιρυτιδική &amp; Extra Συσφικτική 15ml,10.53
2025-06-05,1270025,PANTENE Σαμπουάν Αναδόμησης 400ml,3.43
2025-06-05,9638677,EXCELLENCE Creme Βαφή Μαλλιών No01 Υπέρ- Ξανθό Φυσικό 48ml,6.97
2025-06-05,1646266,AXE Αποσμητικό Σπρέι Cherry Fizz 150ml,3.78
2025-06-05,2273084,PALETTE Intensive Color Creme Βαφή Μαλλιών Νο7 Ξανθό ,3.42
2025-06-05,5295472,NIVEA Q10 Λοσιόν Σώματος Σύσφιξης με Βιταμίνη C 250ml,5.33
2025-06-05,1578741,L&#39;OREAL Revitalift Filler Κρέμα Ημέρας Water-Cream με Υαλουρονικό Οξύ 50ml,15.2
2025-06-05,1646286,ELVIVE Growth Booster Κρέμα Conditioner κατά της Τριχόπτωσης 150ml,5.33
2025-06-05,1225041,DIADERMINE Νερό Micellar Hydrating για Κάθε Επιδερμίδα 400ml,4.78
2025-06-05,9637778,EXCELLENCE Creme Βαφή Μαλλιών No1 Μαύρο 48ml,6.97
2025-06-05,1571307,MUA Blushed Ρουζ Powder Duo Ginger,5.98
2025-06-05,1631018,PANTENE Miracles Hydra Glow Σαμπουάν για Ενυδάτωση &amp; Λάμψη 250ml,3.48
2025-06-05,1571241,MUA Brow Define Μολύβι Φρυδιών Mid Brown,2.98
2025-06-05,2174498,DUREX Λιπαντικό Τζελ Feel 50ml,8.93
2025-06-05,1646263,AXE Αποσμητικό Σπρέι Cocoa Velvet 150ml,3.78
2025-06-05,1472741,L&#39;OREAL Men Expert Barber Club Τζελ Καθαρισμού 3σε1 200ml,5.45
2025-06-05,1614587,GILLETTE Mach3 Ανταλλακτικές Κεφαλές Ξυρίσματος 8τεμ,18.28
2025-06-05,1578675,PANTENE Miracle Pre-Styler 5in1 200ml,5.48
2025-06-05,1649688,SEPTONA Dermasoft Κρεμοσάπουνο Organic Honey &amp; Ginger 750ml,1.65
2025-06-05,1633610,TESORI D&#39;ORIENTE Αφρόλουτρο Karma 500ml,3.47
2025-06-05,1404020,LO DEPIL Αποτριχωτική Κρέμα 100ml,2.8
2025-06-05,1199606,ZANSOT Ελαφρόπετρα Χρωματιστή,1.87
2025-06-05,1484837,UNISEPT Μεσοδόντια Βουρτσάκια 0-8mm 5τεμ ,4.0
2025-06-05,1644702,DOVE Lip Care Balm Stick Nurishing 4-8g,3.0
2025-06-05,9638115,EXCELLENCE Creme Βαφή Μαλλιών Νo5 Καστανό Ανοιχτό 48ml,6.97
2025-06-05,1646296,GILLETTE Blue 3 Ξυραφάκια Μιας Χρήσης Smooth 12τεμ,7.48
2025-06-05,1649400,GARNIER Pure Active Patches για Σπυράκια Vegan  22εμ,5.48
2025-06-05,1647355,GARNIER Fructis Keratin Sleek Μάσκα για Ατίθασα Ξηρά Μαλλιά Vegan 370ml,6.28
2025-06-05,4092284,NIVEA Men After Shave Balm Protect &amp; Care 100ml,6.48
2025-06-05,1593387,L&#39;OREAL Revitalift Fast Acting Multi -Lift Serum Ορός Προσώπου 30ml,10.53
2025-06-05,1184475,PALETTE Intensive Color Creme Βαφή Μαλλιών Νο7.65 Λαμπερή Μόκα 50ml,3.42
2025-06-05,1647408,GILLETTE Skin Ultra Sensitive Gel Ξυρίσματος Mε Βούτυρο Καριτέ &amp; Βιταμίνη Ε 200ml,5.29
2025-06-05,1096754,L&#39;OREAL Revitalift Laser x3 Κρέμα Ματιών Τριπλής Δράσης 15ml,15.2
2025-06-05,1389719,NIVEA SUN Uv Face Mat Look Αντηλιακό Προσώπου Spf50 50ml,8.25
2025-06-05,1646285,ELVIVE Growth Booster Serum κατά της Τριχόπτωσης 102ml,9.0
2025-06-05,1648561,NIVEA Q10 Κρέμα Σώματος Firming + Rejuvenating 400ml,6.65
2025-06-05,1588486,DUREX Sensitive Extra Lube Προφυλακτικά Κανονική Εφαρμογή 12τεμ,10.38
2025-06-05,2273142,PALETTE Intensive Color Creme Βαφή Μαλλιών Νο10.1 Κατάξανθο Σαντρέ ,3.42
2025-06-05,9638289,EXCELLENCE Creme Βαφή Μαλλιών No6 Ξανθό Σκούρο 48ml,6.97
2025-06-05,1157943,DIADERMINE Κρέμα Ημέρας Ματ Ενυδατική για Μικτή έως Λιπαρή Επιδερμίδα 50ml,4.38
2025-06-05,1600275,MUA Oh Peachy Makeup Melting Cleansing Balm 70ml,9.98
2025-06-05,1471303,NIVEA Men Black &amp; White Invisible Αποσμητικό Σπρέι Ultimate Impact 150ml,2.96
2025-06-05,1596379,ELVIVE Bond Repair Κρέμα Conditioner για Ταλαιπωρημένα Μαλλιά 150ml,5.33
2025-06-05,9638628,EXCELLENCE Creme Βαφή Μαλλιών No9 Ξανθό Πολύ Ανοιχτό 48ml,6.97
2025-06-05,1633608,TESORI D&#39;ORIENTE Αφρόλουτρο Byzantium 500ml,3.47
2025-06-05,1596383,ELVIVE Bond Repair Serum Leave In για Ταλαιπωρημένα Μαλλιά 150ml,6.78
2025-06-05,1491260,ΜΕΓΑ Kids Παιδικές Χειρουργικές Μάσκες μίας Χρήσης τύπου II Small 5τεμ,0.95
2025-06-05,1096750,L&#39;OREAL Revitalift Laser Κρέμα Ημέρας Δραστικής Αντιγήρανσης 50ml,15.2
2025-06-05,1571260,MUA Eye Define Υγρό Eyeliner Black,4.98
2025-06-05,1649344,VIDAL Αφρόλουτρο White Musk Vegan 2x750ml\t,5.5
2025-06-05,1647311,NIVEA SUN Αντηλιακό Προσώπου Primer 2σε1 Spf50+ 30ml,9.3
2025-06-05,1620564,TRESEMME Biotin Repair Μάσκα Μαλλιών για Ταλαιπωρημένα Μαλλιά 440ml,6.98
2025-06-05,9638503,EXCELLENCE Creme Βαφή Μαλλιών No8 Ξανθό Ανοιχτό 48ml,6.97
2025-06-05,1571342,MUA Intense Colour Μολύβι Χειλιών Obsession,2.98
2025-06-05,1450892,BIOTEN Hyaluronic Gold Κρέμα Αντιρυτιδική Ημέρας Spf10 50ml,9.71
2025-06-05,1614969,MUA Peptide Lip Balm Cherry Kiss,4.98
2025-06-05,2273100,PALETTE Intensive Color Creme Βαφή Μαλλιών Νο9 Ξανθό Πολύ Ανοικτό ,3.42
2025-06-05,1619009,BIOTEN Glow Expert 4D Κρέμα Ημέρας Κατά των Πανάδων &amp; των Ρυτίδων Spf15 50ml,9.71
2025-06-05,1571265,MUA Ιntense Colour Μολύβι Ματιών Lights Out,2.98
2025-06-05,1653372,COLGATE Οδοντόκρεμα Protection Caries 2x100ml ,3.98
2025-06-05,1451382,BIOTEN Hyaluronic Gold Ορός Αναδιαμόρφωσης με Πέρλες 30ml,9.71
2025-06-05,9638362,EXCELLENCE Creme Βαφή Μαλλιών No7 Ξανθό 48ml,6.97
2025-06-05,1650201,WELLA Wellaflex Κρέμα Λείανσης 7in1 Frizz 150ml,4.34
2025-06-05,9638396,EXCELLENCE Creme Βαφή Μαλλιών No7.1 Ξανθό Σαντρέ 48ml,6.97
2025-06-05,1583134,MUA Metamorphosis Lip &amp; Cheek Oil The Og,4.98
2025-06-05,1582383,CARROTEN Family Αντηλιακό Γαλάκτωμα Προσώπου &amp; Σώματος Σπρέι Spf50 270ml,10.72
2025-06-05,1451383,BIOTEN Hyaluronic Gold Κρέμα Νύχτας Αντιρυτιδική Replumping 50ml,9.71
2025-06-05,1571337,MUA Intense Colour Μολύβι Χειλιών Heartfelt,2.98
2025-06-05,1114171,HANSAPLAST Κρέμα Ποδιών Εντατικής Περιποίησης για Σκληρύνσεις 75ml,8.03
2025-06-05,1647554,HD Keratin Σαμπουάν με Amino Acids για Όλους τους Τύπους Μαλλιών 750ml,3.7
2025-06-05,1505162,L&#39;OREAL Revitalift Laser Pure Retinol Serum Νύχτας για Βαθιές Ρυτίδες 30ml,15.2
2025-06-05,1571242,MUA Brow Define Μολύβι Φρυδιών Dark Brown,2.98
2025-06-05,1646292,POM PON Natura Υγρά Μαντιλάκια Ντεμακιγιάζ Natura 2x20τεμ,3.26
2025-06-05,1571301,MUA Bronzed Perfection Πούδρα Bronzing Golden Dunes,8.48
2025-06-05,1621293,LIPOSAN Balm Χειλιών Sun Protect Spf50 4-8g,3.36
2025-06-05,1544748,L&#39;OREAL Revitalift Filler Ορός Ματιών με Υαλουρονικό Οξύ &amp; Καφεΐνη 20ml,15.2
2025-06-05,1571377,MUA Κραγιόν Creamy Matte Mystic,4.48
2025-06-05,1639476,HANSAPLAST Second Skin Protection Επιθέματα Αυτοκόλλητα 6τεμ,4.48
2025-06-05,1482278,GILLETTE Mach3 Ανταλλακτικές Κεφαλές Turbo 5τεμ ,16.98
2025-06-05,1571238,MUA Brow Define Διαμορφωτικό Σαπούνι Φρυδιών,5.98
2025-06-05,1467960,Μάσκα Προσώπου Υφασμάτινη Πολλαπλών Χρήσεων Τριπλό Υφασμα 2τεμ,0.9
2025-06-05,1468924,INTERMED Luxurious Sun Care Αντηλιακό Προσώπου Spf50 75ml,7.76
2025-06-05,1466878,NIVEA SUN Kids Protect &amp; Care Αντηλιακό Roll On Spf 50+ 50ml,5.35
2025-06-05,1571338,MUA Intense Colour Μολύβι Χειλιών Sincere,2.98
2025-06-05,1571370,MUA Κραγιόν Creamy Matte Heroic,4.48
2025-06-05,1593275,HANSAPLAST Kit Περιποίησης Πληγών για Παιδιά Sensitive,13.05
2025-06-05,1619008,BIOTEN Glow Expert 4D Ορός Προσώπου Κατά των Πανάδων &amp; των Ρυτίδων 30ml,9.71
2025-06-05,1571341,MUA Intense Colour Μολύβι Χειλιών Heroic,2.98
2025-06-05,1079074,EXCELLENCE Creme Βαφή Μαλλιών No6.7 Σοκολατί 48ml,6.97
2025-06-05,8827149,BIC Astor Ξυριστικές Λεπίδες 5τεμ,1.73
2025-06-05,1571240,MUA Brow Define Μολύβι Φρυδιών Light Brown,2.98
2025-06-05,1571226,MUA Παλέτα Σκιών Ματιών Neutral Wanderlust,5.48
2025-06-05,1571325,MUA Pro/Base Mattifying Fixing Spray,6.98
2025-06-05,1546843,NIVEA SUN Kids Protect &amp; Care Αντηλιακό Σώματος Σπρέι 5 σε1 Spf50+ 270ml,11.9
2025-06-05,1227997,ADELCO KIDS Σπρέι για Παιδιά για Εύκολο Χτένισμα 200ml,3.55
2025-06-05,1507437,CARROTEN Coconut Dreams Αντηλιακό Διάφανο Σπρέι Spf50 200ml,10.22
2025-06-05,1594238,ORAL-B Pro Kids Ηλεκτρική Οδοντόβουρτσα Spiderman 3+,23.98
2025-06-05,1618033,EXCELLENCE Creme Βαφή Μαλλιών No6U Φυσικό Ξανθό Σκούρο,7.57
2025-06-05,1618037,EXCELLENCE Creme Βαφή Μαλλιών No8UR Φυσικό Χάλκινο Ανοιχτό,7.57
2025-06-05,1649406,GARNIER Mist Προσώπου Vitamin C Vegan Spf50+ 75ml,7.13
2025-06-05,1582382,CARROTEN Family Αντηλιακό Γαλάκτωμα Προσώπου &amp; Σώματος Σπρέι Spf30 270ml,9.98
2025-06-05,1571366,MUA Κραγιόν Creamy Matte Heartfelt,4.48
2025-06-05,1571334,MUA Pro/Base Primer Τζελ Ενυδατικό Hyaluronic Acid,7.98
2025-06-05,2433498,NIVEA SUN Protect &amp; Moisture Αντηλιακό Σώματος Σπρέι Spf50+ 200ml,10.85
2025-06-05,1612750,CARROTEN Kids Wet Skin Διάφανο Αντηλιακό Σπρέι Σώματος Spf50 200ml,10.72
2025-06-05,1649405,L&#39;OREAL  Revitalift Laser Serum Προσώπου Triple Peptides 30ml,15.2
2025-06-05,1179432,CARROTEN Cc Αντηλιακή Κρέμα Προσώπου με Χρώμα Spf50 50ml,8.47
2025-06-05,1571400,MUA Σετ Μake Up Sponge 9τεμ,12.5
2025-06-05,1629467,NIVEA Q10 Energy Κρέμα Ύπνου Αντιρυτιδική 50ml  ,8.75
2025-06-05,1614972,MUA Peptide Lip Balm Watermelon Sorbet,4.98
2025-06-05,1621373,INTERMED Luxurious Sun Care Αντηλιακό Σετ με Αντηλιακό Προσώπου Spf50 75ml &amp; Αντηλιακή Κρέμα Σώματος Spf50 200ml,13.25
2025-06-05,3875747,NIVEA Q10 Power Κρέμα Ημέρας Αντιρυτιδική Spf15 50ml,9.45
2025-06-05,1618047,EXCELLENCE Creme Βαφή Μαλλιών No2U Φυσικό Καστανό Πολύ Σκούρο,7.57
2025-06-05,1571365,MUA Κραγιόν Creamy Matte Super Nude,4.48
2025-06-05,1450079,ORAL-B Kids Ηλεκτρική Οδοντόβουρτσα Frozen 3+ ετών +Θήκη Ταξιδίου Δώρο,23.98
2025-06-05,1571379,MUA Κραγιόν Stylo Satin Sheen Super Nude,4.98
2025-06-05,1571383,MUA Κραγιόν Stylo Satin Sheen Dream Girl,4.98
2025-06-05,1571335,MUA Pro/Base Primer Ματιών Refresh &amp; Revive,4.48
2025-06-05,1571369,MUA Κραγιόν Creamy Matte Dream Girl,4.48
2025-06-05,1571384,MUA Κραγιόν Stylo Satin Sheen Heroic,4.98
2025-06-05,1614967,MUA Peptide Lip Balm Heartfelt Hun,4.98
2025-06-05,1468916,INTERMED Babyderm Αντηλιακό Σπρέι Διάφανο με Βιταμίνη C για Παιδιά Spf50+ 200ml ,12.7
2025-06-05,1647356,GARNIER Fructis Hairfood Μάσκα 3σε1 για Αφυδατωμένα Μαλλιά Aloe Vera Vegan 400ml,6.28
2025-06-05,1618051,EXCELLENCE Creme Βαφή Μαλλιών No7UR Φυσικό Χάλκινο,7.57
2025-06-05,1629469,NIVEA Q10 Ορός Προσώπου κατά των Ρυτίδων 15ml,9.83
2025-06-05,1614960,MUA Peptide Lip Balm Caramel Glaze,4.98
2025-06-05,1507436,CARROTEN Coconut Dreams Αντηλιακό Ξηρό Mist Spf30 200ml,9.47
2025-06-05,1433972,PIZ BUIN Moisturising Sun Lipstick Extra Care Αντηλιακό Stick Χειλιών με Αλόε Βέρα Spf30 4-9g,2.1
2025-06-05,1547758,CARROTEN Anti Age Spot Αντηλιακή Κρέμα Προσώπου Spf50 50ml,8.47
2025-06-05,3875358,NIVEA Q10 Power Κρέμα Νύχτας Αντιρυτιδική 50ml,9.45
2025-06-05,1582384,CARROTEN Sensicare Kids Αντηλιακό Γαλάκτωμα Προσώπου &amp; Σώματος Σπρέι Spf50+ 270ml,11.22
2025-06-05,1649397,L&#39;OREAL Bright Reveal Κρέμα Προσώπου Tinted Pearl Spf50 50ml,15.39
2025-06-05,1571234,MUA Παλέτα Σκιών Ματιών Blush Nudes,8.98
2025-06-05,1546822,NIVEA SUN Protect &amp; Moisture Αντηλιακό Σώματος Σπρέι Spf30 270ml,10.82
2025-06-05,1532495,ORAL-B iO6 Ανταλλακτικές Κεφαλές Ηλεκτρικής Οδοντόβουρτσας Gentle Care 2τεμ,15.98
2025-06-05,1614250,L&#39;OREAL Bright Reveal Ορός Προσώπου με Νiacinamide κατά των Μαύρων Στιγμάτων 30ml,15.37
2025-06-05,1571380,MUA Κραγιόν Stylo Satin Sheen Heartfelt,4.98
2025-06-05,1618041,EXCELLENCE Creme Βαφή Μαλλιών No7U Φυσικό Ξανθό,7.57
2025-06-05,1649346,VIDAL Αφρόλουτρο Argan Oil Vegan 2x750ml,5.5
2025-06-05,1571349,MUA Μολύβι Χειλιών Intense Colour Razzleberry,2.98
2025-06-05,1571378,MUA Κραγιόν Creamy Matte Razzleberry,4.48
2025-06-05,1468936,INTERMED Luxurious Sun Care Αντηλιακή Κρέμα Σώματος Spf50 200ml,10.65
2025-06-05,1582377,CARROTEN After Sun Ενυδατικό Γαλάκτωμα με Hyaluronic Acid &amp; Αλόε Βέρα 200ml,6.97
2025-06-05,1643793,LIPOSAN Disney Balm Χειλιών Watermelon 4-8g,3.5
2025-06-05,1594755,MUA Metamorphosis Lip &amp; Cheek Oil Bubble Hun,4.98
2025-06-05,1389721,NIVEA SUN UV Face Anti-Age Q10 Αντηλιακό Προσώπου Spf50 50ml,8.97
2025-06-05,1546817,NIVEA SUN Uv Face Specialist Spot Control Luminous 630 Αντηλιακό Προσώπου Spf50+ 40ml,9.8
2025-06-05,1648380,GILLETTE Ξυραφάκια Μίας Χρήσης Sensor Plus Sensitive 8τεμ,7.54
2025-06-05,9638529,EXCELLENCE Creme Βαφή Μαλλιών No8.1 Ξανθό Ανοιχτό Σαντρέ 48ml,6.97
2025-06-05,1629678,ORAL-B iO3 Ηλεκτρική Οδοντόβουρτσα Μαύρη +Νεσεσέρ Δώρο,69.98
2025-06-05,1571237,MUA Παλέτα Σκιών Ματιών Silk Nudes,9.98
2025-06-05,1614971,MUA Peptide Lip Balm Berry Bliss,4.98
2025-06-05,1047335,CARROTEN Protect &amp; Shine Σπρέι Περιποίησης Μαλλιών 150ml,7.47
2025-06-05,1585882,PALETTE Intensive Color Creme Βαφή Μαλλιών Νο7.77 Ξανθό Έντονο Χάλκινο 50ml,3.42
2025-06-05,1614959,MUA Peptide Lip Balm Coconut Sugar,4.98
2025-06-05,1618038,EXCELLENCE Creme Βαφή Μαλλιών No5UR Φυσικό Κόκκινο,7.57
2025-06-05,1618043,EXCELLENCE Creme Βαφή Μαλλιών No5U Φυσικό Καστανό Ανοιχτό,7.57
2025-06-05,1610909,MUA Παλέτα Σκιών Ματιών Ultimate Obsession,15.98
2025-06-05,1596439,MUA Metamorphosis Lip &amp; Cheek Oil Plump It Up,4.98
2025-06-05,1134275,PIZ BUIN Moisturising Αντηλιακή Λοσιόν Σώματος Spf30 200ml,7.98
2025-06-05,1571332,MUA Pro/Base Primer Mattifying Flawless για Όλους τους τύπους Επιδερμίδας,8.98
2025-06-05,1633605,AIR-VAL Παιδικό Άρωμα Spiderman Vegan 30ml,8.98
2025-06-05,1644842,GILLETTE Sensor 3 Plus Ξυραφάκια Μίας Χρήσης Comfort 8τεμ,7.54
2025-06-05,1571324,MUA Pro/Base Hyaluronic Facial Mist ,6.98
2025-06-05,1468939,INTERMED Luxurious Sun Care Invisible Αντηλιακό Σώματος Σπρέι Spf50+ 200ml,12.1
2025-06-05,1582473,NIVEA SUN Protect &amp; Bronze Αντηλιακό Γαλάκτωμα Σώματος Σπρέι Spf50 270ml,11.6
2025-06-05,1467396,CARROTEN After Sun Μάσκα Προσώπου για μετά τον Ήλιο 20ml,1.42
2025-06-05,1621236,L&#39;OREAL Bright Reveal Peeling Απολέπισης Προσώπου Κατά Των Σκούρων Κηλίδων 25ml,15.37
2025-06-05,7107246,CARROTEN Sensitive Αντηλιακό Γαλάκτωμα Σπρέι Spf50+ 200ml,9.98
2025-06-05,1467394,CARROTEN After Sun Δροσιστικό Τζελ για μετά τον Ήλιο με Βιολογική Αλόε Βέρα 200ml,6.97
2025-06-05,1643794,LIPOSAN Disney Balm Χειλιών Vanilla 4-8g,3.5
2025-06-05,1571243,MUA Brow Define Μολύβι Φρυδιών Grey,2.98
2025-06-05,1179488,CARROTEN Sensicare Αντηλιακή Κρέμα Προσώπου Spf50+ 50ml,8.47
2025-06-05,1612777,AMBRE SOLAIRE Super UV Nioacinamide Αντηλιακό Γαλάκτωμα Προσώπου Κατά των Ατελειών Spf50+ 40ml,8.58
2025-06-05,1583055,AMBRE SOLAIRE Kids Αντηλιακό Nemo Spf50+ 270ml,12.35
2025-06-05,6150817,NIVEA SUN Protect &amp; Moisture Αντηλιακό Σώματος Λοσιόν Spf50 200ml,10.3
2025-06-05,1134260,PIZ BUIN Tan &amp; Protect Tan Intensifying Λάδι Σπρέι Ενίσχυσης του Μαυρίσματος Spf30 150ml ,7.98
2025-06-05,1390503,PIZ BUIN Tan &amp; Protect Tan Intensifying Αντηλιακό Σπρέι Ενίσχυσης του Μαυρίσματος Spf30 150ml  ,8.47
2025-06-05,7107444,CARROTEN Δροσιστικό Νερό Προσώπου σε Σπρέι 150ml,4.47
2025-06-05,1468910,INTERMED Luxurious Sun Care Silk Cover Αντηλιακό Προσώπου Spf50 75ml,8.86
2025-06-05,1571326,MUA Pro/Base Fixing Spray,6.98
2025-06-05,1099906,CARROTEN Gold Shimmer Intensive Tanning Τζελ Ιριδίζον για Έντονο Μαύρισμα 150ml,11.47
2025-06-05,1225493,CARROTEN Intense Tan Λάδι Σπρέι για Μαύρισμα Καρύδα Spf6 200ml,7.47
2025-06-05,1225494,CARROTEN Intense Tan Λάδι Σπρέι για Μαύρισμα Καρύδα 200ml&#160;,6.98
2025-06-05,1468911,INTERMED Luxurious Sun Care Λάδι Μαυρίσματος Σπρέι Dark 200ml,4.95
2025-06-05,1615174,AMBRE SOLAIRE Ideal Bronze Mist Σώματος &amp; Προσώπου Spf30 150ml,9.13
2025-06-05,6150635,NIVEA SUN After Sun Moisture Λοσιόν 200ml,7.15
2025-06-05,1644841,GILLETTE Sensor 3 Plus Ξυραφάκια Μίας Χρήσης Black 8τεμ,7.54
2025-06-05,1584304,MUA Παλέτα Προσώπου Golden Hour,9.98
2025-06-05,1634059,LO ZOO Body Mist Unicorn 150ml,7.9
2025-06-05,8758682,NIVEA SUN Protect &amp; Moisture Αντηλιακό Σώματος Σπρέι Spf30 200ml,10.3
2025-06-05,1649402,L&#39;OREAL Bright Reveal  Κρέμα Προσώπου Tinted Bronze Spf50 50ml,15.39
2025-06-05,1653078,AIR-VAL Παιδικό Άρωμα Minecraft 30ml,8.98
2025-06-05,1468929,INTERMED Luxurious Sun Care Μonoi Oil Bronze Gold Σώματος &amp; Μαλλιών 200ml,11.5
2025-06-05,1546827,NIVEA SUN Protect &amp; Bronze Αντηλιακό Σώματος Σπρέι Spf20 270ml,10.62
2025-06-05,1647341,NIVEA SUN Αντηλιακό Γαλάκτωμα Σώματος Invisible Spf50+ 150ml,9.47
2025-06-05,1647306,CARROTEN Illuminating Uv Fluid Αντηλιακή Κρέμα Προσώπου Spf50+ 50ml,8.97
2025-06-05,1583050,AMBRE SOLAIRE Kids Sensitive Advanced Αντηλιακό Γαλάκτωμα Σπρέι Spf50+ 270ml,12.33
2025-06-05,1491833,Καθρέφτης Πλαστικός Μαύρος επιτραπέζιος ,12.5
2025-06-05,1468922,INTERMED Luxurious Sun Care Αντηλιακή Κρέμα Σώματος Spf30 200ml,8.85
2025-06-05,1647344,AMBRE SOLAIRE Hydra 24h Protect Aντηλιακό Γαλάκτωμα Σώματος Spf50 175ml,9.45
2025-06-05,1633592,AIR-VAL Παιδικό Άρωμα Batman &amp; Joker 30ml,8.98
2025-06-05,1099903,CARROTEN Intensive Tanning Τζελ για Πολύ Έντονο Μαύρισμα Spf0 150ml,11.47
2025-06-05,1468918,INTERMED Luxurious Sun Care Ivisible Αντηλιακό Σώματος Σπρέι Spf30 200ml,10.45
2025-06-05,1546882,PIZ BUIN Moisturising Sun Αντηλιακή Λοσιόν Σώματος Spf15 200ml,8.07
2025-06-05,1612752,CARROTEN Intense Tan Λάδι Σπρέι για Μαύρισμα 70ml,3.72
2025-06-05,1647303,CARROTEN Protect &amp; Tan Αντηλιακό Γαλάκτωμα Σπρέι Spf50 270ml,11.22
2025-06-05,1582387,CARROTEN Kids Αντηλιακό Γαλάκτωμα Προσώπου &amp; Σώματος Σπρέι Spf50+ 270ml,11.22
2025-06-05,1633600,AIR-VAL Παιδικό Άρωμα Frozen 30ml,8.98
2025-06-05,1216840,NIVEA SUN Intense Bronze Λάδι Σπρέι Spf6 200ml,7.4
2025-06-05,1647345,AMBRE SOLAIRE Hydra 24h Protect Αντηλιακό Γαλάκτωμα Σώματος Σπρέι Spf50 150ml,9.13
2025-06-05,1618050,EXCELLENCE Creme Βαφή Μαλλιών No8U Φυσικό Ξανθό Ανοιχτό,7.57
2025-06-05,1633604,AIR-VAL Παιδικό Άρωμα My Unicorn Vegan 30ml,8.98
2025-06-05,1653080,AIR-VAL Παιδικό Άρωμα Stitch 30ml,8.98
2025-06-05,1188911,AMBRE SOLAIRE Ideal Bronze Λάδι Μαυρίσματος Καρύδα 200ml,6.5
2025-06-05,1047347,NIVEA SUN Protect &amp; Bronze Αντηλιακό Σώματος Σπρέι Spf30 200ml,10.4
2025-06-05,1216836,NIVEA SUN Protect &amp; Bronze Λάδι σε Σπρέι Spf30 200ml,9.6
2025-06-05,1582390,CARROTEN Omega Care Tan &amp; Protect Αντηλιακό Λάδι Σπρέι Spf30 150ml,9.47
2025-06-05,1583051,AMBRE SOLAIRE Sensitive Advanced Aντηλιακό Γαλάκτωμα Σπρέι Spf50+ 270ml,12.33
2025-06-05,1267268,Καθρέπτης Επιτραπέζιος Πλαστικός Οβάλ ,12.5
2025-06-05,1651388,JOLEN Ξανθιστική Κρέμα Σώματος Mild 30ml,9.95
2025-06-05,1650139,GOT2B Μάσκαρα Φρύδια &amp; Φύτρες 16ml,6.95
2025-06-05,1163910,EXCELLENCE Creme Βαφή Μαλλιών No7.7 Καστανό Μελί 48ml,6.97
2025-06-05,1655736,COLGATE Οδοντόκρεμα Triple Action 100ml,2.98
2025-06-05,1649971,DETTOL Σαπούνι Classic 4x100g,3.18
