2025-07-18,91236,Ηδύοσμος Μέλι Από Θυμάρι &amp; Άγρια Βότανα Κρήτης 970 gr,10.43
2025-07-18,205957,Κρητών Άρτος Κουλούρα Λαδιού Με Προζυμι 500 gr,1.75
2025-07-18,185181,Χιωτάκης Τυρόπιτα Στριφτή Με Κρητικό Κατσικίσιο Τυρί 800 gr,5.18
2025-07-18,205958,Κρητών Άρτος Παξιμαδάκια Με Γεύση Σκόρδο 400 gr,1.58
2025-07-18,206049,Lyrarakis Κρασί Κοτσιφάλι Ροζέ Vegan 750 ml,8.42
2025-07-18,206050,Lyrarakis Κρασί Μοσχάτο Σπίνας Λευκό Vegan 750 ml,8.42
2025-07-18,130089,Χιωτάκης Σφακιανοπιτάκια 12 Τεμάχια 400 gr,4.24
2025-07-18,54895,Creta Farms Εν Ελλάδι Λουκάνικα Φρανκφούρτης Με Ελαιόλαδο Χωρίς Γλουτένη 300 gr,2.5
2025-07-18,204211,Αρτοποιία Τσατσάκης Παξιμάδι Κρητικοφουρνιές Vegan 400 gr,2.37
2025-07-18,53365,Χιωτάκης Μυζηθροπιτάκια Γλυκά 28-29 Τεμάχια 500 gr,3.73
2025-07-18,124147,Τα Μερακλίδικα Σφακιανές Πίτες 3 Τεμάχια 390 gr,3.44
2025-07-18,186406,El Greco Μέλι Από Θυμάρι &amp; Κωνοφόρα Δέντρα 450 gr,4.08
2025-07-18,97928,Τα Μερακλίδικα Κρητικές Παραδοσιακές Χορτόπιτες Vegan 3 Τεμαχίων 390 gr,3.9
2025-07-18,186398,Το Μάννα Κριτσίνι Με Χαρούπι 170 gr,1.8
2025-07-18,141638,Το Μάννα Παξιμάδι Κριθαροκούλουρα 600 gr ,2.88
2025-07-18,206428,Αγροκτήματα Κρήτης Άρωμα Κρήτης Αυγά Ελευθέρας Βοσκής Ω3 Medium 6 Τεμάχια,2.7
2025-07-18,193309,Αγροκτήματα Κρήτης Άρωμα Κρήτης Αυγά Ω3 Medium 6 Τεμάχια,2.54
2025-07-18,151619,Το Μάννα Παξιμαδάκι Κρίθινο Αφράτο 300 gr,2.42
2025-07-18,197841,Τα Μερακλίδικα Πίτσα Μαργαρίτα Με Αλεύρι Ολικής Αλέσης 2 x 375 gr,4.55
2025-07-18,165699,Ηδύοσμος Μέλι Από Άγριο Θυμάρι &amp; Άγρια Βότανα Squeeze 470 gr,5.67
2025-07-18,88320,Μύλοι Κρήτης Αλεύρι Μίγμα Για Χωριάτικο Ψωμί 1 kg,1.88
2025-07-18,91237,Ηδύοσμος Μέλι Από Άγριο Θυμάρι &amp; Άγρια Βότανα Κρήτης 450 gr,5.49
2025-07-18,205956,Κρητών Άρτος Μικιό Κριτσινάκι Με Γεύση Pizza 80 gr,0.6
2025-07-18,205959,Κρητών Άρτος Μικιό Κριτσινάκι Με Γεύση Σκόρδου 80 gr,0.6
2025-07-18,189162,Αρτοποιία Τσατσάκης Κριτσίνια Ευ Ζην Ολικής Με Σουσάμι 30% Λιγότερο Αλάτι &amp; Ζάχαρη Vegan 200 gr,1.39
2025-07-18,189161,Αρτοποιία Τσατσάκης Κριτσίνια Ευ Ζην Πολύσπορα 30% Λιγότερο Αλάτι &amp; Ζάχαρη Vegan 200 gr,1.39
2025-07-18,88322,Μύλοι Κρήτης Αλεύρι Μίγμα Για Βάση Πίτσας 1 kg,1.65
2025-07-18,179762,Βέρο Κρητικό Παγωτό Βρώμης Βανίλια Με Κομμάτια Σοκολάτας 700 gr 750 ml ,8.4
2025-07-18,160693,Βέρο Κρητικό Παγωτό Σοκολάτα 590 gr 750 ml,7.85
2025-07-18,191390,Το Μάννα Δαγκωτό Παξιμαδάκια Με Μαύρη Τρούφα 110 gr,1.43
2025-07-18,194310,Το Μάννα Παξιμαδάκι Κρίθινο Με Ελαιόλαδο 150 gr,1.31
2025-07-18,104176,Fresh Snack Double Burger 280 gr,2.42
2025-07-18,187864,Fresh Snack Texas Burger 240 gr,2.42
2025-07-18,187865,Fresh Snack Texas Chicken Burger 240 gr,2.42
2025-07-18,104442,Fresh Snack Αράβικη Πίτα Με Κοτόπουλο 210 gr,2.42
2025-07-18,109522,Fresh Snack Σάντουιτς Με Κοτόπουλο 230 gr,2.42
2025-07-18,103011,Fresh Snack Αράβικη Πίτα Με Καπνιστή Γαλοπούλα &amp; Τυρί Edam 185 gr,2.3
2025-07-18,103008,Fresh Snack Σάντουιτς Special 240 gr,2.3
2025-07-18,103010,Fresh Snack Σάντουιτς Με Καπνιστή Γαλοπούλα &amp; Τυρί Edam 220 gr,2.3
2025-07-18,191393,Το Μάννα Δαγκωτό Παξιμαδάκια Με Τομάτα Πιπεριά &amp; Κρεμμύδι 110 gr,1.52
2025-07-18,189340,Fresh Snack Σάντουιτς Time Out 230 gr,2.0
2025-07-18,206151,Fresh Snack Κρουασάν Με Καπνιστή Γαλοπούλα Edam &amp; Μαγιονέζα 150 gr,1.96
2025-07-18,204875,Το Μάννα Κρητωνάκια Σταρένια 100 gr,1.3
2025-07-18,106700,Φάρμα Αντωνάκη Λουκάνικο Καπνιστό Χωριάτικο Χωρίς Γλουτένη 275 gr,2.99
2025-07-18,191778,Αρτώ Λαδοκούλουρα 270 gr,1.79
2025-07-18,191779,Αρτώ Κριτσίνια Με Ηλιόσπορο 270 gr,1.79
2025-07-18,123319,Παπάζογλου Σαλάτα Ρώσικη 500 gr,2.68
2025-07-18,82834,Χαλκιαδάκης Φυσικό Επιτραπέζιο Νερό 6 x 2 lt,1.5
2025-07-18,201425,Βετεράνο Παξιμαδάκια Με Χαρούπι 300 gr,2.67
2025-07-18,184455,Βετεράνο Παξιμαδάκια Ολικής Άλεσης 350 gr,2.37
2025-07-18,185637,Fresh Snack Cheese Burger 190 gr,1.56
2025-07-18,147019,Μελόσπιτο Παξιμαδάκι Σίκαλης 500 gr,2.41
2025-07-18,166418,Ερωφίλη Αυγενάκης Παξιμάδι Βρώμη &amp; Σίκαλη 300 gr,2.38
2025-07-18,201968,Fresh Snack Σάντουιτς Γαλοπούλα &amp; Μοτσαρέλα 135 gr,1.38
2025-07-18,115119,Φάρμα Σελλιά Ρυζόγαλο Με Κανέλα Χωρίς Γλουτένη 220 gr,0.98
2025-07-18,131728,Παπάζογλου Ταραμοσαλάτα Κόκκινη 500 gr,2.12
2025-07-18,195451,Fresh Snack Τοστ Με Φιλέτο Γαλοπούλα Τυρί 150 gr,1.28
2025-07-18,134781,Χαλκιαδάκης Φυσικό Επιτραπέζιο Νερό 6 x 1-5 lt,1.35
2025-07-18,104240,Λαχανόκοσμος Σαλάτα Ανοιξιάτικη Κρήτης 330 gr,2.27
2025-07-18,51840,Λαχανόκοσμος Σαλάτα Ιταλική Κρήτης 330 gr,2.27
2025-07-18,121852,Λαχανόκοσμος Σαλάτα Λαχανόκοσμου Κρήτης 330 gr,2.27
2025-07-18,186078,Λαχανόκοσμος Σαλάτα Πανδαισία Κρήτης 330 gr,2.27
2025-07-18,121854,Λαχανόκοσμος Σαλάτα Τρικολόρε Κρήτης 330 gr,2.27
2025-07-18,26463,Αγγουράκια Βιολογικά Ελληνικά,3.53
2025-07-18,5274,Αγγουράκια Μικρά Ελληνικά,0.43
2025-07-18,5302,Ατζούρια Κρήτης,0.78
2025-07-18,76662,Βασιλικός Συσκευασμένος Κρήτης 25 gr ,1.11
2025-07-18,76664,Δυόσμος Συσκευασμένο Κρήτης 25 gr ,1.05
2025-07-18,76663,Θυμάρι Συσκευασμένο Κρήτης 25 gr ,1.11
2025-07-18,118448,Καρότα Βιολογικά Ελληνικά,2.53
2025-07-18,19330,Κολοκύθια Μικρά Βιολογικά Κρήτης,2.98
2025-07-18,63787,Κρεμμύδια Ξερά Κρήτης,0.78
2025-07-18,66630,Σαλάτα Κατσαρή Κόκκινη Ελληνική Τεμάχιο,0.98
2025-07-18,5262,Μελιτζάνες Τσακώνικες Κρήτης,0.98
2025-07-18,5216,Μελιτζάνες Φλάσκες Ελληνικές,0.63
2025-07-18,19262,Πιπεριές Πράσινες Βιολογικές Ελληνικές,2.18
2025-07-18,5222,Πιπεριές Πράσινες Κρήτης,1.18
2025-07-18,5321,Πιπεριές Φλωρίνης Κρήτης,1.29
2025-07-18,5329,Σέλερι Ελληνικό,1.34
2025-07-18,5243,Σέλινο Μάτσο Ελληνικό,0.7
2025-07-18,169641,Τομάτες Α&#039; Κρητης,0.89
2025-07-18,5379,Τομάτες Β&#039; Ελληνικές,0.65
2025-07-18,86360,Τοματίνια Βελανίδια Κρήτης 500 gr,2.48
2025-07-18,156796,Τοματίνια Βελανίδια Κόκκινα Σε Ποτήρι Κρήτης 250 gr,2.35
2025-07-18,156501,Τοματίνια Βελανίδια Μαύρα Σε Ποτήρι Κρήτης 250 gr,2.35
2025-07-18,156500,Τοματίνια Βελανίδια Μιξ Σε Ποτήρι Κρήτης 250 gr,1.98
2025-07-18,5383,Τοματίνια Τσέρι Κρήτης 500 gr,3.25
2025-07-18,5277,Φασόλια Αιχε Τσαούλια Κρήτης,1.88
2025-07-18,5288,Βλήτα Κρήτης,0.83
2025-07-18,118439,Ρόκα Ελληνική Σε Φύλλα 100 gr,1.2
2025-07-18,48203,Καρπούζι Mini Ελληνικό,4.32
2025-07-18,5282,Πεπόνια Ελληνικά,2.07
2025-07-18,5284,Πορτοκάλια Α  Κρήτης,0.65
2025-07-18,93618,Σταφύλι Άσπρο Ελληνικό,3.35
2025-07-18,5152,Αρνί Κρήτης,12.5
2025-07-18,62430,Αρνίσιο Συκώτι Κρήτης,4.8
2025-07-18,5176,Κατσίκι Κρήτης,13.5
2025-07-18,62431,Κατσικίσιο Συκώτι Κρήτης,4.8
2025-07-18,134887,Γίδα Ελληνική,6.9
2025-07-18,134888,Πρόβατο Ελληνικό,6.9
2025-07-18,5156,Κουνέλι Κρήτης,14.33
2025-07-18,156692,Φάρμα Αντωνάκη Λουκάνικα Ρεθύμνου,3.98
2025-07-18,156694,Φάρμα Αντωνάκη Λουκάνικα Χοιρινά Χωριάτικα,3.8
2025-07-18,46874,Κοτόπουλο 70% Ν Κρήτης,5.07
2025-07-18,163833,Κοτόπουλο Ρολό Γεμιστό Κρήτης,18.36
2025-07-18,122213,Πετεινός 84% Κρήτης,6.93
2025-07-18,6105,Αρχοντάκη Ελληνικός Καφές,5.53
2025-07-18,6094,Δανδάλη Ελληνικός Καφές 100 gr,2.38
2025-07-18,6095,Δανδάλη Ελληνικός Καφές 200 gr,4.2
2025-07-18,6089,Δανδάλη Ελληνικός Καφές 500 gr,9.98
2025-07-18,153330,Δανδάλη Ελληνικός Καφές Decafeine 100 gr,2.82
2025-07-18,6150,Δανδάλη Φρεσκοαλεσμένος Ελληνικός Καφές,5.71
2025-07-18,129973,Τσιρογαλάκη Ελληνικός Καφές 100 gr,1.92
2025-07-18,6090,Δανδάλη Καφές Φίλτρου 250 gr,6.42
2025-07-18,62015,Mamascafe Frappe Καφές Σε Σέικερ,0.43
2025-07-18,148535,Cretamel Μαντολάτο Mini Με Φυστίκι Ξηρούς Καρπούς &amp; Μέλι 200 gr,4.26
2025-07-18,197482,Orino Nougat Μαντολάτο Με Αμύγδαλο 70 gr,0.99
2025-07-18,132823,Pasteli Michel Μαντολάτο Αμυγδάλου 65 gr,2.15
2025-07-18,174372,Cretamel Παστέλι Με Μέλι &amp; Αμύγδαλα 45 gr,1.16
2025-07-18,79428,Cretamel Παστέλι Με Μέλι &amp; Σουσάμι 45 gr,0.67
2025-07-18,79343,Cretamel Παστέλι Με Μέλι &amp; Σουσάμι 70 gr,0.99
2025-07-18,90076,Cretamel Παστέλι Με Μέλι &amp; Φυστίκι 70 gr,0.95
2025-07-18,68836,Orino Παστέλι Με Μέλι &amp; Σουσάμι 100 gr,1.28
2025-07-18,24225,Pasteli Michel Mix Μάντολα 160 gr,4.45
2025-07-18,134581,Pasteli Michel Παστέλι Mix Με Μάντολα 65 gr,2.05
2025-07-18,134580,Pasteli Michel Παστέλι Με Αμύγδαλο 65 gr,2.23
2025-07-18,134579,Pasteli Michel Παστέλι Με Σησάμι 65 gr,1.24
2025-07-18,134582,Pasteli Michel Παστέλι Με Φυστίκι 65 gr,1.44
2025-07-18,24223,Pasteli Michel Σισαμόπιτα 160 gr,3.02
2025-07-18,206248,Pasteli Michel Σισαμόπιτα Με Φυστικόψιχα 160 gr,3.9
2025-07-18,120911,Creta Carob Χαρουπόμελο Χωρίς Γλουτένη 350 gr,5.19
2025-07-18,174365,Cretamel Orino Μέλι Από Κωνοφόρα Δέντρα &amp; Άγρια Βότανα Squeeze 470 gr,8.6
2025-07-18,106694,Cretamel Μέλι Orino Από Θυμάρι &amp; Άγρια Βότανα 400 gr,7.35
2025-07-18,181628,El Greco Μέλι Θυμαρίσιο Squeeze 480 gr,6.8
2025-07-18,181191,El Greco Μέλι Με Θυμάρι 900 gr,11.98
2025-07-18,200525,Koutantos Family Μέλι Από Άγρια Βότανα &amp; Κωνοφόρα Δέντρα 700 gr,8.94
2025-07-18,191973,Koutantos Family Μέλι Από Θυμάρι &amp; Βότανα 250 gr,4.08
2025-07-18,191972,Koutantos Family Μέλι Από Θυμάρι &amp; Βότανα 400 gr,5.34
2025-07-18,191971,Koutantos Family Μέλι Από Θυμάρι &amp; Βότανα 700 gr,10.4
2025-07-18,191974,Koutantos Family Μέλι Από Θυμάρι &amp; Βότανα Squeeze 500 gr,5.88
2025-07-18,115768,Melirryto Μέλι Σητείας Θυμαρίσιο 950 gr,13.2
2025-07-18,170297,Melirryto Μέλι Σητείας Θυμαρίσιο Squeeze 230 gr,4.12
2025-07-18,170298,Melirryto Μέλι Σητείας Θυμαρίσιο Squeeze 470 gr,6.85
2025-07-18,153047,Orino Μέλι Από Άγρια Βότανα &amp; Κωνοφόρα Δέντρα Squeeze 250 gr,5.25
2025-07-18,188680,Άγριο Δάσος Μέλι Πεύκου 450 gr,5.75
2025-07-18,176955,Αροδαμός Μέλι Ελληνικών Δασών Αγριοβότανα Θρούμπι &amp; Θυμάρι 450 gr,5.75
2025-07-18,176956,Αροδαμός Μέλι Ελληνικών Δασών Αγριοβότανα Θρούμπι &amp; Θυμάρι 800 gr,7.49
2025-07-18,176953,Αροδαμός Μέλι Ελληνικών Δασών Πεύκο &amp; Θυμάρι Squeeze 500 gr,6.58
2025-07-18,176954,Αροδαμός Μελίγυρις Μέλι Ελληνικών Δασών Αγριοβότανα Θρούμπι &amp; Θυμάρι Squeeze 500 gr,4.94
2025-07-18,179143,Μέλι Ανώπολης Σφακίων Θυμαρίσιο 450 gr,6.65
2025-07-18,179142,Μέλι Ανώπολης Σφακίων Θυμαρίσιο 950 gr,12.88
2025-07-18,118063,Μέλι Της Κρήτης Από Κωνοφόρα &amp; Θυμάρι 250 gr,3.8
2025-07-18,119384,Μέλι Της Κρήτης Από Κωνοφόρα &amp; Θυμάρι 450 gr,6.3
2025-07-18,170553,Μέλι Της Κρήτης Από Κωνοφόρα &amp; Θυμάρι 950 gr,12.74
2025-07-18,175182,Μέλι Της Κρήτης Από Κωνοφόρα Δέντρα &amp; Θυμάρι 500 gr,6.68
2025-07-18,118062,Μέλι Της Κρήτης Από Κωνοφόρα Δέντρα &amp; Θυμάρι Μεταλλική Συσκευασία 250 gr,3.8
2025-07-18,118061,Μέλι Της Κρήτης Από Κωνοφόρα Δέντρα &amp; Θυμάρι Μεταλλική Συσκευασία 450 gr,6.3
2025-07-18,122001,Μελίγυρις Μέλι Δάσους Θυμαριού &amp; Αγριοβοτάνων Βιολογικό 450 gr,8.1
2025-07-18,154001,Οικογένεια Βαράκλα Μέλι Από Θυμάρι &amp; Άγρια Βότανα 450 gr,6.2
2025-07-18,153895,Οικογένεια Βαράκλα Μέλι Από Θυμάρι &amp; Άγρια Βότανα 950 gr,12.45
2025-07-18,156935,Οικογένεια Βαράκλα Μέλι Από Θυμάρι &amp; Άγρια Βότανα Squeeze 470 gr,6.55
2025-07-18,133995,Συνεργασία Μέλι Κρήτης Με Βασιλικό Πολτό 450 gr,8.6
2025-07-18,93676,Συνεργασία Χρυσή Κρήτη Μέλι Θυμαρίσιο 450 gr,6.75
2025-07-18,93671,Συνεργασία Χρυσή Κρήτη Μέλι Θυμαρίσιο 900 gr,12.78
2025-07-18,131386,Ψηλορείτης Μέλι Από Θυμάρι Βότανα &amp; Κωνοφόρα Κρήτης 250 gr,4.85
2025-07-18,129274,Συνεργασία Γλυκό Κουταλιού Βύσσινο 370 gr,7.0
2025-07-18,129273,Συνεργασία Γλυκό Κουταλιού Κεράσι 370 gr,5.54
2025-07-18,117605,Katrin&#039;s Marmelades Μαρμελάδα Βερύκοκο 300 gr,2.52
2025-07-18,117604,Katrin&#039;s Marmelades Μαρμελάδα Πορτοκάλι Μήλο 300 gr,2.52
2025-07-18,117607,Katrin&#039;s Marmelades Μαρμελάδα Φράουλα 300 gr,2.52
2025-07-18,118246,Γεύσεις Γιαγιάς Σταφίδα Σουλτανίνα Κρήτης 170 gr,2.84
2025-07-18,182930,Nut Nutter Πραλίνα Φυστίκι Αιγίνης 250 gr,5.98
2025-07-18,200394,Nut Nutter Crunchy Φυστικοβούτυρο Χωρίς Ζάχαρη Vegan 250 gr,2.9
2025-07-18,200389,Nut Nutter Αμυγδαλοβούτυρο Χωρίς Ζάχαρη Vegan 190 gr,4.98
2025-07-18,182929,Nut Nutter Φυστικοβούτυρο Χωρίς Ζάχαρη Vegan 250 gr,2.9
2025-07-18,112693,Anna Herbs Δίχταμος Έρωντας 15 gr,1.08
2025-07-18,112701,Anna Herbs Μαλοτήρα Τσάι Του Βουνού 20 gr,1.08
2025-07-18,112708,Anna Herbs Σαρανταδέντρι Καρτεράκι 30 gr,1.08
2025-07-18,112715,Anna Herbs Φασκόμηλο 25 gr,1.08
2025-07-18,112717,Anna Herbs Χαμόμηλο 25 gr,1.08
2025-07-18,177191,Thamma Αφέψημα Cretan Daylight Βιολογικό Vegan Χωρίς Γλουτένη 12 x 1-5 gr,3.88
2025-07-18,202558,Thamma Αφέψημα Earl Grey Tea Βιολογικό Vegan 12 x 2 gr,2.95
2025-07-18,177195,Thamma Αφέψημα Gentle Evening Βιολογικό Vegan Χωρίς Γλουτένη 12 x 1 gr,3.88
2025-07-18,177194,Thamma Αφέψημα Louisa Darling Βιολογικό Vegan Χωρίς Γλουτένη 12 x 1-5 gr,3.88
2025-07-18,202559,Thamma Αφέψημα Pure Green Tea Βιολογικό Vegan 12 x 2 gr,2.95
2025-07-18,160641,Καρτεράκι Βοτανικό Αφέψημα Κρητικό Παραδοσιακό Τσάι 10 x 1 gr,1.53
2025-07-18,160643,Καρτεράκι Βοτανικό Αφέψημα Κρητικό Πράσινο Τσάι 10 x 1-2 gr,1.53
2025-07-18,160642,Καρτεράκι Βοτανικό Αφέψημα Κρητικό Τσάι 10 x 1 gr,1.53
2025-07-18,182816,Κοπέλι Κοκτέιλ Βοτάνων Αφέψημα 20 x 1-2 gr,2.32
2025-07-18,184608,Κοπέλι Τσάι Βαλεριάνα &amp; Μελισσόχορτο Παραδοσιακό Κρητικό Αφέψημα 20 x 1-5 gr,2.32
2025-07-18,118969,Κοπέλι Τσάι Του Βουνού Μαλοτήρα Με Ματζουράνα Παραδοσιακό Κρητικό Αφέψημα 20 x 1 gr,2.32
2025-07-18,183540,Κοπέλι Τσάι Του Βουνού Παραδοσιακό Κρητικό Αφέψημα 20 x 1-2 gr,2.32
2025-07-18,182815,Κοπέλι Χαμόμηλο Στιγμιαίο Αφέψημα 20 x 1-2 gr,1.65
2025-07-18,132896,Κοπέλι Πράσινο Τσάι 20 x 2 gr,1.8
2025-07-18,160922,Κοπέλι Πράσινο Τσάι Με Βότανα 20 x 1-8 gr,2.32
2025-07-18,106239,Χαλκιαδάκης Κριτσίνια Με Ηλιόσπορο 360 gr,2.58
2025-07-18,192443,Χαλκιαδάκης Κριτσίνια Πολύσπορα 250 gr,1.6
2025-07-18,192444,Χαλκιαδάκης Μακεδονικά Κριτσίνια Με Σουσάμι 300 gr,1.85
2025-07-18,128631,Χαλκιαδάκης Παξιμάδι Κρητικοφουρνιές 400 gr,2.58
2025-07-18,106242,Χαλκιαδάκης Παξιμάδι Κριθαρένιο 600 gr,2.58
2025-07-18,106241,Χαλκιαδάκης Παξιμάδι Κριθαροκουλουρίτσα 600 gr,2.58
2025-07-18,106240,Χαλκιαδάκης Παξιμάδι Κριθαροκουλούρα 600 gr,2.58
2025-07-18,106243,Χαλκιαδάκης Παξιμαδάκι Κριθαρένιο 400 gr,2.25
2025-07-18,124797,Χαλκιαδάκης Παξιμαδάκι Τύπου Κυθήρων 400 gr,2.27
2025-07-18,122977,Grand&#039;s Cookies Βουτήματα Μπιάνκα Γεμιστά 380 gr,4.98
2025-07-18,106681,Grand&#039;s Cookies Μουστοκούλουρα 400 gr,2.72
2025-07-18,174918,Tsiknakis Οικογένεια Τσικνάκη Γλυκιά Μπουκιά Με Χαρούπι &amp; Cranberries 400 gr,4.26
2025-07-18,174916,Tsiknakis Οικογένεια Τσικνάκη Γλυκιά Μπουκιά Με Χαρούπι &amp; Αμύγδαλο 400 gr,4.26
2025-07-18,174917,Tsiknakis Οικογένεια Τσικνάκη Γλυκιά Μπουκιά Με Χαρούπι 400 gr,4.02
2025-07-18,68773,Αγροτικός Οικοτεχνικός Συνεταιρισμός Γυναικών Κρουσώνα Κουλουράκια Πορτοκαλιού 400 gr,4.84
2025-07-18,91348,Αγροτικός Οικοτεχνικός Συνεταιρισμός Γυναικών Κρουσώνα Λαδοκούλουρα 400 gr,4.84
2025-07-18,68772,Αγροτικός Οικοτεχνικός Συνεταιρισμός Γυναικών Κρουσώνα Παξιμαδάκια Αμύγδαλου 400 gr,4.84
2025-07-18,35869,Ασιτιανά Παραδοσιακά Εδέσματα Βουτήματα Μπίρας 400 gr,4.2
2025-07-18,121992,Ασιτιανά Παραδοσιακά Εδέσματα Βουτήματα Πορτοκαλιού 400 gr,4.2
2025-07-18,121994,Ασιτιανά Παραδοσιακά Εδέσματα Κουλουράκια Κανέλας 400 gr,4.35
2025-07-18,35870,Ασιτιανά Παραδοσιακά Εδέσματα Μπισκότα Μαρμελάδα 400 gr,4.35
2025-07-18,35871,Ασιτιανά Παραδοσιακά Εδέσματα Μπισκότα Πεταλάκια 400 gr,4.35
2025-07-18,121993,Ασιτιανά Παραδοσιακά Εδέσματα Παξιμαδάκι Κακάο 400 gr,4.2
2025-07-18,203314,Βετεράνο Βουτήματα Σταφιδωτά 350 gr ,4.35
2025-07-18,165494,Δερμίσης Μουστοκούλουρα 200 gr,0.99
2025-07-18,121989,Ιδαία Γη Βουτήματα Κακάο 300 gr,3.35
2025-07-18,121990,Ιδαία Γη Βουτήματα Κρασάτα 300 gr,3.35
2025-07-18,121991,Ιδαία Γη Βουτήματα Λαδερά 300 gr,3.35
2025-07-18,198650,Κρητών Άρτος Μικιό Μπισκοτάκι Με Αμύγδαλο &amp; Μέλι 80 gr,1.2
2025-07-18,198651,Κρητών Άρτος Μικιό Μπισκοτάκι Σοκολάτας 80 gr,1.2
2025-07-18,94485,Μίνθη Κουλουράκια Κρασάτα 330 gr,3.55
2025-07-18,94486,Μίνθη Κουλουράκια Λαδερά Με Σουσάμι 330 gr,3.55
2025-07-18,94487,Μίνθη Κουλουράκια Σταφιδωτά 330 gr,3.55
2025-07-18,149393,Μελόσπιτο Κουλούρι Κανέλας 100 gr,0.6
2025-07-18,179536,Ντουρουντούς Μπισκότα Με Βρώμη &amp; Cranberries 220 gr,3.34
2025-07-18,194332,Ντουρουντούς Μπισκότα Με Μέλι &amp; Καρύδι 150 gr,3.14
2025-07-18,64610,Περράκης Cretan Bakery Βουτήματα Πορτοκαλιού 350 gr,3.62
2025-07-18,64611,Περράκης Cretan Bakery Λαδοκούλουρα Κανέλας 350 gr,3.62
2025-07-18,89579,Περυσινάκης Βουτήματα Σταφιδωτά 500 gr ,4.62
2025-07-18,186402,Το Μάννα Biscotti Αμύγδαλο 160 gr,2.6
2025-07-18,186401,Το Μάννα Biscotti Πορτοκάλι 160 gr,2.37
2025-07-18,206149,Οικογένεια Μαυροφρύδη Cake Donut Με Επικάλυψη Σοκολάτας 90 gr,1.25
2025-07-18,206148,Οικογένεια Μαυροφρύδη Cake Donut Με Επικάλυψη Φράουλας 90 gr,1.25
2025-07-18,206147,Οικογένεια Μαυροφρύδη Cake Donut Με Λευκή Επικάλυψη Cookies 90 gr,1.25
2025-07-18,158174,Οικογένεια Μαυροφρύδη Γλυκό Καρύδας 120 gr,1.08
2025-07-18,181103,Big Taste Κρουασάν Κρέμα Κακάο Με Φουντούκι 90 gr,0.7
2025-07-18,190749,Big Taste Κρουασάν Με Γέμιση Κρέμα Μιλφέιγ 100 gr,0.98
2025-07-18,179327,Big Taste Κρουασάν Με Γέμιση Φράουλα 85 gr,0.7
2025-07-18,192632,Big Taste Κρουασάν Με Πραλίνα Φουντουκιού 150 gr,1.25
2025-07-18,206488,Big Taste Κρουασάν Με Πραλίνα Φουντουκιού 90 gr,0.78
2025-07-18,191416,Choco Big Κρουασάν Με Πραλίνα Φουντουκιού ION 250 gr,1.9
2025-07-18,150135,Μελόσπιτο Κρουασανάκια Γεμιστά Με Πραλίνα ΙΟΝ NuCrema 6 Τεμάχια 180 gr,2.5
2025-07-18,23805,Χιωτάκης Κρουασάν Πραλίνα Φουντουκιού 90 gr,1.0
2025-07-18,190750,Big Taste Τσουρέκι Στριφτό 280 gr,1.98
2025-07-18,190751,Big Taste Τσουρεκάκι Στριφτό 125 gr,0.98
2025-07-18,158177,Sweet &amp; Fresh Τσουρέκι Πολίτικο 450 gr,3.2
2025-07-18,89577,Περυσινάκης Κουλούρι Προζυμένιο Vegan 500 - 550 gr,3.63
2025-07-18,199109,Περυσινάκης Μπαλίτσα Σοκολάτας 500 gr,4.2
2025-07-18,89578,Περυσινάκης Τσουρεκάκι Σμυρνέικο 500 - 550 gr,4.2
2025-07-18,185636,Οικογένεια Μαυροφρύδη Τσουρεκάκι Πραλίνας 100 gr,1.2
2025-07-18,206249,Οικογένεια Μαυροφρύδη Τσουρεκάκι Μιλφέϊγ 100 gr,1.2
2025-07-18,88220,Μακατουνάκη Πίτες 10 Τεμάχια 920 gr,1.56
2025-07-18,126591,Μακατουνάκη Πίτες BBQ 10cm 12 Τεμάχια 750 gr,1.35
2025-07-18,127953,Μακατουνάκη Πίτες Αράβικες 6 Τεμάχια 400 gr,1.5
2025-07-18,170673,Μακατουνάκη Πίτες Με Καλαμποκάλευρο 10 Τεμάχια 1000 gr,1.75
2025-07-18,170674,Μακατουνάκη Πίτες Σίκαλης 10 Τεμάχια 1kg,2.0
2025-07-18,182045,Μακατουνάκη Πιτάκια Με Σκόρδο 12 Τεμάχια 750 gr,1.86
2025-07-18,143100,Grand&#039;s Cookies Κρίκοι Με Καλαμπόκι 290 gr,3.6
2025-07-18,143098,Grand&#039;s Cookies Κρίκοι Με Κανέλα 290 gr,3.6
2025-07-18,143099,Grand&#039;s Cookies Κρίκοι Ολικής Άλεσης 290 gr,3.6
2025-07-18,189160,Αρτοποιία Τσατσάκης Κριτσίνια Ευ Ζην Ολικής Με Ηλιόσπορο 30% Λιγότερο Αλάτι &amp; Ζάχαρη Vegan 200 gr,1.98
2025-07-18,204210,Αρτοποιία Τσατσάκης Κριτσίνια Μακεδονικά Σίτου Με Σουσάμι Vegan 300 gr,2.18
2025-07-18,196678,Αρτοποιία Τσατσάκης Κριτσίνια Με Ελληνική Γραβιέρα 180 gr,2.28
2025-07-18,196677,Αρτοποιία Τσατσάκης Κριτσίνια Με Καλαμπόκι Vegan 250 gr ,2.28
2025-07-18,176406,Αρτοποιία Τσατσάκης Κριτσίνια Σίτου Vegan 200 gr,1.78
2025-07-18,198647,Κρητών Άρτος Κριτσίνι Μακεδονικό Ολικής Άλεσης Με Σουσάμι 180 gr,2.18
2025-07-18,198652,Κρητών Άρτος Μικιό Κριτσινάκι Τυριού 80 gr,1.2
2025-07-18,143191,Μελιστάλακτη Κριτσίνι Με Χαρουπάλευρο 300 gr,3.64
2025-07-18,143190,Μελιστάλακτη Κριτσίνια Με Ηλιόσπορο 300 gr,3.32
2025-07-18,186400,Το Μάννα Κριτσίνια Ποντιακά 250 gr,3.28
2025-07-18,123003,Grand&#039;s Cookies Παξιμάδι Κρίθινο 800 gr,5.14
2025-07-18,123005,Grand&#039;s Cookies Παξιμάδι Κριθαροκουλούρα 800 gr,5.14
2025-07-18,123004,Grand&#039;s Cookies Παξιμάδι Μιγάδι 800 gr,5.14
2025-07-18,134901,Tsiknakis Οικογένεια Τσικνάκη Παξιμάδι Από Αλεύρι Δίκοκκο Βιολογικό 400 gr,4.9
2025-07-18,134900,Tsiknakis Οικογένεια Τσικνάκη Παξιμάδι Από Χαρούπι Βιολογικό 400 gr,4.7
2025-07-18,134899,Tsiknakis Οικογένεια Τσικνάκη Παξιμάδι Βρώμης Βιολογικό 400 gr,4.45
2025-07-18,109236,Tsiknakis Οικογένεια Τσικνάκη Παξιμάδι Κριθαρένιο 2 kg,7.98
2025-07-18,21342,Tsiknakis Οικογένεια Τσικνάκη Παξιμάδι Κριθαρένιο Βιολογικό 600 gr,4.6
2025-07-18,21343,Tsiknakis Οικογένεια Τσικνάκη Παξιμάδι Κριθαροκουλούρα Βιολογική 700 gr,4.6
2025-07-18,85971,Tsiknakis Οικογένεια Τσικνάκη Παξιμάδι Μιγάδι Ολικής Άλεσης 700 gr,3.92
2025-07-18,33321,Tsiknakis Οικογένεια Τσικνάκη Παξιμάδι Μπουκιές Κριθαρένιες Βιολογικό 400 gr,4.15
2025-07-18,105760,Tsiknakis Οικογένεια Τσικνάκη Παξιμάδι Μπουκιές Ούζου 450 gr,3.25
2025-07-18,59285,Tsiknakis Οικογένεια Τσικνάκη Παξιμάδι Μπουκιές Σικάλεως Βιολογικό 400 gr,4.15
2025-07-18,62921,Tsiknakis Οικογένεια Τσικνάκη Παξιμάδι Σικάλεως Βιολογικό 600 gr,4.6
2025-07-18,109235,Tsiknakis Οικογένεια Τσικνάκη Παξιμάδι Σταρένιο 2 kg,7.98
2025-07-18,21341,Tsiknakis Οικογένεια Τσικνάκη Παξιμάδι Σταρένιο Βιολογικό 600 gr,4.5
2025-07-18,198309,Αρτοποιία Τσατσάκης Μπουκίτσες Ελαιόλαδου Τύπου Κυθήρων Vegan 400 gr,3.45
2025-07-18,198296,Αρτοποιία Τσατσάκης Μπουκίτσες Κρίθινες Με Ελαιόλαδο Vegan 400 gr,3.25
2025-07-18,204213,Αρτοποιία Τσατσάκης Μπουκίτσες Κρίθινες Με Ελαιόλαδο Χωρίς Πρόσθετο Αλάτι Vegan 400 gr,2.42
2025-07-18,204212,Αρτοποιία Τσατσάκης Μπουκίτσες Σίκαλης Με Ελαιόλαδο Vegan 400 gr,2.28
2025-07-18,198308,Αρτοποιία Τσατσάκης Μπουκίτσες Χαρουπιού Με Ελαιόλαδο Vegan 400 gr,3.45
2025-07-18,84720,Αρτοποιία Τσατσάκης Παξιμάδι Κριθαροκουλουρίτσα 600 gr,3.5
2025-07-18,84713,Αρτοποιία Τσατσάκης Παξιμάδι Κριθαροκουλούρα 600 gr,3.45
2025-07-18,84714,Αρτοποιία Τσατσάκης Παξιμάδι Μίνι Κρίθινο 400 gr,2.98
2025-07-18,84717,Αρτοποιία Τσατσάκης Παξιμάδι Σταρένιο 600 gr,3.45
2025-07-18,180982,Αρτοσκευάσματα Δαμιανάκης Παξιμάδι Επτάζυμο 600 gr,4.07
2025-07-18,180981,Αρτοσκευάσματα Δαμιανάκης Παξιμάδι Κριθαροκουλούρα Ολικής Άλεσης 450 gr,3.02
2025-07-18,91534,Αρτοσκευάσματα Δαμιανάκης Παξιμάδι Μπουκιές Σταρένιες 400 gr,2.94
2025-07-18,3936,Αρτοσκευάσματα Δαμιανάκης Παξιμάδι Σταρένιο Τάβλας 700 gr,3.88
2025-07-18,135277,Ασιτιανά Παραδοσιακά Εδέσματα Παξιμάδι Αφράτο Κρίθινο 780 gr,4.24
2025-07-18,162987,Βαρδάκης Παξιμάδι Κριθάρι Σκέτο 800 gr,4.15
2025-07-18,185767,Βαρδάκης Παξιμάδι Κριθαράτσι 450 gr,3.75
2025-07-18,186923,Βαρδάκης Παξιμάδι Κριθαροκουλούρα 700 gr,4.25
2025-07-18,201424,Βετεράνο Μπισκοτάκι Χαρουπιού Με Αμύγδαλο &amp; Σταφίδα 250 gr,3.82
2025-07-18,172904,Βετεράνο Παξιμάδι Κρίθινο 500 gr,2.9
2025-07-18,196902,Βετεράνο Παξιμάδι Κριθαροκουλουρίτσα Ολικής Άλεσης 700 gr,4.15
2025-07-18,197480,Βετεράνο Παξιμάδι Κριθαροκουλούρα Ολικής Άλεσης 700 gr,3.98
2025-07-18,188572,Βετεράνο Παξιμάδι Μπουκιές Επτάζυμες 500 gr,3.64
2025-07-18,184453,Βετεράνο Παξιμαδάκια Ολικής Άλεσης 400 gr ,2.82
2025-07-18,196563,Ερωφίλη Αυγενάκης Ντακάκι Ντομάτας 300 gr,2.7
2025-07-18,196561,Ερωφίλη Αυγενάκης Ντακάκι Ρίγανης 300 gr,2.7
2025-07-18,151656,Ερωφίλη Αυγενάκης Παξιμάδι Κουλουράκια Κρίθινα 600 gr,3.15
2025-07-18,83365,Ερωφίλη Αυγενάκης Παξιμάδι Κρίθινο Ελιάς 380 gr,2.97
2025-07-18,192617,Ερωφίλη Αυγενάκης Παξιμάδι Σικάλεως 400 gr,2.75
2025-07-18,166417,Ερωφίλη Αυγενάκης Παξιμάδι Χαρουπιού Χωρίς Μαγιά &amp; Ζάχαρη 350 gr,3.58
2025-07-18,148925,Ερωφίλη Αυγενάκης Παξιμαδάκι Χαρουπιού 300 gr,3.15
2025-07-18,134721,Κρητών Άρτος Κρητικά Παξιμάδια Κριθαρένια ΠΓΕ 600 gr,3.86
2025-07-18,139814,Κρητών Άρτος Παξιμάδι Ολικής Άλεσης Με 4 Δημητριακά &amp; Χαρούπι 350 gr,3.4
2025-07-18,127961,Ντουρουντούς Σφακιανό Βουργιάλι Παξιμάδι Κουλούρι Κριθαρένιο 460 gr,4.1
2025-07-18,134564,Ο Φούρνος Του Χατζή Παξιμάδι Κρίθινο 400 gr,2.64
2025-07-18,134565,Ο Φούρνος Του Χατζή Παξιμάδι Κρίθινο Χωρίς Αλάτι 400 gr,2.64
2025-07-18,174099,Ο Φούρνος Του Χατζή Παξιμάδι Σίκαλης Ολικής Άλεσης 300 gr,2.3
2025-07-18,191391,Το Μάννα Δαγκωτό Παξιμαδάκια Με Γραβιέρα &amp; Γλυκιά Πάπρικα 110 gr,1.9
2025-07-18,191392,Το Μάννα Δαγκωτό Παξιμαδάκια Με Ελιά &amp; Λιαστή Τομάτα 110 gr,1.9
2025-07-18,186666,Το Μάννα Λαδοπαξίμαδα Ολικής Άλεσης Από Πετρόμυλο 350 gr,4.07
2025-07-18,151636,Το Μάννα Παξιμάδι Μίνι Κριθαροκουλούρα 400 gr,3.22
2025-07-18,187069,Το Μάννα Παξιμάδι Μίνι Τύπου Κυθήρων Με Ελαιόλαδο 400 gr,3.55
2025-07-18,192672,Το Μάννα Παξιμάδι Τύπου Κυθήρων Με Ελαιόλαδο 400 gr ,3.5
2025-07-18,186397,Το Μάννα Παξιμάδι Χαρουπιού Με Λιγότερο Αλάτι 250 gr,3.45
2025-07-18,202333,Το Μάννα Παξιμάδια Κριθαρένια Mini Αφράτα 220 gr,2.32
2025-07-18,176411,Αρτοποιία Τσατσάκης Κρουτόν Διπλοφουρνιστά Κρίθινα Ολικής Άλεσης 150 gr,1.5
2025-07-18,176415,Αρτοποιία Τσατσάκης Κρουτόν Διπλοφουρνιστά Με Ελαιόλαδο &amp; Σκόρδο Vegan 150 gr,1.78
2025-07-18,176414,Αρτοποιία Τσατσάκης Κρουτόν Διπλοφουρνιστά Με Ελιά Καλαμών Vegan 150 gr,1.78
2025-07-18,176404,Αρτοποιία Τσατσάκης Κρουτόν Διπλοφουρνιστά Σταρένια Vegan 150 gr,1.78
2025-07-18,143198,Μελιστάλακτη Κρουτόν Κρίθινο Με Ρίγανη 400 gr,3.16
2025-07-18,147027,Μελόσπιτο Τρίμμα Φρυγανιάς 500 gr,1.38
2025-07-18,178227,Σαμαριά Παξιμαδοφρυγανιές Με Μέλι Σταφίδες &amp; Αμύγδαλα 180 gr,2.45
2025-07-18,113945,Σαμαριά Παξιμαδοφρυγανιές Με Χαρούπι 250 gr,2.66
2025-07-18,113944,Σαμαριά Παξιμαδοφρυγανιές Σικάλεως 250 gr,2.66
2025-07-18,113943,Σαμαριά Παξιμαδοφρυγανιές Σταρένιες 250 gr,2.66
2025-07-18,204874,Το Μάννα Κρητωνάκια Κρίθινα 100 gr,1.64
2025-07-18,121013,Χαλκιαδάκης Παραδοσιακό Κρητικό Απάκι Χωρίς Γλουτένη,4.69
2025-07-18,186249,Χαλκιαδάκης Λουκάνικο Ξυδάτο Χωρίς Γλουτένη 320 gr,5.4
2025-07-18,131339,Ελιδάκια Πράσινα Κρήτης,1.49
2025-07-18,161005,Αλατσοελιές Κρήτης,1.73
2025-07-18,165954,Αμπελόφυλλα Σουλτανίνας Σε Άλμη,3.98
2025-07-18,174603,Αλατσοελιές Κρήτης,1.73
2025-07-18,188206,Αλατσοελιές Κρήτης,1.73
2025-07-18,157044,Creta Farms Εν Ελλάδι Gourmet Μπριζόλα Καπνιστή Με Ελαιόλαδο Χωρίς Γλουτένη,2.25
2025-07-18,153930,Creta Farms Εν Ελλάδι Μπέικον Καπνιστό Με Ελαιόλαδο Σε Φέτες Χωρίς Γλουτένη 100 gr,1.68
2025-07-18,156461,Creta Farms Εν Ελλάδι Μπέικον Ρολό Χωρίς Γλουτένη,3.12
2025-07-18,51095,Creta Farms Μπέικον Καπνιστό Σε Φέτες Χωρίς Γλουτένη,2.44
2025-07-18,186256,Tostaki Μπέικον Καπνιστό Σε Φέτες Χωρίς Γλουτένη 300 gr ,4.6
2025-07-18,96757,Πατεράκης Family Απάκι Κρήτης Σε Φέτες Χωρίς Γλουτένη 250 gr,4.52
2025-07-18,72687,Πατεράκης Family Κρητικό Σύγκλινο Χωρίς Γλουτένη 250 gr,4.07
2025-07-18,164802,Πατεράκης Family Μπριζόλα Καπνιστή Χωρίς Γλουτένη 200 gr,2.8
2025-07-18,130841,Φάρμα Αντωνάκη Καπνιστή Μπριζόλα Με Μέλι Χωρίς Γλουτένη 210 gr,3.48
2025-07-18,136394,Φάρμα Αντωνάκη Παραδοσιακό Καπνιστό Απάκι Κρήτης Χωρίς Γλουτένη 200 gr,3.85
2025-07-18,164803,Creta Farms &quot;Χωρίς&quot; Γαλοπούλα Ψητή Σε Φέτες 0-3% Χωρίς Γλουτένη 200 gr,4.92
2025-07-18,186173,Creta Farms &quot;Χωρίς&quot; Φιλέτο Γαλοπούλας Βραστή 0-3% Χωρίς Γλουτένη,3.58
2025-07-18,120161,Creta Farms Εν Ελλάδι Gourmet Γαλοπούλα Καπνιστή Με Ελαιόλαδο Χωρίς Γλουτένη,2.59
2025-07-18,90793,Creta Farms Εν Ελλάδι Γαλοπούλα Βραστή Με Ελαιόλαδο Σε Φέτες Χωρίς Γλουτένη 160 gr ,2.39
2025-07-18,96519,Creta Farms Εν Ελλάδι Γαλοπούλα Καπνιστή Με Ελαιόλαδο Σε Φέτες Χωρίς Γλουτένη 160 gr ,2.39
2025-07-18,150009,Creta Farms Εν Ελλάδι Γαλοπούλα Καπνιστή Με Ελαιόλαδο Σε Φέτες Χωρίς Γλουτένη 300 gr,6.78
2025-07-18,42228,Creta Farms Εν Ελλάδι Γαλοπούλα Φιλέτο Βραστή Με Ελαιόλαδο Χωρίς Γλουτένη,1.79
2025-07-18,143175,Creta Farms Εν Ελλάδι Κοτόπουλο Ψητό Με Ελαιόλαδο Σε Φέτες Χωρίς Γλουτένη 160 gr,3.22
2025-07-18,79463,Creta Farms Εν Ελλάδι Φιλέτο Γαλοπούλα Καπνιστή Με Ελαιόλαδο Χωρίς Γλουτένη,1.79
2025-07-18,143176,Tostaki Γαλοπούλα Καπνιστή Σε Φέτες Χωρίς Γλουτένη 160 gr,2.95
2025-07-18,112791,Tostaki Φιλέτο Γαλοπούλας Βραστό Χωρίς Γλουτένη,1.3
2025-07-18,112792,Tostaki Φιλέτο Γαλοπούλας Καπνιστό Χωρίς Γλουτένη,1.3
2025-07-18,164804,Creta Farms &quot;Χωρίς&quot; Ζαμπόν Καπνιστό Σε Φέτες 0-3% Χωρίς Γλουτένη 200 gr,4.26
2025-07-18,69268,Creta Farms Εν Ελλάδι Gourmet Ψητό Ζαμπόν Με Ελαιόλαδο Χωρίς Γλουτένη,2.38
2025-07-18,96518,Creta Farms Εν Ελλάδι Ζαμπόν Μπούτι Βραστό Σε Φέτες Χωρίς Γλουτένη 160 gr,2.96
2025-07-18,51870,Creta Farms Εν Ελλάδι Ζαμπόν Μπούτι Με Ελαιόλαδο Χωρίς Γλουτένη,2.83
2025-07-18,66196,Creta Farms Ωμοπλάτη Χοιρινή Χωρίς Γλουτένη,2.19
2025-07-18,96517,Creta Farms Εν Ελλάδι Λουκάνικα Κοκτέιλ Με Ελαιόλαδο Χωρίς Γλουτένη 240 gr,3.38
2025-07-18,106254,Creta Farms Εν Ελλάδι Λουκάνικα Σφακιανά Χωριάτικα Με Ελαιόλαδο Χωρίς Γλουτένη 340 gr,5.3
2025-07-18,189113,Creta Farms Λουκάνικα Χωριάτικα Με Γραβιέρα Χωρίς Γλουτένη 400 gr,3.64
2025-07-18,112849,Creta Farms Λουκάνικα Χωριάτικα Με Μυρωδικά Χωρίς Γλουτένη 400 gr,3.25
2025-07-18,112850,Creta Farms Λουκάνικα Χωριάτικα Με Πράσο Χωρίς Γλουτένη 400 gr,3.37
2025-07-18,189114,Creta Farms Λουκάνικα Χωριάτικα Πικάντικα Χωρίς Γλουτένη 400 gr,3.19
2025-07-18,149844,Markos Krasanakis Παραδοσιακό Λουκάνικο Ξυδάτο,7.64
2025-07-18,202400,Tostaki Λουκάνικα Κοκτέιλ Χωρίς Γλουτένη 250 gr,2.48
2025-07-18,201868,Tostaki Λουκάνικα Ριγανάτα Χωρίς Γλουτένη 320 gr,2.74
2025-07-18,152791,Tostaki Λουκάνικα Φρανκφούρτης Χωρίς Γλουτένη 270 gr,2.95
2025-07-18,147867,Αλλαντικά Κασσάκη Λουκάνικο Ξυδάτο Χωρίς Γλουτένη 380 gr,6.6
2025-07-18,186823,Πατεράκης Family Λουκάνικο Με Πράσο Χωρίς Γλουτένη 280 gr,2.3
2025-07-18,153892,Πατεράκης Family Λουκάνικο Σχάρας Χωρίς Γλουτένη 240 gr,2.55
2025-07-18,182955,Φάρμα Αντωνάκη Λουκάνικο Καπνιστό Ξυδάτο Χωρίς Γλουτένη 350 gr,6.48
2025-07-18,136399,Φάρμα Αντωνάκη Λουκάνικο Ξυδάτο Χωρίς Γλουτένη 220 gr,4.56
2025-07-18,202401,Creta Farms Εν Ελλάδι Μορταδέλα Ψητή Χωρίς Γλουτένη,2.16
2025-07-18,188881,Creta Farms &quot;Χωρίς&quot; Πάριζα Με 30% Λιγότερα Λιπαρά Χωρίς Γλουτένη,1.97
2025-07-18,26012,Creta Farms Εν Ελλάδι Πάριζα Με Ελαιόλαδο 5% Χωρίς Γλουτένη,1.0
2025-07-18,60403,Creta Farms Εν Ελλάδι Πάριζα Με Ελαιόλαδο Σε Φέτες Χωρίς Γλουτένη 160 gr,1.98
2025-07-18,26013,Creta Farms Εν Ελλάδι Παριζάκι Με Ελαιόλαδο Χωρίς Γλουτένη 310 gr,2.37
2025-07-18,116863,Creta Farms Εν Ελλάδι Παριζάκι Με Ελαιόλαδο Χωρίς Γλουτένη 500 gr ,4.98
2025-07-18,143177,Tostaki Πάριζα Σε Φέτες Χωρίς Γλουτένη 160 gr,1.49
2025-07-18,112793,Tostaki Πάριζα Χωρίς Γλουτένη,0.79
2025-07-18,199639,Tostaki Παριζάκι Χωρίς Γλουτένη 330 gr,2.48
2025-07-18,154180,Creta Farms Εν Ελλάδι Σαλάμι Αέρος Με Ελαιόλαδο Σε Φέτες Χωρίς Γλουτένη 100 gr ,1.59
2025-07-18,72712,Creta Farms Εν Ελλάδι Σαλάμι Αέρος Με Ελαιόλαδο Χωρίς Γλουτένη 200 gr,4.04
2025-07-18,155191,Creta Farms Εν Ελλάδι Σαλάμι Αέρος Πικάντικο Με Ελαιόλαδο Χωρίς Γλουτένη,2.03
2025-07-18,124163,Creta Farms Σαλάμι Σκορδάτο Χωρίς Γλουτένη 310 gr,2.73
2025-07-18,180713,Creta Farms &quot;Χωρίς&quot; Φιλέτο Γαλοπούλας &amp; Edam 0-3% Χωρίς Γλουτένη 280 gr ,6.28
2025-07-18,180711,Creta Farms Εν Ελλάδι Γαλοπούλα Καπνιστή &amp; Τυρί Edam Μειωμένων Λιπαρών Χωρίς Γλουτένη 280 gr,6.28
2025-07-18,180712,Creta Farms Εν Ελλάδι Πάριζα &amp; Gouda Χωρίς Γλουτένη 280 gr,4.98
2025-07-18,101673,Χαλκιαδάκης Αυγά Medium 53 - 63 gr 6 Τεμάχια,1.59
2025-07-18,149277,Αυγό Φρέσκο Αυγά Medium 6 Τεμάχια 53 - 63 gr,2.52
2025-07-18,152647,Λαδάκης Farm Αυγά Extra Large 73+ gr 6 Τεμάχια,2.65
2025-07-18,5947,Λαδάκης Farm Αυγά Medium 53 - 63 gr 10 Τεμάχια,2.49
2025-07-18,5948,Λαδάκης Farm Αυγά Medium 53 - 63 gr 6 Τεμάχια,1.77
2025-07-18,149011,Λαδάκης Farm Αυγά Small 53 gr 6 Τεμάχια,1.6
2025-07-18,152090,Λαδάκης Farm Αυγά Βιολογικά Medium 6 Τεμάχια,3.98
2025-07-18,162475,Λαδάκης Farm Αυγά Ελευθέρας Βοσκής 53+ gr 6 Τεμάχια,3.32
2025-07-18,202359,Λαδάκης Farm Αυγά Κρητικού Αχυρώνα Medium 53 - 63 gr 10 Τεμάχια,2.77
2025-07-18,74937,Συντιχάκη Αυγά Extra Large 73 gr 6 Τεμάχια,2.58
2025-07-18,24758,Συντιχάκη Αυγά Large 63 - 73 gr 10 Τεμάχια,3.7
2025-07-18,158183,Συντιχάκη Αυγά Medium 53 - 63 gr 10 Τεμάχια,2.6
2025-07-18,5944,Συντιχάκη Αυγά Medium 53 - 63 gr 6 Τεμάχια,2.23
2025-07-18,202626,Συντιχάκη Αυγά Αχυρώνα 53+ gr 6 Τεμάχια,2.06
2025-07-18,170157,Συντιχάκη Αυγά Βιολογικά 53+ gr 6 Τεμάχια,4.0
2025-07-18,199760,Συντιχάκη Αυγά Διαλεχτά Large 63 - 73 gr 6 Τεμάχια,1.66
2025-07-18,199757,Συντιχάκη Αυγά Διαλεχτά Medium 53- 63 gr 10 Τεμάχια,2.04
2025-07-18,166192,Συντιχάκη Αυγά Ελευθέρας Βοσκής 53+ gr 6 Τεμάχια,2.82
2025-07-18,93145,Κουβαράκης Στάκα Σητείας 265 gr ,4.2
2025-07-18,118634,Μπαλαντίνος Στακοβούτυρο 300 gr,7.45
2025-07-18,188699,Σπετσωτάκης Στακοβούτυρο ,4.41
2025-07-18,93345,Σπετσωτάκης Στακοβούτυρο 300 gr,5.99
2025-07-18,131234,Βέρο Κρητικό Κατσικίσιο Γάλα Πλήρες 3-5% 1 lt,2.99
2025-07-18,105755,Συλλιγάρδος Φρέσκο Κατσικίσιο Γάλα 1 lt,3.12
2025-07-18,105756,Συλλιγάρδος Φρέσκο Πρόβειο Γάλα Ελαφρύ 1 lt,3.78
2025-07-18,105754,Συλλιγάρδος Φρέσκο Πρόβειο Γάλα Πλήρες 1 lt,3.78
2025-07-18,179487,Φάρμα Σελλιά Γαλατάκι Κατσικίσιο Πλήρες 3-8% Λιπαρά 1 lt,2.98
2025-07-18,131241,Βέρο Κρητικό Γιαούρτι Κατσικίσιο 4% 2 x 200 gr ,2.82
2025-07-18,5643,Δίκτη Πρόβειο Γιαούρτι 200 gr,1.35
2025-07-18,174488,Δίκτη Πρόβειο Γιαούρτι Σε Πήλινο 1 kg,5.06
2025-07-18,179485,Ζώμινθος Κατσικίσιο Παραδοσιακό Γιαούρτι 200 gr,1.46
2025-07-18,148687,Ζώμινθος Πρόβειο Παραδοσιακό Γιαούρτι 2% 200 gr,1.32
2025-07-18,5584,Ζώμινθος Πρόβειο Παραδοσιακό Γιαούρτι 200 gr,1.32
2025-07-18,5583,Ζώμινθος Πρόβειο Παραδοσιακό Γιαούρτι 500 gr,3.28
2025-07-18,5560,Κουβαράκης Πρόβειο Γιαούρτι 200 gr ,1.22
2025-07-18,93143,Κουβαράκης Πρόβειο Γιαούρτι Light 200 gr ,1.22
2025-07-18,5636,Μπαλαντίνος Γιαούρτι Πρόβειο 210 gr,1.07
2025-07-18,5635,Μπαλαντίνος Γιαούρτι Πρόβειο 470 gr,2.26
2025-07-18,5634,Μπαλαντίνος Γιαούρτι Πρόβειο 950 gr,4.29
2025-07-18,116551,Μπαχρής Γιαούρτι Πρόβειο 2% Βιολογικό 200 gr,1.56
2025-07-18,88972,Μπαχρής Γιαούρτι Πρόβειο 6% Βιολογικό 200 gr,1.56
2025-07-18,138767,Σπετσωτάκης Παραδοσιακό Γιαούρτι Από Πρόβειο Γάλα 1-9% 200 gr,1.38
2025-07-18,138766,Σπετσωτάκης Παραδοσιακό Γιαούρτι Από Πρόβειο Γάλα 7-3% 200 gr,1.38
2025-07-18,170666,Σπετσωτάκης Παραδοσιακό Γιαούρτι Από Πρόβειο Γάλα Με Bifidus 1-9% 200 gr,1.52
2025-07-18,93951,Σταματογιώργης Παραδοσιακό Γιαούρτι Πρόβειο 7% 200 gr,1.43
2025-07-18,105753,Συλλιγάρδος Παραδοσιακό Πρόβειο Γιαούρτι 225 gr,1.34
2025-07-18,177778,Συλλιγάρδος Παραδοσιακό Πρόβειο Γιαούρτι Ελαφρύ 2% Λιπαρά 225 gr,1.34
2025-07-18,100755,Σχετάκης Γιαούρτι Πρόβειο Πλήρες 210 gr,1.15
2025-07-18,162999,Φάρμα Σελλιά Γιαουρτάκι Στραγγιστό Κατσικίσιο 4% 200 gr,1.45
2025-07-18,135464,Φάρμα Σελλιά Γιαούρτι Πρόβειο 2% 220 gr,1.22
2025-07-18,115788,Φάρμα Σελλιά Γιαούρτι Πρόβειο Με Τσίπα 6-9% 220 gr,1.22
2025-07-18,163002,Φάρμα Σελλιά Γιαουρτάκι Στραγγιστό 10% 1 kg,4.85
2025-07-18,163000,Φάρμα Σελλιά Γιαουρτάκι Στραγγιστό 10% 200 gr,1.38
2025-07-18,163003,Φάρμα Σελλιά Γιαουρτάκι Στραγγιστό 2% 1 kg,4.85
2025-07-18,163001,Φάρμα Σελλιά Γιαουρτάκι Στραγγιστό 2% 200 gr,1.38
2025-07-18,141749,Ζύμη Ψαχνών Φρέσκο Φύλλο Χωριάτικο 500 gr,3.28
2025-07-18,121380,Ίδα Κρέμα Βανίλια 200 gr,1.13
2025-07-18,179600,Ζώμινθος Κρέμα Σοκολάτα Βανίλια 170 gr,1.3
2025-07-18,179486,Ζώμινθος Κρέμα Σοκολάτας 170 gr,1.3
2025-07-18,169369,Ζώμινθος Παραδοσιακή Κρέμα Βανίλια 170 gr,1.3
2025-07-18,157419,Σπετσωτάκης Ocean Caramel Από Πρόβειο Γάλα 200 gr,2.28
2025-07-18,186468,Συλλιγάρδος Κρέμα Βανίλια 200 gr,1.45
2025-07-18,186467,Συλλιγάρδος Κρέμα Κακάο 200 gr,1.45
2025-07-18,27143,Της Αθηνάς Μουσταλευριά Κρήτης 170 - 200 gr,1.73
2025-07-18,115120,Φάρμα Σελλιά Κρέμα Βανίλια Χωρίς Γλουτένη 220 gr,1.22
2025-07-18,179606,Φάρμα Σελλιά Κρέμα Σοκολάτα Βανίλια Χωρίς Γλουτένη 220 gr,1.22
2025-07-18,127865,Φάρμα Σελλιά Κρέμα Σοκολάτα Χωρίς Γλουτένη 220 gr,1.22
2025-07-18,132635,Ίδα Ρυζόγαλο 200 gr,1.13
2025-07-18,167903,Ζώμινθος Παραδοσιακό Ρυζόγαλο 170 gr,1.3
2025-07-18,141624,Σπετσωτάκης Σπιτικό Ρυζόγαλο Από Πρόβειο Γάλα 200 gr,1.72
2025-07-18,186469,Συλλιγάρδος Σπιτικό Ρυζόγαλο 200 gr,1.45
2025-07-18,5090,Παπάζογλου Μελιτζανοσαλάτα 250 gr,2.32
2025-07-18,88980,Παπάζογλου Σαλάτα Κηπουρού 250 gr,2.44
2025-07-18,5082,Παπάζογλου Σαλάτα Ρώσικη 250 gr,1.75
2025-07-18,5081,Παπάζογλου Τζατζίκι 250 gr,2.22
2025-07-18,143790,Παπάζογλου Τζατζίκι 500 gr,2.98
2025-07-18,88981,Παπάζογλου Τυροκαυτερή 250 gr,2.44
2025-07-18,5083,Παπάζογλου Τυροσαλάτα 250 gr,2.44
2025-07-18,179991,ΟΚ Φυσικός Χυμός Μήλο Πορτοκάλι Καρότο 1 lt,2.06
2025-07-18,177361,ΟΚ Φυσικός Χυμός Πορτοκάλι 1 lt,2.7
2025-07-18,154740,Γαλένι Κρητικό Τυρί Κρέμα 220 gr,2.57
2025-07-18,141650,Γαλένι Τυρί Κρέμα,2.44
2025-07-18,151665,Ζώμινθος Ανθόγαλο Ανωγείων 250 gr,3.28
2025-07-18,5561,Κουβαράκης Ξύγαλο Σητείας Π.Ο.Π,2.2
2025-07-18,4421,Μπαλαντίνος Πηχτόγαλο Χανίων ΠΟΠ,2.58
2025-07-18,186276,Μπαλαντίνος Πηχτόγαλο Χανίων ΠΟΠ 200 gr,3.26
2025-07-18,203968,Σπετσωτάκης Ξύγαλο 280 gr,3.35
2025-07-18,93987,Καλογεράκη Έδεσμα Στραγγιστό,0.55
2025-07-18,174724,Amari Μυζήθρα Φρέσκια Γλυκιά 400 gr,3.82
2025-07-18,164916,Γεράκι Μυζήθρα Γλυκιά,4.43
2025-07-18,4500,Δίκτη Μυζήθρα Γλυκιά,13.2
2025-07-18,24410,Κωστάκης Μυζήθρα Γλυκιά,3.17
2025-07-18,4427,Μπαλαντίνος Μυζήθρα Γλυκιά,2.93
2025-07-18,88955,Σταματογιώργης Μυζήθρα Γλυκιά ,4.45
2025-07-18,105757,Συλλιγάρδος Μυζήθρα Γλυκιά,4.74
2025-07-18,101608,Σχετάκης Μυζήθρα Νωπή,3.18
2025-07-18,174725,Amari Γαλομυζήθρα 300 gr,3.9
2025-07-18,134533,Ένωση Μυλοποτάμου Μυζήθρα Ξινή Κρήτης ΠΟΠ 500 gr,3.94
2025-07-18,61013,Δίκτη Τυρί Μαλακό Με Όξινη Γεύση ,6.24
2025-07-18,187011,Καλογεράκη Ξυνομυζήθρα ΠΟΠ Κρήτης 350 gr,2.84
2025-07-18,142397,Σταματογιώργης Μυζήθρα Ξινή 500 gr,6.44
2025-07-18,183296,Συλλιγάρδος Μυζήθρα Ξινή 400 gr,5.3
2025-07-18,100752,Σχετάκης Μυζήθρα Ξινή Χανίων,2.31
2025-07-18,105497,Amari Ανθότυρος Ξηρός,3.58
2025-07-18,116086,Ένωση Μυλοποτάμου Ανθότυρος Ξηρός,2.87
2025-07-18,143444,Δίκτη Ανθότυρος Ξηρός,3.77
2025-07-18,172715,Θεργιάκης Ανθότυρος Ξηρός,3.13
2025-07-18,4398,Καλογεράκη Ανθότυρος Ξηρός ,3.02
2025-07-18,188943,Καλογεράκη Ανθότυρος Ξηρός Τριμμένος 200 gr,2.75
2025-07-18,55950,Καλογεράκη Τυρί Ανθότυρος Συσκευασμένο,7.69
2025-07-18,142418,Σταματογιώργης Ανθότυρος Ξηρός,3.66
2025-07-18,4407,Στειακάκης Ανθότυρος Ξηρός ,3.18
2025-07-18,190801,Στειακάκης Ανθότυρος Τριμμένος 200 gr,3.35
2025-07-18,183497,Ψηλορείτης Ανθότυρος Τριμμένος 200 gr,3.48
2025-07-18,162069,Amari Τυροζούλι Κατσικίσιο 16%,5.92
2025-07-18,75575,Κωστάκης Τυρομάλαμα,5.19
2025-07-18,142422,Σταματογιώργης Τυροζούλι,7.46
2025-07-18,90972,Amari Γραβιέρα Γλυκιά Κρήτης Φρατζόλα,4.08
2025-07-18,174721,Amari Γραβιέρα Κρήτης ΠΟΠ,3.9
2025-07-18,189580,Ένωση Μυλοποτάμου Γραβιέρα ,3.65
2025-07-18,189008,Γεράκι Τυρί Γραβιέρα ,3.79
2025-07-18,132435,Δίκτη Γραβιέρα,4.74
2025-07-18,99126,Θεργιάκης Γραβιέρα,3.23
2025-07-18,97563,Καλογεράκη Γραβιέρα Light,4.08
2025-07-18,4507,Καλογεράκη Γραβιεράκι ,4.23
2025-07-18,4435,Καργάκης Γραβιέρα,3.69
2025-07-18,21445,Κωστάκης Γραβιέρα ,4.23
2025-07-18,150271,Κωστάκης Γραβιέρα Με Μπούκοβο,4.48
2025-07-18,25159,Μπαλαντίνος Γραβιέρα,4.18
2025-07-18,194084,Ξυλούρης Γραβιέρα Κρήτης ΠΟΠ,4.31
2025-07-18,154564,Παρασύρης Γραβιέρα,3.75
2025-07-18,38791,Σοφούλης Γραβιέρα,4.38
2025-07-18,53965,Σταματογιώργης Γραβιέρα,3.97
2025-07-18,142393,Σταματογιώργης Γραβιεράκι,3.97
2025-07-18,4409,Στειακάκης Γραβιέρα,4.32
2025-07-18,197391,Στειακάκης Γραβιέρα Συσκευασμένη 350 gr,6.1
2025-07-18,98401,Τζουρμπάκη Γραβιέρα Με Μειωμένα Λιπαρά Φρατζόλα,4.6
2025-07-18,98403,Τζουρμπάκη Γραβιέρα Φρατζόλα,4.43
2025-07-18,151397,Τσαίνης Τυρί Γραβιέρα,4.6
2025-07-18,170249,Νταγιαντάς Τυρί Αιγοπρόβειο Χαμηλά Λιπαρά,5.0
2025-07-18,127888,Νταγιαντάς Τυρί Καπνιστό,5.47
2025-07-18,88953,Σταματογιώργης Τυρί Κατσικίσιο,5.0
2025-07-18,4489,Δίκτη Κεφαλοτύρι,4.61
2025-07-18,89111,Δίκτη Κεφαλοτύρι Τεμαχισμένο Συσκευασμένο 600/800,13.57
2025-07-18,98884,Θεργιάκης Κεφαλοτύρι Κρήτης,3.49
2025-07-18,118897,Καλογεράκη Κεφαλοτύρι ,4.13
2025-07-18,4520,Καργάκης Κεφαλοτύρι Κρήτης,3.69
2025-07-18,178917,Παρασύρης Κεφαλοτύρι Κρήτης ,3.37
2025-07-18,118650,Σταματογιώργης Κεφαλοτύρι Κρήτης,3.97
2025-07-18,145690,Σταματογιώργης Κεφαλοτύρι Με Βότανα ,4.83
2025-07-18,62905,Στειακάκης Κεφαλοτύρι Mini ,3.87
2025-07-18,62904,Στειακάκης Κεφαλοτύρι Κρήτης ,3.87
2025-07-18,115393,Στειακάκης Κεφαλοτύρι Τριμμένο 200 gr,3.67
2025-07-18,114652,Συλλιγάρδος Κεφαλοτύρι ,3.98
2025-07-18,160937,Amari Τυρί Λευκό Κατσικίσιο Σε Άλμη 400 gr,6.48
2025-07-18,4512,Κουβαράκης Τυρί Λευκό Άλμης,2.84
2025-07-18,124036,Σελλιανό Προϊόν Γάλακτος 430 gr,6.36
2025-07-18,124035,Σελλιανό Προϊόν Γάλακτος 950 gr,11.72
2025-07-18,4467,Σελλιανό Προϊόν Γάλακτος Σε Άλμη,2.6
2025-07-18,59990,Σοφούλης Λευκό Τυρί Άλμης,3.0
2025-07-18,170832,Green &amp; Yellows Ντολμαδάκια Vegan 250 gr,4.07
2025-07-18,100903,Τα Μερακλίδικα Σπιτική Μπουγάτσα 600 gr,2.51
2025-07-18,141398,Χιωτάκης Μπουγάτσα Με Πηχτόγαλο Χανίων 700 gr,6.2
2025-07-18,109890,Regina Μυζηθροπιτάκια Γλυκά Τηγανιού 1 kg,6.56
2025-07-18,115569,Regina Μυζηθρόπιτες 5 x 100 gr,6.04
2025-07-18,109889,Regina Ξινά Τυροπιτάκια Τηγανιού 1 kg,5.88
2025-07-18,109888,Regina Χορτοπιτάκια Τηγανιού 1 kg,7.7
2025-07-18,188447,Βολικάκης Μαραθοτυρόπιτα 4 Τεμάχια 640 gr,8.2
2025-07-18,188424,Βολικάκης Μαραθόπιτα 640 gr,8.05
2025-07-18,188423,Βολικάκης Σφακιανή Πίτα 4 Τεμάχια 640 gr,8.2
2025-07-18,4777,Τα Μερακλίδικα Μυζηθροπιτάκια Γλυκά 500 gr,4.86
2025-07-18,113260,Τα Μερακλίδικα Μυζηθροπιτάκια Ξινά 500 gr,4.86
2025-07-18,41190,Τα Μερακλίδικα Χορτοπιτάκια Τηγανιού Vegan 500 gr,4.83
2025-07-18,186872,Χιωτάκης Κοτόπιτα Παραδοσιακή 920 gr,11.3
2025-07-18,23801,Χιωτάκης Πίτες Σφακιανές 4 Τεμάχια 500 gr,5.98
2025-07-18,185180,Χιωτάκης Σπανακοτυρόπιτα Στριφτή 800 gr ,7.0
2025-07-18,109886,Regina Πίτσα Special 400 gr,3.85
2025-07-18,109892,Regina Πίτσα Μαργαρίτα 340 gr,3.45
2025-07-18,196416,Τα Μερακλίδικα Βάση Για Πίτσα Με Ελαιόλαδο 2 x 220 gr,2.55
2025-07-18,205291,Τα Μερακλίδικα Φύλλο Για Τηγάνι 500 gr,2.17
2025-07-18,131385,Χιωτάκης Φύλλο Κρητικό Χωριάτικο Με Ελαιόλαδο 540 gr,3.95
2025-07-18,129369,Χιωτάκης Φύλλο Κρούστας Με Ελαιόλαδο 450 gr,3.7
2025-07-18,115992,Creta Farms Εν Ελλάδι Νοστιμιές Κοτομπουκιές 400 gr,3.88
2025-07-18,192774,Creta Farms Εν Ελλάδι Νοστιμιές Μπιφτέκια Κοτόπουλου 420 gr,3.45
2025-07-18,162512,Creta Farms Εν Ελλάδι Γύρος Κοτόπουλο Προψημένος Χωρίς Γλουτένη 330 gr,4.47
2025-07-18,162511,Creta Farms Εν Ελλάδι Γύρος Χοιρινός Προψημένος Χωρίς Γλουτένη 330 gr,4.47
2025-07-18,115991,Creta Farms Εν Ελλάδι Νοστιμιές Κεφτεδάκια 420 gr,2.93
2025-07-18,203740,Creta Farms Εν Ελλάδι Νοστιμιές Μπιφτέκια Μοσχαρίσια 420 gr,3.87
2025-07-18,115720,Creta Farms Εν Ελλάδι Νοστιμιές Μπιφτέκια Χοιρινά 420 gr,2.89
2025-07-18,115739,Creta Farms Εν Ελλάδι Νοστιμιές Σουτζουκάκια Με Σάλτσα 500 gr,3.69
2025-07-18,134312,Ίδα Παγωτό Βανίλια 600 gr 750 ml,6.98
2025-07-18,161329,Ίδα Παγωτό Σοκολάτα 600 gr 750 ml,7.48
2025-07-18,179763,Βέρο Κρητικό Παγωτό Βρώμης Σοκολάτας Με Κομμάτια Σοκολάτας 720 gr 750 ml ,8.9
2025-07-18,160692,Βέρο Κρητικό Παγωτό Κρέμα 490 gr 750 ml,7.98
2025-07-18,180696,Κουβίδης Παγωτό Αμαρένα 630 - 650 gr 1 lt,6.16
2025-07-18,180694,Κουβίδης Παγωτό Βανίλια 630 - 650 gr 1 lt,5.74
2025-07-18,180695,Κουβίδης Παγωτό Μπισκότο 630 - 650 gr 1 lt,6.59
2025-07-18,185879,Κουβίδης Παγωτό Σοκολάτα 630 - 650 gr 1 lt,6.59
2025-07-18,197878,Σαβοϊδάκης Παγωτό Βανίλια 620 gr 1 lt,5.2
2025-07-18,197881,Σαβοϊδάκης Παγωτό Κανταΐφι 650 gr 1 lt,5.2
2025-07-18,197880,Σαβοϊδάκης Παγωτό Με Καραμελωμένο Φυστίκι 680 gr 1 lt,6.14
2025-07-18,197879,Σαβοϊδάκης Παγωτό Πραλίνα Φουντουκιού Με Αμύγδαλα 680 gr 1 lt ,5.97
2025-07-18,197877,Σαβοϊδάκης Παγωτό Στρατσιατέλα 630 gr 1 lt,5.54
2025-07-18,173513,Φυσικός Χυμός Ρόδι Βιολογικός 100% 250 ml,2.67
2025-07-18,141640,Φυσικός Χυμός Ρόδι Βιολογικός 100% 500 ml,4.96
2025-07-18,153501,Χαλκιαδάκης Εξαιρετικό Παρθένο Ελαιόλαδο Κορωνέϊκη Ποικιλία 1 lt,7.52
2025-07-18,131563,Χαλκιαδάκης Αλεύρι Για Όλες Τις Χρήσεις 1 kg,0.7
2025-07-18,3283,Χαλκιαδάκης Ξύδι Από Κρητικά Κρασιά 390 ml,0.73
2025-07-18,153893,Alati Mou Αλάτι Θαλασσινό Κρήτης 250 gr,4.0
2025-07-18,174848,Κοραλλί Αλάτι 400 gr,0.82
2025-07-18,174804,Κοραλλί Μαγειρικό Αλάτι Ψιλό 1000 gr,0.8
2025-07-18,112685,Anna Herbs Αρισμαρί Δεντρολίβανο 35 gr,1.08
2025-07-18,112694,Anna Herbs Δάφνη 15 gr,1.08
2025-07-18,112697,Anna Herbs Θυμάρι 30 gr,1.08
2025-07-18,112707,Anna Herbs Ρίγανη 35 gr,1.08
2025-07-18,156166,Creta Carob Ωμό Χαρουπάλευρο Χωρίς Γλουτένη 300 gr,2.18
2025-07-18,44021,Μύλοι Κρήτης Αλεύρι Βιολογικής Καλλιέργειας 1 kg,2.85
2025-07-18,3188,Μύλοι Κρήτης Αλεύρι Για Όλες Τις Χρήσεις 1 kg ,1.44
2025-07-18,103524,Μύλοι Κρήτης Αλεύρι Για Τσουρέκι 1 kg,2.7
2025-07-18,3187,Μύλοι Κρήτης Αλεύρι Μαλακό 1 kg,1.95
2025-07-18,86790,Μύλοι Κρήτης Αλεύρι Ολικής Άλεσης Για Ψωμί 1 kg,2.5
2025-07-18,3186,Μύλοι Κρήτης Αλεύρι Σκληρό 1 kg,1.95
2025-07-18,82865,Μύλοι Κρήτης Φαρίνα 500 gr,1.1
2025-07-18,117758,Chrisopigi Έξτρα Παρθένο Ελαιόλαδο 1 lt,12.5
2025-07-18,147110,Chrisopigi Έξτρα Παρθένο Ελαιόλαδο 250 ml,4.1
2025-07-18,99121,Lyrakis Family Εξαιρετικό Παρθένο Ελαιόλαδο 1 lt,10.4
2025-07-18,99123,Lyrakis Family Εξαιρετικό Παρθένο Ελαιόλαδο 2 lt,19.45
2025-07-18,157985,Αβέα Εξαιρετικό Παρθένο Ελαιόλαδο Κορωνέικη Ποικιλία 100 ml,1.65
2025-07-18,98497,Poem Ζάχαρη Λευκή Σε Sticks 50 Τεμάχια 175 gr,2.4
2025-07-18,47310,Melko Κρητικές Χυλοπίτες 500 gr,2.85
2025-07-18,62172,Melko Κρητικός Χειροποίητος Ξινόχοντρος 500 gr ,6.34
2025-07-18,101360,Melko Κρητικός Χόντρος 1 kg,2.15
2025-07-18,68744,Melko Μακαρόνια Σπαγγετίνη Ν10 Βιολογικά 500 gr,2.26
2025-07-18,47308,Melko Πάστα Καλογερικό 500 gr,2.45
2025-07-18,52565,Melko Πάστα Καλογερικό Βιολογικό 400 gr,2.85
2025-07-18,52566,Melko Πάστα Σκιουφικτά Βιολογικό 400 gr,2.85
2025-07-18,44696,Melko Πάστα Σκιουφικτό 500 gr,2.45
2025-07-18,72288,Αραγός Ξυνόχοντρος Κρήτης 1 kg,10.1
2025-07-18,72289,Αραγός Ξυνόχοντρος Κρήτης 500 gr,5.76
2025-07-18,102893,Κρητικές Ζύμες Χυλοπίτες Ν2 500 gr,2.55
2025-07-18,102892,Κρητικές Ζύμες Χυλοπίτες Φαρδιές 500 gr,2.68
2025-07-18,188700,Σπετσωτάκης Ξυνόχοντρος 500 gr,7.9
2025-07-18,82698,Χαιρέτης Παραδοσιακός Ξινόχοντρος Ανωγείων Κρήτης 500 gr,4.9
2025-07-18,149569,Cretan Nectar Κρέμα Βαλσάμικο Με Θυμαρίσιο Μέλι 200 ml,3.56
2025-07-18,163766,Cretan Nectar Κρέμα Βαλσαμικού Ρόδι &amp; Αρώνια 200 ml,3.36
2025-07-18,153156,Cretan Nectar Λευκό Βαλσάμικο Με Μέλι &amp; Μουστάρδα 250 ml,3.04
2025-07-18,143073,Cretan Nectar Ξίδι Βαλσάμικο 250 ml,2.44
2025-07-18,121083,Cretan Nectar Ξίδι Κρήτης Παραδοσιακό 1-5 lt,2.48
2025-07-18,176086,Cretan Nectar Ξίδι Λευκό 1-5 lt,2.52
2025-07-18,163824,Cretan Nectar Ξίδι Λευκό 400 ml,0.6
2025-07-18,121084,Cretan Nectar Παραδοσιακό Ξίδι Κρήτης 5 lt,6.46
2025-07-18,126957,Σαλάτες Οικονομάκη Κέτσαπ Χωρίς Γλουτένη 500 gr,2.5
2025-07-18,147904,Σαλάτες Οικονομάκη Μαγιονέζα Χωρίς Γλουτένη 500 ml,3.4
2025-07-18,126955,Σαλάτες Οικονομάκη Μουστάρδα Χωρίς Γλουτένη 500 gr,2.55
2025-07-18,188684,Σαλάτες Οικονομάκη Ροζ Σως Κόκτειλ Χωρίς Γλουτένη 530 ml,3.18
2025-07-18,143074,Cretan Nectar Πετιμέζι 250 ml,3.4
2025-07-18,120571,Γεύσεις Γιαγιάς Πετιμέζι 250 ml,5.24
2025-07-18,158011,Κτήματα Αγριμανάκης Πετιμέζι Σουλτανίνα Βιολογικό 250 ml,5.75
2025-07-18,106354,Χαλκιαδάκης Λεμονάδα Αναψυκτικό 330 ml,0.41
2025-07-18,106355,Χαλκιαδάκης Γκαζόζα Αναψυκτικό 330 ml,0.41
2025-07-18,106356,Χαλκιαδάκης Μπυράλ Αναψυκτικό 330 ml,0.41
2025-07-18,106357,Χαλκιαδάκης Πορτοκαλάδα Αναψυκτικό 330 ml,0.41
2025-07-18,106358,Χαλκιαδάκης Σόδα Αναψυκτικό 330 ml,0.33
2025-07-18,146523,Φήμη Ice Tea Τσάι Με Λεμόνι 500 ml,0.66
2025-07-18,146521,Φήμη Ice Tea Τσάι Με Ροδάκινο 500 ml,0.66
2025-07-18,189293,Φήμη Cola Zero Αναψυκτικό 1-5 lt,0.96
2025-07-18,124233,Φήμη Cola Αναψυκτικό 1-5 lt,0.96
2025-07-18,123588,Φήμη Cola Αναψυκτικό 330 ml,0.46
2025-07-18,72,Γεράνι Γκαζόζα Αναψυκτικό 1-5 lt,1.88
2025-07-18,63,Γεράνι Γκαζόζα Αναψυκτικό 250 ml ,0.79
2025-07-18,21441,Γεράνι Γκαζόζα Αναψυκτικό 500 ml ,0.85
2025-07-18,239,Φήμη Γκαζόζα Αναψυκτικό 1-5 lt,0.96
2025-07-18,21319,Φήμη Γκαζόζα Αναψυκτικό 330 ml,0.46
2025-07-18,83299,Αρκάδι Λεμονάδα Αναψυκτικό Γυάλινη Φιάλη 250 ml,1.08
2025-07-18,69,Γεράνι Λεμονάδα Αναψυκτικό 1-5 lt,1.88
2025-07-18,64,Γεράνι Λεμονάδα Αναψυκτικό 250 ml ,0.79
2025-07-18,21493,Γεράνι Λεμονάδα Αναψυκτικό 500 ml ,0.85
2025-07-18,273,Φήμη Λεμονάδα Αναψυκτικό 1-5 lt,0.96
2025-07-18,23100,Φήμη Λεμονάδα Αναψυκτικό 330 ml,0.46
2025-07-18,130991,Φήμη Λεμονάδα Αναψυκτικό 6 x 330 ml,2.69
2025-07-18,103506,Φήμη Λεμονάδα Αναψυκτικό Γυάλινη Φιάλη 250 ml,0.58
2025-07-18,74235,Φήμη Μανταρινάδα Αναψυκτικό 330 ml,0.46
2025-07-18,83301,Αρκάδι Μπυράλ Αναψυκτικό 1.5 lt,2.08
2025-07-18,83297,Αρκάδι Μπυράλ Αναψυκτικό Γυάλινη Φιάλη 250 ml,1.14
2025-07-18,135729,Αρκάδι Μπυράλ Αναψυκτικό Χωρίς Ζάχαρη Γυάλινη Φιάλη 250 ml,1.18
2025-07-18,70,Γεράνι Μπυράλ Αναψυκτικό 1-5 lt,1.88
2025-07-18,21442,Γεράνι Μπυράλ Αναψυκτικό 500 ml,0.85
2025-07-18,325,Φήμη Μπυράλ Αναψυκτικό 1-5 lt,0.96
2025-07-18,21320,Φήμη Μπυράλ Αναψυκτικό 330 ml,0.46
2025-07-18,68,Γεράνι Πορτοκαλάδα Αναψυκτικό 1-5 lt,1.88
2025-07-18,274,Φήμη Πορτοκαλάδα Αναψυκτικό 1-5 lt,0.96
2025-07-18,21318,Φήμη Πορτοκαλάδα Αναψυκτικό 330 ml,0.46
2025-07-18,103504,Φήμη Πορτοκαλάδα Αναψυκτικό Γυάλινη Φιάλη 250 ml,0.58
2025-07-18,156814,Φήμη Πορτοκαλάδα Αναψυκτικό Χωρίς Ανθρακικό 1-5 lt,0.96
2025-07-18,144844,Φήμη Πορτοκαλάδα Αναψυκτικό Χωρίς Ανθρακικό 330 ml,0.46
2025-07-18,161825,Φήμη Πορτοκαλάδα Αναψυκτικό Χωρίς Ανθρακικό Γυάλινη Φιάλη 250 ml,0.58
2025-07-18,202947,Φήμη Pink Grapefruit 330 ml,0.46
2025-07-18,205011,Φήμη Pink Grapefruit 6 x 330 ml,2.69
2025-07-18,170304,Φήμη Pink Grapefruit Γυάλινη Φιάλη 250 ml ,0.72
2025-07-18,21317,Φήμη Σόδα Αναψυκτικό 330 ml,0.38
2025-07-18,165839,Alexakis Sail Κρασί Ερυθρό 750 ml,3.49
2025-07-18,126901,Alexakis Καρίκι Κρασί Ερυθρό Ξηρό 750 ml,4.52
2025-07-18,88970,Alexakis Κρασί Κοτσιφάλι Syrah Ερυθρό Ξηρό 750 ml ,8.3
2025-07-18,183788,Alexakis Κρασί Κοτσιφάλι Ερυθρό Ξηρό 750 ml,5.94
2025-07-18,33507,Lato Κρασί Ερυθρό Ημίγλυκο 750 ml,3.75
2025-07-18,27275,Lato Παραδοσιακό Κρασί Ερυθρό Ξηρό 5 lt,13.95
2025-07-18,127507,Maragakis Winery Symphonia Κρασί Syrah Ερυθρό 750 ml,6.9
2025-07-18,24152,Paterianakis Μελισσινός Κρασί Ερυθρό Ξηρό Βιολογικό 750 ml,18.32
2025-07-18,141106,Paterianakis Μελισσόκηπος Κρασί Ερυθρό Βιολογικό 750 ml,12.0
2025-07-18,100794,Vinobon Κρασί Κοτσιφάλι Syrah Ερυθρό 1-5 lt,3.8
2025-07-18,23746,Ένωση Ηρακλείου Κρητικό Κονάκι Κρασί Ερυθρό 5 lt,15.82
2025-07-18,41425,Ένωση Πεζών Το Κρασί Της Παρέας Ερυθρό 1 lt,3.54
2025-07-18,172858,Δασκαλάκη Τιτομιχελάκη Κρασί Ερυθρό Ξηρό 3 lt,9.73
2025-07-18,53346,Δουλουφάκης Alargo Κρασί Syrah Ερυθρό Ξηρό 750 ml,12.9
2025-07-18,575,Δουλουφάκης Άσπρος Λαγός Κρασί Cabernet Sauvignon Ερυθρό Ξηρό 750 ml,16.28
2025-07-18,177260,Ινάτι Κρασί Ερυθρό Ασκός 3 lt,11.13
2025-07-18,589,Κρητικός Vin De Crete Κρασί Ερυθρό Ξηρό 750 ml,3.88
2025-07-18,51490,Κτήμα Μιχαλάκη Κρασί Gold Cuvee Ερυθρό 750 ml,12.28
2025-07-18,588,Κτήμα Μιχαλάκη Κρασί Κοτσιφάλι Ερυθρό Ξηρό 750 ml,6.45
2025-07-18,156102,Κτήμα Μιχαλάκη Κρασί Μαντηλάρι Ερυθρό 750 ml,6.45
2025-07-18,183404,Μ2 Στο Τετράγωνο Κρασί Ερυθρό Ημίγλυκο 750 ml,5.61
2025-07-18,172903,Μ3 Στον Κύβο Κρασί Ερυθρό 750 ml,5.6
2025-07-18,163978,Μ3 Στον Κύβο Κρασί Ερυθρό Ξηρό 3 lt,15.38
2025-07-18,81862,Μιχαλάκη Αγιωργίτικο Κρασί Ερυθρό 750 ml,5.78
2025-07-18,33504,Μιχαλάκη Μαυροδάφνη Κρασί 375 ml,3.4
2025-07-18,33505,Μιχαλάκη Μαυροδάφνη Κρασί 750 ml,5.95
2025-07-18,172962,Μονή Τοπλού Κρασί Ερυθρό Βιολογικό 750 ml,9.48
2025-07-18,151603,Νάμα Κρασί Ερυθρό Γλυκό 375 ml,3.5
2025-07-18,122682,Ντουράκης Ριζίτης Κρασί Ερυθρό Grenache - Merlot 750 ml ,6.98
2025-07-18,152094,Οινοποιείο Ιερωνυμάκη Porfyra Κρασί Ερυθρό Βιολογικό 750 ml,11.28
2025-07-18,165837,Alexakis Sail Κρασί Λευκό 750 ml,3.26
2025-07-18,126900,Alexakis Καρίκι Κρασί Λευκό Ξηρό 750 ml,4.24
2025-07-18,88971,Alexakis Κρασί Βιδιανό Λευκό Ξηρό 750 ml,7.11
2025-07-18,173093,Alexakis Κρασί Μοσχάτο Σπίνας Λευκό Ξηρό 750 ml,7.84
2025-07-18,173092,Alexakis Κρασί Χατίρι Λευκό Ξηρό 750 ml,7.95
2025-07-18,454,Boutari Κρητικός Κρασί Λευκό 750 ml,6.55
2025-07-18,20769,Domenico Βιδιανό Κρασί Λευκό 750 ml,9.15
2025-07-18,20768,Domenico Θραψαθήρι Κρασί Λευκό 750 ml,7.78
2025-07-18,33506,Lato Κρασί Λευκό Ημίγλυκο 750 ml,3.75
2025-07-18,27274,Lato Παραδοσιακό Κρασί Λευκό Ξηρό 5 lt,13.95
2025-07-18,127506,Maragakis Winery Symphonia Κρασί Malvazia Λευκό 750 ml,6.9
2025-07-18,100830,Strataridakis Κρασί Ασκός Του Νότου Λευκό 5 lt,14.65
2025-07-18,99009,Strataridakis Μοσχάτο Σπίνας Κρασί Λευκό 750 ml,12.4
2025-07-18,100792,Vinobon Κρασί Βιδιανό Μοσχάτο Σπίνας Λευκό 1-5 lt,3.55
2025-07-18,23743,Ένωση Ηρακλείου Κρητικό Κονάκι Κρασί Λευκό 5 lt,13.82
2025-07-18,41424,Ένωση Πεζών Το Κρασί Της Παρέας Λευκό 1 lt,3.38
2025-07-18,51348,Ένωση Πεζών Το Κρασί Της Παρέας Λευκό 3 lt,10.48
2025-07-18,197999,Ένωση Πεζών Το Κρασί Της Παρέας Λευκό Ημίγλυκο 1 lt,4.35
2025-07-18,576,Δουλουφάκης Sauvignon Blanc Κρασί Λευκό Ξηρό 750 ml,10.28
2025-07-18,177261,Ινάτι Κρασί Λευκό Ασκός 3 lt,11.13
2025-07-18,650,Κρητικός Vin De Crete Κρασί Λευκό Ξηρό 750 ml,3.79
2025-07-18,51489,Κτήμα Μιχαλάκη Κρασί Gold Cuvee Λευκό 750 ml,11.98
2025-07-18,156099,Κτήμα Μιχαλάκη Κρασί Ασύρτικο Λευκό 750 ml,5.9
2025-07-18,587,Κτήμα Μιχαλάκη Κρασί Βηλάνα Λευκό Ξηρό 750 ml,5.9
2025-07-18,156101,Κτήμα Μιχαλάκη Κρασί Βιδιανό Λευκό 750 ml,5.9
2025-07-18,156100,Κτήμα Μιχαλάκη Κρασί Μοσχάτο Σπίνας Λευκό 750 ml,5.9
2025-07-18,183264,Μ2 Στο Τετράγωνο Κρασί Λευκό Ημίγλυκο 750 ml,5.61
2025-07-18,172905,Μ3 Στον Κύβο Κρασί Λευκό 750 ml,5.6
2025-07-18,163977,Μ3 Στον Κύβο Κρασί Λευκό Ξηρό 3 lt,15.38
2025-07-18,81815,Μιχαλάκη Μοσχοφίλερο Κρασί Λευκό 750 ml,5.78
2025-07-18,172960,Μονή Τοπλού Κρασί Λευκό Βιολογικό 750 ml,9.48
2025-07-18,122681,Ντουράκης Ριζίτης Κρασί Λευκό Βιλάνα 750 ml ,6.98
2025-07-18,152092,Οινοποιείο Ιερωνυμάκη Lykios Κρασί Λευκό Βιολογικό 750 ml,9.8
2025-07-18,182262,Οινοποιείο Μεταξάρη Metaxari Κρασί Λευκό Ασύρτικο Βιδιανό 750 ml,7.68
2025-07-18,458,Εκάβη Ρετσίνα 1-5 lt,7.0
2025-07-18,455,Εκάβη Ρετσίνα 500 ml,2.19
2025-07-18,665,Κεντρική Ένωση Χανίων Ρετσίνα 500 ml,1.95
2025-07-18,26636,Φίνα Ρετσίνα 500 ml,2.12
2025-07-18,165838,Alexakis Sail Κρασί Rose 750 ml,3.39
2025-07-18,25836,Paterianakis Μελισσινός Κρασί Ροζέ Βιολογικό 750 ml,17.1
2025-07-18,100793,Vinobon Κρασί Κοτσιφάλι Ροζέ 1-5 lt,3.75
2025-07-18,23745,Ένωση Ηρακλείου Κρητικό Κονάκι Κρασί Ροζέ 5 lt,14.35
2025-07-18,181001,Ερωφίλη Κρασί Ημίξηρο Ροζέ Λιάτικο 750 ml,9.75
2025-07-18,23983,Κρητικός Vin De Crete Κρασί Ροζέ Ξηρό 750 ml,3.88
2025-07-18,190839,Κτήμα Μιχαλάκη Κρασί Μαντηλάρι Ροζέ 750 ml,6.45
2025-07-18,173575,Μ2 Στο Τετράγωνο Κρασί Ροζέ Γλυκό 500 ml,4.42
2025-07-18,183265,Μ2 Στο Τετράγωνο Κρασί Ροζέ Ημίγλυκο 750 ml,5.61
2025-07-18,183403,Μ3 Στον Κύβο Κρασί Ροζέ 750 ml,5.6
2025-07-18,172961,Μονή Τοπλού Κρασί Ροζέ Βιολογικό 750 ml,8.06
2025-07-18,122683,Ντουράκης Ριζίτης Κρασί Ροζέ Grenache Rouge 750 ml ,6.98
2025-07-18,173603,Candia Μπίρα Lager Κουτί 330 ml,1.12
2025-07-18,173604,Candia Μπίρα Lager Κουτί 4 x 500 ml + 2 Δώρο,5.6
2025-07-18,173602,Candia Μπίρα Lager Κουτί 5 x 330 ml + 1 Δώρο,4.48
2025-07-18,173605,Candia Μπίρα Lager Κουτί 500 ml,1.75
2025-07-18,202447,Candia Μπίρα Lager Φιάλη 750 ml,1.96
2025-07-18,174887,Notos Μπίρα Lager Φιάλη 330 ml,2.11
2025-07-18,203826,Σόλο Μπίρα Cretan Craft Lager Φιάλη 330 ml,2.11
2025-07-18,174886,Notos Μπίρα Pilsner Φιάλη 330 ml,2.18
2025-07-18,56658,Brink&#039;s Μπίρα Μαύρη Βιολογική Φιάλη 330 ml,2.08
2025-07-18,46675,Brink&#039;s Μπίρα Ξανθιά Βιολογική Φιάλη 330 ml,2.08
2025-07-18,174888,Notos Μπίρα She&#039;s A Pirate Blonde Ale Φιάλη 330 ml,2.25
2025-07-18,145828,Σόλο Μπίρα Cretan Craft Classic IPA Φιάλη 330 ml,2.62
2025-07-18,145829,Σόλο Μπίρα Cretan Craft Imperial IPA Φιάλη 330 ml,3.02
2025-07-18,145826,Σόλο Μπίρα Cretan Craft Pale Ale Φιάλη 330 ml,2.44
2025-07-18,145825,Σόλο Μπίρα Cretan Craft Saison Φιάλη 330 ml,2.34
2025-07-18,127233,Zaro&#039;s Sparkling Ανθρακούχο Μεταλλικό Νερό 1 lt,0.47
2025-07-18,171001,Zaro&#039;s Sparkling Ανθρακούχο Μεταλλικό Νερό 330 ml,0.3
2025-07-18,171000,Zaro&#039;s Sparkling Ανθρακούχο Μεταλλικό Νερό 6 x 330 ml,1.8
2025-07-18,201367,Zaro&#039;s Sparkling Ανθρακούχο Μεταλλικό Νερό Grapefruit Yuzu 330 ml,0.53
2025-07-18,201366,Zaro&#039;s Sparkling Ανθρακούχο Μεταλλικό Νερό Grapefruit Yuzu 6 x 330 ml,3.18
2025-07-18,170999,Zaro&#039;s Sparkling Ανθρακούχο Μεταλλικό Νερό Λεμόνι 330 ml,0.35
2025-07-18,170998,Zaro&#039;s Sparkling Ανθρακούχο Μεταλλικό Νερό Λεμόνι 6 x 330 ml,2.1
2025-07-18,89998,Zaro&#039;s Sparkling Ανθρακούχο Μεταλλικό Νερό Σε Γιάλινη Φιάλη 6 x 330 ml,2.64
2025-07-18,419,Samaria Φυσικό Επιτραπέζιο Νερό 1-5 lt,0.31
2025-07-18,89280,Samaria Φυσικό Επιτραπέζιο Νερό 10 lt,2.95
2025-07-18,205454,Samaria Φυσικό Επιτραπέζιο Νερό 12 x 500 ml ,1.82
2025-07-18,22979,Samaria Φυσικό Επιτραπέζιο Νερό 500 ml,0.19
2025-07-18,62211,Samaria Φυσικό Επιτραπέζιο Νερό 6 x 1-5 lt ,1.49
2025-07-18,52973,Zaro&#039;s Φυσικό Μεταλλικό Νερό 10 lt,2.15
2025-07-18,205938,Zaro&#039;s Φυσικό Μεταλλικό Νερό 10 x 500 ml + 2 Τεμάχια Δώρο,1.9
2025-07-18,21520,Zaro&#039;s Φυσικό Μεταλλικό Νερό 500 ml,0.19
2025-07-18,84903,Zaro&#039;s Φυσικό Μεταλλικό Νερό 6 x 1-5 lt,1.98
2025-07-18,69346,Zaro&#039;s Φυσικό Μεταλλικό Νερό Sport 750 ml,0.28
2025-07-18,53155,Zaro&#039;s Φυσικό Μεταλλικό Νερό Για Ψύκτη 10 lt ,2.65
2025-07-18,23838,Ρούβας Φυσικό Επιτραπέζιο Νερό 500 ml,0.2
2025-07-18,447,Ρούβας Φυσικό Επιτραπέζιο Νερό 6 x 1-5 lt,1.96
2025-07-18,89983,Ρούβας Φυσικό Επιτραπέζιο Νερό Sport 500 ml,0.23
2025-07-18,86456,Σεληνάρι Φυσικό Επιτραπέζιο Νερό 6 x 1-5 lt,1.44
2025-07-18,98409,Χαλκιαδάκης Φυσικό Επιτραπέζιο Νερό 12 x 500 ml,1.63
2025-07-18,97739,Χαλκιαδάκης Φυσικό Επιτραπέζιο Νερό 12 x 750 ml,1.94
2025-07-18,50788,Haraki Τσικουδιά Κρήτης 500 ml,13.3
2025-07-18,918,Haraki Τσικουδιά Κρήτης 700 ml,17.15
2025-07-18,50791,Haraki Τσικουδιά Κρήτης Honey 500 ml,15.5
2025-07-18,38995,Kretaraki Τσικουδιά Κρήτης 350 ml,8.75
2025-07-18,38993,Kretaraki Τσικουδιά Κρήτης 500 ml,13.2
2025-07-18,38992,Kretaraki Τσικουδιά Κρήτης 700 ml,16.35
2025-07-18,175887,Κτήμα Μιχαλάκη Τσικουδιά Μοσχάτο Σπίνας 200 ml,6.6
2025-07-18,275,Creta Fresh Φρουτοποτό Πορτοκάλι Μήλο Βερίκοκο 1 lt,1.62
2025-07-18,38345,Creta Fresh Χυμός Λεμόνι 1 lt,1.82
2025-07-18,59,Βιοχύμ Συμπυκνωμένος Ζαχαρούχος Χυμός Πορτοκάλι 1850 ml,5.65
2025-07-18,52,Βιοχύμ Συμπυκνωμένος Ζαχαρούχος Χυμός Πορτοκάλι 840 ml,3.17
2025-07-18,167977,Φήμη Συμπυκνωμένος Χυμός Πορτοκαλάδα 1 lt,3.24
2025-07-18,115399,Φλωράλ Κανελάδα 800 ml,3.44
2025-07-18,113668,Creta Fresh Φυσικός Χυμός 10 Φρούτα &amp; 7 Βιταμίνες 1 lt,1.94
2025-07-18,176,Creta Fresh Φυσικός Χυμός Πορτοκάλι 1 lt,2.25
2025-07-18,180,Creta Fresh Φυσικός Χυμός Πορτοκάλι 250 ml,0.84
2025-07-18,192105,Μπάρμπα Στάθης Φρεσκοκομμένη Σαλάτα Ιταλική 320 gr,2.72
2025-07-18,192102,Μπάρμπα Στάθης Φρεσκοκομμένη Σαλάτα Δροσερή 400 gr,2.38
2025-07-18,194659,Μπάρμπα Στάθης Φρεσκοκομμένη Σαλάτα Κλασική 250 gr,1.79
2025-07-18,183133,Μπάρμπα Στάθης Φρεσκοκομμένη Σαλάτα Δροσάτη 200 gr,1.42
2025-07-18,170184,Μπάρμπα Στάθης Φρεσκοκομμένη Σαλάτα Ιταλική 140 gr,1.45
2025-07-18,5242,Άνηθος Μάτσο Ελληνικό,0.78
2025-07-18,194932,Δροσιά Σαλάτα Αντιγόνη 250 gr,2.14
2025-07-18,194928,Δροσιά Σαλάτα Αρσινόη 250 gr,1.98
2025-07-18,194929,Δροσιά Σαλάτα Βερενίκη 250 gr,2.14
2025-07-18,194930,Δροσιά Σαλάτα Κλειώ 250 gr,1.84
2025-07-18,194927,Δροσιά Σαλάτα Πασιφάη 250 gr,1.84
2025-07-18,194931,Δροσιά Σαλάτα Φαίδρα 250 gr,2.06
2025-07-18,104240,Λαχανόκοσμος Σαλάτα Ανοιξιάτικη Κρήτης 330 gr,2.27
2025-07-18,51840,Λαχανόκοσμος Σαλάτα Ιταλική Κρήτης 330 gr,2.27
2025-07-18,121852,Λαχανόκοσμος Σαλάτα Λαχανόκοσμου Κρήτης 330 gr,2.27
2025-07-18,186078,Λαχανόκοσμος Σαλάτα Πανδαισία Κρήτης 330 gr,2.27
2025-07-18,121854,Λαχανόκοσμος Σαλάτα Τρικολόρε Κρήτης 330 gr,2.27
2025-07-18,192104,Μπάρμπα Στάθης Σαλάτα Αλέγκρα 250 gr,2.0
2025-07-18,192103,Μπάρμπα Στάθης Σαλάτα Φριζάτη Με Σως 240 gr,2.33
2025-07-18,170186,Μπάρμπα Στάθης Φρεσκοκομμένη Σαλάτα Μαρουλένια 200 gr,2.0
2025-07-18,177078,Μπάρμπα Στάθης Φρεσκοκομμένη Σαλάτα Σπανάκι 250 gr,2.06
2025-07-18,143980,Μπάρμπα Στάθης Φρεσκοκομμένη Σαλάτα Σπανάκι 500 gr,3.57
2025-07-18,170192,Μπάρμπα Στάθης Φρεσκοκομμένη Σαλάτα Σπιρτόζα 240 gr,2.45
2025-07-18,170189,Μπάρμπα Στάθης Φρεσκοκομμένη Σαλάτα Τραγανή 300 gr,1.6
2025-07-18,26463,Αγγουράκια Βιολογικά Ελληνικά,3.53
2025-07-18,5274,Αγγουράκια Μικρά Ελληνικά,0.43
2025-07-18,5302,Ατζούρια Κρήτης,0.78
2025-07-18,204827,Γεύσεις Γιαγιάς Αμπελόφυλλα Κρήτης 400 gr,4.34
2025-07-18,76662,Βασιλικός Συσκευασμένος Κρήτης 25 gr ,1.11
2025-07-18,76664,Δυόσμος Συσκευασμένο Κρήτης 25 gr ,1.05
2025-07-18,76663,Θυμάρι Συσκευασμένο Κρήτης 25 gr ,1.11
2025-07-18,5300,Καλαμπόκι Φρέσκο Ελληνικό,1.34
2025-07-18,118448,Καρότα Βιολογικά Ελληνικά,2.53
2025-07-18,5212,Καρότα Ελληνικά Σακούλα Χύμα,0.39
2025-07-18,5375,Κολοκύθες Ελληνικές,1.45
2025-07-18,177209,Κολοκύθια Ελληνικά,0.54
2025-07-18,19330,Κολοκύθια Μικρά Βιολογικά Κρήτης,2.98
2025-07-18,55340,Κουνουπίδι Ελληνικό,3.38
2025-07-18,5244,Κρεμμύδι Φρέσκο Μάτσο Ελληνικό,0.88
2025-07-18,63787,Κρεμμύδια Ξερά Κρήτης,0.78
2025-07-18,5211,Κρεμμύδια Ξερά Τυπ/να Ελληνικά,0.49
2025-07-18,5239,Λάχανο Άσπρο Ελληνικό,1.5
2025-07-18,5314,Λάχανο Κόκκινο Ελληνικό,0.95
2025-07-18,29248,Μανιτάρια Giant Είσαγωγής,2.08
2025-07-18,75680,Μανιτάρια Portobello Εισαγωγής 500 gr,2.88
2025-07-18,205395,Μανιτάρια Εξωτικά Mix 250 gr,4.35
2025-07-18,36380,Μανιτάρια Πλευρώτους Ελληνικά 500 gr,2.85
2025-07-18,74951,Μανιτάρια Πολωνίας 500 gr ,2.55
2025-07-18,92710,Μαρούλι Άισμπεργκ Ελληνικό,0.94
2025-07-18,118449,Μαρούλι Κρήτης Τεμάχιο,0.65
2025-07-18,66630,Σαλάτα Κατσαρή Κόκκινη Ελληνική Τεμάχιο,0.98
2025-07-18,5232,Μαϊντανός Μάτσο Ελληνικό,0.78
2025-07-18,5262,Μελιτζάνες Τσακώνικες Κρήτης,0.98
2025-07-18,5216,Μελιτζάνες Φλάσκες Ελληνικές,0.63
2025-07-18,5236,Μπρόκολο Ελληνικό,1.38
2025-07-18,115449,Αγρόκηπος Χαλβατζή Παντζάρι Ατμού Ελληνικό 500 gr,2.15
2025-07-18,5241,Παντζάρια Ελληνικά,0.69
2025-07-18,55033,Πατάτες Ελληνικές,0.82
2025-07-18,36335,Πιπεριές Ανάμικτες Εισαγωγής Τεμάχιο,2.35
2025-07-18,5247,Πιπεριές Κίτρινες Εισαγωγής,1.77
2025-07-18,5246,Πιπεριές Κόκκινες Εισαγωγής,1.77
2025-07-18,19262,Πιπεριές Πράσινες Βιολογικές Ελληνικές,2.18
2025-07-18,5222,Πιπεριές Πράσινες Κρήτης,1.18
2025-07-18,5321,Πιπεριές Φλωρίνης Κρήτης,1.29
2025-07-18,177179,Αγρόκηπος Χαλβατζή Ρεβίθια Ατμού Ελληνικά 300 gr,2.58
2025-07-18,5329,Σέλερι Ελληνικό,1.34
2025-07-18,5243,Σέλινο Μάτσο Ελληνικό,0.7
2025-07-18,42132,Σελινόριζα Εισαγωγής,1.19
2025-07-18,118469,Σπανάκι Baby Ελληνικό 100 gr,1.2
2025-07-18,5259,Σπανάκι Ελληνικό,0.98
2025-07-18,5384,Τζίντζερ Εισαγωγής,1.0
2025-07-18,169641,Τομάτες Α&#039; Κρητης,0.89
2025-07-18,5379,Τομάτες Β&#039; Ελληνικές,0.65
2025-07-18,5338,Τομάτες Βιολογικές Ελληνικές,4.88
2025-07-18,86360,Τοματίνια Βελανίδια Κρήτης 500 gr,2.48
2025-07-18,156796,Τοματίνια Βελανίδια Κόκκινα Σε Ποτήρι Κρήτης 250 gr,2.35
2025-07-18,156501,Τοματίνια Βελανίδια Μαύρα Σε Ποτήρι Κρήτης 250 gr,2.35
2025-07-18,156500,Τοματίνια Βελανίδια Μιξ Σε Ποτήρι Κρήτης 250 gr,1.98
2025-07-18,5383,Τοματίνια Τσέρι Κρήτης 500 gr,3.25
2025-07-18,5277,Φασόλια Αιχε Τσαούλια Κρήτης,1.88
2025-07-18,5288,Βλήτα Κρήτης,0.83
2025-07-18,118439,Ρόκα Ελληνική Σε Φύλλα 100 gr,1.2
2025-07-18,35635,Αβοκάντο Εισαγωγής,1.88
2025-07-18,5307,Ακτινίδια Εισαγωγής,1.93
2025-07-18,5256,Ανανάς Εισαγωγής,2.05
2025-07-18,5308,Αχλάδια Κοντούλες,2.0
2025-07-18,5210,Αχλάδια Πάκαμς Εισαγωγής,1.27
2025-07-18,5292,Βερίκοκα Ελληνικά,3.65
2025-07-18,48203,Καρπούζι Mini Ελληνικό,4.32
2025-07-18,5294,Καρπούζι Ελληνικό,8.37
2025-07-18,5290,Κεράσια Ελληνικά,3.74
2025-07-18,36084,Λάιμς Εισαγωγής,1.74
2025-07-18,5298,Λεμόνια Εισαγωγής,1.29
2025-07-18,5252,Μάνγκο Εισαγωγής,2.77
2025-07-18,5215,Μήλα Γκράνσμιθ Ελληνικά,1.05
2025-07-18,5208,Μήλα Στάρκιν Α&#039;&#039; Ελληνικά,1.05
2025-07-18,64077,Μήλα Στάρκιν Βιολογικά Εισαγωγής ,4.35
2025-07-18,5237,Μπανάνες Dole Εισαγωγής,1.68
2025-07-18,62264,Μπανάνες Βιολογικές Κεντρικής Αμερικής,2.77
2025-07-18,45825,Μπλούμπερις Εισαγωγής 125 gr,2.25
2025-07-18,5301,Νεκταρίνια Ελληνικά,2.68
2025-07-18,5282,Πεπόνια Ελληνικά,2.07
2025-07-18,5284,Πορτοκάλια Α  Κρήτης,0.65
2025-07-18,5257,Πορτοκάλια Β Ελληνικά,0.59
2025-07-18,19494,Πορτοκάλια Βιολογικά Ελληνικά,4.25
2025-07-18,5295,Ροδάκινα Ελληνικά ,2.98
2025-07-18,93618,Σταφύλι Άσπρο Ελληνικό,3.35
2025-07-18,89107,Αγρόκηπος Χαλβατζή Φρουτοσαλάτα Ροδάκινο Χωρίς Γλουτένη 400 gr,4.1
2025-07-18,89106,Αγρόκηπος Χαλβατζή Φρουτοσαλάτα Τροπικά Φρούτα Χωρίς Γλουτένη 400 gr,4.1
2025-07-18,5171,Χοιρινό Μπριζόλα Μ/Ο Ελληνικό,2.9
2025-07-18,105119,Mimikos Φιλέτο Στήθος Κοτόπουλο Ελληνικό 650 gr + 20% Δωρεάν Προϊόν,10.14
2025-07-18,5152,Αρνί Κρήτης,12.5
2025-07-18,62430,Αρνίσιο Συκώτι Κρήτης,4.8
2025-07-18,118171,Γαρδούμια Ελληνικά,14.4
2025-07-18,5176,Κατσίκι Κρήτης,13.5
2025-07-18,62431,Κατσικίσιο Συκώτι Κρήτης,4.8
2025-07-18,118172,Κοκορέτσι Ελληνικό,12.96
2025-07-18,134887,Γίδα Ελληνική,6.9
2025-07-18,134888,Πρόβατο Ελληνικό,6.9
2025-07-18,5156,Κουνέλι Κρήτης,14.33
2025-07-18,156692,Φάρμα Αντωνάκη Λουκάνικα Ρεθύμνου,3.98
2025-07-18,156694,Φάρμα Αντωνάκη Λουκάνικα Χοιρινά Χωριάτικα,3.8
2025-07-18,197220,Βόειο Flank Steak E.E. Ελληνικής Εκτροφής &gt; 5 Μηνών,12.72
2025-07-18,182895,Βόειο Ribeye Ημιγάλακτος Ολλανδίας,14.2
2025-07-18,169058,Βόειο T-Bone Ξηρής Ωρίμανσης,20.8
2025-07-18,142408,Βόειο Ελιά Α/Ο Ε.Ε. Ελληνικής Εκτροφής &gt; 5 Μηνών,7.1
2025-07-18,142402,Βόειο Κιλότο Α/Ο Ε.Ε. Ελληνικής Εκτροφής &gt; 5 Μηνών,7.95
2025-07-18,146100,Βόειο Κόντρα Α/Ο Ε.Ε. Ελληνικής Εκτροφής &gt; 5 Μηνών,8.45
2025-07-18,142413,Βόειο Κόντρα Μ/Ο Ε.Ε. Ελληνικής Εκτροφής &gt; 5 Μηνών,7.95
2025-07-18,142404,Βόειο Κότσι Α/Ο Ε.Ε. Ελληνικής Εκτροφής &gt; 5 Μηνών,7.9
2025-07-18,142409,Βόειο Λάπα Α/Ο Ε.Ε. Ελληνικής Εκτροφής &gt; 5 Μηνών,5.75
2025-07-18,146103,Βόειο Μπριζόλα Α/Ο Ε.Ε. Ελληνικής Εκτροφής &gt;5 Μηνών,8.45
2025-07-18,142414,Βόειο Μπριζόλα Μ/Ο Ε.Ε. Ελληνικές Εκτροφής &gt; 5 Μηνών,11.13
2025-07-18,192097,Βόειο Μπριζόλα Μ/Ο Ε.Ε. Μαριναρμένο Ελληνικής Εκτροφής &gt; 5 Μηνών,11.83
2025-07-18,169059,Βόειο Μπριζόλα Μ/Ο Ε.Ε. Ξηρής Ωρίμανσης ,15.6
2025-07-18,161463,Βόειο Ν. Οσομπούκο Μ/Ο Ελληνικής Εκτροφής,11.8
2025-07-18,142401,Βόειο Νουά Α/Ο Ε.Ε. Ελληνικής Εκτροφής &gt; 5 Μηνών,7.95
2025-07-18,142407,Βόειο Νουά Σπάλας Α/Ο Ε.Ε. Ελληνικής Εκτροφής,7.85
2025-07-18,142399,Βόειο Ουρά Α/Ο Ε.Ε. Ελληνικής Εκτροφής &gt; 5 Μηνών,7.95
2025-07-18,142403,Βόειο Ποντίκι Α/Ο Ε.Ε. Ελληνικής Εκτροφής &gt; 5 Μηνών,7.9
2025-07-18,192096,Βόειο Σνίτσελ Πανέ  Με Κρητικά Βότανα,8.1
2025-07-18,142405,Βόειο Σπάλα Α/Ο Ε.Ε. Ελληνικής Εκτροφής &gt; 5 Μηνών,7.1
2025-07-18,103243,Βόειο Σπάλα Α/Ο Μπουκιές Ελληνικό Τυποποιημένο,11.36
2025-07-18,165231,Βόειο Σπαλομπριζόλα Μ/Ο Ε.Ε. Ελληνικής Εκτροφής &gt; 5 Μηνών,23.8
2025-07-18,142410,Βόειο Στήθος Α/Ο Ε.Ε. Ελληνικής Εκτροφής &gt; 5 Μηνών,5.75
2025-07-18,150631,Βόειο Στήθος Μ/Ο Ε.Ε. Ελληνικής Εκτροφής &gt; 5 Μηνών,10.4
2025-07-18,142398,Βόειο Στρογγυλό Α/Ο Ε.Ε. Ελληνικής Εκτροφής &gt; 5 Μηνών,7.95
2025-07-18,142415,Βόειο Συκώτι Ε.Ε. Ελληνικής Εκτροφής &gt; 5 Μηνών,3.45
2025-07-18,142400,Βόειο Τρανς Α/Ο Ε.Ε. Ελληνικής Εκτροφής &gt; 5 Μηνών,7.95
2025-07-18,189666,Βόειο Φιλέτο Τεμαχισμένο Α/Ο Ε.Ε. Ελληνικής Εκτροφής &gt; 5 Μηνών ,11.17
2025-07-18,142406,Βόειο Χτένι Σπάλας Α/Ο Ε.Ε. Ελληνικής Εκτροφής,7.85
2025-07-18,134117,Μοσχάρι T-Bone Γάλακτος Μ/Ο Ε.Ε.,9.2
2025-07-18,85585,Μοσχάρι Κόντρα Γάλακτος Μ/Ο Ιταλίας,8.8
2025-07-18,142905,Βόειο Μπιφτέκι,5.9
2025-07-18,188732,Μπιφτέκι Ανάμεικτο Ελληνικό,4.45
2025-07-18,148431,Πολίτικο Μπιφτέκι (Κεμπάπ),4.98
2025-07-18,88753,Χοιρινό Μπιφτέκι Ελληνικό,3.98
2025-07-18,5155,Χοιρίδιο Γάλακτος Ελληνικό,17.7
2025-07-18,194704,Χοιρινή Πλεξούδα Μαριναρισμένη Α/Ο Ελληνική ,24.5
2025-07-18,19114,Χοιρινό Α/Ο Ελληνικό,4.13
2025-07-18,88752,Κοντοσούβλι Χοιρινό Μαριναρισμένο Ελληνικό,5.46
2025-07-18,177404,Χοιρινό Κότσι Μ/Ο Οσομπούκο Μαριναρισμένο Ν. Ελληνικό,4.84
2025-07-18,120867,Χοιρινό Κότσι Μ/Ο Οσομπούκο Ν. Ελληνικό,3.41
2025-07-18,5172,Χοιρινό Λαιμός Μ/Ο Ελληνικό,3.7
2025-07-18,103246,Χοιρινό Λαιμός Μ/Ο Ελληνικό Τυποποιημένο,6.66
2025-07-18,130328,Χοιρινό Λαιμός Μ/Ο Ολλανδίας,3.45
2025-07-18,185631,Χοιρινό Λαιμός Μαριναρισμένο Ελληνικό,3.98
2025-07-18,5153,Χοιρινό Μαδητό Ελληνικό,8.4
2025-07-18,5170,Χοιρινό Μηρός Μ/Ο Ελληνικό,5.95
2025-07-18,19115,Χοιρινό Μπουκιές Α/Ο Ελληνικό,3.93
2025-07-18,103249,Χοιρινό Μπουκιές Α/Ο Ελληνικό Τυποποιημένο,7.07
2025-07-18,103245,Χοιρινό Μπριζόλα Μ/Ο Ελληνικό Τυποποιημένο,5.51
2025-07-18,185632,Χοιρινό Μπριζόλα Μαριναρισμένο,3.48
2025-07-18,5174,Χοιρινό Πανσέτα Μ/Ο Ελληνικό,3.6
2025-07-18,103247,Χοιρινό Πανσέτα Μ/Ο Ελληνικό Τυποποιημένο,6.48
2025-07-18,179842,Χοιρινό Πανσέτα Μαριναρισμένο,3.9
2025-07-18,98365,Χοιρινό Ρολό Γεμιστό Ελληνικό,10.14
2025-07-18,5149,Χοιρινό Σνίτσελ Ελληνικό,4.9
2025-07-18,103248,Χοιρινό Σνίτσελ Ελληνικό Τυποποιημένο,8.82
2025-07-18,130284,Χοιρινό Σνίτσελ Πανέ Ελληνικό,3.95
2025-07-18,135056,Χοιρινό Σουβλάκι Ελληνικό,3.58
2025-07-18,130327,Χοιρινό Σπάλα Α/Ο Ολλανδίας,3.4
2025-07-18,5173,Χοιρινό Σπάλα Μ/Ο Ελληνικό,2.78
2025-07-18,5154,Χοιρινό Συκώτι Ελληνικό,1.48
2025-07-18,135481,Χοιρινό Τηγανιά Μαριναρισμένο Ελληνικό,4.28
2025-07-18,19154,Χοιρινό Ψαρονέφρι Α/Ο Ελληνικό,6.73
2025-07-18,171689,Mimikos Μπιφτέκι Κοτόπουλο 320 gr ,4.06
2025-07-18,197394,Αγροκτήματα Κρήτης Άρωμα Κρήτης Κοτόπουλο Μπιφτέκι 600 gr,7.45
2025-07-18,130283,Κοτόπουλο Μπιφτέκι Ελληνικό,4.98
2025-07-18,105134,Mimikos Nuggets Κοτόπουλο Ελληνικό 480 gr ,7.06
2025-07-18,186865,Mimikos Κοτολιχουδιές Πικάντικα Σνίτσελ 470 gr -0-50€,6.67
2025-07-18,186867,Mimikos Κοτολιχουδιές Σνίτσελ Βιενουά 320 gr,4.95
2025-07-18,194856,Mimikos Κοτολιχουδιές Τραγανά Nuggets 400 gr,5.97
2025-07-18,186866,Mimikos Κοτολιχουδιές Τραγανά Nuggets 480 gr -0-50€,6.67
2025-07-18,32153,Mimikos Κοτόπουλο Cordon Bleu Ελληνικό 480 gr -0-70€,7.31
2025-07-18,105073,Mimikos Κοτόπουλο Μπουτάκια Ελληνικό 590 gr,8.24
2025-07-18,105074,Mimikos Κοτόπουλο Μπούτι Ελληνικό 800 gr + 35% Δωρεάν Προϊόν,8.23
2025-07-18,100994,Mimikos Κοτόπουλο Ολόκληρο 65% Ελληνικό - 25% Φθηνότερα,9.75
2025-07-18,105130,Mimikos Σνίτσελ Κοτόπουλο Ελληνικό 470 gr ,7.06
2025-07-18,105075,Mimikos Φιλέτο Μπούτι Κοτόπουλο Ελληνικό 650 gr,12.03
2025-07-18,94456,Mimikos Φιλετίνια Κοτόπουλο Πανέ Ελληνικό 400 gr,6.89
2025-07-18,193345,Αγροκτήματα Κρήτης Άρωμα Κρήτης Κοτόπουλο Μισό,11.7
2025-07-18,193346,Αγροκτήματα Κρήτης Άρωμα Κρήτης Κοτόπουλο Σε Μερίδες 1 kg,7.8
2025-07-18,115163,Γαλοπούλα Μπούτι Ελληνική,8.55
2025-07-18,115162,Γαλοπούλα Φιλέτο Στήθος Ελληνική,10.8
2025-07-18,168732,Κοτομπουκιές Προψημένες Με Corn Flakes,4.93
2025-07-18,148425,Κοτομπουκιές Προψημένες Πανέ,8.33
2025-07-18,46874,Κοτόπουλο 70% Ν Κρήτης,5.07
2025-07-18,174471,Κοτόπουλο Ελληνικό,3.87
2025-07-18,137080,Κοτόπουλο Κοπανάκι Ελληνικό,3.85
2025-07-18,130285,Κοτόπουλο Μαριναρισμένο Ελληνικό,5.76
2025-07-18,174472,Κοτόπουλο Μπούτι Ελληνικό,2.73
2025-07-18,179849,Κοτόπουλο Μπούτι Μαριναρισμένο,3.13
2025-07-18,62429,Κοτόπουλο Ρολό Γεμιστό Ελληνικό,17.82
2025-07-18,163833,Κοτόπουλο Ρολό Γεμιστό Κρήτης,18.36
2025-07-18,130286,Κοτόπουλο Σνίτσελ Πανέ Α/Ο Ελληνικό,5.15
2025-07-18,148430,Κοτόπουλο Σνίτσελ Προψημένο Πανέ,8.33
2025-07-18,130282,Κοτόπουλο Σουβλάκι Ελληνικό,4.93
2025-07-18,178223,Κοτόπουλο Σουβλάκι Μαριναρισμένο Ελληνικό,5.15
2025-07-18,204259,Κοντοσούβλι Κοτόπουλο Μαριναρισμένο Ελληνικό ,8.2
2025-07-18,174424,Κοτόπουλο Τηγανιά Μαριναρισμένο Ελληνικό,5.2
2025-07-18,137079,Κοτόπουλο Φιλέτο Μπούτι Ελληνικό,4.55
2025-07-18,174473,Κοτόπουλο Φιλέτο Στήθος Ελληνικό ,4.93
2025-07-18,174474,Κοτόπουλο Φτερούγες Ελληνικό ,1.45
2025-07-18,178414,Κοτόπουλο Φτερούγες Μαριναρισμένο Ελληνικό,2.15
2025-07-18,192000,Πίνδος Κοτόπουλο Ελευθέρας Βοσκής - 10% Φθηνότερα,15.12
2025-07-18,122213,Πετεινός 84% Κρήτης,6.93
2025-07-18,144435,Γαρίδες Vannamei Αποψυγμένες Εκουαδόρ,5.45
2025-07-18,144214,Θράψαλα Νωπά Ελληνικά,4.95
2025-07-18,144216,Καλαμάρια Νωπά Ελληνικά,11.45
2025-07-18,144219,Σουπιές Ελληνικές Νωπές,14.9
2025-07-18,144218,Μόσχιοι Νωποί Ελληνικοί ,4.95
2025-07-18,148382,Κρανιός Μυλοκόπι Νωπό Ελληνικής Εκτροφής,16.68
2025-07-18,144184,Λαβράκι Υδατοκαλλιέργειας Ελληνικό 400 Έως 600 gr,4.95
2025-07-18,144244,Σολομός Φέτα Εκτροφής Νορβηγίας,4.73
2025-07-18,144253,Σολομός Φιλέτο Με Δέρμα Νορβηγικής Εκτροφής,5.2
2025-07-18,144207,Τσιπούρα Υδατοκαλλιέργειας Ελληνική 400 Έως 600 gr,5.3
2025-07-18,176497,Φαγκρί Βραχύπτερο Υδατοκαλλιέργειας Ελληνικό 400 Έως 600 gr,6.45
2025-07-18,191222,Νίκας Ελληνική Κουζίνα Μουσακάς 350 gr,4.1
2025-07-18,191223,Νίκας Ελληνική Κουζίνα Παστίτσιο 350 gr,4.1
2025-07-18,196572,Νίκας Ελληνική Κουζίνα Μακαρόνια Με Κιμά 400 gr,3.65
2025-07-18,191227,Νίκας Ελληνική Κουζίνα Μοσχάρι Κοκκινιστό Με Αρακά 350 gr,5.42
2025-07-18,174485,Paliria Σπιτικά Σουτζουκάκια Με Κριθαράκι 400 gr,3.95
2025-07-18,191229,Paliria Σπιτικά Μοσχάρι Γιουβέτσι 400 gr,6.35
2025-07-18,191230,Paliria Σπιτικά Κεφτεδάκια Με Πουρέ Πατάτας 400 gr,5.2
2025-07-18,195186,Paliria Σπιτικά Κριθαρότο Με Γαρίδες 350 gr,5.5
2025-07-18,180167,Paliria Σπιτικά Γεμιστά 350 gr,5.25
2025-07-18,197904,Paliria Σπιτικά Φασολάκια Με Πατάτες 350 gr,4.2
2025-07-18,180729,Paliria Σπιτικά Φασόλια Γιγάντες Φούρνου 400 gr,2.95
2025-07-18,203122,Thrέpsis Λαζάνια Φούρνου Με Κοτόπουλο 400 gr,6.67
2025-07-18,203120,Thrέpsis Μοσχάρι Γιουβέτσι 400 gr,6.63
2025-07-18,203121,Thrέpsis Μπιφτέκια Σχάρας Με Ψητά Λαχανικά 340 gr,6.29
2025-07-18,203119,Thrέpsis Κοτόπουλο Μπούτι Με Πατάτες Baby 350 gr,6.21
2025-07-18,203118,Thrέpsis Γεμιστές Ντομάτες &amp; Πιπεριές 400 gr,6.16
2025-07-18,104176,Fresh Snack Double Burger 280 gr,2.42
2025-07-18,187864,Fresh Snack Texas Burger 240 gr,2.42
2025-07-18,187865,Fresh Snack Texas Chicken Burger 240 gr,2.42
2025-07-18,104442,Fresh Snack Αράβικη Πίτα Με Κοτόπουλο 210 gr,2.42
2025-07-18,109522,Fresh Snack Σάντουιτς Με Κοτόπουλο 230 gr,2.42
2025-07-18,103011,Fresh Snack Αράβικη Πίτα Με Καπνιστή Γαλοπούλα &amp; Τυρί Edam 185 gr,2.3
2025-07-18,103008,Fresh Snack Σάντουιτς Special 240 gr,2.3
2025-07-18,103010,Fresh Snack Σάντουιτς Με Καπνιστή Γαλοπούλα &amp; Τυρί Edam 220 gr,2.3
2025-07-18,189340,Fresh Snack Σάντουιτς Time Out 230 gr,2.0
2025-07-18,206151,Fresh Snack Κρουασάν Με Καπνιστή Γαλοπούλα Edam &amp; Μαγιονέζα 150 gr,1.96
2025-07-18,185637,Fresh Snack Cheese Burger 190 gr,1.56
2025-07-18,201968,Fresh Snack Σάντουιτς Γαλοπούλα &amp; Μοτσαρέλα 135 gr,1.38
2025-07-18,195451,Fresh Snack Τοστ Με Φιλέτο Γαλοπούλα Τυρί 150 gr,1.28
2025-07-18,180168,Paliria Σπιτικά Παστίτσιο 350 gr,4.85
2025-07-18,205767,Νίκας Ελληνική Κουζίνα Μακαρόνια Με Σάλτσα Τομάτας 350 gr,2.75
2025-07-18,191231,Paliria Σπιτικά Κοτόπουλο Με Ρύζι 400 gr,4.46
2025-07-18,197905,Paliria Σπιτικά Πένες Με Κίμα 400 gr,3.52
2025-07-18,205766,Νίκας Ελληνική Κουζίνα Γιουβέτσι 350 gr,5.5
2025-07-18,180166,Paliria Σπιτικά Μουσακάς 350 gr,5.75
2025-07-18,198821,Guru Burger Barbeque 210 gr,2.93
2025-07-18,198819,Guru Burger Cheese 190 gr,2.93
2025-07-18,198820,Guru Burger Chicken 190 gr,2.93
2025-07-18,198267,Οικογένεια Στεργίου Brioche Barbeque Burger 220 gr,2.88
2025-07-18,198266,Οικογένεια Στεργίου Brioche Classic Burger 210 gr,2.88
2025-07-18,179263,Οικογένεια Στεργίου Cheeseburger 150 gr,1.98
2025-07-18,183572,Οικογένεια Στεργίου Αραβική Πίτα Με Γαλοπούλα &amp; Cheddar 130 gr,1.86
2025-07-18,183571,Οικογένεια Στεργίου Αραβική Πίτα Με Κοτόπουλο &amp; Cheddar 155 gr,2.04
2025-07-18,179268,Οικογένεια Στεργίου Κρουασάν Με Γαλοπούλα &amp; Τυρί 170 gr,2.28
2025-07-18,179261,Οικογένεια Στεργίου Σάντουιτς Με Γαλοπούλα &amp; Edam 165 gr,1.76
2025-07-18,195469,Οικογένεια Στεργίου Σάντουιτς Με Ζαμπόν Edam &amp; Μαγιονέζα 210 gr,2.2
2025-07-18,179326,Οικογένεια Στεργίου Σάντουιτς Με Σολωμό 145 gr,2.98
2025-07-18,179262,Οικογένεια Στεργίου Σάντουιτς Με Στήθος Κοτόπουλο 180 gr,2.28
2025-07-18,179270,Οικογένεια Στεργίου Σάντουιτς Τρίγωνο Γαλοπούλα Καπνιστή &amp; Edam 150 gr,2.5
2025-07-18,182508,Lavazza Καφές Espresso Rossa 10 Κάψουλες 57 gr,3.5
2025-07-18,182507,Lavazza Καφές Espresso Oro 10 Κάψουλες 55 gr,3.69
2025-07-18,51673,Lavazza Καφές Espresso Qualita Rossa Αλεσμένος 250 gr,5.58
2025-07-18,192109,Kellogg&#039;s Special K Δημητριακά Classic 700 gr,4.8
2025-07-18,102591,Dallmayr Classic Καφές Φίλτρου 500 gr ,9.44
2025-07-18,122138,ION Noisetta Σοκολατίνια Με Ολόκληρο Φουντούκι 440 gr,6.83
2025-07-18,186937,Nescafe Azera Καφές Espresso 95 gr,5.11
2025-07-18,197813,Nescafe Azera Καφές Espresso Decaffeine 95 gr,5.11
2025-07-18,186295,Nescafe Azera Καφές Espresso Intenso 90 gr,4.89
2025-07-18,199808,ION Mini Σοκολατάκια Γάλακτος 350 gr,5.93
2025-07-18,199807,ION Μινι Αμυγδάλου Σοκολατάκια Γάλακτος 350 gr,5.93
2025-07-18,205852,Kellogg’s Special K Δημητριακά High Protein 320 gr,3.63
2025-07-18,184464,Kellogg&#039;s Krave Δημητριακά Choco Nut 410 gr,3.55
2025-07-18,185152,Kellogg&#039;s Krave Δημητριακά Milk Choco 410 gr,3.55
2025-07-18,201686,Fytro Δημητριακά Τραγανές Μπουκιές Με Βρώμη Ολικής Άλεσης &amp; Ξηρούς Καρπούς Vegan 375 gr,1.87
2025-07-18,201693,Fytro Δημητριακά Τραγανές Μπουκιές Με Βρώμη Ολικής Άλεσης &amp; Σοκολάτα Γάλακτος 375 gr,1.87
2025-07-18,153400,Fytro Τραγανές Μπουκιές Δημητριακών Με Βρώμη Ολικής Άλεσης &amp; Σοκολάτα Vegan 375 gr,1.87
2025-07-18,191101,Coffee Island Καφές Espresso Volcano Blend Αλεσμένος 250 gr,5.55
2025-07-18,189432,Kellogg&#039;s Special K Δημητριακά Classic 450 gr,3.41
2025-07-18,172065,Kellogg&#039;s Special K Δημητριακά Με Μαύρη Σοκολάτα 290 gr,3.41
2025-07-18,91236,Ηδύοσμος Μέλι Από Θυμάρι &amp; Άγρια Βότανα Κρήτης 970 gr,10.43
2025-07-18,192938,Βιολάντα Proteino Μπάρες Γεμιστές Με Κρέμα Μαύρης Σοκολάτας 6 x 33.3 gr,1.84
2025-07-18,192940,Βιολάντα Proteino Μπάρες Γεμιστές Με Κρέμα Μπανάνα 6 x 33.3 gr,1.84
2025-07-18,192939,Βιολάντα Proteino Μπάρες Γεμιστές Με Κρέμα Φυστικοβούτυρο 6 x 33.3 gr,1.84
2025-07-18,198850,Fytro Δημητριακά Τραγανές Μπουκιές Με Βρώμη Ολικής Άλεσης Vegan 375 gr,1.7
2025-07-18,194133,Kellogg&#039;s Coco Pops Δημητριακά 330 gr,3.11
2025-07-18,192953,Kellogg&#039;s Coco Pops Δημητριακά Jumbos 330 gr,3.11
2025-07-18,192951,Kellogg&#039;s Coco Pops Δημητριακά Choco Vegan 330 gr,2.9
2025-07-18,192400,Kellogg&#039;s Special K Δημητριακά Classic 335 gr,2.93
2025-07-18,171096,Kellogg&#039;s Δημητριακά Variety 215 gr,4.49
2025-07-18,181012,Illy Καφές Espresso Classico Decaffeinato Σε Κάψουλες 10 x 5.7 gr ,4.46
2025-07-18,171412,Illy Καφές Espresso Classico Lungo Σε Κάψουλες 10 x 5.7 gr,4.46
2025-07-18,171414,Illy Καφές Espresso Classico Σε Κάψουλες 10 x 5.7 gr ,4.46
2025-07-18,188665,Illy Καφές Espresso Intenso Lungo Σε Κάψουλες 10 x 5.7 gr ,4.46
2025-07-18,34238,St. Dalfour Μαρμελάδα 4 Φρούτα 284 gr,3.29
2025-07-18,34237,St. Dalfour Μαρμελάδα Ροδάκινο 284 gr,3.29
2025-07-18,203941,Maltesers Σοκολατάκια Truffles 200 gr,4.11
2025-07-18,167027,Nescafe Dolce Gusto Καφές Espresso Intenso 16 Κάψουλες 112 gr,5.44
2025-07-18,192952,Kellogg&#039;s Frosties Δημητριακά 330 gr,3.94
2025-07-18,162989,Nescafe Dolce Gusto Καφές Cappuccino 16 Κάψουλες 186.4 gr,5.14
2025-07-18,205851,Kellogg&#039;s Oaties Δημητριακά Βρώμης Cocoa 360 gr,3.74
2025-07-18,200721,ION Noisetta Σοκολατίνια Με Ολόκληρο Φουντούκι 220 gr,3.74
2025-07-18,181489,Kellogg&#039;s Δημητριακά Miel Pops Loops 330 gr,3.62
2025-07-18,198723,Milzu Δημητριακά Βρώμης Ολικής Άλεσης Χωρίς Ζάχαρη Vegan Βιολογικά 300 gr,1.72
2025-07-18,200992,Βιδάκης Mix Bar 300 gr,3.47
2025-07-18,197830,Lipton Αφέψημα Γκρέιπφρουτ &amp; Πορτοκάλι 20 x 1.7 gr,1.71
2025-07-18,180245,Nutella Μπισκότα Γεμιστά Με Πραλίνα 304 gr,3.36
2025-07-18,186406,El Greco Μέλι Από Θυμάρι &amp; Κωνοφόρα Δέντρα 450 gr,4.08
2025-07-18,201473,ION 3 Γεύσεις Σοκολατίνια Γεμιστά 198 gr,2.93
2025-07-18,183651,Βιολάντα Μπισκότα Digestive Γεμιστά Με Κρέμα Μαύρη Σοκολάτα 200 gr,0.96
2025-07-18,183652,Βιολάντα Μπισκότα Digestive Γεμιστά Με Ταχίνι &amp; Κακάο 200 gr,0.96
2025-07-18,194729,ION Mini Derby Με Σοκολάτα Γάλακτος &amp; Γέμιση Καρύδας 210 gr,2.78
2025-07-18,203540,Coffee Island Στιγμιαίος Καφές Classic 100 gr,3.6
2025-07-18,185967,Jacobs Στιγμιαίος Καφές Cappuccino Choco Milka 8 x 15.8 gr,2.09
2025-07-18,206112,Jacobs Στιγμιαίος Καφές Cappuccino Dubai Chocolate Style 8 x 15 gr,2.09
2025-07-18,194215,Jacobs Στιγμιαίος Καφές Cappuccino Vanilla 8 x 12 gr,2.09
2025-07-18,205940,Αλλατίνη Soft Kings Μαλακά Μπισκότα 20% Protein 160 gr,2.0
2025-07-18,185880,Jacobs Στιγμιαίος Καφές Cappuccino Original 8 x 11.6 gr,1.95
2025-07-18,185034,Nestle Clusters Δημητριακά Με Αμύγδαλα 325 gr,3.15
2025-07-18,177085,Βιολάντα Μπισκότα Cookies Zero Βανίλια Με Χωρίς Ζάχαρη 170 gr,1.19
2025-07-18,177084,Βιολάντα Μπισκότα Zero Cookies Κακάο Με Κομμάτια Μαύρης Σοκολάτας Χωρίς Ζάχαρη 170 gr,1.19
2025-07-18,185857,Δερμίσης Μπισκότα Soft Brownies 0% Χωρίς Ζάχαρη 160 gr,1.19
2025-07-18,178949,Candia Nuts Αμύγδαλο Λευκό 180 gr,3.16
2025-07-18,185858,Δερμίσης Μπισκότα Soft Brownies Σοκολάτα 160 gr,1.15
2025-07-18,178064,Βιολάντα Μπισκότα Digestive Χωρίς Ζάχαρη 220 gr,1.14
2025-07-18,141833,Melitta Φίλτρα Καφέ Gourmet Ν1 x 4 80 Τεμάχια,2.96
2025-07-18,201980,Αλλατίνη Γεμιστά Μπισκότα Με Κακάο &amp; Βανίλια 2 x 200 gr,1.74
2025-07-18,201979,Αλλατίνη Γεμιστά Μπισκότα Με Σοκολάτα 2 x 200 gr,1.74
2025-07-18,205569,Παπαδοπούλου Granola Μπάρες Δημητριακών Με Μαύρη Σοκολάτα &amp; Ξηρούς Καρπούς 5 x 42 gr,2.83
2025-07-18,203681,Αλλατίνη Γεμάτα Max Μπισκότα Με Βανίλια 6 x 35 gr,2.14
2025-07-18,203682,Αλλατίνη Γεμάτα Max Μπισκότα Με Φράουλα 6 x 35 gr,2.14
2025-07-18,192228,Αλλατίνη Soft Kings Μαλακά Μπισκότα Με Κομμάτια Μαύρης Σοκολάτας Χωρίς Προσθήκη Ζάχαρης 160 gr,1.65
2025-07-18,204363,Chupa Chups Bubble Gum Play Tennis 18 Τεμάχια 90 gr,1.8
2025-07-18,181751,M&amp;M&#039;S Κουφετάκια Σοκολάτας Salted Caramel 120 gr,2.09
2025-07-18,204120,Milka Σοκολάτα Cow Spots 90 gr,1.58
2025-07-18,204122,Milka Σοκολάτα Γάλακτος Alpine 90 gr,1.58
2025-07-18,90955,Milka Σοκολάτα Φράουλα 100 gr,1.58
2025-07-18,204750,Maltesers Κουφετάκια Σοκολάτας Pouch 93 gr,2.01
2025-07-18,192227,Αλλατίνη Soft Kings Μαλακά Μπισκότα Βρώμης Με Κομμάτια Μπανάνας Φουντουκιού &amp; Μαύρης Σοκολάτας 160 gr,1.53
2025-07-18,192226,Αλλατίνη Soft Kings Μαλακά Μπισκότα Βρώμης Με Κομμάτια Πορτοκαλιού &amp; Μαύρης Σοκολάτας 160 gr,1.53
2025-07-18,197225,Αλλατίνη Soft Kings Μαλακά Μπισκότα Με Αλατισμένη Καραμέλα 160 gr,1.53
2025-07-18,192224,Αλλατίνη Soft Kings Μαλακά Μπισκότα Με Κακάο &amp; Κομμάτια Μαύρης Σοκολάτας 160 gr,1.53
2025-07-18,192225,Αλλατίνη Soft Kings Μαλακά Μπισκότα Με Κακάο Και Κομμάτια Λευκής Σοκολάτας Και Σοκολάτας Γάλακτος 160 gr,1.53
2025-07-18,192223,Αλλατίνη Soft Kings Μαλακά Μπισκότα Με Κομμάτια Σοκολάτας 160 gr,1.53
2025-07-18,1060,Παπαδοπούλου Caprice Πουράκια Classic 2 x 115 gr,2.59
2025-07-18,165699,Ηδύοσμος Μέλι Από Άγριο Θυμάρι &amp; Άγρια Βότανα Squeeze 470 gr,5.67
2025-07-18,172695,Candia Nuts Αμύγδαλο Φιλέ 120 gr,2.46
2025-07-18,91237,Ηδύοσμος Μέλι Από Άγριο Θυμάρι &amp; Άγρια Βότανα Κρήτης 450 gr,5.49
2025-07-18,167802,Evergreen Πίτουρο Βρώμης Βιολογικό 600 gr,2.38
2025-07-18,186355,Παπαδοπούλου Μπισκότα Choco Strawberry 150 gr,1.61
2025-07-18,206129,Παπαδοπούλου Caprice Πουράκια Με Μαύρη Σοκολάτα 115 gr,1.46
2025-07-18,177102,Παπαδοπούλου Μπισκότα Βρώμης Με Κακάο &amp; Μαύρη Σοκολάτα Χωρίς Ζάχαρη Vegan 155 gr,1.37
2025-07-18,177101,Παπαδοπούλου Μπισκότα Βρώμης Με Πορτοκάλι Χωρίς Ζάχαρη Vegan 155 gr,1.37
2025-07-18,144819,Millhouse Crunchy Oat Δημητριακά Choco &amp; Μαύρη Σοκολάτα 375 gr,2.45
2025-07-18,130673,Millhouse Crunchy Oat Δημητριακά Με Σκούρα Σοκολάτα 375 gr,2.45
2025-07-18,206128,Παπαδοπούλου Μπισκότα Βρώμης Με Cranberries Vegan 155 gr,1.31
2025-07-18,167485,Παπαδοπούλου Μπισκότα Βρώμης Με Μαύρη Σοκολάτα Vegan 150 gr,1.31
2025-07-18,191028,Millhouse Crunchy Oat Digestive Δημητριακά Σοκολάτας Γάλακτος 375 gr ,2.38
2025-07-18,130674,Millhouse Crunchy Oat Δημητριακά Super Fruits &amp; Dark Chocolate 375 gr,2.38
2025-07-18,173123,Αλλατίνη Γεμάτα &amp; Τραγανά Μπισκότα Με Κρέμα Πορτοκάλι 230 gr,1.22
2025-07-18,178479,Αλλατίνη Γεμάτα &amp; Τραγανά Μπισκότα Με Κρέμα Σοκολάτα 230 gr,1.22
2025-07-18,173122,Αλλατίνη Γεμάτα &amp; Τραγανά Μπισκότα Με Κρέμα Φράουλα 230 gr,1.22
2025-07-18,1040,Αλλατίνη Γεμιστά Μπισκότα Με Σοκολάτα 200 gr ,0.94
2025-07-18,198262,7 Days Bake Rolls Παξιμαδάκια Με Bacon 150 gr ,1.2
2025-07-18,198261,7 Days Bake Rolls Παξιμαδάκια Με Pizza 150 gr ,1.2
2025-07-18,187743,7 Days Bake Rolls Παξιμαδάκια Με Αλάτι 150 gr ,1.2
2025-07-18,194668,7 Days Bake Rolls Παξιμαδάκια Με Σκόρδο &amp; Παρμεζάνα 150 gr ,1.2
2025-07-18,187744,7 Days Bake Rolls Παξιμαδάκια Με Σκόρδο 150 gr ,1.2
2025-07-18,188208,7 Days Bake Rolls Παξιμαδάκια Ντομάτα Ελιά &amp; Ρίγανη 150 gr,1.2
2025-07-18,188210,7 Days Mini Bake Rolls Παξιμαδάκια Με Barbeque 150 gr ,1.2
2025-07-18,188207,7 Days Mini Bake Rolls Παξιμαδάκια Με Pizza 150 gr ,1.2
2025-07-18,192527,Chipita Πατατάκια Κλασικά Με Αλάτι 160 gr,1.52
2025-07-18,192528,Chipita Πατατάκια Με Ρίγανη 160 gr,1.52
2025-07-18,44243,Melitta Φίλτρα Καφέ Ν1 x 4 40 Τεμάχια,1.44
2025-07-18,172696,Candia Nuts Σουσάμι Σκούρο Ινδίας 220 gr,1.44
2025-07-18,189565,Crispy King Καλαμπογκοφρέτες Vegan Χωρίς Γλουτένη 110 gr,1.05
2025-07-18,189564,Crispy King Ρυζογκοφρέτες Super Seeds Vegan Χωρίς Γλουτένη 100 gr,1.05
2025-07-18,199820,Παπαδοπούλου 2πλο Γεμιστά Μπισκότα Με Αλατισμένη Καραμέλα 230 gr,1.28
2025-07-18,135459,Παπαδοπούλου 2πλο Γεμιστά Μπισκότα Με Κρέμα 230 gr,1.28
2025-07-18,199819,Παπαδοπούλου 2πλο Γεμιστά Μπισκότα Με Πραλίνα Φουντουκιού 230 gr,1.28
2025-07-18,124549,Παπαδοπούλου 2πλο Γεμιστά Μπισκότα Με Σοκολάτα 230 gr,1.28
2025-07-18,1110,Παπαδοπούλου Caprice Πουράκια Classic 115 gr,1.3
2025-07-18,115899,Melitta Compleat Υποκατάστατο Κρέμας Σαντιγύ Σε Σκόνη 200 gr,2.68
2025-07-18,198418,Elite Crackers Μεσογειακά Με Γλυκιά Πάπρικα 105 gr,1.2
2025-07-18,101289,Elite Crackers Μεσογειακά Με Ντομάτα &amp; Βασιλικό 105 gr,1.2
2025-07-18,191026,Elite Crackers Μεσογειακά Με Παρμεζάνα 105 gr,1.2
2025-07-18,191234,Elite Crackers Μεσογειακά Με Πατάτα &amp; Θυμάρι 105 gr,1.2
2025-07-18,170088,Elite Crackers Μεσογειακά Με Σπανάκι &amp; Άνηθο 105 gr,1.2
2025-07-18,101287,Elite Crackers Μεσογειακά Με Φέτα &amp; Ρίγανη 105 gr,1.2
2025-07-18,180834,Elite Crackers Μεσογειακά Με Χαρούπι 105 gr,1.2
2025-07-18,101290,Elite Crackers Μεσογειακά Φυσική Γεύση Με Σουσάμι 105 gr,1.2
2025-07-18,191918,Iliostasio Τσάι Μαλοτήρα Βιολογικό 10 x 1 gr,1.68
2025-07-18,192011,Trident Long Τσίχλες Μέντα Χωρίς Ζάχαρη 10 Τεμάχια 22 gr,0.9
2025-07-18,53300,Trident Max Splash Τσίχλες Βανίλια Μέντα Χωρίς Ζάχαρη 10 Τεμάχια 22 gr,0.9
2025-07-18,67503,Trident Max Splash Τσίχλες Δυόσμος Χωρίς Ζάχαρη 10 Τεμάχια 22 gr ,0.9
2025-07-18,55391,Trident Max Splash Τσίχλες Φράουλα Λάιμ Χωρίς Ζάχαρη 10 Τεμάχια 22 gr,0.9
2025-07-18,148752,Trident White Τσίχλες Χωρίς Ζάχαρη 16 Τεμάχια 23.8 gr,0.9
2025-07-18,148587,Trident Τσίχλες Φράουλα Χωρίς Ζάχαρη 16 Τεμάχια 23-8 gr,0.9
2025-07-18,188636,Crispy King Ρυζογκοφρέτες Τραγανές Με Καλαμπόκι Vegan Χωρίς Γλουτένη 100 gr,0.86
2025-07-18,199745,Παυλίδης Γκοφρέτα Με Σοκολάτα Υγείας 3 x 34 gr,1.65
2025-07-18,169758,Παυλίδης 3 Bit Strawberry Flavor Μπάρα Σοκολάτας 65 gr,1.09
2025-07-18,1640,Παυλίδης 3 Bit Μπάρα Σοκολάτας 65 gr,1.09
2025-07-18,168510,Trident Max Τσίχλες Δυόσμος Χωρίς Ζάχαρη 14 Τεμάχια 27 gr,0.83
2025-07-18,191993,Croco Brezel Crackers Mix 500 gr,2.27
2025-07-18,1597,Milka Lila Pause Σοκολάτα Φράουλα 34 gr,0.98
2025-07-18,185093,Crisp Corn Καλαμπογκοφρέτες Με Γεύση Jamon 123-5 gr,2.16
2025-07-18,1346,Mentos Καραμέλες Μέντα 38 gr,0.68
2025-07-18,1347,Mentos Καραμέλες Φρούτα 38 gr,0.68
2025-07-18,180269,Agrino Ρυζογκοφρέτες Μίνι Barbeque Χωρίς Γλουτένη 50 gr,0.83
2025-07-18,180271,Agrino Ρυζογκοφρέτες Μίνι Με Pizza Χωρίς Γλουτένη 50 gr,0.83
2025-07-18,180270,Agrino Ρυζογκοφρέτες Μίνι Με Τυρί Χωρίς Γλουτένη 50 gr,0.83
2025-07-18,180268,Agrino Ρυζογκοφρέτες Μίνι Ρίγανη Χωρίς Γλουτένη 50 gr,0.83
2025-07-18,201983,Millhouse Μπάρες Δημητριακών Με Μπισκότο Digestive &amp; Μαύρη Σοκολάτα 4 x 28 gr,1.85
2025-07-18,201984,Millhouse Μπάρες Δημητριακών Με Μπισκότο Digestive &amp; Σοκολάτα Γάλακτος 4 x 28 gr,1.85
2025-07-18,173269,Amaretti Γκοφρετάκια Με Γέμιση Κρέμας Φουντουκιού 68 gr,0.5
2025-07-18,188885,Jumbo Crunchy Πατατάκια Χωρίς Προσθήκη Αλατιού Χωρίς Γλουτένη 90 gr,0.94
2025-07-18,203675,Happy Swing Πουράκια Brownie 150 gr,1.43
2025-07-18,203676,Happy Swing Πουράκια Κακάο 150 gr,1.43
2025-07-18,196616,Crisp Rolls Ρυζογκοφρέτες Με Επικάλυψη Μαύρης Σοκολάτας Χωρίς Γλουτένη 60 gr,1.35
2025-07-18,180643,Croco Brezel Crackers Mix 250 gr,1.21
2025-07-18,71843,Παυλίδης Γκοφρέτα Με Σοκολάτα Υγείας 34 gr,0.58
2025-07-18,113764,Croco Crackers Pizza 100 gr,0.61
2025-07-18,113765,Croco Brezel Με Αλάτι 80 gr,0.45
2025-07-18,130678,Χαλκιαδάκης Φίλτρα Καφέ Ν1 x 2 40 Τεμάχια,0.95
2025-07-18,130677,Χαλκιαδάκης Φίλτρα Καφέ Ν1 x 4 40 Τεμάχια,1.03
2025-07-18,129549,Χαλκιαδάκης Μαρμελάδα Βατόμουρο 370 gr,2.35
2025-07-18,129546,Χαλκιαδάκης Μαρμελάδα Φράουλα 370 gr,1.93
2025-07-18,129545,Χαλκιαδάκης Μαρμελάδα Βερύκοκο 370 gr,2.05
2025-07-18,129548,Χαλκιαδάκης Μαρμελάδα Κεράσι 370 gr,1.93
2025-07-18,129550,Χαλκιαδάκης Μαρμελάδα Πορτοκάλι 370 gr,1.93
2025-07-18,129547,Χαλκιαδάκης Μαρμελάδα Ροδάκινο 370 gr,2.05
2025-07-18,129556,Χαλκιαδάκης Μαρμελάδα Βύσσινο 500 gr,1.95
2025-07-18,129553,Χαλκιαδάκης Μαρμελάδα Κεράσι 500 gr,1.95
2025-07-18,129552,Χαλκιαδάκης Μαρμελάδα Ροδάκινο 500 gr,1.94
2025-07-18,129554,Χαλκιαδάκης Μαρμελάδα Βερύκοκο 500 gr,1.94
2025-07-18,129555,Χαλκιαδάκης Μαρμελάδα Βατόμουρο 500 gr,2.0
2025-07-18,129551,Χαλκιαδάκης Μαρμελάδα Φράουλα 500 gr,1.95
2025-07-18,2119,Kellogg&#039;s Corn Flakes Δημητριακά 375 gr,3.85
2025-07-18,76541,Kellogg&#039;s Corn Flakes Δημητριακά 500 gr,4.93
2025-07-18,130675,Millhouse Corn Flakes Δημητριακά 375 gr,1.72
2025-07-18,201461,Nutri Valley Δημητριακά Corn Flakes 375 gr,2.12
2025-07-18,70813,3Αλφα Σιτάρι Αποφλοιωμένο Ελλήνων Παραγωγών 500 gr,1.73
2025-07-18,188671,3αλφα Κινόα Βιολογική Χωρίς Γλουτένη 450 gr,6.1
2025-07-18,188670,3αλφα Σπόροι Chia Βιολογικοί Χωρίς Γλουτένη 350 gr,5.09
2025-07-18,130911,Bio Vita Κινόα Βιολογική 350 gr,3.28
2025-07-18,123081,Bio Vita Λιναρόσπορος Κοπανισμένος Βιολογικός 350 gr,2.27
2025-07-18,204036,Evergreen Λιναρόσπορος Καφέ Βιολογικός 500 gr,3.62
2025-07-18,149362,Evergreen Λιναρόσπορος Κοπανιστός Βιολογικός 350 gr,2.37
2025-07-18,152858,Evergreen Σπόροι Chia Βιολογικoί 140 gr,2.98
2025-07-18,162103,Fytro Κινόα Λευκή Vegan Χωρίς Γλουτένη 450 gr,4.7
2025-07-18,21794,Kellogg&#039;s All Bran Δημητριακά 375 gr,5.24
2025-07-18,167080,Kellogg&#039;s All Bran Δημητριακά Fibre Plus 375 gr,5.24
2025-07-18,130668,Millhouse Light &amp; Diet Δημητριακά 375 gr ,2.3
2025-07-18,156990,Millhouse Light &amp; Diet Δημητριακά Chocolate 375 gr ,3.27
2025-07-18,156991,Millhouse Light &amp; Diet Δημητριακά Dark Chocolate &amp; Strawberry 375 gr ,3.37
2025-07-18,130670,Millhouse Light &amp; Diet Δημητριακά Dark Chocolate 375 gr,3.27
2025-07-18,196588,Nestle Fitness Δημητριακά Cocoa Protein Χωρίς Ζάχαρη 310 gr,4.48
2025-07-18,69500,Nestle Fitness Δημητριακά Dark Chocolate 375 gr,5.06
2025-07-18,193497,Nestle Fitness Δημητριακά Dark Chocolate 540 gr,5.56
2025-07-18,20829,Nestle Fitness Δημητριακά Fruits 375 gr,4.63
2025-07-18,47705,Nestle Fitness Δημητριακά Milk Chocolate 375 gr,5.06
2025-07-18,193496,Nestle Fitness Δημητριακά Milk Chocolate 540 gr,5.56
2025-07-18,114070,Nestle Fitness Δημητριακά Original 375 gr,4.05
2025-07-18,194871,Nestle Fitness Δημητριακά Original 540 gr,3.52
2025-07-18,2131,Weetabix Δημητριακά Original 215 gr,1.84
2025-07-18,165985,Weetabix Δημητριακά Protein Crunch Σοκολάτα 450 gr ,2.99
2025-07-18,115644,Αφοί Χαΐτογλου Λιναρόσπορος 250 gr,2.0
2025-07-18,185094,Βιολάντα Δημητριακά Proteino Με Μαύρη Σοκολάτα Vegan 370 gr,1.84
2025-07-18,179121,Βιολάντα Δημητριακά Proteino Ολικής Άλεσης Χωρίς Προσθήκη Ζάχαρης Vegan 370 gr,1.84
2025-07-18,188672,3αλφα Φαγόπυρο Βιολογικό 450 gr,2.7
2025-07-18,100297,Bio Vita Νιφάδες Βρώμης Quaker Βιολογικές 350 gr,1.55
2025-07-18,2966,Fytro Μουσλι Χωρίς Ζάχαρη Vegan 500 gr,3.5
2025-07-18,2964,Fytro Νιφάδες Βρώμης Ολικής Άλεσης Vegan 500 gr ,2.46
2025-07-18,2950,Fytro Πίτυρο Βρώμης Vegan 500 gr,3.42
2025-07-18,189115,Go On Δημητριακά Protein Granola Brownie &amp; Cherry 300 gr,5.6
2025-07-18,185041,Go On Δημητριακά Protein Granola Με Σοκολάτα Αμύγδαλο &amp; Φουντούκι 300 gr,5.3
2025-07-18,194318,Healthy Habits Δημητριακά Granola Με Φουντουκοβούτυρο &amp; Μαύρη Σοκολάτα 350 gr,2.78
2025-07-18,194319,Healthy Habits Δημητριακά Granola Με Φυστικοβούτυρο &amp; Μαύρη Σοκολάτα 350 gr,4.48
2025-07-18,201697,Healthy Habits Δημητριακά Granola Πρωτεΐνης Με Φυστικοβούτυρο 350 gr,4.88
2025-07-18,191582,Kellogg&#039;s Extra Δημητριακά Granola Κλασική Γεύση Vegan 450 gr,5.28
2025-07-18,191308,Kellogg&#039;s Extra Δημητριακά Με Granola &amp; Αποξηραμένα Κόκκινα Φρούτα Vegan 400 gr,5.38
2025-07-18,194824,Kellogg&#039;s Extra Δημητριακά Με Granola &amp; Καραμελωμένα Φουντούκια 375 gr,5.28
2025-07-18,191306,Kellogg&#039;s Extra Δημητριακά Με Granola &amp; Σοκολάτα Γάλακτος 450 gr,5.28
2025-07-18,191375,Kellogg&#039;s Extra Δημητριακά Με Granola Αποξηραμένα Φρούτα &amp; Ξηρούς Καρπούς Vegan 400 gr,5.38
2025-07-18,191096,Kellogg&#039;s Extra Δημητριακά Με Granola Σοκολάτα &amp; Ξηρούς Καρπούς 450 gr,5.28
2025-07-18,130667,Millhouse Quick Oats Δημητριακά 500 gr,1.25
2025-07-18,203741,Millhouse Νιφάδες Βρώμης Protein Oats Nuts &amp; Seeds 500 gr,2.23
2025-07-18,130664,Millhouse Νιφάδες Βρώμης Βιολογικές 500 gr,1.92
2025-07-18,130666,Millhouse Νιφάδες Βρώμης Με Super Fruits 500 gr,2.67
2025-07-18,201465,Nutri Valley Granola Τραγανές Μπουκιές Δημητριακά Με Κομμάτια Μαύρης Σοκολάτας Χωρίς Γλουτένη 320 gr,2.37
2025-07-18,201464,Nutri Valley Granola Τραγανές Μπουκιές Δημητριακά Με Μπανάνα &amp; Μαύρη Σοκολάτα Χωρίς Προσθήκη Ζάχαρης 375 gr,2.97
2025-07-18,194863,Nutri Valley Granola Τραγανές Μπουκιές Με Βρωμη &amp; Μαύρη Σοκολάτα 30% Λιγότερη Ζάχαρη 450 gr,2.97
2025-07-18,194862,Nutri Valley Granola Τραγανές Μπουκιές Με Βρωμη &amp; Μαύρη Σοκολάτα Χωρίς Ζάχαρη 375 gr,2.97
2025-07-18,201463,Nutri Valley Νιφάδες Βρώμης Με Κομμάτια Μαύρης Σοκολάτας Ολικής Άλεσης 500 gr,1.94
2025-07-18,201462,Nutri Valley Νιφάδες Βρώμης Ολικής Άλεσης 500 gr,1.68
2025-07-18,37454,Quaker Νιφάδες Βρώμης Ολικής Άλεσης Σε Σακούλα 500 gr,1.99
2025-07-18,173202,Quaker Τραγανές Μπουκιές Δημητριακά Με Βρώμη &amp; Απλή Γκρανόλα 450 gr,2.59
2025-07-18,173204,Quaker Τραγανές Μπουκιές Δημητριακά Με Βρώμη &amp; Ξηρούς Καρπούς 450 gr,3.47
2025-07-18,173203,Quaker Τραγανές Μπουκιές Δημητριακά Με Βρώμη &amp; Σοκολάτα 450 gr,3.47
2025-07-18,145899,Quaker Τραγανές Μπουκιές Δημητριακά Με Βρώμη &amp; Σοκολάτα 600 gr,4.48
2025-07-18,173205,Quaker Τραγανές Μπουκιές Δημητριακά Με Βρώμη &amp; Σοκολάτα Γάλακτος 450 gr,3.47
2025-07-18,173206,Quaker Τραγανές Μπουκιές Δημητριακά Με Βρώμη &amp; Φρούτα 450 gr,3.47
2025-07-18,190951,Quaker Τραγανές Μπουκιές Δημητριακά Με Μήλο Καρύδια Πεκάν &amp; Γεύση Κανέλας Χωρίς Προσθήκη Ζάχαρης Vegan 400 gr,3.47
2025-07-18,190950,Quaker Τραγανές Μπουκιές Δημητριακά Με Φράουλα &amp; Ροδάκινο Χωρίς Προσθήκη Ζάχαρης Vegan 400 gr,3.47
2025-07-18,172440,Βιολάντα Δημητριακά Βρώμης Με Μαύρη Σοκολάτα Vegan 370 gr,3.68
2025-07-18,172441,Βιολάντα Δημητριακά Βρώμης Χωρίς Ζάχαρη Vegan 370 gr,3.68
2025-07-18,105475,Corny Big Μπάρα Δημητριακών Με Μαύρη Σοκολάτα 50 gr,0.82
2025-07-18,105477,Corny Big Μπάρα Δημητριακών Με Σοκολάτα &amp; Μπανάνα 50 gr,0.82
2025-07-18,167492,Fitme Up Μπάρες Πρωτεΐνης Cookies &amp; Cream 60 gr,1.46
2025-07-18,194316,Healthy Habits Μπάρες Δημητριακών Με Φυστικοβούτυρο &amp; Σοκολάτα Χωρίς Γλουτένη 4 x 35 gr,3.04
2025-07-18,194317,Healthy Habits Μπάρες Δημητριακών Με Φυστικοβούτυρο Χωρίς Γλουτένη 4 x 35 gr,2.78
2025-07-18,194632,Healthy Habits Μπάρες Δημητριακών Πρωτεΐνης Με Φυστικοβούτυρο 4 x 35 gr,2.78
2025-07-18,198596,Hungry Not Μπάρες Πρωτεΐνης Με Πραλίνα Φουντουκιού 3 x 45 gr,3.95
2025-07-18,198594,Hungry Not Μπάρες Πρωτεΐνης Με Σοκολάτα Cookie Dough &amp; Καραμέλα Χωρίς Προσθήκη Ζάχαρης 3 x 50 gr,4.5
2025-07-18,198595,Hungry Not Μπάρες Πρωτεΐνης Με Τραγανό Μπισκότο 3 x 45 gr,3.95
2025-07-18,171233,ION Protein Μπάρα Δημητριακών Σοκολάτας Κακάο 50 gr,1.4
2025-07-18,165701,ION Protein Μπάρα Σοκολάτας Γάλακτος Με Γέμιση Καρύδας 50 gr,1.4
2025-07-18,165700,ION Protein Μπάρα Σοκολάτας Γάλακτος Με Γέμιση Φουντούκι 50 gr,1.4
2025-07-18,62245,Kellogg&#039;s All Bran Μπάρες Δημητριακών Chocolate 6 x 40 gr,4.5
2025-07-18,185567,Kellogg&#039;s Special Μπάρες Δημητριακών Dark Chocolate 6 x 21.5 gr,3.78
2025-07-18,205853,Kellogg&#039;s Μπάρες Δημητριακών Cocoa 6 x 24 gr,3.78
2025-07-18,175528,Millhouse Protein Μπάρες Με Καβουρδισμένα Φιστίκια Ηλιόσπορους &amp; Σοκολάτα Γάλακτος 4 x 35 gr,2.84
2025-07-18,175527,Millhouse Protein Μπάρες Ξηρών Καρπών Με Μαύρη Σοκολάτα 4 x 35 gr,2.84
2025-07-18,199263,Nature Valley Crunchy Μπάρες Δημητριακών Dipped Salted Caramel 8 x 20 gr,1.9
2025-07-18,188849,Nature Valley Crunchy Μπάρες Δημητριακών Dipped Με Σοκολάτα Γάλακτος 8 x 20 gr,1.9
2025-07-18,192700,Nature Valley Crunchy Μπάρες Δημητριακών Oats &amp; Berries Χωρίς Λακτόζη 5 x 42 gr,3.48
2025-07-18,199343,Nature Valley Crunchy Μπάρες Δημητριακών Oats &amp; Chocolate Chips 5 x 42 gr,3.48
2025-07-18,192699,Nature Valley Crunchy Μπάρες Δημητριακών Oats &amp; Dark Chocolate Χωρίς Λακτόζη 5 x 42 gr,3.48
2025-07-18,192698,Nature Valley Crunchy Μπάρες Δημητριακών Oats &amp; Honey Χωρίς Λακτόζη 5 x 42 gr,3.48
2025-07-18,199071,Nature Valley Crunchy Μπάρες Δημητριακών Roasted Almond Χωρίς Λακτόζη 5 x 42 gr,3.48
2025-07-18,148686,Nature Valley Protein Μπάρες Δημητριακών Peanut &amp; Chocolate Χωρίς Γλουτένη 4 x 40 gr,2.61
2025-07-18,148685,Nature Valley Protein Μπάρες Δημητριακών Salted Caramel Nut 4 x 40 gr,2.61
2025-07-18,201702,Nestle Fitness Granola Μπάρες Δημητριακών Chocolate 5 x 38 gr,3.48
2025-07-18,201705,Nestle Fitness Granola Μπάρες Δημητριακών Cranberries 5 x 38 gr,3.48
2025-07-18,201700,Nestle Fitness Μπάρες Δημητριακών Chocolate 12 x 23.5 gr,5.12
2025-07-18,57997,Nestle Fitness Μπάρες Δημητριακών Chocolate 6 x 23.5 gr,3.8
2025-07-18,166708,Nestle Fitness Μπάρες Δημητριακών Chocolate Banana 6 x 23.5 gr,3.8
2025-07-18,194807,Nestle Fitness Μπάρες Δημητριακών Cocoa Protein Χωρίς Ζάχαρη 4 x 20 gr,2.88
2025-07-18,141892,Nestle Fitness Μπάρες Δημητριακών Milk Chocolate 6 x 22.5 gr,3.8
2025-07-18,201701,Nestle Fitness Μπάρες Δημητριακών Red Berries 12 x 23.5 gr,5.12
2025-07-18,157672,Nestle Fitness Μπάρες Δημητριακών Red Berries 6 x 23.5 gr,3.8
2025-07-18,192523,Nutri Valley Μπάρα Δημητριακών Με Σοκολάτα &amp; Μπανάνα 80 gr,1.48
2025-07-18,205442,Nutri Valley Μπάρα Δημητριακών Με Σοκολάτα &amp; Μπισκότο Χωρίς Γλουτένη 3 x 40 gr,2.26
2025-07-18,192529,Nutri Valley Μπάρα Δημητριακών Με Σοκολάτα &amp; Φράουλα 80 gr,1.48
2025-07-18,192524,Nutri Valley Μπάρα Δημητριακών Με Σοκολάτα 80 gr,1.48
2025-07-18,201459,Nutri Valley Μπάρα Πρωτεΐνης Δημητριακών Με Μαύρη Σοκολάτα Χωρίς Γλουτένη 3 x 40 gr,2.26
2025-07-18,194861,Nutri Valley Μπάρα Πρωτεΐνης Δημητριακών Με Σοκολάτα Γάλακτος Χωρίς Γλουτένη 3 x 40 gr,2.26
2025-07-18,182164,Reese&#039;s Nutrageous Μπάρα Με Φυστίκια Φυστικοβούτυρο Καραμέλα &amp; Επικάλυψη Σοκολάτας 47 gr,2.08
2025-07-18,179491,Βιολάντα Zero Μπάρες Δημητριακών Με Κομμάτια Μαύρης Σοκολάτας Χωρίς Ζάχαρη 6 x 30 gr,3.18
2025-07-18,205997,Παπαδοπούλου Digestive Bar Μπάρες Δημ/κών Με Κομματάκια Σοκ/τας &amp; Σοκ/τα Γάλακτος 10 x 28 gr,4.7
2025-07-18,100663,Παπαδοπούλου Digestive Bar Μπάρες Δημ/κών Με Κομματάκια Σοκ/τας &amp; Σοκ/τα Γάλακτος 5 x 28 gr,2.95
2025-07-18,100664,Παπαδοπούλου Digestive Bar Μπάρες Δημητριακών Με Κόκκινα Φρούτα &amp; Γάλα 5 x 28 gr,2.95
2025-07-18,100665,Παπαδοπούλου Digestive Bar Μπάρες Δημητριακών Με Κόκκινα Φρούτα &amp; Σοκολάτα Γάλακτος 5 x 28 gr,2.95
2025-07-18,121361,Παπαδοπούλου Digestive Bar Μπάρες Δημητριακών Με Μαύρη Σοκολάτα Χωρίς Ζάχαρη 5 x 28 gr,3.12
2025-07-18,121362,Παπαδοπούλου Digestive Bar Μπάρες Δημητριακών Με Πορτοκάλι &amp; Μαύρη Σοκολάτα 5 x 28 gr,2.95
2025-07-18,187840,Παπαδοπούλου Granola Μπάρες Δημητριακών Με Κομμάτια Σοκολάτας Χωρίς Ζάχαρη 5 x 42 gr,3.35
2025-07-18,188162,Παπαδοπούλου Granola Μπάρες Δημητριακών Με Μαύρη Σοκολάτα &amp; Κακάο 5 x 42 gr,3.15
2025-07-18,194132,Kellogg&#039;s Coco Pops Δημητριακά 480 gr,4.07
2025-07-18,192816,Kellogg&#039;s Coco Pops Δημητριακά Choco 550 gr,3.92
2025-07-18,159799,Kellogg&#039;s Honey &amp; Nuts Δημητριακά 375 gr,5.23
2025-07-18,191128,Kit Kat Δημητριακά 330 gr,4.98
2025-07-18,201981,Millhouse Choco Balls Δημητριακά 375 gr,2.97
2025-07-18,130676,Millhouse Choco Flakes Δημητριακά 375 gr,2.57
2025-07-18,144818,Millhouse Choco Pops Δημητριακά 375 gr,2.57
2025-07-18,130671,Millhouse Honey Rings Δημητριακά 375 gr,2.78
2025-07-18,65676,Nestle Cookie Crisp Δημητριακά 375 gr,4.45
2025-07-18,2190,Nestle Honey Cheerios Δημητριακά Ολικής Άλεσης Με Μέλι 375 gr,4.3
2025-07-18,95164,Nestle Honey Cheerios Δημητριακά Ολικής Άλεσης Με Μέλι 625 gr,6.25
2025-07-18,197222,Nestle Lion Minis Δημητριακά Καραμέλα Σοκολάτα 300 gr,3.98
2025-07-18,165198,Nestle Lion Wild Δημητριακά Καραμέλα Σοκολάτα 410 gr,4.98
2025-07-18,123043,Nestle Lion Δημητριακά Καραμέλα Σοκολάτα 400 gr,4.52
2025-07-18,172675,Nestle Lion Δημητριακά Καραμέλα Σοκολάτα 675 gr,6.98
2025-07-18,197223,Nestle Nesquik Minis Δημητριακά 300 gr,3.98
2025-07-18,2181,Nestle Nesquik Δημητριακά 625 gr,6.1
2025-07-18,73912,Nestle Nesquik Δημητριακά Duo 325 gr,5.35
2025-07-18,192521,Nutri Valley Δημητριακά Minions Crispy Pillows 375 gr,2.67
2025-07-18,192250,Nutri Valley Δημητριακά Peppa Pig Choco Balls 375 gr,2.67
2025-07-18,201466,Nutri Valley Δημητριακά Scooby Doo Milky Pillows 375 gr,2.69
2025-07-18,205441,Nutri Valley Δημητριακά Skull Crunch Γάλα &amp; Κακάο 375 gr,2.69
2025-07-18,166832,Dimello Καφές Espresso Aroma Σε Κόκκους 250 gr ,9.8
2025-07-18,201012,Dimello Καφές Espresso Decaffeine Αλεσμένος 250 gr,10.45
2025-07-18,153036,Dimello Καφές Espresso Forza Αλεσμένος 250 gr ,7.92
2025-07-18,191677,Dimello Καφές Espresso Forza Σε Κόκκους 250 gr ,6.7
2025-07-18,182808,Dimello Καφές Espresso Gusto Αλεσμένος 250 gr,7.75
2025-07-18,205617,Dimello Καφές Espresso Gusto Σε Κόκκους 500 gr ,14.98
2025-07-18,153037,Dimello Καφές Espresso Mezzo Αλεσμένος 250 gr ,8.45
2025-07-18,154149,Illy Καφές Espresso Classico Single Portion Normale 18 Τεμάχια 131 gr,9.3
2025-07-18,153225,Illy Καφές Espresso Intenso Single 18 Τεμάχια 131 gr,9.3
2025-07-18,201011,Illy Καφές Espresso Intenso Αλεσμένος 250 gr,10.35
2025-07-18,6159,Illy Καφές Espresso Αλεσμένος 250 gr,11.1
2025-07-18,6160,Illy Καφές Espresso Αλεσμένος Decaffeine 250 gr,11.1
2025-07-18,6111,Illy Καφές Espresso Σε Κόκκους 250 gr,11.45
2025-07-18,74464,Jacobs Καφές Espresso Arabica Αλεσμένος 250 gr,6.48
2025-07-18,122678,Jacobs Καφές Espresso Intenso Αλεσμένος 225 gr,5.48
2025-07-18,178057,L&#039;or Καφές Espresso Brazil 6 Σε Κόκκους 500 gr,14.78
2025-07-18,201782,L&#039;or Καφές Espresso Classique 6 Σε Κόκκους 200 gr,5.98
2025-07-18,186965,L&#039;or Καφές Espresso Colombia 8 Σε Κόκκους 500 gr,14.78
2025-07-18,201783,L&#039;or Καφές Espresso Maranello Σε Κόκκους 450 gr,13.58
2025-07-18,194191,Lavazza Καφές Espresso Crema E Gusto Αλεσμένος 2 x 250 gr,9.62
2025-07-18,51671,Lavazza Καφές Espresso Crema E Gusto Αλεσμένος 250 gr,5.27
2025-07-18,154649,Lavazza Καφές Espresso Decafeine 250 gr,7.14
2025-07-18,120696,Lavazza Καφές Espresso Gran Σε Κόκκους 1000 gr,29.8
2025-07-18,51672,Lavazza Καφές Espresso Qualita Oro Αλεσμένος 250 gr,7.02
2025-07-18,178167,Lavazza Καφές Espresso Qualita Rossa Αλεσμένος 2 x 250 gr,10.14
2025-07-18,118552,Lavazza Καφές Espresso Qualita Rossa Σε Κόκκους 1000 gr,23.5
2025-07-18,197814,Segafredo Καφές Espresso Selezione Σε Κόκκους Βιολογικός 500 gr,12.22
2025-07-18,152551,Bravo Καφεκοπτείο Ελληνικός Καφές 157 gr,3.58
2025-07-18,160939,Bravo Καφεκοπτείο Ελληνικός Καφές 300 gr,6.45
2025-07-18,100646,Bravo Ο Κλασικός Ελληνικός Καφές 193 gr,4.38
2025-07-18,100645,Bravo Ο Κλασικός Ελληνικός Καφές 95 gr,2.28
2025-07-18,6105,Αρχοντάκη Ελληνικός Καφές,5.53
2025-07-18,6094,Δανδάλη Ελληνικός Καφές 100 gr,2.38
2025-07-18,6095,Δανδάλη Ελληνικός Καφές 200 gr,4.2
2025-07-18,6089,Δανδάλη Ελληνικός Καφές 500 gr,9.98
2025-07-18,153330,Δανδάλη Ελληνικός Καφές Decafeine 100 gr,2.82
2025-07-18,6150,Δανδάλη Φρεσκοαλεσμένος Ελληνικός Καφές,5.71
2025-07-18,205469,Λουμίδης Παπαγάλος Έκαστος Κοσμοπολίτης Ελληνικός Καφές 96 gr,2.78
2025-07-18,168489,Λουμίδης Παπαγάλος Κουπάτος Ελληνικός Καφές 290 gr,6.98
2025-07-18,203516,Λουμίδης Παπαγάλος Μονοποικιαλιακός Ελληνικός Καφές 96 gr,2.98
2025-07-18,6068,Λουμίδης Παπαγάλος Παραδοσιακός Ελληνικός Καφές 194 gr,5.15
2025-07-18,100882,Λουμίδης Παπαγάλος Παραδοσιακός Ελληνικός Καφές 340 gr,7.2
2025-07-18,28503,Λουμίδης Παπαγάλος Παραδοσιακός Ελληνικός Καφές 490 gr,11.35
2025-07-18,6067,Λουμίδης Παπαγάλος Παραδοσιακός Ελληνικός Καφές 96 gr,2.45
2025-07-18,6074,Λουμίδης Παπαγάλος Σκούρος Ελληνικός Καφές 194 gr,4.74
2025-07-18,129973,Τσιρογαλάκη Ελληνικός Καφές 100 gr,1.92
2025-07-18,191099,Coffee Island Καφές Espresso Affection Σε Κάψουλες 10 x 5.2 gr,2.87
2025-07-18,191100,Coffee Island Καφές Espresso Bliss Σε Κάψουλες 10 x 5.2 gr,2.87
2025-07-18,191679,Dimello Καφές Espresso Forte Lungo 8 Σε Κάψουλες 10 x 5.6 gr,4.68
2025-07-18,205618,Dimello Καφές Espresso Forte Lungo 8 Σε Κάψουλες 20 x 5.6 gr,8.98
2025-07-18,170668,Dimello Καφές Espresso Intenso 9 Σε Κάψουλες 10 x 5.6 gr,4.68
2025-07-18,170667,Dimello Καφές Espresso Ristretto 10 Σε Κάψουλες 10 x 5.6 gr,4.68
2025-07-18,186384,Illy Καφές Espresso Decaffeinato Iperespresso 18 Κάψουλες 120.6 gr,10.95
2025-07-18,177569,Illy Καφές Espresso Iperespresso Classic 18 Κάψουλες 120.6 gr,10.95
2025-07-18,182809,Illy Καφές Espresso Iperespresso Classic Lungo 18 Κάψουλες 111.6 gr,10.95
2025-07-18,169684,Jacobs Καφές Espresso 10 Intenso 40 Κάψουλες 208 gr,13.98
2025-07-18,160997,Jacobs Καφές Espresso 12 Ristretto 10 Κάψουλες 52 gr,4.0
2025-07-18,163825,Jacobs Καφές Espresso Lungo 8 Intenso 20 Κάψουλες 104 gr,7.55
2025-07-18,177570,L&#039;or Καφές Espresso Barista 13 Σε Κάψουλες 10 x 5-2 gr,3.66
2025-07-18,205778,L&#039;or Καφές Espresso Brazil Σε Κάψουλες 10 x 5-2 gr,3.74
2025-07-18,187937,L&#039;or Καφές Espresso Caramel Σε Κάψουλες 10 x 5-2 gr,3.74
2025-07-18,174202,L&#039;or Καφές Espresso Colombia 8 Σε Κάψουλες 20 x 5-2 gr,7.26
2025-07-18,167762,L&#039;or Καφές Espresso Decaffeinato Ristretto Σε Κάψουλες 10 x 5-2 gr,3.66
2025-07-18,199277,L&#039;or Καφές Espresso Hazelnut Σε Κάψουλες 10 x 5-2 gr,3.74
2025-07-18,201786,L&#039;or Καφές Espresso Imola Ristretto Σε Κάψουλες 10 x 5.2 gr,3.74
2025-07-18,169961,L&#039;or Καφές Espresso Lungo Profondo 8 Σε Κάψουλες 20 x 5-2 gr,7.11
2025-07-18,194217,L&#039;or Καφές Espresso Lungo Profondo 8 Σε Κάψουλες 50 x 5-2 gr,16.69
2025-07-18,201787,L&#039;or Καφές Espresso Maranello Σε Κάψουλες 10 x 5.2 gr,3.74
2025-07-18,169040,L&#039;or Καφές Espresso Ristretto 11 Σε Κάψουλες 20 x 5-2 gr,7.11
2025-07-18,178058,L&#039;or Καφές Espresso Ristretto 11 Σε Κάψουλες 40 x 5-2 gr,13.76
2025-07-18,180197,L&#039;or Καφές Espresso Supremo 10 Σε Κάψουλες 20 x 5-2 gr,7.11
2025-07-18,187938,L&#039;or Καφές Espresso Vanilla Σε Κάψουλες 10 x 5-2 gr,3.74
2025-07-18,182504,Lavazza Καφές Espresso Classico 30 Κάψουλες 171 gr,9.07
2025-07-18,182505,Lavazza Καφές Espresso Crema E Gusto 10 Κάψουλες 57 gr,3.5
2025-07-18,194190,Lavazza Καφές Espresso Crema E Gusto 30 Κάψουλες 171 gr,9.72
2025-07-18,201020,Lavazza Καφές Espresso Qualita Oro 30 Κάψουλες 165 gr,10.21
2025-07-18,189069,Lavazza Καφές Espresso Rossa 30 Κάψουλες 171 gr,9.72
2025-07-18,114972,Nescafe Dolce Gusto Καφές Cortado Espresso Macchiato 16 Κάψουλες 100.8 gr,6.42
2025-07-18,185623,Nescafe Dolce Gusto Καφές Espresso Buondi 16 Κάψουλες 99.2 gr,6.8
2025-07-18,189088,Nescafe Dolce Gusto Καφές Espresso Decaffeinato 16 Κάψουλες 88 gr,6.8
2025-07-18,178233,Nescafe Dolce Gusto Καφές Freddo Espresso Napoli Style 16 Κάψουλες 128 gr,6.8
2025-07-18,197932,Nescafe Dolce Gusto Καφές Lungo 16 Κάψουλες 89.6 gr,6.8
2025-07-18,200037,Nescafe Dolce Gusto Καφές Ristretto Ardenza 16 Κάψουλες,6.78
2025-07-18,200038,Nescafe Dolce Gusto Καφές Ristretto Barista 16 Κάψουλες,6.78
2025-07-18,203517,Nescafe Mocha Στιγμιαίος Ρόφημα Καφέ 7 x 21 gr,3.5
2025-07-18,180940,Segafredo Καφές Espresso Arabica Σε Κάψουλες 10 x 5-1 gr,3.06
2025-07-18,180942,Segafredo Καφές Espresso Classico Σε Κάψουλες 10 x 5-1 gr,2.95
2025-07-18,194459,Segafredo Καφές Espresso Classico Σε Κάψουλες 30 x 5-1 gr,7.74
2025-07-18,180941,Segafredo Καφές Espresso Ristretto Σε Κάψουλες 10 x 5-1 gr,2.95
2025-07-18,206068,Segafredo Καφές Espresso Ristretto Σε Κάψουλες 30 x 5-1 gr,7.74
2025-07-18,169232,Starbucks Καφές Espresso Blonde Σε Κάψουλες 10 x 5.3 gr,4.98
2025-07-18,189075,Starbucks Καφές Espresso Blonde Σε Κάψουλες 18 x 5.2 gr,7.98
2025-07-18,169239,Starbucks Καφές Espresso Caramel Macchiato Σε Κάψουλες 6 x 5.5 gr + 6 x 15.8 gr,5.98
2025-07-18,192135,Starbucks Καφές Espresso Caramel Σε Κάψουλες 10 x 5.1 gr ,4.98
2025-07-18,175061,Starbucks Καφές Espresso Colombia Σε Κάψουλες 10 x 5.7 gr,5.25
2025-07-18,170836,Starbucks Καφές Espresso House Blend Lungo Σε Κάψουλες 10 x 5.7 gr,4.98
2025-07-18,178234,Starbucks Καφές Espresso Italian Style Roast Σε Κάψουλες 10 x 5.6 gr,4.98
2025-07-18,169235,Starbucks Καφές Espresso Pike Place Lungo Σε Κάψουλες 10 x 5.3 gr,4.98
2025-07-18,205937,Starbucks Καφές Espresso Ristretto Σε Κάψουλες 10 x 5.7 gr,4.98
2025-07-18,169233,Starbucks Καφές Espresso Roast Decaffeine Σε Κάψουλες 10 x 5.7 gr,4.98
2025-07-18,169234,Starbucks Καφές Espresso Roast Σε Κάψουλες 10 x 5.7 gr,4.98
2025-07-18,189074,Starbucks Καφές Espresso Roast Σε Κάψουλες 18 x 5.6 gr ,7.98
2025-07-18,191873,Starbucks Καφές Espresso Vanilla Σε Κάψουλες 10 x 5.1 gr,4.98
2025-07-18,114514,Tassimo Jacobs Καφές Cappuccino Classico 8 Κάψουλες 260 gr,7.78
2025-07-18,126751,Tassimo Jacobs Καφές Crema Classico 16 Κάψουλες 112 gr,7.38
2025-07-18,118551,Tassimo Jacobs Καφές Espresso For Freddo 16 Κάψουλες 144 gr,7.38
2025-07-18,92873,Tassimo Jacobs Καφές Espresso Ristretto 16 Κάψουλες 128 gr,7.38
2025-07-18,6079,Dallmayr Prodomo Καφές Φίλτρου 250 gr ,6.98
2025-07-18,170671,Dimello Καφές Φίλτρου Bold Αλεσμένος 250 gr,6.58
2025-07-18,170672,Dimello Καφές Φίλτρου Mild Αλεσμένος 250 gr,6.58
2025-07-18,193892,Dimello Καφές Φίλτρου Βανίλια 250 gr,7.2
2025-07-18,205619,Dimello Καφές Φίλτρου Καραμέλα 250 gr,7.2
2025-07-18,193894,Dimello Καφές Φίλτρου Φουντούκι 250 gr,7.2
2025-07-18,30253,Jacobs Flavours Καφές Φίλτρου Βανίλια 250 gr,7.88
2025-07-18,64163,Jacobs Flavours Καφές Φίλτρου Καραμέλα 250 gr,7.88
2025-07-18,92924,Jacobs Flavours Καφές Φίλτρου Καραμελωμένο Αμύγδαλο 250 gr,7.88
2025-07-18,25989,Jacobs Flavours Καφές Φίλτρου Φουντούκι 250 gr,7.88
2025-07-18,202811,Jacobs Kronung Καφές Φίλτρου Intense 250 gr,6.38
2025-07-18,196857,Jacobs Εκλεκτός Καφές Φίλτρου 100 gr ,2.98
2025-07-18,66861,Jacobs Εκλεκτός Καφές Φίλτρου 250 gr,6.77
2025-07-18,66862,Jacobs Εκλεκτός Καφές Φίλτρου 500 gr,11.95
2025-07-18,66865,Jacobs Εκλεκτός Καφές Φίλτρου Decaffeine 250 gr ,7.95
2025-07-18,122677,Maxwell House Καφές Φίλτρου 225 gr ,4.78
2025-07-18,163822,Maxwell House Καφές Φίλτρου Φουντούκι 225 gr ,5.48
2025-07-18,174937,Melitta Auslese Καφές Φίλτρου Αλεσμένος 250 gr ,6.5
2025-07-18,6052,Melitta Auslese Καφές Φίλτρου Αλεσμένος 500 gr,12.4
2025-07-18,124566,Plantage Καφές Φίλτρου 488 gr,9.95
2025-07-18,6090,Δανδάλη Καφές Φίλτρου 250 gr,6.42
2025-07-18,168512,Douwe Egberts Στιγμιαίος Καφές Caramel 100 gr ,8.48
2025-07-18,194801,Douwe Egberts Στιγμιαίος Καφές Espresso 185 gr ,14.55
2025-07-18,167036,Douwe Egberts Στιγμιαίος Καφές Espresso 95 gr ,7.98
2025-07-18,105382,Douwe Egberts Στιγμιαίος Καφές Pure Gold 95 gr ,6.98
2025-07-18,168511,Douwe Egberts Στιγμιαίος Καφές Φουντούκι 100 gr ,8.48
2025-07-18,152046,Jacobs Στιγμιαίος Καφές 100 gr,6.58
2025-07-18,178059,Jacobs Στιγμιαίος Καφές Espresso 95 gr,6.75
2025-07-18,160996,Jacobs Στιγμιαίος Καφές Gold 95 gr,6.28
2025-07-18,201789,Jacobs Στιγμιαίος Καφές Instant Gold 200 gr,12.55
2025-07-18,201788,Jacobs Στιγμιαίος Καφές Refill Instant Gold 150 gr,8.98
2025-07-18,62015,Mamascafe Frappe Καφές Σε Σέικερ,0.43
2025-07-18,181475,Mamascafe Freddo Espresso Καφές Σε Σέικερ,0.85
2025-07-18,189271,Nescafe Azera Καφές Espresso Sticks 12 x 3-5 gr,3.82
2025-07-18,168701,Nescafe Classic Στιγμιαίος Καφές 1-1 Kg,49.5
2025-07-18,6096,Nescafe Classic Στιγμιαίος Καφές 100 gr,5.85
2025-07-18,6097,Nescafe Classic Στιγμιαίος Καφές 200 gr,9.38
2025-07-18,6098,Nescafe Classic Στιγμιαίος Καφές 50 gr,3.18
2025-07-18,171853,Nescafe Classic Στιγμιαίος Καφές 700 gr,30.15
2025-07-18,6076,Nescafe Classic Στιγμιαίος Καφές Decafeine 100 gr,6.32
2025-07-18,6075,Nescafe Classic Στιγμιαίος Καφές Decafeine 50 gr,3.62
2025-07-18,181527,Nescafe Classic Στιγμιαίος Καφές Sticks 12 x 2 gr,2.43
2025-07-18,191988,Nescafe Classic Στιγμιαίος Καφές Σέικερ 3 gr,0.44
2025-07-18,38078,Nescafe Gold Στιγμιαίο Ρόφημα Καφέ Cappuccino Decafeine 10 x 12-5 gr,3.63
2025-07-18,93552,Nescafe Gold Καφές Cappuccino Sweet Χωρίς Γλουτένη 250 gr,5.48
2025-07-18,66915,Nescafe Gold Καφές Caramel Latte 8 x 17 gr,3.48
2025-07-18,206155,Nescafe Gold Στιγμιαίο Ρόφημα Καφέ Mocha 8 x 17 gr,3.48
2025-07-18,84691,Nescafe Gold Στιγμιαίο Ρόφημα Καφέ Cappuccino Χωρίς Γλουτένη 10 x 14 gr,3.38
2025-07-18,206443,Nescafe Gold Καφές Στιγμιαίο Ρόφημα Latte Vanilia 8 x 17 gr,3.48
2025-07-18,57991,Nescafe Gold Στιγμιαίος Καφές Blend 50 gr,3.78
2025-07-18,185391,Nescafe Gold Στιγμιαίος Καφές Blend 95 gr,6.75
2025-07-18,192837,Nescafe Gold Στιγμιαίος Καφές Blend Decaffeine 95 gr,7.1
2025-07-18,194232,Nescafe Gold Στιγμιαίος Καφές Chocolate Caramel Brownie 7 x 21.4 gr,3.49
2025-07-18,179135,Nescafe Gold Στιγμιαίος Καφές Iced Latte Salted Caramel 7 x 14.5 gr,2.44
2025-07-18,192252,Nescafe Gold Στιγμιαίος Καφές Βιολογικός 95 gr,7.2
2025-07-18,203506,Nescafe Rich Caramel Στιγμιαίος Καφές Με Γεύση Καραμέλα 95 gr,5.48
2025-07-18,203505,Nescafe Smooth Hazelnut Στιγμιαίος Καφές Με Γεύση Φουντούκι 95 gr,5.48
2025-07-18,201018,Nescafe Στιγμιαίος Καφές Vanilla Cookie 7 x 19.5 gr,3.48
2025-07-18,201013,Starbucks Καφές Στιγμιαίος Caramel Latte 5 x 23 gr,4.48
2025-07-18,201014,Starbucks Καφές Στιγμιαίος Cinnamon Dolce Latte 5 x 23.5 gr,4.48
2025-07-18,160372,Cretamel Ελληνικά Νησιά Λουκούμια Ανάμικτα 300 gr,2.75
2025-07-18,167344,Fhysis Λουκούμια Αιγίνης 280 gr,2.68
2025-07-18,167342,Fhysis Λουκούμια Με Διάφορες Γεύσεις Φρούτων 280 gr,2.48
2025-07-18,167343,Fhysis Λουκούμια Με Διάφορους Ξηρούς Καρπούς 280 gr,2.53
2025-07-18,167338,Greek Recipes Λουκούμια Σε Διάφορες Γεύσεις 200 gr,2.75
2025-07-18,202074,Βομβύλας Λουκούμι Μπουκιές Με Πορτοκάλι Περγαμόντο Λεμόνι 300 gr,2.85
2025-07-18,202075,Βομβύλας Λουκούμι Μπουκιές Με Τριαντάφυλλο 300 gr,2.85
2025-07-18,148535,Cretamel Μαντολάτο Mini Με Φυστίκι Ξηρούς Καρπούς &amp; Μέλι 200 gr,4.26
2025-07-18,185672,Cretan Beauty Μαντολάτο Ανάμικτο 260 gr,4.6
2025-07-18,197482,Orino Nougat Μαντολάτο Με Αμύγδαλο 70 gr,0.99
2025-07-18,132823,Pasteli Michel Μαντολάτο Αμυγδάλου 65 gr,2.15
2025-07-18,174372,Cretamel Παστέλι Με Μέλι &amp; Αμύγδαλα 45 gr,1.16
2025-07-18,79428,Cretamel Παστέλι Με Μέλι &amp; Σουσάμι 45 gr,0.67
2025-07-18,79343,Cretamel Παστέλι Με Μέλι &amp; Σουσάμι 70 gr,0.99
2025-07-18,90076,Cretamel Παστέλι Με Μέλι &amp; Φυστίκι 70 gr,0.95
2025-07-18,174377,Cretamel Φυστίκια Καραμελωμένα Ανάμικτα Vegan Χωρίς Γλουτένη 200 gr,2.48
2025-07-18,174378,Cretamel Φυστίκια Καραμελωμένα Με Γεύση Φράουλα Χωρίς Γλουτένη 200 gr,2.48
2025-07-18,174379,Cretamel Φυστίκια Καραμελωμένα Με Σουσάμι Vegan Χωρίς Γλουτένη 200 gr,2.48
2025-07-18,68836,Orino Παστέλι Με Μέλι &amp; Σουσάμι 100 gr,1.28
2025-07-18,24225,Pasteli Michel Mix Μάντολα 160 gr,4.45
2025-07-18,134581,Pasteli Michel Παστέλι Mix Με Μάντολα 65 gr,2.05
2025-07-18,134580,Pasteli Michel Παστέλι Με Αμύγδαλο 65 gr,2.23
2025-07-18,134579,Pasteli Michel Παστέλι Με Σησάμι 65 gr,1.24
2025-07-18,134582,Pasteli Michel Παστέλι Με Φυστίκι 65 gr,1.44
2025-07-18,24223,Pasteli Michel Σισαμόπιτα 160 gr,3.02
2025-07-18,206248,Pasteli Michel Σισαμόπιτα Με Φυστικόψιχα 160 gr,3.9
2025-07-18,145882,Snacks Farma Παστέλι Με Ηλιόσπορο 60 gr,0.77
2025-07-18,145881,Snacks Farma Παστέλι Με Σουσάμι 60 gr,0.86
2025-07-18,164836,Αφοί Χαΐτογλου Μακεδονικό Παστέλι Με Μέλι Χωρίς Γλουτένη 70 gr,0.77
2025-07-18,81731,Μελεκούνι Παστέλι Ρόδου Χωρίς Γλουτένη 60 gr,1.07
2025-07-18,166481,Cretan Beauty Mix Σιροπιαστών 4 Τεμάχια 240 gr,5.08
2025-07-18,166480,Cretan Beauty Μπακλαβάς Με Σοκολάτα &amp; Φουντούκια 240 gr,4.85
2025-07-18,167348,Fhysis Καταϊφάκια Με Διάφορους Ξηρούς Καρπούς 95 gr,1.67
2025-07-18,167347,Fhysis Μπακλαβαδάκια Αιγίνης 95 gr,1.8
2025-07-18,167346,Fhysis Μπακλαβαδάκια Με Διάφορους Ξηρούς Καρπούς 95 gr,1.67
2025-07-18,160683,Grelia Μπακλαβαδάκια &amp; Κανταϊφάκια 210 gr,3.95
2025-07-18,160681,Grelia Μπακλαβαδάκια Με Ξηρούς Καρπούς 210 gr,3.95
2025-07-18,185814,Βοσκάκης Μπακλαβάς Με Σοκολάτα &amp; Φουντούκια 180 gr,2.96
2025-07-18,28184,Attiki Μέλι Ελληνικό 100 gr,2.85
2025-07-18,120911,Creta Carob Χαρουπόμελο Χωρίς Γλουτένη 350 gr,5.19
2025-07-18,174365,Cretamel Orino Μέλι Από Κωνοφόρα Δέντρα &amp; Άγρια Βότανα Squeeze 470 gr,8.6
2025-07-18,106694,Cretamel Μέλι Orino Από Θυμάρι &amp; Άγρια Βότανα 400 gr,7.35
2025-07-18,185666,Cretan Beauty Μέλι 3 x 40 gr,3.9
2025-07-18,181628,El Greco Μέλι Θυμαρίσιο Squeeze 480 gr,6.8
2025-07-18,181191,El Greco Μέλι Με Θυμάρι 900 gr,11.98
2025-07-18,200525,Koutantos Family Μέλι Από Άγρια Βότανα &amp; Κωνοφόρα Δέντρα 700 gr,8.94
2025-07-18,191973,Koutantos Family Μέλι Από Θυμάρι &amp; Βότανα 250 gr,4.08
2025-07-18,191972,Koutantos Family Μέλι Από Θυμάρι &amp; Βότανα 400 gr,5.34
2025-07-18,191971,Koutantos Family Μέλι Από Θυμάρι &amp; Βότανα 700 gr,10.4
2025-07-18,191974,Koutantos Family Μέλι Από Θυμάρι &amp; Βότανα Squeeze 500 gr,5.88
2025-07-18,115768,Melirryto Μέλι Σητείας Θυμαρίσιο 950 gr,13.2
2025-07-18,170297,Melirryto Μέλι Σητείας Θυμαρίσιο Squeeze 230 gr,4.12
2025-07-18,170298,Melirryto Μέλι Σητείας Θυμαρίσιο Squeeze 470 gr,6.85
2025-07-18,153047,Orino Μέλι Από Άγρια Βότανα &amp; Κωνοφόρα Δέντρα Squeeze 250 gr,5.25
2025-07-18,179884,Orino Μέλι Από Θυμάρι 120 gr,3.25
2025-07-18,174369,Orino Μέλι Από Θυμάρι 250 gr,5.5
2025-07-18,174651,Orino Μέλι Από Θυμάρι 400 gr,8.45
2025-07-18,188680,Άγριο Δάσος Μέλι Πεύκου 450 gr,5.75
2025-07-18,156885,Άριστον Μέλι Ανθέων 500 gr,4.78
2025-07-18,176955,Αροδαμός Μέλι Ελληνικών Δασών Αγριοβότανα Θρούμπι &amp; Θυμάρι 450 gr,5.75
2025-07-18,176956,Αροδαμός Μέλι Ελληνικών Δασών Αγριοβότανα Θρούμπι &amp; Θυμάρι 800 gr,7.49
2025-07-18,176953,Αροδαμός Μέλι Ελληνικών Δασών Πεύκο &amp; Θυμάρι Squeeze 500 gr,6.58
2025-07-18,176954,Αροδαμός Μελίγυρις Μέλι Ελληνικών Δασών Αγριοβότανα Θρούμπι &amp; Θυμάρι Squeeze 500 gr,4.94
2025-07-18,85928,Ιστορίες Μελιού Μέλι Από Αγριολούλουδα &amp; Βότανα 920 gr,6.89
2025-07-18,179143,Μέλι Ανώπολης Σφακίων Θυμαρίσιο 450 gr,6.65
2025-07-18,179142,Μέλι Ανώπολης Σφακίων Θυμαρίσιο 950 gr,12.88
2025-07-18,118063,Μέλι Της Κρήτης Από Κωνοφόρα &amp; Θυμάρι 250 gr,3.8
2025-07-18,119384,Μέλι Της Κρήτης Από Κωνοφόρα &amp; Θυμάρι 450 gr,6.3
2025-07-18,170553,Μέλι Της Κρήτης Από Κωνοφόρα &amp; Θυμάρι 950 gr,12.74
2025-07-18,175182,Μέλι Της Κρήτης Από Κωνοφόρα Δέντρα &amp; Θυμάρι 500 gr,6.68
2025-07-18,118062,Μέλι Της Κρήτης Από Κωνοφόρα Δέντρα &amp; Θυμάρι Μεταλλική Συσκευασία 250 gr,3.8
2025-07-18,118061,Μέλι Της Κρήτης Από Κωνοφόρα Δέντρα &amp; Θυμάρι Μεταλλική Συσκευασία 450 gr,6.3
2025-07-18,122001,Μελίγυρις Μέλι Δάσους Θυμαριού &amp; Αγριοβοτάνων Βιολογικό 450 gr,8.1
2025-07-18,23199,Μελοδικό Μέλι Ανθέων 400 gr,5.38
2025-07-18,61680,Μελοδικό Μέλι Από Θυμάρι 450 gr,6.1
2025-07-18,154001,Οικογένεια Βαράκλα Μέλι Από Θυμάρι &amp; Άγρια Βότανα 450 gr,6.2
2025-07-18,153895,Οικογένεια Βαράκλα Μέλι Από Θυμάρι &amp; Άγρια Βότανα 950 gr,12.45
2025-07-18,156935,Οικογένεια Βαράκλα Μέλι Από Θυμάρι &amp; Άγρια Βότανα Squeeze 470 gr,6.55
2025-07-18,192090,Ραέτι Κρητικό Βιολογικό Θυμαρίσιο Μέλι 500 gr,8.4
2025-07-18,192089,Ραέτι Κρητικό Βιολογικό Θυμαρίσιο Μέλι 900 gr,13.74
2025-07-18,197502,Ραέτι Κρητικό Βιολογικό Μέλι Ερείκης 500 gr,8.4
2025-07-18,197501,Ραέτι Κρητικό Βιολογικό Μέλι Ερείκης 900 gr,13.74
2025-07-18,133995,Συνεργασία Μέλι Κρήτης Με Βασιλικό Πολτό 450 gr,8.6
2025-07-18,93676,Συνεργασία Χρυσή Κρήτη Μέλι Θυμαρίσιο 450 gr,6.75
2025-07-18,93671,Συνεργασία Χρυσή Κρήτη Μέλι Θυμαρίσιο 900 gr,12.78
2025-07-18,58598,Φίνο Μέλι Δίχτυ 5 x 30 gr,2.25
2025-07-18,131386,Ψηλορείτης Μέλι Από Θυμάρι Βότανα &amp; Κωνοφόρα Κρήτης 250 gr,4.85
2025-07-18,133833,Βομβύλα Υποβρύχιο Βανίλια 400 gr ,1.9
2025-07-18,128727,Κοράκης Μαρίνος Γλυκό Κουταλιού Κεράσι 450 gr,3.98
2025-07-18,128724,Κοράκης Μαρίνος Γλυκό Κουταλιού Σύκο 450 gr,3.98
2025-07-18,75669,Οικογένεια Χαλβατζή Γλυκό Κουταλιού Βύσσινο 500 gr,5.78
2025-07-18,177202,Οικογένεια Χαλβατζή Γλυκό Κουταλιού Κεράσι Τραγανό Έδεσσας 500 gr,6.25
2025-07-18,75672,Οικογένεια Χαλβατζή Γλυκό Κουταλιού Σύκο 500 gr,4.98
2025-07-18,129274,Συνεργασία Γλυκό Κουταλιού Βύσσινο 370 gr,7.0
2025-07-18,129273,Συνεργασία Γλυκό Κουταλιού Κεράσι 370 gr,5.54
2025-07-18,206288,Mr &amp; Mrs Greek Μαρμελάδα Φράουλα 300 gr,3.08
2025-07-18,1913,Bonne Maman Μαρμελάδα 4 Φρούτα Χωρίς Γλουτένη 370 gr,3.4
2025-07-18,160727,Bonne Maman Μαρμελάδα Intense Βερίκοκο 335 gr,4.85
2025-07-18,147225,Bonne Maman Μαρμελάδα Intense Φράουλα 30 gr,0.65
2025-07-18,28127,Bonne Maman Μαρμελάδα Βατόμουρο Χωρίς Γλουτένη 370 gr,3.61
2025-07-18,1836,Bonne Maman Μαρμελάδα Βερίκοκο Χωρίς Γλουτένη 370 gr,3.14
2025-07-18,1834,Bonne Maman Μαρμελάδα Κεράσι Χωρίς Γλουτένη 370 gr,3.28
2025-07-18,1837,Bonne Maman Μαρμελάδα Πορτοκάλι Χωρίς Γλουτένη 370 gr,3.14
2025-07-18,1833,Bonne Maman Μαρμελάδα Ροδάκινο Χωρίς Γλουτένη 370 gr,3.14
2025-07-18,1835,Bonne Maman Μαρμελάδα Φράουλα Χωρίς Γλουτένη 370 gr,3.14
2025-07-18,199528,Fytro Μαρμελάδα Βερίκοκο Vegan Χωρίς Γλουτένη 280 gr,4.24
2025-07-18,199525,Fytro Μαρμελάδα Φράουλα Vegan Χωρίς Γλουτένη 280 gr,4.24
2025-07-18,81414,HAI Μαρμελάδα Σετ 4 Γεύσεις 12 Τεμαχίων 240 gr,2.98
2025-07-18,183569,Healthy Habits Μαρμελάδα Βερίκοκο Χωρίς Ζάχαρη Vegan 280 gr,4.18
2025-07-18,193967,Healthy Habits Μαρμελάδα Μήλο Χωρίς Ζάχαρη Vegan 280 gr,4.18
2025-07-18,194320,Healthy Habits Μαρμελάδα Σύκο Χωρίς Ζάχαρη Vegan 280 gr,4.18
2025-07-18,182782,Healthy Habits Μαρμελάδα Φράουλα Χωρίς Ζάχαρη Vegan 280 gr,4.18
2025-07-18,182783,Healthy Habits Μαρμελάδα Φρούτα Του Δάσους Χωρίς Ζάχαρη Vegan 280 gr,4.18
2025-07-18,117605,Katrin&#039;s Marmelades Μαρμελάδα Βερύκοκο 300 gr,2.52
2025-07-18,117604,Katrin&#039;s Marmelades Μαρμελάδα Πορτοκάλι Μήλο 300 gr,2.52
2025-07-18,117607,Katrin&#039;s Marmelades Μαρμελάδα Φράουλα 300 gr,2.52
2025-07-18,192467,Spin Span Extra Μαρμελάδα Βύσσινο Χωρίς Γλουτένη 380 gr ,3.76
2025-07-18,192468,Spin Span Μαρμελάδα Βερίκοκο Χωρίς Γλουτένη 380 gr,3.76
2025-07-18,192466,Spin Span Μαρμελάδα Δαμάσκηνο Χωρίς Γλουτένη 380 gr ,3.76
2025-07-18,192469,Spin Span Μαρμελάδα Φράουλα Χωρίς Γλουτένη 380 gr,3.76
2025-07-18,107176,Spin Span Μαρμελάδα Φράουλα Χωρίς Προσθήκη Ζάχαρης Χωρίς Γλουτένη 280 gr,4.98
2025-07-18,141742,St. Dalfour Μαρμελάδα Βερίκοκο 284 gr,4.7
2025-07-18,202056,St. Dalfour Μαρμελάδα Πορτοκάλι &amp; Τζίντζερ 284 gr,4.7
2025-07-18,34236,St. Dalfour Μαρμελάδα Φράουλα 284 gr,4.7
2025-07-18,176993,Γιωτης Sweet &amp; Balance Μαρμελάδα Βερίκοκο 300 gr,3.4
2025-07-18,59987,Ζωγράφος Μαρμελάδα Βερίκοκο Light Με Φρουκτόζη 415 gr,2.95
2025-07-18,59986,Ζωγράφος Μαρμελάδα Φράουλα Light Με Φρουκτόζη 415 gr,2.95
2025-07-18,184458,Οικογένεια Χαλβατζή Μαρμελάδα Φράουλα 380 gr,2.9
2025-07-18,184459,Οικογένεια Χαλβατζή Μαρμελάδα Φρούτα Του Δάσους 380 gr,2.9
2025-07-18,202448,Elite Crackers Μεσογειακά Με Ντομάτα &amp; Βασιλικό 3 x 105 gr,3.55
2025-07-18,202449,Elite Crackers Μεσογειακά Με Φέτα &amp; Ρίγανη 3 x 105 gr,3.55
2025-07-18,202450,Elite Crackers Μεσογειακά Φυσική Γεύση Με Σουσάμι 3 x 105 gr,3.55
2025-07-18,1015,Tuc Κράκερ Με Αλάτι 100 gr,1.18
2025-07-18,130772,Wasa Crackers Delicate Με Θαλασσινό Αλάτι 180 gr,2.25
2025-07-18,198495,Wasa Crackers Delicate Πάπρικα 150 gr,2.25
2025-07-18,204519,Wasa Crackers Στρογγυλά Με Σουσάμι &amp; Θαλασσινό Αλάτι 235 gr,3.15
2025-07-18,204884,Wasa Τραγανή Φρυγανιά Με Γέμιση Τυριού &amp; Pizza 37 gr,1.18
2025-07-18,204511,Αλλατίνη Crackers 5 x 40 gr ,2.48
2025-07-18,1033,Αλλατίνη Nak Crackers Αλμυρά 40 gr,0.56
2025-07-18,194296,Παπαδοπούλου Cream Crackers Μπισκότα Με Χαρούπι Vegan 190 gr,1.7
2025-07-18,179011,Παπαδοπούλου Cream Crackers Μπισκότα Πολύσπορα Vegan 195 gr,1.7
2025-07-18,1141,Παπαδοπούλου Cream Crackers Μπισκότα Σίκαλης Vegan 175 gr,1.47
2025-07-18,1292,Παπαδοπούλου Cream Crackers Μπισκότα Σίκαλης Vegan 3 x 175 gr ,3.99
2025-07-18,82988,Παπαδοπούλου Cream Crackers Μπισκότα Σίκαλης Vegan 5 x 47 gr,2.28
2025-07-18,988,Παπαδοπούλου Cream Crackers Μπισκότα Σίτου 140 gr,1.47
2025-07-18,994,Παπαδοπούλου Cream Crackers Μπισκότα Σίτου 3 x 140 gr ,3.99
2025-07-18,83069,Παπαδοπούλου Cream Crackers Μπισκότα Σίτου 5 x 43 gr,2.28
2025-07-18,120638,Παπαδοπούλου Cream Crackers Μπισκότα Σίτου Χωρίς Ζάχαρη Vegan 165 gr,1.47
2025-07-18,60944,Παπαδοπούλου Mini Pick Crackers Barbeque 70 gr,0.77
2025-07-18,60943,Παπαδοπούλου Mini Pick Crackers Κλασικά Vegan 70 gr,0.77
2025-07-18,98516,Παπαδοπούλου Pick Batonettes Κράκερ Vegan 45 gr,0.72
2025-07-18,98733,Παπαδοπούλου Pick Cheese Crackers 45 gr,0.54
2025-07-18,1142,Παπαδοπούλου Pick Crackers Bacon 100 gr,1.18
2025-07-18,188760,Παπαδοπούλου Pick Crackers Bacon 2 x 100 gr,2.18
2025-07-18,191832,Παπαδοπούλου Pick Crackers Mix 350 gr ,2.15
2025-07-18,191833,Παπαδοπούλου Pick Crackers Rounds 350 gr ,2.15
2025-07-18,956,Παπαδοπούλου Pick Crackers Κλασικά 100 gr,1.15
2025-07-18,188761,Παπαδοπούλου Pick Crackers Κλασικά 2 x 100 gr,2.1
2025-07-18,206282,M&amp;M&#039;S Μπισκότα Minis 180 gr,3.78
2025-07-18,206283,Twix Μπισκότα Με Καραμέλα 144 gr,3.78
2025-07-18,100305,Bio Vita Βάφλες Με Μέλι Βιολογικές 175 gr,3.55
2025-07-18,202723,Jaffa Μπισκότα Choco Orange 150 gr,1.68
2025-07-18,173899,Kinder Cards Μπισκότα Γεμιστά 128 gr,2.98
2025-07-18,181549,Lacta Μπισκότα Cookies Merenda 156 gr,2.63
2025-07-18,181550,Lacta Μπισκότα Cookies Oreo 156 gr,2.63
2025-07-18,199697,Lotus Biscoff Μπισκότα Vegan 250 gr,1.68
2025-07-18,196862,Lotus Biscoff Μπισκότα Vegan 93 gr,0.94
2025-07-18,196860,Lotus Biscoff Μπισκότα Γεμιστά Με Βανίλια Vegan 150 gr,2.04
2025-07-18,197488,Lotus Biscoff Μπισκότα Γεμιστά Με Κρέμα Vegan 150 gr,2.04
2025-07-18,196861,Lotus Biscoff Μπισκότα Γεμιστά Με Σοκολάτα Γάλακτος 150 gr,1.98
2025-07-18,197227,Mc Vities Μπισκότα Cookie Με Σοκολάτα 100 gr,1.14
2025-07-18,31643,Mc Vities Μπισκότα Digestive 250 gr,1.95
2025-07-18,56450,Mc Vities Μπισκότα Digestive 400 gr,2.85
2025-07-18,95964,Mc Vities Μπισκότα Digestive Με 30% Λιγότερα Λιπαρά 250 gr,1.88
2025-07-18,154147,Mc Vities Μπισκότα Digestive Με Μαύρη Σοκολάτα 200 gr,1.95
2025-07-18,32891,Mc Vities Μπισκότα Digestive Με Σοκολάτα Γάλακτος 200 gr,1.95
2025-07-18,197228,Mc Vities Μπισκότα Tartlets Με Λεμόνι 100 gr,1.14
2025-07-18,62162,Mulino Bianco Γεμιστά Μπισκότα Με Μήλο 250 gr,2.98
2025-07-18,187615,Mulino Bianco Γεμιστά Μπισκότα Με Σοκολάτα 260 gr,3.18
2025-07-18,203034,Mulino Bianco Γεμιστά Μπισκότα Με Φυστίκι 240 gr,3.48
2025-07-18,194315,Nestle Nesquik Μπισκότα 300 gr,3.48
2025-07-18,144483,Next Μπισκότα Cookies Βουτύρου 135 gr,1.38
2025-07-18,66964,Oreo Mini Μπισκότα Γεμιστά Με Κρέμα Βανίλια 115 gr,1.94
2025-07-18,170193,Oreo Μπισκότα Γεμιστά Crunchy Bites Βανίλια 110 gr,2.05
2025-07-18,169742,Oreo Μπισκότα Γεμιστά Crunchy Bites Βανίλια Με Επικάλυψη Σοκολάτας 110 gr,2.05
2025-07-18,148903,Oreo Μπισκότα Γεμιστά Με Cheesecake Φράουλα 154 gr,1.11
2025-07-18,157203,Oreo Μπισκότα Γεμιστά Με Γεύση Σοκολάτα Brownie 154 gr,1.11
2025-07-18,105225,Oreo Μπισκότα Γεμιστά Με Διπλή Γέμιση Κρέμας Βανίλια 185 gr,2.05
2025-07-18,197030,Oreo Μπισκότα Γεμιστά Με Κρέμα Βανίλια &amp; Ράσμπερι 157 gr,1.11
2025-07-18,87927,Oreo Μπισκότα Γεμιστά Με Κρέμα Βανίλια 154 gr,1.59
2025-07-18,202169,Oreo Μπισκότα Γεμιστά Με Κρέμα Βανίλια 3 x 154 gr,3.97
2025-07-18,66963,Oreo Μπισκότα Γεμιστά Με Κρέμα Βανίλια 66 gr,0.87
2025-07-18,97666,Oreo Μπισκότα Με Επικάλυψη Σοκολάτας Γάλακτος 246 gr,3.42
2025-07-18,202052,Wasa Μπισκότα Με Μαύρη Σοκολάτα 230 gr,2.2
2025-07-18,202051,Wasa Μπισκότα Με Πολυδημητριακά 230 gr,2.2
2025-07-18,201827,Wasa Μπισκότα Με Τραγανές Νιφάδες Βρώμης 250 gr,2.2
2025-07-18,203033,Αλλατίνη Choco Bloom Γεμιστά Μπισκότα Με Σοκολάτα Γάλακτος 6 x 35 gr,4.18
2025-07-18,202206,Αλλατίνη Cookie Μπισκότα Με Κακάο &amp; Κομματάκια Σοκολάτας 2 x 175 gr ,2.58
2025-07-18,72793,Αλλατίνη Cookie Μπισκότα Με Κομμάτια Σοκολάτας &amp; Φουντούκι 175 gr,1.57
2025-07-18,1262,Αλλατίνη Cookie Μπισκότα Με Κομματια Σοκολάτας 175 gr,1.57
2025-07-18,178480,Αλλατίνη Digestive Μπισκότα Με Βρώμη &amp; Μαύρη Σοκολάτα 220 gr,1.96
2025-07-18,194333,Αλλατίνη Goody Μπισκότα Βανίλια 185 gr,1.76
2025-07-18,1150,Αλλατίνη Goody Μπισκότα Βουτύρου 175 gr,1.92
2025-07-18,173126,Αλλατίνη Goody Μπισκότα Γάλα &amp; Κομμάτια Σοκολάτας 195 gr,1.82
2025-07-18,47825,Αλλατίνη Goody Μπισκότα Κανέλας 185 gr,1.78
2025-07-18,202204,Αλλατίνη Goody Μπισκότα Κανέλας 3 x 185 gr ,4.74
2025-07-18,182945,Αλλατίνη Πτι Μπερ Μπισκότα Thins Βουτύρου 225 gr,1.57
2025-07-18,97915,Αλλατίνη Πτι Μπερ Μπισκότα Κλασικά 225 gr ,1.08
2025-07-18,202205,Αλλατίνη Πτι Μπερ Μπισκότα Κλασικά 3 x 225 gr ,2.77
2025-07-18,173125,Αλλατίνη Πτι Μπερ Μπισκότα Κλασικά Χωρίς Ζάχαρη 225 gr,1.47
2025-07-18,202207,Αλλατίνη Πτι Μπερ Μπισκότα Κλασικά Χωρίς Ζάχαρη 3 x 225 gr,3.95
2025-07-18,105397,Αλλατίνη Πτι Μπερ Μπισκότα Με Γεύση Σοκολάτα 225 gr,1.46
2025-07-18,206461,Βιολάντα Soft Twins Cookies Μπισκότα Κακάο &amp; Βανίλια Με Σοκολάτα 160 gr,2.15
2025-07-18,206462,Βιολάντα Soft Twins Cookies Μπισκότα Κακάο &amp; Βανίλια Με Καραμέλα 160 gr,2.15
2025-07-18,187024,Βιολάντα Soft Cookies Μπισκότα Βρώμης Με Μαύρη Σοκολάτα &amp; Φουντούκια Χωρίς Ζάχαρη 180 gr,1.99
2025-07-18,185871,Βιολάντα Μπισκότα Zero Γεμιστά Με Κακάο Χωρίς Ζάχαρη 180 gr,2.1
2025-07-18,185870,Βιολάντα Μπισκότα Zero Γεμιστά Με Ταχίνι Χωρίς Ζάχαρη 180 gr,2.1
2025-07-18,158673,Βιολάντα Μπισκότα Βρώμης Γεμιστά Με Γιαούρτι 180 gr,1.98
2025-07-18,158672,Βιολάντα Μπισκότα Βρώμης Γεμιστά Με Ταχίνι 180 gr,1.98
2025-07-18,151993,Βιολάντα Μπισκότα Βρώμης Με Cranberries 200 gr,1.9
2025-07-18,151996,Βιολάντα Μπισκότα Βρώμης Με Μέλι 200 gr,1.9
2025-07-18,151994,Βιολάντα Μπισκότα Βρώμης Με Μαύρη Σοκολάτα 200 gr,1.9
2025-07-18,177083,Βιολάντα Μπισκότα Βρώμης Με Μαύρη Σοκολάτα Χωρίς Ζάχαρη 200 gr,1.98
2025-07-18,151992,Βιολάντα Μπισκότα Γεμιστά Bianca 150 gr,1.68
2025-07-18,205477,Βιολάντα Μπισκότα Γεμιστά Dubai Summer Με Σοκολάτα &amp; Φράουλα 180 gr,2.88
2025-07-18,196734,Βιολάντα Μπισκότα Δημητριακών Breakfast Χωρίς Ζάχαρη 180 gr,1.79
2025-07-18,178515,Βιολάντα Μπισκότα Διπλογεμιστά Bianca Με Γέμιση Κρέμας Κακάο Φουντουκιού 225 gr,1.99
2025-07-18,203305,Βιολάντα Μπισκότα Ζέας Με Καρότο &amp; Πορτοκάλι 80 gr,0.98
2025-07-18,203302,Βιολάντα Μπισκότα Ζέας Με Μέλι 80 gr,0.98
2025-07-18,203473,Βιολάντα Πτι Μπερ Κακάο Γεμιστά Με Κρέμα Βανίλιας 215 gr,0.92
2025-07-18,192016,Βιολάντα Πτι Μπερ Μπισκότα Γεμιστά Με Κρέμα Σοκολάτας 215 gr,0.92
2025-07-18,192249,Βιολάντα Πτι Μπερ Μπισκότα Κλασικά 190 gr,1.33
2025-07-18,192015,Βιολάντα Πτι Μπερ Μπισκότα Μίνι 200 gr,1.38
2025-07-18,206228,Δερμίσης Μπισκότα Πτι μπερ 220 gr,0.8
2025-07-18,115418,Δερμίσης Μπισκότα Chocolate Cookies Chips Με Σοκολάτα &amp; Κακάο 175 gr,1.25
2025-07-18,165496,Δερμίσης Μαλακά Μπισκότα Βρώμης 0% Με Μαύρη Σοκολάτα 90 gr,1.6
2025-07-18,206227,Δερμίσης Μαλακά Μπισκότα Βρώμης Dubai Style 90 gr,1.98
2025-07-18,165498,Δερμίσης Μαλακά Μπισκότα Βρώμης Banoffee 150 gr,1.92
2025-07-18,165497,Δερμίσης Μαλακά Μπισκότα Βρώμης Πορτοκάλι 150 gr,1.92
2025-07-18,165495,Δερμίσης Μαλακά Μπισκότα Βρώμης Ταχίνι 150 gr,1.92
2025-07-18,165682,Δερμίσης Μαλακά Μπισκότα Βρώμης Χαρούπι 150 gr,1.92
2025-07-18,115420,Δερμίσης Μπισκότα Digestive 0% Χωρίς Ζάχαρη 220 gr,1.15
2025-07-18,115419,Δερμίσης Μπισκότα Digestive 220 gr,0.96
2025-07-18,174876,Δερμίσης Μπισκότα Κάνναβης Με Κανέλα &amp; Σταφίδα 160 gr,1.15
2025-07-18,186087,Δερμίσης Τραγανά Μπισκότα Βρώμης Με 0% Ζάχαρη 144 gr,1.15
2025-07-18,172450,Δερμίσης Τραγανά Μπισκότα Βρώμης Με Κακάο 160 gr,1.15
2025-07-18,172448,Δερμίσης Τραγανά Μπισκότα Βρώμης Με Κανέλα 180 gr,1.15
2025-07-18,172447,Δερμίσης Τραγανά Μπισκότα Βρώμης Με Μέλι 180 gr,1.15
2025-07-18,194321,Οικογένεια Στεργίου Soft Cookies Μπισκότα Με Βανίλια 100 gr,1.14
2025-07-18,194322,Οικογένεια Στεργίου Soft Cookies Μπισκότα Με Σοκολάτα 100 gr,1.14
2025-07-18,1174,Παπαδοπούλου Cookies Μπισκότα Με Κομμάτια Σοκολάτας &amp; Κακάο 180 gr,1.58
2025-07-18,89536,Παπαδοπούλου Cookies Μπισκότα Με Κομμάτια Σοκολάτας &amp; Κακάο 2 x 180 gr,2.58
2025-07-18,42382,Παπαδοπούλου Cookies Μπισκότα Με Κομμάτια Σοκολάτας 180 gr,1.58
2025-07-18,150988,Παπαδοπούλου Marie Μπισκότα 200 gr,0.98
2025-07-18,95070,Παπαδοπούλου Mascot Μπισκότα Σοκολάτα Φράουλα 2 x 200 gr,2.64
2025-07-18,57834,Παπαδοπούλου Mini Cookies Μπισκότα Με Κομμάτια Σοκολάτας 70 gr,0.84
2025-07-18,1178,Παπαδοπούλου Rondo Μπισκότα Γεμιστά Με Βανίλια 250 gr ,1.58
2025-07-18,1177,Παπαδοπούλου Rondo Μπισκότα Γεμιστά Με Σοκολάτα 250 gr ,1.58
2025-07-18,194298,Παπαδοπούλου Speculoos Μπισκότα Vegan 145 gr,1.58
2025-07-18,959,Παπαδοπούλου Super Rondo Μπισκότα Γεμιστά Με Σοκολάτα Vegan 500 gr,2.3
2025-07-18,42383,Παπαδοπούλου Γεμιστά Μπισκότα Με Βανίλια 200 gr,1.45
2025-07-18,963,Παπαδοπούλου Γεμιστά Μπισκότα Με Λεμόνι 200 gr,1.48
2025-07-18,966,Παπαδοπούλου Γεμιστά Μπισκότα Με Μπανάνα 200 gr,1.48
2025-07-18,964,Παπαδοπούλου Γεμιστά Μπισκότα Με Πορτοκάλι 200 gr,1.48
2025-07-18,962,Παπαδοπούλου Γεμιστά Μπισκότα Με Σοκολάτα 200 gr,1.45
2025-07-18,96484,Παπαδοπούλου Γεμιστά Μπισκότα Με Σοκολάτα 200 gr &amp; Παπαδοπούλου Γεμιστά Με Βανίλια 200 gr,2.5
2025-07-18,26326,Παπαδοπούλου Γεμιστά Μπισκότα Με Σοκολάτα 3 x 200 gr,3.68
2025-07-18,189043,Παπαδοπούλου Γεμιστά Μπισκότα Με Σοκολάτα 4 x 58 gr,2.05
2025-07-18,188587,Παπαδοπούλου Γεμιστά Μπισκότα Με Σοκολάτα 58 gr ,0.6
2025-07-18,965,Παπαδοπούλου Γεμιστά Μπισκότα Με Φράουλα 200 gr,1.48
2025-07-18,188835,Παπαδοπούλου Γεμιστά Μπισκότα Με Φράουλα 58 gr,0.6
2025-07-18,955,Παπαδοπούλου Μπισκότα Choco Orange 150 gr,2.15
2025-07-18,97984,Παπαδοπούλου Μπισκότα Digestive 35% Λιγότερα Λιπαρά Vegan 250 gr,1.75
2025-07-18,117737,Παπαδοπούλου Μπισκότα Digestive Vegan 2 x 250 gr,2.98
2025-07-18,38476,Παπαδοπούλου Μπισκότα Digestive Vegan 250 gr,1.75
2025-07-18,66897,Παπαδοπούλου Μπισκότα Digestive Με Μαύρη Σοκολάτα 200 gr,2.05
2025-07-18,203680,Παπαδοπούλου Μπισκότα Digestive Με Μαύρη Σοκολάτα 4 χ 67 gr,2.85
2025-07-18,188681,Παπαδοπούλου Μπισκότα Digestive Με Σοκολάτα 30% Λιγότερη Ζάχαρη 200 gr,2.2
2025-07-18,101649,Παπαδοπούλου Μπισκότα Digestive Με Σοκολάτα Γάλακτος 200 gr,2.05
2025-07-18,173302,Παπαδοπούλου Μπισκότα Digestive Χωρίς Ζάχαρη Vegan 2 x 250 gr ,3.64
2025-07-18,77011,Παπαδοπούλου Μπισκότα Digestive Χωρίς Ζάχαρη Vegan 250 gr,2.06
2025-07-18,83070,Παπαδοπούλου Μπισκότα Mini Digestive Χωρίς Ζάχαρη Vegan 70 gr,0.8
2025-07-18,27024,Παπαδοπούλου Μπισκότα Κανέλας 150 gr,1.58
2025-07-18,146248,Παπαδοπούλου Μπισκότα Με Κακάο Χωρίς Γλουτένη Vegan 200 gr,2.72
2025-07-18,26609,Παπαδοπούλου Μπισκότα Μιράντα 125 gr,0.96
2025-07-18,127623,Παπαδοπούλου Μπισκότα Μιράντα 2 x 250 gr,3.0
2025-07-18,26584,Παπαδοπούλου Μπισκότα Μιράντα 250 gr,1.63
2025-07-18,174946,Παπαδοπούλου Μπισκότα Μιράντα 30% Λιγότερη Ζάχαρη 2 x 250 gr,3.3
2025-07-18,170731,Παπαδοπούλου Μπισκότα Μιράντα 30% Λιγότερη Ζάχαρη 250 gr,1.8
2025-07-18,194297,Παπαδοπούλου Μπισκότα Μιράντα 30% Λιγότερη Ζάχαρη 6 x 30 gr,1.65
2025-07-18,57172,Παπαδοπούλου Μπισκότα Μιράντα 6 x 30 gr,1.55
2025-07-18,130390,Παπαδοπούλου Μπισκότα Μιράντα Κακάο &amp; Σοκολάτα 130 gr,1.15
2025-07-18,196824,Παπαδοπούλου Μπισκότα Μιράντα Με Επικάλυψη Σοκολάτας Γάλακτος 4 x 45 gr,2.18
2025-07-18,1249,Παπαδοπούλου Μπισκότα Μιράντα Με Σοκολάτα Γάλακτος 140 gr ,1.83
2025-07-18,77012,Παπαδοπούλου Μπισκότα Μιράντα Ολικής Άλεσης 270 gr ,1.7
2025-07-18,97591,Παπαδοπούλου Πολυδημητριακά Μπισκότα Με 4 Δημητριακά &amp; Muesli 175 gr,1.8
2025-07-18,97590,Παπαδοπούλου Πολυδημητριακά Μπισκότα Με 4 Δημητριακά &amp; Γάλα 160 gr,1.8
2025-07-18,97589,Παπαδοπούλου Πολυδημητριακά Μπισκότα Με 4 Δημητριακά &amp; Κακάο Χωρίς Ζάχαρη Vegan 175 gr,1.93
2025-07-18,97588,Παπαδοπούλου Πολυδημητριακά Μπισκότα Με 4 Δημητριακά &amp; Σοκολάτα 160 gr,1.8
2025-07-18,990,Παπαδοπούλου Πτι Μπερ Μπισκότα 225 gr,1.1
2025-07-18,83825,Παπαδοπούλου Πτι Μπερ Μπισκότα 3 x 225 gr,2.9
2025-07-18,51653,Παπαδοπούλου Πτι Μπερ Μπισκότα Trio 150 gr,2.58
2025-07-18,62266,Παπαδοπούλου Πτι Μπερ Μπισκότα Με Σοκολάτα Γάλακτος 2 x 200 gr,3.48
2025-07-18,1163,Παπαδοπούλου Πτι Μπερ Μπισκότα Με Σοκολάτα Γάλακτος 200 gr,1.98
2025-07-18,203679,Παπαδοπούλου Πτι Μπερ Μπισκότα Με Σοκολάτα Γάλακτος 4 x 44 gr,2.18
2025-07-18,190574,Παπαδοπούλου Πτι Μπερ Μπισκότα Ολικής Άλεσης 2 x 225 gr,2.22
2025-07-18,54565,Παπαδοπούλου Πτι Μπερ Μπισκότα Ολικής Άλεσης 225 gr,1.3
2025-07-18,194954,Παπαδοπούλου Πτι Μπερ Μπισκότα Ολικής Άλεσης Με Μαύρη Σοκολάτα &amp; Πορτοκάλι 200 gr,1.98
2025-07-18,72764,Παπαδοπούλου Πτι Μπερ Μπισκότα Ολικής Άλεσης Με Μαύρη Σοκολάτα 200 gr,1.98
2025-07-18,176963,Παπαδοπούλου Πτι Μπερ Μπισκότα Χωρίς Προσθήκη Ζάχαρης 225 gr,1.41
2025-07-18,194313,Bevelini Πουράκια Με Κρέμα Κακάο &amp; Φουντούκι 400 gr,2.4
2025-07-18,23706,Παπαδοπούλου Caprice Πουράκια Classic 250 gr,2.85
2025-07-18,983,Παπαδοπούλου Caprice Πουράκια Classic 400 gr,2.9
2025-07-18,64388,Παπαδοπούλου Caprice Πουράκια Βανίλια 250 gr,3.4
2025-07-18,180506,Παπαδοπούλου Caprice Πουράκια Με 30% Λιγότερη Ζάχαρη 250 gr,3.4
2025-07-18,64389,Παπαδοπούλου Caprice Πουράκια Με Μαύρη Σοκολάτα 250 gr,3.4
2025-07-18,167473,Agrino Καλαμπογκοφρέτες Vegan Χωρίς Γλουτένη 120 gr,1.57
2025-07-18,165922,Agrino Ρυζογκοφρέτες Επτάσπορες Vegan Χωρίς Γλουτένη 100 gr,1.57
2025-07-18,165921,Agrino Ρυζογκοφρέτες Κλασικές Vegan Χωρίς Γλουτένη 100 gr,1.57
2025-07-18,165925,Agrino Ρυζογκοφρέτες Με Κανέλα Χωρίς Γλουτένη 115 gr,1.98
2025-07-18,175505,Agrino Ρυζογκοφρέτες Με Μαύρη Σοκολάτα Χωρίς Γλουτένη 60 gr,2.05
2025-07-18,165923,Agrino Ρυζογκοφρέτες Με Ρίγανη Χωρίς Γλουτένη 110 gr,1.98
2025-07-18,175504,Agrino Ρυζογκοφρέτες Με Σοκολάτα Γάλακτος Χωρίς Γλουτένη 60 gr,2.05
2025-07-18,100325,Bio Vita Ρυζογκοφρέτες Με Σοκολάτα Βιολογικές Χωρίς Γλουτένη 100 gr,2.7
2025-07-18,130713,Bio Vita Ρυζογκοφρέτες Χωρίς Αλάτι Βιολογικές 100 gr,1.38
2025-07-18,188689,Crispy King Ρυζογκοφρέτες Με Σοκολάτα Stevia Χωρίς Γλουτένη 70 gr,1.84
2025-07-18,197580,Fytro Καλαμπογκοφρέτες Vegan Χωρίς Γλουτένη 110 gr,1.53
2025-07-18,2960,Fytro Ρυζογκοφρέτες Vegan Χωρίς Γλουτένη 100 gr,1.53
2025-07-18,118662,Fytro Ρυζογκοφρέτες Με Σοκολάτα Χωρίς Γλουτένη 60 gr,1.82
2025-07-18,134248,Good Food Γκοφρέτα Καλαμποκιού Χωρίς Γλουτένη 105 gr,1.25
2025-07-18,188679,Good Food Καλαμπογκοφρέτες Με Πάπρικα Χωρίς Γλουτένη 120 gr,1.7
2025-07-18,188678,Good Food Καλαμπογκοφρέτες Με Τυρί Χωρίς Γλουτένη 120 gr,1.7
2025-07-18,198762,Nutri Valley Αφράτες Γκοφρέτες Ρεβιθιού Vegan Χωρίς Γλουτένη 135 gr,1.95
2025-07-18,205581,Nutri Valley Αφράτες Γκοφρέτες Ρυζιού Με Αλάτι Vegan Χωρίς Γλουτένη 135 gr,1.25
2025-07-18,194713,Nutri Valley Καλαμπογκοφρέτα Αφράτη Χωρίς Γλουτένη Vegan 130 gr,1.39
2025-07-18,194712,Nutri Valley Ρυζογκοφρέτα Με Μαύρη Σοκολάτα Vegan Χωρίς Γλουτένη 72 gr,1.39
2025-07-18,104843,Bio Vita Δαμάσκηνα Απύρηνα Βιολογικά 200 gr,4.2
2025-07-18,159631,Nuts For Snack Αποξηραμένα Δαμάσκηνα 100 gr,1.99
2025-07-18,64159,Paradise Χουρμάδες Αποξηραμένοι Τυνησίας 200 gr,1.47
2025-07-18,27066,Sunsweet Αποξηραμένα Δαμάσκηνα 250 gr,5.37
2025-07-18,177159,Suntos Σταφίδα Σουλτανίνα Κρήτης 200 gr,2.05
2025-07-18,114694,Βιδάκης Βερίκοκο Αποξηραμένο Τουρκίας 200 gr,3.92
2025-07-18,114696,Βιδάκης Δαμάσκηνα Αποξηραμένα Γαλλίας 200 gr,2.8
2025-07-18,118246,Γεύσεις Γιαγιάς Σταφίδα Σουλτανίνα Κρήτης 170 gr,2.84
2025-07-18,185182,Συνεργασία Δαμάσκηνα Αποξηραμένα 200 gr,3.78
2025-07-18,71240,Bio Farma Αμύγδαλο Ωμό Άψητο Ανάλατο Βιολογικό 200 gr,5.16
2025-07-18,75057,Bio Farma Κάσιους Άψητο Ανάλατο Βιολογικό 200 gr,5.09
2025-07-18,122807,Bio Vita Αμύγδαλο Ψίχα Βιολογικό 150 gr,4.45
2025-07-18,100298,Bio Vita Ηλιόσπορος Ψίχα Βιολογικός 250 gr,1.6
2025-07-18,122806,Bio Vita Κάσιους Βιολογικό 150 gr,4.45
2025-07-18,100299,Bio Vita Κολοκυθόσπορος Ψίχα Βιολογικός 200 gr,3.07
2025-07-18,104841,Bio Vita Ποπ Κορν Βιολογικό 250 gr,1.2
2025-07-18,178942,Candia Nuts Αμύγδαλο Ωμό Αμερικής 200 gr,3.2
2025-07-18,178953,Candia Nuts Ηλιόσπορος Ψημένος Αλατισμένος Κίνας 180 gr,1.1
2025-07-18,178944,Candia Nuts Ηλιόσπορος Ψημένος Ανάλατος Κίνας 180 gr,1.17
2025-07-18,178945,Candia Nuts Καρυδόψυχα Ουκρανίας 180 gr,2.6
2025-07-18,178952,Candia Nuts Ξηροί Καρποί Athletic 200 gr,2.09
2025-07-18,178941,Candia Nuts Ξηροί Καρποί Bar Mix 200 gr,1.33
2025-07-18,178937,Candia Nuts Ξηροί Καρποί Κοκτέιλ Γαία Ελληνικοί 200 gr,2.28
2025-07-18,178951,Candia Nuts Ξηροί Καρποί Κοκτέιλ Ελληνικό 180 gr,1.3
2025-07-18,178938,Candia Nuts Ποπ Κορν Ωμό 250 gr,0.76
2025-07-18,178940,Candia Nuts Φυστίκι Αράπικο Ψημένο Αλατισμένο Κίνας 220 gr,1.2
2025-07-18,178936,Candia Nuts Φυστίκι Κελυφωτό Ελληνικό 200 gr,4.96
2025-07-18,178939,Candia Nuts Φυστίκι Σαλέ Αργεντινής 250 gr,1.47
2025-07-18,178943,Candia Nuts Χουανίτα Βουλγαρίας 200 gr,1.58
2025-07-18,152862,Evergreen Γκότζι Μπέρι Βιολογικό 100 gr,4.52
2025-07-18,159617,Nuts For Snack Αμύγδαλο Ωμό 150 gr,2.85
2025-07-18,159621,Nuts For Snack Κάσιους Ψημένο Αλατισμένο 150 gr,3.38
2025-07-18,159619,Nuts For Snack Καρυδόψιχα 130 gr,2.65
2025-07-18,160019,Nuts For Snack Ξηροί Καρποί Student Mix 150 gr,2.83
2025-07-18,160018,Nuts For Snack Ξηροί Καρποί Κοκτειλ 140 gr,1.85
2025-07-18,96624,Nuts For Snack Σουσάμι Αποφλοιωμένο 100 gr,0.6
2025-07-18,159618,Nuts For Snack Φουντούκι Ψημένο 150 gr,3.65
2025-07-18,159616,Nuts For Snack Φυστίκι Κελυφωτό Ψημένο Αλατισμένο 150 gr,4.68
2025-07-18,191838,Super Berries Collection Αποξηραμένα Cranberries Χωρίς Προσθήκη Ζάχαρης 180 gr,3.15
2025-07-18,114155,Αφοί Χαΐτογλου Σησάμι Αποφλοιωμένο Ημιψημένο 250 gr,2.43
2025-07-18,122697,Βιδάκης Αμυγδαλόψιχα Ελληνική Ωμή 400 gr,7.5
2025-07-18,163760,Βιδάκης Ανάμικτοι Ξηροί Καρποί Ψημένοι Αλατισμένοι 400 gr,7.5
2025-07-18,101376,Βιδάκης Καρυδόψιχα Μολδαβίας 400 gr,7.5
2025-07-18,132977,Βιδάκης Καρύδα Κεϋλάνης 100 gr,0.78
2025-07-18,163761,Βιδάκης Μίγμα Πλούσιο Σε Αντιοξειδωτικά 400 gr,7.5
2025-07-18,94176,Βιδάκης Σουσάμι 200 gr,1.42
2025-07-18,122698,Βιδάκης Φουντοκόψιχα Ψημένη Ανάλατη 400 gr,9.65
2025-07-18,163759,Βιδάκης Φυστικόψιχα Ελληνική Ψημένη Αλατισμένη 400 gr,4.38
2025-07-18,171042,Σηφάκης Brazil Nuts 150 gr,4.65
2025-07-18,191377,Σηφάκης Corn Nuts BBQ Ισπανίας 200 gr,1.25
2025-07-18,182266,Σηφάκης Mix Snacks Πικάντικο 220 gr,2.34
2025-07-18,191634,Σηφάκης Tiger Snack Bacon 200 gr,2.12
2025-07-18,156746,Σηφάκης Αμυγδαλόψιχα Ωμή Εισαγωγής 200 gr,4.35
2025-07-18,156752,Σηφάκης Αμύγδαλο Φιλέ Εισαγωγής 150 gr,3.73
2025-07-18,174685,Σηφάκης Αμύγδαλο Ψημένο Αλατισμένο Ελληνικό 180 gr,4.45
2025-07-18,161345,Σηφάκης Ανάμικτοι Ξηροί Καρποί 220 gr,2.58
2025-07-18,156994,Σηφάκης Ηλιόσπορος Ψημένος Αλάτισμένος 150 gr,1.0
2025-07-18,156995,Σηφάκης Ηλιόσπορος Ψημένος Ανάλατος 150 gr,1.08
2025-07-18,156748,Σηφάκης Κάσιους Ψημένο Αλατισμένο Ινδίας 200 gr,4.7
2025-07-18,171043,Σηφάκης Κάσιους Ωμό Εισαγωγής 180 gr,3.25
2025-07-18,156747,Σηφάκης Καρυδόψιχα Εισαγωγής 200 gr,2.87
2025-07-18,156751,Σηφάκης Κουκουνάρι Κίνας 50 gr,3.48
2025-07-18,158480,Σηφάκης Ξηροί Καρποί Mix Κράκερ 150 gr,1.8
2025-07-18,158477,Σηφάκης Ξηροί Καρποί Κοκτέιλ Σνακ Ελληνικό 200 gr,1.84
2025-07-18,191635,Σηφάκης Ξηροί Καρποί Κόκτειλ 700 gr,5.98
2025-07-18,156742,Σηφάκης Πασατέμπος Ψημένα Αλατισμένα Ελληνικά 150 gr,1.7
2025-07-18,185304,Σηφάκης Ποπ Κορν Ωμό Αργεντινής 350 gr,1.08
2025-07-18,156749,Σηφάκης Σουσάμι Φυσικό Ινδιών 200 gr,1.47
2025-07-18,156743,Σηφάκης Φουντουκόψιχα Ψημένη Τουρκίας 200 gr,6.77
2025-07-18,160632,Σηφάκης Φυστίκι Καραμελέ 500 gr,3.5
2025-07-18,182264,Σηφάκης Φυστίκι Κελυφωτό Ψίχα Ωμό 80 gr,5.37
2025-07-18,156744,Σηφάκης Φυστίκι Κελυφωτό Ψημένο Αλατισμένο Ελληνικό 200 gr,5.88
2025-07-18,160633,Σηφάκης Φυστίκι Κελυφωτό Ψημένο Αλατισμένο Ελληνικό 300 gr,11.0
2025-07-18,191633,Σηφάκης Φυστίκι Με Επικάλυψη Wasabi 200 gr,2.09
2025-07-18,160631,Σηφάκης Φυστίκι Σαλέ 550 gr,4.28
2025-07-18,156750,Σηφάκης Φυστίκι Σαλέ Εισαγωγής 200 gr,1.55
2025-07-18,203164,Doritos Nacho 180 gr,1.58
2025-07-18,177947,Doritos Nacho 420 gr,2.32
2025-07-18,203507,Doritos Nacho Cheese 90 gr,1.02
2025-07-18,203458,Doritos Σνακ Hot Corn 90 gr,1.02
2025-07-18,206251,Doritos Σνακ Sweet Chilli 180 gr,1.39
2025-07-18,203170,Doritos Σνακ Sweet Chilli 90 gr ,1.16
2025-07-18,75687,El Sabor Nacho Chips Cheese Χωρίς Γλουτένη 225 gr,1.4
2025-07-18,75688,El Sabor Nacho Chips Chili Χωρίς Γλουτένη 225 gr,1.4
2025-07-18,118960,El Sabor Nacho Chips Texas BBQ Χωρίς Γλουτένη 225 gr,2.02
2025-07-18,202719,O My Pop Pop Corn Heavenly Dark Cocoa 70 gr,2.48
2025-07-18,202718,O My Pop Pop Corn Classic Golden Caramel 70 gr,2.48
2025-07-18,206286,Chupa Chups Pop Corn Caramel 90 gr,2.85
2025-07-18,206287,Chupa Chups Pop Corn Strawberry 90 gr,2.85
2025-07-18,152014,Ohonos Snack Pop - O - Tops Ποπ Κορν Classic Χωρίς Γλουτένη 85 gr,1.1
2025-07-18,198612,Pophouse Gourmet Καραμελομένο Pop Corn Με Σοκολάτα 180 gr,2.5
2025-07-18,198688,Pophouse Γλυκό Popcorn Rainbow 130 gr,2.3
2025-07-18,203160,Tasty Poppers Ποπ Κορν Με Αλάτι 75 gr,1.48
2025-07-18,203161,Tasty Poppers Ποπ Κορν Με Γεύση Βούτυρο 75 gr,1.48
2025-07-18,181235,Werthers Caramel Popcorn Classic 140 gr,3.83
2025-07-18,199633,Werthers Original Popcorn Salted Caramel 140 gr,3.83
2025-07-18,206250,Cheetos Crunchy Sweet &amp; Spicy 110 gr,1.48
2025-07-18,188846,Cheetos Lotto Γαριδάκια 90 gr,1.48
2025-07-18,171251,Cheetos Σνακ Pizza 110 gr,1.48
2025-07-18,171253,Cheetos Σνακ Δρακουλίνια 100 gr,1.48
2025-07-18,171252,Cheetos Σνακ Πακοτίνια 125 gr,1.48
2025-07-18,203169,Doritos Σνακ BBQ 90 gr,1.16
2025-07-18,193217,Extra Γαριδάκια Αστεράκι 85 gr,0.96
2025-07-18,193215,Extra Γαριδάκια Με Τυρί 85 gr,0.96
2025-07-18,193297,Extra Σνακ Με Φυστίκι 85 gr,0.96
2025-07-18,199407,Gourmet Selection Chips Γαρίδας 100 gr,3.35
2025-07-18,167833,Jumbo Cuba Honakia Γαριδάκια Χωρίς Γλουτένη 250 gr,2.8
2025-07-18,45830,Jumbo Γαριδάκια Φυστικόμπαλες Vegan Χωρίς Γλουτένη 102 gr,1.1
2025-07-18,30635,Jumbo Γαριδάκια Χωρίς Γλουτένη 85 gr,1.1
2025-07-18,191129,Knorr Asia Chips Γαρίδας Κλασικά 73 gr,1.67
2025-07-18,144629,Knorr Asia Chips Γαρίδας Με Μπαχαρικά 75 gr,1.67
2025-07-18,126960,Ohonos Snack Γαριδάκια Fofico Χωρίς Γλουτένη 100 gr,1.1
2025-07-18,203163,Tasty Γαριδάκια Crunchy Max 100 gr,1.48
2025-07-18,203159,Tasty Γαριδάκια Pitsinia 100 gr,1.48
2025-07-18,203162,Tasty Σνακ Foudounia 90 gr,0.99
2025-07-18,174691,Healthy Habits Πιτατάκια Με Γεύση Πίτσα Χωρίς Προσθήκη Ζάχαρης Vegan 70 gr,0.74
2025-07-18,206101,Healthy Habits Πιτατάκια Με Πάπρικα &amp; Μυρωδικά Χωρίς Προσθήκη Ζάχαρης Vegan 70 gr,0.74
2025-07-18,174690,Healthy Habits Πιτατάκια Με Ρίγανη Χωρίς Προσθήκη Ζάχαρης Vegan 70 gr,0.74
2025-07-18,174687,Healthy Habits Πιτατάκια Μεσογειακά Χωρίς Προσθήκη Ζάχαρης Vegan 70 gr,0.74
2025-07-18,174689,Healthy Habits Πιτατάκια Φυσικά Χωρίς Προσθήκη Ζάχαρης Vegan 70 gr,0.74
2025-07-18,197382,Agrino Chips Ρυζιού Aegean Herbs Vegan Χωρίς Γλουτένη 60 gr ,1.34
2025-07-18,197383,Agrino Chips Ρυζιού Creamy Mushroom Vegan Χωρίς Γλουτένη 60 gr ,1.34
2025-07-18,197384,Agrino Chips Ρυζιού Humus Vegan Χωρίς Γλουτένη 60 gr,1.34
2025-07-18,197381,Agrino Chips Ρυζιού Ketchup Vegan Χωρίς Γλουτένη 60 gr,1.34
2025-07-18,197380,Agrino Chips Ρυζιού Sour Cream &amp; Onion Vegan Χωρίς Γλουτένη 60 gr,1.34
2025-07-18,192526,Chipita Πατατάκια Με Αλάτι 80 gr,0.98
2025-07-18,192525,Chipita Πατατάκια Ρίγανη 80 gr,0.98
2025-07-18,179346,Healthy Habits Τσιπς Ρυζιού Με Γεύση Pizza Χωρίς Γλουτένη 60 gr,1.13
2025-07-18,179352,Healthy Habits Τσιπς Ρυζιού Με Θαλασσινό Αλάτι &amp; Μαύρο Πιπέρι Vegan Χωρίς Γλουτένη 60 gr,1.13
2025-07-18,170659,Iris Πατατάκια Κυματιστά Με Αλάτι 280 gr,2.84
2025-07-18,185270,Iris Πατατάκια Κυματιστά Με Ρίγανη 280 gr,2.84
2025-07-18,198423,Iris Πατατάκια Με Barbeque Χωρίς Γλουτένη 140 gr,1.43
2025-07-18,198424,Iris Πατατάκια Με Αλάτι Χωρίς Γλουτένη 140 gr,1.43
2025-07-18,163661,Jumbo Country Chips Πατατάκια Με Αλάτι Χωρίς Γλουτένη 150 gr,1.8
2025-07-18,163662,Jumbo Country Chips Πατατάκια Με Πιπέρι Χωρίς Γλουτένη 150 gr,1.8
2025-07-18,174019,Jumbo Πατατάκια Κυματιστά BBQ 280 gr,2.65
2025-07-18,174018,Jumbo Πατατάκια Κυματιστά Με Αλάτι 280 gr,2.65
2025-07-18,97752,Lay&#039;s Ολικής Άλεσης Σνακ Δημητριακών Με Αλάτι 95 gr,1.5
2025-07-18,97753,Lay&#039;s Ολικής Άλεσης Σνακ Δημητριακών Με Πιπέρι 95 gr,1.5
2025-07-18,203457,Lay&#039;s Πατατάκια BBQ 120 gr,1.38
2025-07-18,203461,Lay&#039;s Πατατάκια Sour Cream &amp; Μαύρο Πιπέρι 120 gr,1.38
2025-07-18,203165,Lay&#039;s Πατατάκια Με 0% Προσθήκη Αλατιού 120 gr,1.38
2025-07-18,203125,Lay&#039;s Πατατάκια Με 50% Λιγότερο Αλάτι 120 gr,1.38
2025-07-18,203158,Lay&#039;s Πατατάκια Με Αλάτι &amp; Ξύδι 120 gr,1.38
2025-07-18,203462,Lay&#039;s Πατατάκια Με Αλάτι 140 gr,1.38
2025-07-18,198416,Lay&#039;s Πατατάκια Με Αλάτι 210 gr,2.0
2025-07-18,192619,Lay&#039;s Πατατάκια Με Αλάτι 350 gr,2.62
2025-07-18,203463,Lay&#039;s Πατατάκια Με Αλάτι 70 gr,0.88
2025-07-18,203157,Lay&#039;s Πατατάκια Με Ρίγανη 140 gr,1.38
2025-07-18,198415,Lay&#039;s Πατατάκια Με Ρίγανη 210 gr,2.0
2025-07-18,192548,Lay&#039;s Φούρνου Πατατάκια BBQ 105 gr,1.39
2025-07-18,192549,Lay&#039;s Φούρνου Πατατάκια Με Αλάτι 105 gr,1.39
2025-07-18,192550,Lay&#039;s Φούρνου Πατατάκια Με Γιαούρτι &amp; Μυρωδικά 105 gr,1.39
2025-07-18,192620,Lay&#039;s Φούρνου Πατατάκια Με Ντομάτα &amp; Βασιλικό 105 gr,1.39
2025-07-18,192551,Lay&#039;s Φούρνου Πατατάκια Πάπρικα 105 gr,1.39
2025-07-18,198289,Pringles Hot Πατατάκια Flamin Cheese 160 gr,2.35
2025-07-18,198291,Pringles Hot Πατατάκια Kickin Sour Cream 160 gr,2.35
2025-07-18,198290,Pringles Hot Πατατάκια Mexican Chilli &amp; Lime 160 gr,2.35
2025-07-18,134478,Pringles Πατατάκια BBQ 165 gr,2.35
2025-07-18,167286,Pringles Πατατάκια Bacon 165 gr,2.35
2025-07-18,87249,Pringles Πατατάκια Cheese &amp; Onion 165 gr,2.35
2025-07-18,206103,Pringles Πατατάκια Cream Cheese &amp; Herbs 165 gr,2.35
2025-07-18,203674,Pringles Πατατάκια Flame Grilled Steak 165 gr,2.35
2025-07-18,173436,Pringles Πατατάκια Hot &amp; Spicy 165 gr,2.35
2025-07-18,206102,Pringles Πατατάκια Hot Fiery Paprika 160 gr,2.35
2025-07-18,87251,Pringles Πατατάκια Original 165 gr,2.35
2025-07-18,206127,Pringles Πατατάκια Original 2 x 40 gr,2.03
2025-07-18,87250,Pringles Πατατάκια Paprika 165 gr,2.35
2025-07-18,171243,Pringles Πατατάκια Pizza 165 gr,2.35
2025-07-18,94541,Pringles Πατατάκια Salt &amp; Vinegar 165 gr,2.35
2025-07-18,87248,Pringles Πατατάκια Sour Cream &amp; Onion 165 gr,2.35
2025-07-18,206126,Pringles Πατατάκια Sour Cream &amp; Onion 2 x 40 gr,2.03
2025-07-18,203460,Ruffles Πατατάκια BBQ 120 gr,1.38
2025-07-18,59264,Ruffles Πατατάκια BBQ 200 gr,1.86
2025-07-18,107109,Ruffles Πατατάκια BBQ 400 gr,2.93
2025-07-18,203694,Ruffles Πατατάκια Cheeseburger 120 gr,1.38
2025-07-18,190674,Ruffles Πατατάκια KFC 120 gr,1.38
2025-07-18,203166,Ruffles Πατατάκια Ketchup 120 gr,1.38
2025-07-18,203168,Ruffles Πατατάκια Με Αλάτι 140 gr,1.38
2025-07-18,56186,Ruffles Πατατάκια Με Αλάτι 400 gr,2.93
2025-07-18,203167,Ruffles Πατατάκια Με Ρίγανη 140 gr,1.38
2025-07-18,168815,Ruffles Πατατάκια Με Ρίγανη 400 gr,2.93
2025-07-18,206013,Tsakiris Πατατάκια Sticks Cheeseburger Vegan Χωρίς Γλουτένη 60 gr,1.09
2025-07-18,206012,Tsakiris Πατατάκια Sticks Spicy Hot Vegan Χωρίς Γλουτένη 60 gr,1.09
2025-07-18,199345,Tsakiris Πατατάκια Sticks Με Αλάτι Vegan Χωρίς Γλουτένη 105 gr,1.58
2025-07-18,183465,Tsakiris Πατατάκια Sticks Με Αλάτι Vegan Χωρίς Γλουτένη 130 gr,1.49
2025-07-18,199346,Tsakiris Πατατάκια Sticks Με Αλάτι Vegan Χωρίς Γλουτένη 60 gr,1.09
2025-07-18,194286,Tsakiris Πατατάκια Κυματιστά Με Ρίγανη Χωρίς Γλουτένη 120 gr,1.78
2025-07-18,172878,Tsakiris Πατατάκια Με Αλάτι Vegan Χωρίς Γλουτένη 140 gr,1.78
2025-07-18,196582,Tsakiris Πατατάκια Με Πάπρικα Χωρίς Γλουτένη 120 gr,1.78
2025-07-18,172876,Tsakiris Πατατάκια Με Ρίγανη Χωρίς Γλουτένη 140 gr,1.78
2025-07-18,201830,3αλφα Balls Καυτερή Πιπεριά Vegan 85 gr,1.95
2025-07-18,201829,3αλφα Balls Τυρί Cheddar Vegan 85 gr,1.95
2025-07-18,201831,3αλφα Rings Sour Cream &amp; Κρεμμύδι Vegan 85 gr,1.95
2025-07-18,201832,3αλφα Sticks Ντομάτα &amp; Βασιλικό Vegan 85 gr,1.95
2025-07-18,196859,Lotus Biscoff Άλλειμα Μπισκότου Vegan 400 gr,3.78
2025-07-18,206046,Bonne Maman Άλλειμα Με Φουντούκι &amp; Κακάο 250 gr,2.39
2025-07-18,201704,ION Nucrema Πραλίνα Δίχρωμη Φουντουκιού 380 gr,1.83
2025-07-18,129970,ION Nucrema Πραλίνα Φουντουκιού 1 kg,4.49
2025-07-18,192083,ION Nucrema Πραλίνα Φουντουκιού 380 gr ,1.83
2025-07-18,198845,ION Nucrema Πραλίνα Φουντουκιού 580 gr,2.67
2025-07-18,47655,Merenda Παυλίδης Πραλίνα Φουντουκιού 1 kg,8.16
2025-07-18,132895,Merenda Παυλίδης Πραλίνα Φουντουκιού 230 gr,2.5
2025-07-18,133619,Merenda Παυλίδης Πραλίνα Φουντουκιού 360 gr,3.5
2025-07-18,133858,Merenda Παυλίδης Πραλίνα Φουντουκιού 570 gr,3.95
2025-07-18,132740,Merenda Παυλίδης Σοκολάτα Υγείας 360 gr,3.62
2025-07-18,182930,Nut Nutter Πραλίνα Φυστίκι Αιγίνης 250 gr,5.98
2025-07-18,1826,Nutella Ferrero Πραλίνα Φουντουκιού 200 gr,3.58
2025-07-18,1822,Nutella Ferrero Πραλίνα Φουντουκιού 400 gr,3.7
2025-07-18,55487,Nutella Ferrero Πραλίνα Φουντουκιού 750 gr,7.28
2025-07-18,177239,Sisinni Buono Κρέμα Με Φουντούκι &amp; Γάλα Χωρίς Γλουτένη 400 gr,2.45
2025-07-18,177241,Sisinni Nocciolata Κρέμα Κακάο Φουντούκι Με Στέβια Χωρίς Γλουτένη 380 gr,3.98
2025-07-18,177240,Sisinni Κρέμα Κακάο Με Φουντούκι Χωρίς Λακτόζη Vegan Χωρίς Γλουτένη 400 gr,2.7
2025-07-18,177242,Sisinni Κρέμα Σοκολάτας Gianduia Με Στέβια Χωρίς Γλουτένη 380 gr,3.98
2025-07-18,163678,Όλυμπος Super Spread Πραλίνα Φουντουκιού Με Στέβια 350 gr,3.12
2025-07-18,163679,Όλυμπος Super Spread Ταχίνι &amp; Μπισκότο 350 gr,3.12
2025-07-18,120882,Όλυμπος Ταχίνι Βιολογικό Χωρίς Γλουτένη 280 gr,3.96
2025-07-18,102245,Όλυμπος Ταχίνι Με Κακάο Χωρίς Γλουτένη 300 gr,3.42
2025-07-18,202553,Όλυμπος Ταχίνι Με Κακάο Χωρίς Ζάχαρη 280 gr,3.42
2025-07-18,142948,Όλυμπος Ταχίνι Ολικής Άλεσης Χωρίς Γλουτένη 300 gr,3.34
2025-07-18,165002,Όλυμπος Ταχίνι Φυσικό Χωρίς Γλουτένη 300 gr,3.28
2025-07-18,3989,Όλυμπος Ταχίνι Χωρίς Γλουτένη 250 gr,2.79
2025-07-18,142949,Όλυμπος Ταχίνι Χωρίς Γλουτένη 900 gr,6.56
2025-07-18,19882,Μακεδονικό Ταχίνι Vegan Χωρίς Γλουτένη 300 gr,3.54
2025-07-18,80641,Μακεδονικό Ταχίνι Με Κακάο Vegan Χωρίς Γλουτένη 350 gr,3.82
2025-07-18,65715,Μακεδονικό Ταχίνι Με Μέλι Χωρίς Γλουτένη 350 gr,4.34
2025-07-18,182756,Μακεδονικό Ταχίνι Με Μαστίχα Χίου Vegan Χωρίς Γλουτένη 350 gr,4.08
2025-07-18,82810,Μακεδονικό Ταχίνι Με Πορτοκάλι Vegan Χωρίς Γλουτένη 350 gr,3.7
2025-07-18,182755,Μακεδονικό Ταχίνι Με Πρεβιοτικές Ίνες Vegan Χωρίς Γλουτένη 330 gr,3.96
2025-07-18,178253,Μακεδονικό Ταχίνι Με Ρόδι &amp; Cranberries Vegan Χωρίς Γλουτένη 330 gr,4.38
2025-07-18,155222,Μακεδονικό Ταχίνι Με Στέβια Vegan Χωρίς Γλουτένη 330 gr,3.7
2025-07-18,182920,Μακεδονικό Ταχίνι Ολικής Άλεσης Vegan Χωρίς Γλουτένη 300 gr,3.61
2025-07-18,203268,Μακεδονικό Ταχίνι Ολικής Με Μαύρη Σοκολάτα Vegan Χωρίς Γλουτένη 300 gr,3.96
2025-07-18,145747,Μαράτα Ταχίνι 300 gr,1.95
2025-07-18,145748,Μαράτα Ταχίνι 900 gr,5.4
2025-07-18,145601,Μαράτα Ταχίνι Με Κακάο Vegan 350 gr,2.58
2025-07-18,206045,Bonne Maman Φυστικοβούτυρο Απαλό 325 gr,2.93
2025-07-18,3130,Calve Φυστικοβούτυρο Απαλό 350 gr,3.48
2025-07-18,3109,Calve Φυστικοβούτυρο Τραγανό 350 gr,3.48
2025-07-18,184513,Go On Φυστικοβούτυρο Με Αλατισμένη Καραμέλα Χωρίς Γλουτένη 350 gr,5.98
2025-07-18,182677,Healthy Habits Αμυγδαλοβούτυρο Vegan 180 gr,5.27
2025-07-18,198497,Healthy Habits Καρποβούτυρο 180 gr,3.04
2025-07-18,198498,Healthy Habits Φουντουκοβούτυρο 180 gr,3.04
2025-07-18,182676,Healthy Habits Φυστικοβούτυρο Απαλό Vegan 180 gr,1.87
2025-07-18,200394,Nut Nutter Crunchy Φυστικοβούτυρο Χωρίς Ζάχαρη Vegan 250 gr,2.9
2025-07-18,200389,Nut Nutter Αμυγδαλοβούτυρο Χωρίς Ζάχαρη Vegan 190 gr,4.98
2025-07-18,182929,Nut Nutter Φυστικοβούτυρο Χωρίς Ζάχαρη Vegan 250 gr,2.9
2025-07-18,163677,Όλυμπος Super Spread Φυστικοβούτυρο Απαλό 350 gr,2.77
2025-07-18,171888,Όλυμπος Super Spread Φυστικοβούτυρο Με Σοκολάτα 350 gr,2.77
2025-07-18,177087,Όλυμπος Κρέμα 4 Ξηρών Καρπών Vegan Χωρίς Γλουτένη 200 gr,2.79
2025-07-18,202808,Όλυμπος Κρέμα 4 Ξηρών Καρπών Με Κακάο 200 gr,2.79
2025-07-18,177088,Όλυμπος Κρέμα Αμύγδαλο Vegan Χωρίς Γλουτένη 200 gr,3.49
2025-07-18,180265,Όλυμπος Κρέμα Φυστίκι Vegan Χωρίς Γλουτένη 200 gr,1.74
2025-07-18,131496,Αφοί Χαΐτογλου Φυστικοβούτυρο Crunchy Vegan Χωρίς Γλουτένη 350 gr,2.67
2025-07-18,131192,Αφοί Χαΐτογλου Φυστικοβούτυρο Απαλό Vegan Χωρίς Γλουτένη 350 gr,2.67
2025-07-18,188231,Αφοί Χαΐτογλου Φυστικοβούτυρο Καραμέλα Vegan Χωρίς Γλουτένη 350 gr,2.73
2025-07-18,179878,Αφοί Χαΐτογλου Φυστικοβούτυρο Με Μαύρη Σοκολάτα Vegan Χωρίς Γλουτένη 350 gr,2.73
2025-07-18,197503,Αφοί Χαΐτογλου Φυστικοβούτυρο Με Μπανάνα Vegan Χωρίς Γλουτένη 350 gr,2.73
2025-07-18,156674,Βιοαγρός Αμυγδαλοβούτυρο Χωρίς Αλάτι Βιολογικό 250 gr,9.8
2025-07-18,156679,Βιοαγρός Φυστικοβούτυρο Χωρίς Αλάτι Βιολογικό 250 gr,4.93
2025-07-18,69039,Cadbury Ρόφημα Σοκολάτας Σε Σκόνη 250 gr,4.1
2025-07-18,2161,Hemo Ρόφημα Στιγμής Με Κακάο &amp; Βύνη 400 gr ,3.95
2025-07-18,81228,Hemo Ρόφημα Στιγμής Με Κακάο &amp; Βύνη 400 gr ,3.47
2025-07-18,2110,ION Κακάο Σε Σκόνη 125 gr,2.47
2025-07-18,204762,Marchoc Κακάο Χωρίς Γλουτένη 100 gr,2.38
2025-07-18,156444,Marchoc Ρόφημα Σοκολάτας Γάλακτος 0% Ζάχαρη Σε Σκόνη Χωρίς Γλουτένη 230 gr,4.75
2025-07-18,171308,Marchoc Ρόφημα Σοκολάτας Γάλακτος Φράουλα 0% Ζάχαρη Σε Σκόνη 230 gr,3.98
2025-07-18,194131,Marchoc Ρόφημα Σοκολάτας Με Γεύση Bueno 0% Ζάχαρη Σε Σκόνη 230 gr,4.75
2025-07-18,176600,Marchoc Ρόφημα Σοκολάτας Σε Σκόνη 400 gr,4.95
2025-07-18,201017,Nescafe Ροφημα Σοκολάτας Kit Kat Σε Κάψουλες 16 Τεμάχια 256 gr,6.48
2025-07-18,141540,Nestle Nesquik Ρόφημα Κακάο Σε Σκόνη 400 gr ,4.1
2025-07-18,143141,Nestle Nesquik Ρόφημα Κακάο Σε Σκόνη 800 gr ,7.38
2025-07-18,86742,Nestle Nesquik Ρόφημα Κακάο Σε Σκόνη Χωρίς Γλουτένη 250 gr,2.86
2025-07-18,2209,Nestle Nesquik Ρόφημα Κακάο Σε Σκόνη Χωρίς Γλουτένη 500 gr,5.25
2025-07-18,120501,Γιώτης Caotonic Ρόφημα Κακάο Σε Σκόνη Χωρίς Γλουτένη 400 gr ,3.08
2025-07-18,2180,Γιώτης Caotonic Ρόφημα Κακάο Σε Σκόνη Χωρίς Γλουτένη 500 gr ,3.98
2025-07-18,36142,Γιώτης Κακάο Σε Σκόνη Vegan 125 gr,2.24
2025-07-18,174697,Γιώτης Ρόφημα Σοκολάτας Bitter Σε Σκόνη 250 gr,3.72
2025-07-18,188777,Γιώτης Ρόφημα Σοκολάτας Γάλακτος Σε Σκόνη 250 gr ,3.94
2025-07-18,36143,Γιώτης Ρόφημα Σοκολάτας Σε Σκόνη 400 gr ,4.75
2025-07-18,1510,Bounty Σοκολάτα Γάλακτος Με Καρύδα 57 gr,1.24
2025-07-18,203939,Crunch Γκοφρέτα Snack 30 gr,0.58
2025-07-18,1601,Crunch Σοκολάτα Γάλακτος Χωρίς Γλουτένη 100 gr,2.18
2025-07-18,1570,Crunch Σοκολάτα Λευκή Χωρίς Γλουτένη 100 gr,2.18
2025-07-18,100511,Crunch Σοκολάτα Με Κομματάκια Μπισκότου Χωρίς Γλουτένη 100 gr,2.18
2025-07-18,203306,ION Break Σοκολάτα Dubai Style 100 gr,4.65
2025-07-18,1582,ION Break Σοκολάτα Γάλακτος Με Φουντούκια 85 gr,2.48
2025-07-18,39931,ION Break Σοκολάτα Λευκή Με Σταφίδα Αμύγδαλο &amp; Φουντούκι 85 gr,2.48
2025-07-18,201176,ION Selection Σοκολατάκια Pralines 198 gr,3.9
2025-07-18,1519,ION Αμυγδάλου Σοκολάτα Γάλακτος 100 gr,2.45
2025-07-18,200285,ION Αμυγδάλου Σοκολάτα Γάλακτος 100 gr,2.45
2025-07-18,199804,ION Αμυγδάλου Σοκολάτα Γάλακτος 2 x 200 gr,8.4
2025-07-18,1635,ION Αμυγδάλου Σοκολάτα Γάλακτος 200 gr,4.32
2025-07-18,130733,ION Αμυγδάλου Σοκολάτα Γάλακτος 270 gr,4.98
2025-07-18,199805,ION Αμυγδάλου Σοκολάτα Γάλακτος 3 x 100 gr,7.18
2025-07-18,199803,ION Αμυγδάλου Σοκολάτα Γάλακτος 3 x 30 gr,2.62
2025-07-18,199806,ION Αμυγδάλου Σοκολάτα Γάλακτος 3 x 70 gr,5.7
2025-07-18,26671,ION Αμυγδάλου Σοκολάτα Γάλακτος 30 gr,0.93
2025-07-18,1521,ION Αμυγδάλου Σοκολάτα Γάλακτος 70 gr,1.95
2025-07-18,156677,ION Αμυγδάλου Σοκολάτα Γάλακτος Sticks 35 gr,0.92
2025-07-18,1523,ION Αμυγδάλου Σοκολάτα Γάλακτος Με Ολόκληρα Αμύγδαλα 100 gr,2.45
2025-07-18,141473,ION Αμυγδάλου Σοκολάτα Γάλακτος Με Στέβια Χωρίς Γλουτένη 60 gr,1.88
2025-07-18,1518,ION Σοκολάτα Γάλακτος 100 gr,2.45
2025-07-18,200281,ION Σοκολάτα Γάλακτος 100 gr ,2.45
2025-07-18,1634,ION Σοκολάτα Γάλακτος 200 gr,3.95
2025-07-18,199809,ION Σοκολάτα Γάλακτος 3 x 70 gr,5.68
2025-07-18,1520,ION Σοκολάτα Γάλακτος 30 gr,0.93
2025-07-18,176688,ION Σοκολάτα Γάλακτος 30% Λιγότερη Ζάχαρη 90 gr,2.45
2025-07-18,1524,ION Σοκολάτα Γάλακτος 70 gr,1.95
2025-07-18,156673,ION Σοκολάτα Γάλακτος Sticks 35 gr,0.92
2025-07-18,141474,ION Σοκολάτα Γάλακτος Με Στέβια Χωρίς Γλουτένη 60 gr,1.88
2025-07-18,162650,ION Σοκολάτα Φουντουκι Σε Sticks 35 gr,0.92
2025-07-18,162648,ION Σοκολάτα Φουντουκιού 100 gr,2.45
2025-07-18,200284,ION Σοκολάτα Φουντουκιού 100 gr,2.45
2025-07-18,1636,ION Σοκολάτα Φουντουκιού 200 gr,4.32
2025-07-18,196095,ION Σοκολάτα Φουντουκιού 70 gr,1.95
2025-07-18,156668,ION Φουντουκιού Σοκολάτα Με Στέβια Χωρίς Γλουτένη 60 gr,1.88
2025-07-18,50764,Kinder Chocolate Σοκολάτα Γάλακτος Γεμιστή Χωρίς Γλουτένη 16 Τεμάχια 200 gr,3.74
2025-07-18,1507,Kinder Chocolate Σοκολάτα Γάλακτος Γεμιστή Χωρίς Γλουτένη 8 Τεμάχια 100 gr,1.98
2025-07-18,47352,Kinder Joy 20 gr,1.5
2025-07-18,145600,Kinder Joy Έκπληξη Σοκολάτα 3 x 20 gr,3.98
2025-07-18,170159,Lacta Lila Pause Σοκολάτα Γάλακτος 100 gr,2.6
2025-07-18,200026,Lacta Nuts Σοκολάτα Γάλακτος Με Καραμελωμένο Αμύγδαλο &amp; Αλατισμένο Κράκερ 85 gr,2.7
2025-07-18,200028,Lacta Nuts Σοκολάτα Γάλακτος Με Ολόκληρο Αμύγδαλο 100 gr,2.46
2025-07-18,200027,Lacta Nuts Σοκολάτα Γάλακτος Με Ολόκληρο Φουντούκι 100 gr,2.85
2025-07-18,97177,Lacta Oreo Σοκολάτα Γάλακτος 105 gr,2.7
2025-07-18,154831,Lacta Oreo Σοκολάτα Γάλακτος 37 gr,0.9
2025-07-18,156062,Lacta Oreo Φράουλα Σοκολάτα Γάλακτος 105 gr,2.7
2025-07-18,121211,Lacta Sandwich Biscotto Σοκολάτα Γάλακτος 87 gr,2.7
2025-07-18,199753,Lacta Σοκολάτα Γάλακτος 3 x 85 gr,6.9
2025-07-18,199810,Lacta Σοκολάτα Γάλακτος 4 x 30 gr,3.75
2025-07-18,1497,Lacta Σοκολάτα Γάλακτος 60 gr,1.95
2025-07-18,1498,Lacta Σοκολάτα Γάλακτος 85 gr,2.7
2025-07-18,194805,Lacta Σοκολάτα Με Γεύση Banoffee 105 gr,2.46
2025-07-18,201659,Maltesers Teasers Μπάρα Σοκολάτας 35 gr,1.24
2025-07-18,114239,Mars Σοκολάτα Twin Pack 2 x 35 gr,1.64
2025-07-18,77233,Mars Σοκολάτα Κλασσική 51 gr,1.24
2025-07-18,163886,Milka Σοκολάτα Cacao Lenses 100 gr,2.25
2025-07-18,204121,Milka Σοκολάτα Με Ολόκληρα Φουντούκια 95 gr,2.25
2025-07-18,182169,Reese&#039;s Big Cup Τάρτα Σοκολάτας Με Φυστικοβούτυρο 39 gr,1.58
2025-07-18,205610,Reese&#039;s Big Cup Τάρτα Σοκολάτας Με Φυστικοβούτυρο 68 gr,3.88
2025-07-18,168983,Reese&#039;s Cups Ταρτάκια Σοκολάτας Με Φυστικοβούτυρο Χωρίς Γλουτένη 2 x 21 gr ,1.56
2025-07-18,1553,Ritter Sport Σοκολάτα Marzipan 100 gr,2.64
2025-07-18,201419,Ritter Sport Σοκολάτα Γάλακτος Rum Raisins Hazelnut 100 gr,2.64
2025-07-18,195395,Ritter Sport Σοκολάτα Γάλακτος Salted Caramel 100 gr,2.64
2025-07-18,189272,Ritter Sport Σοκολάτα Γάλακτος Με Πραλίνα 100 gr,2.64
2025-07-18,145840,Schogetten Σοκολάτα Φουντουκιού 100 gr,2.22
2025-07-18,145841,Schogetten Σοκολάτα Φράουλα Γιαούρτι 100 gr,2.22
2025-07-18,114249,Snickers Σοκολάτα 2 x 40 gr,1.64
2025-07-18,193558,Snickers Σοκολάτα 3 x 50 gr,2.88
2025-07-18,117161,Snickers Σοκολάτα 50 gr,1.24
2025-07-18,1527,Toblerone Σοκολάτα Γάλακτος 100 gr,2.95
2025-07-18,124832,Twix Extra Σοκολάτα 75 gr,1.64
2025-07-18,117206,Twix Σοκολάτα 50 gr,1.24
2025-07-18,1587,Γιώτης Caotonic Choco Σοκολάτα 20 gr,0.58
2025-07-18,200286,ΙΟΝ Σοκολατένιο Παιχνιδοαυγό 20 gr,0.98
2025-07-18,1642,Παυλίδης Kiss Σοκολάτα Γάλακτος Με Γέμιση Φράουλα 27-5 gr,0.72
2025-07-18,198380,ION Γκοφρέτα Με Κρέμα Βανίλια 28 gr,0.2
2025-07-18,198381,ION Γκοφρέτα Με Κρέμα Κακάο 28 gr,0.2
2025-07-18,1632,Amaretti Γκοφρέτα Classic 180 gr,1.98
2025-07-18,181096,Amaretti Γκοφρετάκια Classic Με Γέμιση Κρέμας Κακάο 125 gr,1.26
2025-07-18,1517,Amaretti Γκοφρετάκια Classic Με Γέμιση Κρέμας Κακάο 68 gr,0.67
2025-07-18,186040,Amaretti Γκοφρετάκια Με Γέμιση Κρέμας Κακάο 3 x 68 gr,1.6
2025-07-18,121745,Amaretti Γκοφρετάκια Minis Με Γέμιση Κρέμας Κακάο 165 gr,2.18
2025-07-18,161344,Bonora Γκοφρέτα Με Κρέμα Κακάο 180 gr,1.0
2025-07-18,161992,Bonora Γκοφρέτα Με Σοκολάτα Γάλακτος 33 gr,0.34
2025-07-18,196096,ION Derby Με Γέμιση Φουντούκι 38 gr,0.69
2025-07-18,121728,ION Derby Με Διπλή Γέμιση Καρύδας Και Καραμέλας 38 gr,0.69
2025-07-18,199802,ION Derby Με Σοκολάτα Γάλακτος &amp; Γέμιση Καρύδας 3 x 38 gr,1.95
2025-07-18,1525,ION Derby Με Σοκολάτα Γάλακτος Και Γέμιση Καρύδας 38 gr,0.69
2025-07-18,1536,ION Σοκοφρέτα Maxi Γκοφρέτα Σοκολάτα Γάλακτος 52 gr,0.9
2025-07-18,1534,ION Σοκοφρέτα Maxi Γκοφρέτα Σοκολάτας Γάλακτος Με Φουντούκια 52 gr,0.9
2025-07-18,35538,ION Σοκοφρέτα Mini Γκοφρετάκια Σοκολάτας Γάλακτος 210 gr,3.18
2025-07-18,101242,ION Σοκοφρέτα Mini Γκοφρετάκια Σοκολάτας Γάλακτος Με Φουντούκια 210 gr,3.18
2025-07-18,69405,ION Σοκοφρέτα Mini Γκοφρετάκια Σοκολάτας Υγείας 210 gr,3.18
2025-07-18,148026,ION Σοκοφρέτα Γάλακτος Χωρίς Γλουτένη 38 gr,0.63
2025-07-18,162652,ION Σοκοφρέτα Γκοφρέτα Γάλακτος Με Στέβια 30 gr,0.63
2025-07-18,1526,ION Σοκοφρέτα Γκοφρέτα Σοκολάτα Γάλακτος 38 gr,0.63
2025-07-18,202882,ION Σοκοφρέτα Γκοφρέτα Σοκολάτα Γάλακτος 4 x 38 gr,2.35
2025-07-18,1488,ION Σοκοφρέτα Γκοφρέτα Σοκολάτας Γάλακτος Με Φουντούκια 38 gr,0.63
2025-07-18,61535,ION Σοκοφρέτα Γκοφρέτα Σοκολάτας Υγείας 38 gr,0.63
2025-07-18,162679,ION Σοκοφρέτα Γκοφρέτα Υγείας Με Στέβια 30 gr,0.63
2025-07-18,205162,ION Σοκοφρέτα Φουντούκι 4 x 38 gr,2.25
2025-07-18,202714,Jaffa Γκοφρετάκια Crispy Choco 150 gr,1.85
2025-07-18,97542,Kinder Bueno White Γκοφρέτα 39 gr,1.1
2025-07-18,201418,Kinder Bueno White Γκοφρέτα 5 x 39 gr,3.28
2025-07-18,203938,Kinder Bueno White Γκοφρέτα 5 Τεμάχια  97.5 gr,2.68
2025-07-18,1645,Kinder Bueno Γκοφρέτα 43 gr,1.1
2025-07-18,136118,Kinder Bueno Γκοφρέτα 5 x 43 gr,4.68
2025-07-18,188591,Kinder Buenο Γκοφρέτα 5 Τεμάχια 107-5 gr,2.68
2025-07-18,204539,Kinder Tronky Wafer Γκοφρέτα 5 Τεμάχια 90 gr,2.02
2025-07-18,1562,Kit Kat Mini Γκοφρετάκια Με Σοκολάτα Γάλακτος 200 gr,4.0
2025-07-18,146276,Kit Kat Γκοφρέτα Με Σοκολάτα Γάλακτος 3 x 41-5 gr,2.85
2025-07-18,144610,Kit Kat Γκοφρέτα Με Σοκολάτα Γάλακτος 41-5 gr,0.98
2025-07-18,196420,Kit Kat Γκοφρέτα Με Σοκολάτα Γάλακτος Και Γεύση Φουντούκι 41-5 gr,0.98
2025-07-18,129603,Lacta Γκοφρέτα Με Επικάλυψη Σοκολάτας Γάλακτος 28.5 gr,0.58
2025-07-18,199746,Lacta Γκοφρέτα Σοκολάτα Γάλακτος 4 x 28-5 gr,2.2
2025-07-18,160072,Serenata Dark Minis Γκοφρετάκια Με Σοκολάτα Υγείας Και Γέμιση Κρέμα Κακάο 180 gr,2.88
2025-07-18,185798,Serenata Double Γκοφρέτα Με Διπλή Επικάλυψη Σοκολάτας Γάλακτος 3 x 48 gr ,2.56
2025-07-18,1594,Serenata Maxi Γκοφρέτα Με Σοκολάτας Γάλακτος 50 gr ,0.87
2025-07-18,81811,Serenata Minis Γκοφρετάκια Με Σοκολάτα Γάλακτος &amp; Γέμιση Κρέμα Κακάο 180 gr,2.88
2025-07-18,199900,Serenata Triplo Σοκολάτα Γάλακτος Με Γέμιση Φυστικοβούτυρο 50 gr,0.96
2025-07-18,144836,Serenata Twin Γκοφρέτα Με Σοκολάτα Γάλακτος 3 x 30 gr,1.58
2025-07-18,176108,Serenata Twin Γκοφρέτα Με Σοκολάτα Υγείας 3 x 30 gr,1.34
2025-07-18,100073,Serenata Γκοφρέτα Classic 3 x 33 gr,1.58
2025-07-18,1516,Serenata Γκοφρέτα Classic 33 gr ,0.57
2025-07-18,194291,Serenata Γκοφρέτα Peanut Butter 33 gr,0.62
2025-07-18,199899,Tottis Κουκουρούκου Γκοφρέτα Με Σοκολάτα Γάλακτος Φουντούκια &amp; Γάλα 25 gr,0.44
2025-07-18,187142,Βιολάντα Γκοφρετίνια Bianca Με Πραλίνα Φουντουκιού 160 gr,1.84
2025-07-18,191964,Ferrero Raffaello Σοκολατάκια Με Καρύδα 150 gr,3.98
2025-07-18,180697,Lacta Mini Σοκολατάκια Γάλακτος 350 gr,8.37
2025-07-18,42456,M&amp;M&#039;S Κουφετάκια Σοκολάτας 250 gr,3.82
2025-07-18,147297,M&amp;M&#039;S Κουφετάκια Σοκολάτας 45 gr,1.25
2025-07-18,199927,M&amp;M&#039;S Κουφετάκια Σοκολάτας Minis 115 gr ,2.78
2025-07-18,161419,M&amp;M&#039;S Κουφετάκια Σοκολάτας Γάλακτος 125 gr,2.78
2025-07-18,161418,M&amp;M&#039;S Κουφετάκια Σοκολάτας Γάλακτος Με Φυστίκι 125 gr,2.78
2025-07-18,41797,M&amp;M&#039;S Κουφετάκια Σοκολάτας Με Φυστίκι 250 gr,3.82
2025-07-18,56692,Maltesers Κουφετάκια Σοκολάτας 175 gr,3.68
2025-07-18,2507,Maltesers Κουφετάκια Σοκολάτας Pouch 37 gr,1.24
2025-07-18,167070,Mars Minis Σοκολατάκια 275 gr,4.48
2025-07-18,71427,Smarties Κουφετάκια Mini Γεμιστά Με Σοκολάτα Γάλακτος 216 gr,3.85
2025-07-18,149391,Smarties Σοκολατάκια 38 gr,0.98
2025-07-18,179765,Smarties Σοκολατάκια Hexa Tube 3 x 34 gr,2.5
2025-07-18,174713,Snickers Minis Σοκολατάκια 275 gr,4.48
2025-07-18,34696,Toffifee Σοκολατάκια Με Φουντούκι Και Καραμέλα 125 gr,3.18
2025-07-18,167069,Twix Minis Σοκολάτα 275 gr,4.48
2025-07-18,180589,Παυλίδης Σοκολατίνια Υγείας 350 gr,8.78
2025-07-18,181483,Παυλίδης Σοκολατίνια Υγείας Με 70% Κακάο 350 gr,8.1
2025-07-18,170550,ION Dark Σοκολάτα 70% Κακάο 90 gr ,2.48
2025-07-18,141517,ION Dark Σοκολάτα Super Fruits 90 gr,2.48
2025-07-18,142383,ION Dark Σοκολάτα Με Στέβια Χωρίς Γλουτένη 60 gr,1.88
2025-07-18,43165,ION Σοκολάτα Υγείας Αμυγδάλου 100 gr,2.45
2025-07-18,73616,ION Σοκολάτα Υγείας Αμυγδάλου Με 72% Κακάο 100 gr,2.48
2025-07-18,148526,ION Σοκολάτα Υγείας Αμυγδάλου Με Στέβια Χωρίς Γλουτένη 60 gr,1.88
2025-07-18,168962,Schogetten Σοκολάτα Υγείας Με 65% Κακάο 100 gr,2.22
2025-07-18,130513,Λαβδάς Σοκολάτα Bitter 70% Κακάο Χωρίς Ζάχαρη 30 gr ,1.35
2025-07-18,1590,Παυλίδης Σοκολάτα Γάλακτος Γεμιστή Με Φράουλα 100 gr,2.7
2025-07-18,25232,Παυλίδης Σοκολάτα Υγείας 100 gr,2.85
2025-07-18,199755,Παυλίδης Σοκολάτα Υγείας 2 x 100 gr,5.42
2025-07-18,57785,Παυλίδης Σοκολάτα Υγείας 30 gr,1.1
2025-07-18,199754,Παυλίδης Σοκολάτα Υγείας 4 x 30 gr,3.75
2025-07-18,92872,Παυλίδης Σοκολάτα Υγείας Με 70% Κακάο 100 gr,3.45
2025-07-18,29089,Παυλίδης Σοκολάτα Υγείας Με Αμύγδαλα 100 gr,2.85
2025-07-18,156063,Παυλίδης Σοκολάτα Υγείας Με Αμύγδαλα Αλάτι &amp; 70% Κακάο 100 gr,3.45
2025-07-18,170733,Παυλίδης Σοκολάτα Υγείας Με Γέμιση Φράουλα 100 gr,2.85
2025-07-18,91518,Παυλίδης Σοκολάτα Υγείας Με Πορτοκάλι 100 gr,2.85
2025-07-18,57790,Παυλίδης Σοκολάτα Υγείας Με Φουντούκια 100 gr,2.85
2025-07-18,112693,Anna Herbs Δίχταμος Έρωντας 15 gr,1.08
2025-07-18,112701,Anna Herbs Μαλοτήρα Τσάι Του Βουνού 20 gr,1.08
2025-07-18,112708,Anna Herbs Σαρανταδέντρι Καρτεράκι 30 gr,1.08
2025-07-18,112715,Anna Herbs Φασκόμηλο 25 gr,1.08
2025-07-18,112717,Anna Herbs Χαμόμηλο 25 gr,1.08
2025-07-18,179954,Cretan Beauty Δίκταμος Βιολογικός 50 gr,3.25
2025-07-18,203518,Iliostasio Αφέψημα Αντιστρές Βιολογικό 20 gr,1.85
2025-07-18,189198,Iliostasio Αφέψημα Μαλοτήρα 15 gr,1.85
2025-07-18,191915,Iliostasio Τσάι Κρητικό Βιολογικό 10 x 1 gr,1.98
2025-07-18,191916,Iliostasio Τσάι Πρωινό Βιολογικό 10 x 1 gr,1.98
2025-07-18,191917,Iliostasio Τσάι Χαμομήλι Βιολογικό 10 x 1 gr,1.88
2025-07-18,123201,Krocus Kozanis Ρόφημα Με Κρόκο Κοζάνης &amp; Μέλι Χωρίς Γλουτένη 10 x 1-8 gr,3.03
2025-07-18,123200,Krocus Kozanis Ρόφημα Με Κρόκο Κοζάνης &amp; Πιπερόριζα Χωρίς Γλουτένη 10 x 1-8 gr,3.03
2025-07-18,158734,Krocus Kozanis Ρόφημα Με Κρόκο Κοζάνης- Κανέλλα &amp; Γαρύφαλλο Χωρίς Γλουτένη 10 x 1-8 gr,3.03
2025-07-18,85185,Lipton Αφέψημα Μήλο Κανέλα 20 x 2.2 gr,3.22
2025-07-18,2219,Lipton Χαμομήλι Αφέψημα 10 x 1 gr,0.88
2025-07-18,36829,Lipton Χαμομήλι Αφέψημα 20 x 1 gr,1.74
2025-07-18,177191,Thamma Αφέψημα Cretan Daylight Βιολογικό Vegan Χωρίς Γλουτένη 12 x 1-5 gr,3.88
2025-07-18,202558,Thamma Αφέψημα Earl Grey Tea Βιολογικό Vegan 12 x 2 gr,2.95
2025-07-18,177195,Thamma Αφέψημα Gentle Evening Βιολογικό Vegan Χωρίς Γλουτένη 12 x 1 gr,3.88
2025-07-18,177194,Thamma Αφέψημα Louisa Darling Βιολογικό Vegan Χωρίς Γλουτένη 12 x 1-5 gr,3.88
2025-07-18,202559,Thamma Αφέψημα Pure Green Tea Βιολογικό Vegan 12 x 2 gr,2.95
2025-07-18,160641,Καρτεράκι Βοτανικό Αφέψημα Κρητικό Παραδοσιακό Τσάι 10 x 1 gr,1.53
2025-07-18,160643,Καρτεράκι Βοτανικό Αφέψημα Κρητικό Πράσινο Τσάι 10 x 1-2 gr,1.53
2025-07-18,160642,Καρτεράκι Βοτανικό Αφέψημα Κρητικό Τσάι 10 x 1 gr,1.53
2025-07-18,203672,Καρτεράκι Βοτανικό Αφέψημα Τσάι Του Βουνού 10 x 1 gr,1.92
2025-07-18,182816,Κοπέλι Κοκτέιλ Βοτάνων Αφέψημα 20 x 1-2 gr,2.32
2025-07-18,190635,Κοπέλι Πράσινο Τσάι Ιβίσκος &amp; Κανέλα 20 x 1.8 gr,2.32
2025-07-18,194617,Κοπέλι Στιγμιαίο Αφέψημα Τσάι Με Λουίζα &amp; Μέντα 20 x 1-2 gr,2.32
2025-07-18,184608,Κοπέλι Τσάι Βαλεριάνα &amp; Μελισσόχορτο Παραδοσιακό Κρητικό Αφέψημα 20 x 1-5 gr,2.32
2025-07-18,118969,Κοπέλι Τσάι Του Βουνού Μαλοτήρα Με Ματζουράνα Παραδοσιακό Κρητικό Αφέψημα 20 x 1 gr,2.32
2025-07-18,183540,Κοπέλι Τσάι Του Βουνού Παραδοσιακό Κρητικό Αφέψημα 20 x 1-2 gr,2.32
2025-07-18,182815,Κοπέλι Χαμόμηλο Στιγμιαίο Αφέψημα 20 x 1-2 gr,1.65
2025-07-18,179951,Cretan Beauty Τσάι Mix Του Παππού Βιολογικό 50 gr,3.25
2025-07-18,179953,Cretan Beauty Τσάι Του Βουνού Βιολογικό 50 gr,3.25
2025-07-18,98256,Lipton Green Tea Classic 20 x 1.3 gr,2.7
2025-07-18,104840,Lipton Green Tea Mint Πυραμίδες 20 x 1-6 gr,3.48
2025-07-18,36827,Lipton Green Tea Orient 20 x 1-3 gr,2.65
2025-07-18,201320,Lipton Orange Arancia Μαύρο Τσάι Με Πορτοκάλι Πυραμίδες 20 x 1.7 gr,3.38
2025-07-18,52509,Lipton Tea Μαύρο Τσάι Forest Fruits Πυραμίδες 20 x 1.7 gr,3.38
2025-07-18,52197,Lipton Tea Μαύρο Τσάι Vanilla Caramel Πυραμίδες 20 x 1.7 gr,3.38
2025-07-18,2106,Lipton Yellow Label Μαύρο Τσάι 10 x 1-5 gr,1.24
2025-07-18,2102,Lipton Yellow Label Μαύρο Τσάι 100 x 1-5 gr,8.35
2025-07-18,2109,Lipton Yellow Label Μαύρο Τσάι 20 x 1-5 gr,2.0
2025-07-18,69728,Twinings Earl Grey Πράσινο Τσάι 25 x 1-6 gr ,6.4
2025-07-18,2166,Twinings Earl Grey Τσάι 10 x 2 gr,3.08
2025-07-18,19458,Twinings Earl Grey Τσάι 25 x 2 gr,5.32
2025-07-18,2228,Twinings English Breakfast Μαύρο Τσάι 10 x 2 gr,2.75
2025-07-18,30774,Twinings English Breakfast Μαύρο Τσάι 25 x 2 gr,5.5
2025-07-18,53009,Twinings Pure Πράσινο Τσάι 25 x 2 gr,5.88
2025-07-18,189106,Twinings Superblends Τσάι Energy 18 x 2 gr,5.18
2025-07-18,189105,Twinings Superblends Τσάι Focus 18 x 1-5 gr ,5.18
2025-07-18,30773,Twinings Πράσινο Τσάι &amp; Λεμόνι 25 x 1-6 gr,5.93
2025-07-18,145432,Twinings Πράσινο Τσάι Jasmine 10 x 1-8 gr,3.88
2025-07-18,132896,Κοπέλι Πράσινο Τσάι 20 x 2 gr,1.8
2025-07-18,160922,Κοπέλι Πράσινο Τσάι Με Βότανα 20 x 1-8 gr,2.32
2025-07-18,114601,Chupa Chups Γλειφιτζούρι Melody Pop 15 gr,0.49
2025-07-18,72077,Chupa Chups Γλειφιτζούρι Μύλος Διάφορα Φρούτα 12 gr,0.4
2025-07-18,191138,Fruities Ζελεδάκια Μίνι Με Διάφορα Φρούτα 350 gr,2.2
2025-07-18,191137,Fruities Ζελεδάκια Με Διάφορα Φρούτα 400 gr,2.2
2025-07-18,167327,Greek Recipes Discover Καραμέλες 200 gr ,2.0
2025-07-18,167328,Greek Recipes Discover Καραμέλες Ούζου 200 gr,2.0
2025-07-18,193152,Halls Καραμέλες Citrus Mix Χωρίς Ζάχαρη 32 gr,0.95
2025-07-18,137007,Halls Καραμέλες Extra Strong Χωρίς Ζάχαρη 32 gr,0.95
2025-07-18,36529,Halls Καραμέλες Original Χωρίς Ζάχαρη 28 gr,1.1
2025-07-18,148586,Halls Καραμέλες Original Χωρίς Ζάχαρη 32 gr,0.95
2025-07-18,137008,Halls Καραμέλες Κανέλα Χωρίς Ζάχαρη 32 gr,0.95
2025-07-18,184221,Halls Καραμέλες Καρπούζι Χωρίς Ζάχαρη 32 gr,0.95
2025-07-18,34450,Halls Καραμέλες Κεράσι Χωρίς Ζάχαρη 28 gr,1.1
2025-07-18,148902,Halls Καραμέλες Κεράσι Χωρίς Ζάχαρη 32 gr,0.95
2025-07-18,153335,Halls Καραμέλες Μέλι &amp; Λεμόνι Χωρίς Ζάχαρη 32 gr,0.95
2025-07-18,148901,Halls Καραμέλες Φράουλα Με Βιταμίνη C Χωρίς Ζάχαρη 32 gr,0.95
2025-07-18,187375,Haribo Ζελεδάκια Berries 175 gr,1.58
2025-07-18,198414,Haribo Ζελεδάκια Dragibus 180 gr,1.67
2025-07-18,189578,Haribo Ζελεδάκια Frizzi Mix 100 gr,1.0
2025-07-18,168027,Haribo Ζελεδάκια Happy Cherries 200 gr,1.67
2025-07-18,168028,Haribo Ζελεδάκια Happy Cola 200 gr,1.67
2025-07-18,198413,Haribo Ζελεδάκια Mallow Mania 175 gr,2.03
2025-07-18,191858,Haribo Ζελεδάκια Miami Fizz 85 gr,1.0
2025-07-18,190389,Haribo Ζελεδάκια Pasta Fruit Vegan 160 gr,1.58
2025-07-18,168032,Haribo Ζελεδάκια Star Mix 200 gr,1.67
2025-07-18,205571,Haribo Ζελεδάκια Tropifrutti 175 gr,1.67
2025-07-18,168035,Haribo Ζελεδάκια Worms 200 gr,1.67
2025-07-18,198412,Haribo Ζελεδάκια Καρπούζι 160 gr,1.67
2025-07-18,205198,Haribo Ζελεδάκια Φράουλα Erdbeeren 175 gr,1.67
2025-07-18,175042,Haribo Ζελεδάκια Χρυσά Αρκουδάκια 100 gr,1.0
2025-07-18,168030,Haribo Ζελεδάκια Χρυσά Αρκουδάκια Γεύσεις Φρούτων 200 gr,1.67
2025-07-18,152045,Haribo Καραμέλες Mao Mix 135 gr,1.67
2025-07-18,173557,Mentos Καραμέλες Clean Breath Winter Green 2 Ώρες Χωρίς Ζάχαρη Χωρίς Γλουτένη 21 gr,1.38
2025-07-18,204366,Mentos Καραμέλες Clean Breath Λεμόνι &amp;  Μελισσόχορτο Χωρίς Ζάχαρη Χωρίς Γλουτένη 21 gr,1.38
2025-07-18,206107,Skittles Crazy Sours Καραμέλες Με Γεύση Φρούτων 38 gr,0.88
2025-07-18,197318,Skittles Crazy Sours Καραμέλες Με Γεύση Φρούτων Vegan 136 gr,1.98
2025-07-18,206108,Skittles Fruits Καραμέλες Με Γεύση Φρούτων 38 gr,0.88
2025-07-18,197229,Skittles Fruits Καραμέλες Με Γεύση Φρούτων Vegan 136 gr,1.98
2025-07-18,101489,Tic Tac Καραμέλες Πορτοκάλι 18 gr,0.99
2025-07-18,170220,Viap Mentel Παστίλιες Αρωματικές 60 gr,1.75
2025-07-18,170219,Viap Mentel Παστίλιες Ευκάλυπτος &amp; Μεντα 60 gr,1.75
2025-07-18,191579,Werthers Original Καραμέλες Creamy Filling 135 gr,1.98
2025-07-18,1302,Werthers Original Καραμέλες Βουτύρου 50 gr,1.08
2025-07-18,197474,Λάβδας Gum On Ζελεδάκια Bacon &amp; Eggs 80 gr,1.16
2025-07-18,197475,Λάβδας Gum On Ζελεδάκια Burger Combo 80 gr,1.16
2025-07-18,197477,Λάβδας Gum On Ζελεδάκια Chilli Peppers 80 gr,1.16
2025-07-18,167548,Λάβδας Gum On Ζελεδάκια Jelly Beans 90 gr,1.16
2025-07-18,197476,Λάβδας Gum On Ζελεδάκια Slay Snakes 80 gr,1.16
2025-07-18,119634,Λάβδας Zero Καραμέλες Βουτύρου 0% Ζάχαρη 32 gr,1.13
2025-07-18,174241,Λάβδας Zero Καραμέλες Βουτύρου Με Γέμιση Σοκολάτα Χωρίς Ζάχαρη 36 gr,1.13
2025-07-18,119635,Λάβδας Zero Καραμέλες Ευκάλυπτος 0% Ζάχαρη 32 gr,1.13
2025-07-18,189109,Λάβδας Zero Καραμέλες Ευκάλυπτος Μέλι 0% Ζάχαρη 32 gr,1.13
2025-07-18,194396,Λάβδας Zero Καραμέλες Ευκάλυπτος Μαστίχα 0% Ζάχαρη 32 gr,1.13
2025-07-18,196586,Λάβδας Zero Καραμέλες Κανέλα &amp; Βανίλια 0% Ζάχαρη 36 gr,1.13
2025-07-18,119636,Λάβδας Zero Καραμέλες Κανέλα 0% Ζάχαρη 32 gr,1.13
2025-07-18,205468,Λάβδας Καραμέλες Με Γεύσεις Φρούτων 250 gr,1.77
2025-07-18,192517,Λαβδάς Jelly Pops Καραμέλες Ζελεδάκια Με Χυμό Φρούτων 350 gr ,3.38
2025-07-18,91890,Bubbaloo Τσίχλες Φράουλα 38 gr,0.65
2025-07-18,181283,Chupa Chups Big Babol Τσίχλες Magic Cubes 41 Τεμάχια 86 gr,2.98
2025-07-18,103649,Chupa Chups Big Babol Τσίχλες Γεύση Φρούτων 6 Τεμάχια 27-6 gr,0.65
2025-07-18,172989,Chupa Chups Big Babol Τσίχλες Γεύση Φρούτων Χωρίς Ζάχαρη 16 Τεμάχια 64 gr,2.0
2025-07-18,204361,Chupa Chups Bubble Gum Fruit Mix 80 gr,1.48
2025-07-18,204362,Chupa Chups Bubble Gum Watermelon 80 gr,1.48
2025-07-18,143159,Dentyne Fire Τσίχλες Κανέλα Χωρίς Ζάχαρη 12 Τεμάχια 16-8 gr,1.2
2025-07-18,189770,Dentyne Fire Τσίχλες Κανέλα Χωρίς Ζάχαρη 58 Τεμάχια 81-2 gr,2.98
2025-07-18,145268,Dentyne Ice Τσίχλες Δυόσμος Χωρίς Ζάχαρη 12 Τεμάχια 16-8 gr,1.2
2025-07-18,153151,Dentyne Ice Τσίχλες Μέντα Χωρίς Ζάχαρη 12 Τεμάχια 16-8 gr,1.2
2025-07-18,189771,Dentyne Τσίχλες Δυόσμος Χωρίς Ζάχαρη 58 Τεμάχια 81-2 gr,2.98
2025-07-18,154875,Mentos 45 Min Τσίχλες Δυόσμος Χωρίς Ζάχαρη 12 Τεμάχια 18 gr,1.1
2025-07-18,122701,Mentos Pure Fresh Τσίχλες Bubble Fresh Χωρίς Ζάχαρη 28 gr,1.38
2025-07-18,147900,Mentos Pure Fresh Τσίχλες Bubble Fresh Χωρίς Ζάχαρη 30 gr,1.2
2025-07-18,172991,Mentos Pure Fresh Τσίχλες Bubble Fresh Χωρίς Ζάχαρη 30 Τεμάχια 60 gr,1.78
2025-07-18,84417,Mentos Pure Fresh Τσίχλες Wintergreen Χωρίς Ζάχαρη 28 gr,1.38
2025-07-18,147899,Mentos Pure Fresh Τσίχλες Δυόσμος Χωρίς Ζάχαρη 30 gr,1.2
2025-07-18,100725,Mentos Pure Fresh Τσίχλες Λεμόνι Χωρίς Ζάχαρη 28 gr,1.38
2025-07-18,147898,Mentos Pure Fresh Τσίχλες Φρέσκια Μέντα Χωρίς Ζάχαρη 30 gr,1.2
2025-07-18,83305,Mentos Pure White Τσίχλες Δυόσμος 45 Τεμάχια 90 gr,3.28
2025-07-18,204364,Mentos Storming Τσίχλες Tropical Χωρίς Ζάχαρη 12 Τεμάχια 33 gr,1.2
2025-07-18,116579,Mentos Storming Τσίχλες Δυόσμος Χωρίς Ζάχαρη 12 Τεμάχια 33 gr,1.2
2025-07-18,199315,Mentos Vitamins Τσίχλες Berry Mix Χωρίς Ζάχαρη 45 Τεμάχια 90 gr,3.48
2025-07-18,186762,Mentos Vitamins Τσίχλες Εσπεριδοειδή Χωρίς Ζάχαρη 45 Τεμάχια 90 gr,3.48
2025-07-18,66844,Orbit Professional White Τσίχλες Δυόσμος Χωρίς Ζάχαρη 46 Τεμάχια 64 gr,2.98
2025-07-18,178671,Orbit Refresher&#039;s Τσίχλες Bubblemint Χωρίς Ζάχαρη 30 Τεμάχια 67 gr,2.98
2025-07-18,186106,Orbit Refresher&#039;s Τσίχλες Tropical Χωρίς Ζάχαρη 30 Τεμάχια 67 gr,2.98
2025-07-18,178673,Orbit Refresher&#039;s Τσίχλες Δυόσμος Χωρίς Ζάχαρη 30 Τεμάχια 67 gr,2.98
2025-07-18,178670,Orbit Refresher&#039;s Τσίχλες Δυόσμος Χωρίς Ζάχαρη 7 Τεμάχια 15-6 gr,0.99
2025-07-18,203937,Orbit Refresher&#039;s Τσίχλες Καρπούζι Ράσμπερι Χωρίς Ζάχαρη 30 Τεμάχια 67 gr,2.98
2025-07-18,190515,Orbit Refresher&#039;s Τσίχλες Μέντα Χωρίς Ζάχαρη 30 Τεμάχια 67 gr,2.98
2025-07-18,191155,Orbit Refresher&#039;s Τσίχλες Φράουλα &amp; Λεμόνι Χωρίς Ζάχαρη 30 Τεμάχια 67 gr,2.98
2025-07-18,164826,Orbit White Τσίχλες Citrus 46 Τεμάχια 64 gr,2.98
2025-07-18,153944,Orbit Τσίχλες Bubblemint Bottle Χωρίς Ζάχαρη 46 Τεμάχια 64 gr,2.98
2025-07-18,193908,Orbit Τσίχλες Bubblemint Χωρίς Ζάχαρη 10 Τεμάχια 14 gr,0.78
2025-07-18,193907,Orbit Τσίχλες Strawberry Χωρίς Ζάχαρη 10 Τεμάχια 14 gr,0.78
2025-07-18,100206,Orbit Τσίχλες Sweet Mint Χωρίς Ζάχαρη 10 Τεμάχια 14 gr,0.78
2025-07-18,193296,Orbit Τσίχλες Για Παιδιά Χωρίς Ζάχαρη 7 Τεμάχια 14-4 gr,0.88
2025-07-18,154202,Orbit Τσίχλες Δυόσμος 21 Τεμάχια 29 gr,0.99
2025-07-18,100205,Orbit Τσίχλες Δυόσμος Χωρίς Ζάχαρη 10 Τεμάχια 14 gr,0.78
2025-07-18,66843,Orbit Τσίχλες Δυόσμος Χωρίς Ζάχαρη 46 Τεμάχια 64 gr,2.98
2025-07-18,153880,Orbit Τσίχλες Φράουλα Χωρίς Ζάχαρη 46 Τεμάχια 64 gr,2.98
2025-07-18,76199,Trident Max Splash Τσίχλες Δυόσμος Χωρίς Ζάχαρη 23 Τεμάχια 50.6 gr,2.0
2025-07-18,168507,Trident Max Τσίχλες Ροδάκινο &amp; Καρπούζι Χωρίς Ζάχαρη 14 Τεμάχια 27 gr,0.9
2025-07-18,188152,Trident Oral-B Τσίχλες White Δυόσμος Χωρίς Ζάχαρη 10 Τεμάχια 17 gr,1.2
2025-07-18,189769,Trident Oral-B Τσίχλες White Δυόσμος Χωρίς Ζάχαρη 40 Τεμάχια 68 gr,2.98
2025-07-18,172699,Trident Oral-B Τσίχλες Δυόσμος Χωρίς Ζάχαρη 10 Τεμάχια 17 gr,1.2
2025-07-18,181490,Trident Oral-B Τσίχλες Δυόσμος Χωρίς Ζάχαρη 40 Τεμάχια 68 gr,2.98
2025-07-18,172701,Trident Oral-B Τσίχλες Μέντα Χωρίς Ζάχαρη 10 Τεμάχια 17 gr,1.2
2025-07-18,181491,Trident Oral-B Τσίχλες Μέντα Χωρίς Ζάχαρη 40 Τεμάχια 68 gr,2.98
2025-07-18,204365,Trident Senses Τσίχλες Tropical Χωρίς Ζάχαρη 14 Τεμάχια 27 gr,1.2
2025-07-18,168344,Trident Senses Τσίχλες Δυόσμος Χωρίς Ζάχαρη 14 Τεμάχια 27 gr,1.2
2025-07-18,168345,Trident Senses Τσίχλες Καρπούζι Χωρίς Ζάχαρη 14 Τεμάχια 27 gr,1.2
2025-07-18,168343,Trident Senses Τσίχλες Φράουλα Χωρίς Ζάχαρη 14 Τεμάχια 27 gr,1.2
2025-07-18,190497,Έλμα Τσίχλες Soft Sticks Με Μαστίχα Χίου &amp; Μαστιχέλαιο Χωρίς Γλουτένη Χωρίς Ζάχαρη 31 gr,1.8
2025-07-18,199220,Έλμα Τσίχλες Soft Με Μαστίχα Χίου &amp; Μαστιχέλαιο Χωρίς Ζάχαρη 13 gr,0.98
2025-07-18,30300,Έλμα Τσίχλες Με Μαστίχα Χίου 13 gr,0.92
2025-07-18,72188,Έλμα Τσίχλες Με Μαστίχα Χίου Δυόσμος Χωρίς Ζάχαρη 13 gr,0.82
2025-07-18,145201,Έλμα Τσίχλες Με Μαστίχα Χίου Λεμόνι Χωρίς Ζάχαρη 13 gr,0.82
2025-07-18,30196,Έλμα Τσίχλες Με Μαστίχα Χίου Χωρίς Ζάχαρη 13 gr,0.92
2025-07-18,205957,Κρητών Άρτος Κουλούρα Λαδιού Με Προζυμι 500 gr,1.75
2025-07-18,205958,Κρητών Άρτος Παξιμαδάκια Με Γεύση Σκόρδο 400 gr,1.58
2025-07-18,153159,Kinder Delice Κέικ 10 x 39 gr,4.37
2025-07-18,204211,Αρτοποιία Τσατσάκης Παξιμάδι Κρητικοφουρνιές Vegan 400 gr,2.37
2025-07-18,192264,Αλλατίνη Κέικ Βρώμης Μπανάνα &amp; Κομμάτια Μαύρης Σοκολάτας 375 gr,2.99
2025-07-18,191989,Αλλατίνη Κέικ Βανίλια Με Κακάο 375 gr,2.91
2025-07-18,191990,Αλλατίνη Κέικ Κακάο Με Κομμάτια Σοκολάτας 375 gr,2.91
2025-07-18,186398,Το Μάννα Κριτσίνι Με Χαρούπι 170 gr,1.8
2025-07-18,135577,Santa Maria Τορτίγιες Wrap Τορτίγιες 6 Τεμάχια 371 gr,2.24
2025-07-18,141638,Το Μάννα Παξιμάδι Κριθαροκούλουρα 600 gr ,2.88
2025-07-18,178180,Santa Maria Τορτίγιες Original Τορτίγιες Βιολογικές 8 Τεμάχια 320 gr,2.23
2025-07-18,2066,Kuchenmeister Κέικ Κορμός Marble Marmor 400 gr,3.34
2025-07-18,2080,Kuchenmeister Κέικ Κορμός Στρατσιατέλα 400 gr,3.34
2025-07-18,185955,Kuchenmeister Κέικ Με Κομματάκια Φρούτων 400 gr,3.34
2025-07-18,199381,Gifflar Ρολάκια Κανέλας 260 gr,2.46
2025-07-18,151619,Το Μάννα Παξιμαδάκι Κρίθινο Αφράτο 300 gr,2.42
2025-07-18,197175,Το Μάννα Παξιμάδι Χωρίς Πρόσθετο Αλάτι Με Ελαιόλαδο 300 gr ,2.64
2025-07-18,205956,Κρητών Άρτος Μικιό Κριτσινάκι Με Γεύση Pizza 80 gr,0.6
2025-07-18,205959,Κρητών Άρτος Μικιό Κριτσινάκι Με Γεύση Σκόρδου 80 gr,0.6
2025-07-18,189162,Αρτοποιία Τσατσάκης Κριτσίνια Ευ Ζην Ολικής Με Σουσάμι 30% Λιγότερο Αλάτι &amp; Ζάχαρη Vegan 200 gr,1.39
2025-07-18,189161,Αρτοποιία Τσατσάκης Κριτσίνια Ευ Ζην Πολύσπορα 30% Λιγότερο Αλάτι &amp; Ζάχαρη Vegan 200 gr,1.39
2025-07-18,186362,Κρις Κρις Selection Ψωμί Τοστ Ολικής Άλεσης 720 gr,1.79
2025-07-18,180024,Κρις Κρις Selection Ψωμί Τοστ Σταρένιο Classic 700 gr,1.63
2025-07-18,206334,Καραμολέγκος Ψωμί Τοστ Ολικής Άλεσης 720 gr,1.46
2025-07-18,206335,Καραμολέγκος Ψωμί Τοστ Πολύσπορο Με Chia &amp; Λιναρόσπορο 500 gr,1.46
2025-07-18,191390,Το Μάννα Δαγκωτό Παξιμαδάκια Με Μαύρη Τρούφα 110 gr,1.43
2025-07-18,106605,Elviart Πίτες Κλασικές 10 Τεμάχια 700 gr,1.86
2025-07-18,28117,Παπαδοπούλου Χωριάτικες Φρυγανιές Με 6 Δημητριακά Vegan 240 gr ,1.84
2025-07-18,91774,Παπαδοπούλου Χωριάτικες Φρυγανιές Με Σουσάμι Vegan 240 gr ,1.84
2025-07-18,190837,Παπαδοπούλου Χωριάτικες Φρυγανιές Με Χαρούπι Vegan 240 gr ,1.84
2025-07-18,109277,Παπαδοπούλου Χωριάτικες Φρυγανιές Ολικής Άλεσης Vegan 240 gr ,1.84
2025-07-18,194310,Το Μάννα Παξιμαδάκι Κρίθινο Με Ελαιόλαδο 150 gr,1.31
2025-07-18,171955,Elite Vita Φρυγανιές Με Χαρούπι 250 gr,1.68
2025-07-18,202332,Κρις Κρις Selection The Classic Sandwich Ψωμί Για Σάντουιτς 360 gr,1.26
2025-07-18,180022,Κρις Κρις Selection Ψωμί Τοστ Σταρένιο Brioche 350 gr,1.26
2025-07-18,205326,Κρις Κρις Selection Τόστιμο Ψωμί Τοστ Σταρένιο 380 gr,1.16
2025-07-18,191393,Το Μάννα Δαγκωτό Παξιμαδάκια Με Τομάτα Πιπεριά &amp; Κρεμμύδι 110 gr,1.52
2025-07-18,204875,Το Μάννα Κρητωνάκια Σταρένια 100 gr,1.3
2025-07-18,191778,Αρτώ Λαδοκούλουρα 270 gr,1.79
2025-07-18,191779,Αρτώ Κριτσίνια Με Ηλιόσπορο 270 gr,1.79
2025-07-18,3571,Elite Φρυγανιές Σταρένιες 250 gr,1.2
2025-07-18,3573,Elite Φρυγανιές Σικάλεως 180 gr,1.14
2025-07-18,201425,Βετεράνο Παξιμαδάκια Με Χαρούπι 300 gr,2.67
2025-07-18,184455,Βετεράνο Παξιμαδάκια Ολικής Άλεσης 350 gr,2.37
2025-07-18,202716,Jaffa Bakery Κέικ Brownie Choco 75 gr,1.07
2025-07-18,147019,Μελόσπιτο Παξιμαδάκι Σίκαλης 500 gr,2.41
2025-07-18,166418,Ερωφίλη Αυγενάκης Παξιμάδι Βρώμη &amp; Σίκαλη 300 gr,2.38
2025-07-18,186333,Krambals Bruschetta Cream Cheese 70 gr,0.95
2025-07-18,186332,Krambals Bruschetta Τομάτα &amp; Mozzarella 70 gr,0.95
2025-07-18,161224,Παπαδοπούλου Γεύση 2 Ψωμί Τοστ Ολικής Άλεσης Vegan 700 gr,1.89
2025-07-18,106239,Χαλκιαδάκης Κριτσίνια Με Ηλιόσπορο 360 gr,2.58
2025-07-18,192443,Χαλκιαδάκης Κριτσίνια Πολύσπορα 250 gr,1.6
2025-07-18,192444,Χαλκιαδάκης Μακεδονικά Κριτσίνια Με Σουσάμι 300 gr,1.85
2025-07-18,128631,Χαλκιαδάκης Παξιμάδι Κρητικοφουρνιές 400 gr,2.58
2025-07-18,106242,Χαλκιαδάκης Παξιμάδι Κριθαρένιο 600 gr,2.58
2025-07-18,106241,Χαλκιαδάκης Παξιμάδι Κριθαροκουλουρίτσα 600 gr,2.58
2025-07-18,106240,Χαλκιαδάκης Παξιμάδι Κριθαροκουλούρα 600 gr,2.58
2025-07-18,106243,Χαλκιαδάκης Παξιμαδάκι Κριθαρένιο 400 gr,2.25
2025-07-18,124797,Χαλκιαδάκης Παξιμαδάκι Τύπου Κυθήρων 400 gr,2.27
2025-07-18,122977,Grand&#039;s Cookies Βουτήματα Μπιάνκα Γεμιστά 380 gr,4.98
2025-07-18,106681,Grand&#039;s Cookies Μουστοκούλουρα 400 gr,2.72
2025-07-18,181273,Tsanos Κουλούρια Με Καρότο Χωρίς Ζάχαρη Χωρίς Λακτόζη Vegan 200 gr,3.1
2025-07-18,181271,Tsanos Μουστοκούλουρα Μαλακά 350 gr,4.1
2025-07-18,181272,Tsanos Μουστοκούλουρα Με Σταφίδες &amp; Καρύδια Χωρίς Λακτόζη Vegan 300 gr,4.18
2025-07-18,174918,Tsiknakis Οικογένεια Τσικνάκη Γλυκιά Μπουκιά Με Χαρούπι &amp; Cranberries 400 gr,4.26
2025-07-18,174916,Tsiknakis Οικογένεια Τσικνάκη Γλυκιά Μπουκιά Με Χαρούπι &amp; Αμύγδαλο 400 gr,4.26
2025-07-18,174917,Tsiknakis Οικογένεια Τσικνάκη Γλυκιά Μπουκιά Με Χαρούπι 400 gr,4.02
2025-07-18,68773,Αγροτικός Οικοτεχνικός Συνεταιρισμός Γυναικών Κρουσώνα Κουλουράκια Πορτοκαλιού 400 gr,4.84
2025-07-18,91348,Αγροτικός Οικοτεχνικός Συνεταιρισμός Γυναικών Κρουσώνα Λαδοκούλουρα 400 gr,4.84
2025-07-18,68772,Αγροτικός Οικοτεχνικός Συνεταιρισμός Γυναικών Κρουσώνα Παξιμαδάκια Αμύγδαλου 400 gr,4.84
2025-07-18,35869,Ασιτιανά Παραδοσιακά Εδέσματα Βουτήματα Μπίρας 400 gr,4.2
2025-07-18,121992,Ασιτιανά Παραδοσιακά Εδέσματα Βουτήματα Πορτοκαλιού 400 gr,4.2
2025-07-18,121994,Ασιτιανά Παραδοσιακά Εδέσματα Κουλουράκια Κανέλας 400 gr,4.35
2025-07-18,35870,Ασιτιανά Παραδοσιακά Εδέσματα Μπισκότα Μαρμελάδα 400 gr,4.35
2025-07-18,35871,Ασιτιανά Παραδοσιακά Εδέσματα Μπισκότα Πεταλάκια 400 gr,4.35
2025-07-18,121993,Ασιτιανά Παραδοσιακά Εδέσματα Παξιμαδάκι Κακάο 400 gr,4.2
2025-07-18,203314,Βετεράνο Βουτήματα Σταφιδωτά 350 gr ,4.35
2025-07-18,165494,Δερμίσης Μουστοκούλουρα 200 gr,0.99
2025-07-18,121989,Ιδαία Γη Βουτήματα Κακάο 300 gr,3.35
2025-07-18,121990,Ιδαία Γη Βουτήματα Κρασάτα 300 gr,3.35
2025-07-18,121991,Ιδαία Γη Βουτήματα Λαδερά 300 gr,3.35
2025-07-18,198650,Κρητών Άρτος Μικιό Μπισκοτάκι Με Αμύγδαλο &amp; Μέλι 80 gr,1.2
2025-07-18,198651,Κρητών Άρτος Μικιό Μπισκοτάκι Σοκολάτας 80 gr,1.2
2025-07-18,94485,Μίνθη Κουλουράκια Κρασάτα 330 gr,3.55
2025-07-18,94486,Μίνθη Κουλουράκια Λαδερά Με Σουσάμι 330 gr,3.55
2025-07-18,94487,Μίνθη Κουλουράκια Σταφιδωτά 330 gr,3.55
2025-07-18,149393,Μελόσπιτο Κουλούρι Κανέλας 100 gr,0.6
2025-07-18,179536,Ντουρουντούς Μπισκότα Με Βρώμη &amp; Cranberries 220 gr,3.34
2025-07-18,194332,Ντουρουντούς Μπισκότα Με Μέλι &amp; Καρύδι 150 gr,3.14
2025-07-18,194860,Ντουρουντούς Μπισκότα Με Πολύσπορο &amp; Χαρουπόμελο 180 gr,3.16
2025-07-18,54976,Παπαδοπούλου Γλυκοκεράσματα Μπισκότα &amp; Γκοφρετίνια 400 gr,3.25
2025-07-18,185059,Παπαδοπούλου Γλυκοκεράσματα Μπισκότα Βουτύρου 330 gr,3.25
2025-07-18,64610,Περράκης Cretan Bakery Βουτήματα Πορτοκαλιού 350 gr,3.62
2025-07-18,64611,Περράκης Cretan Bakery Λαδοκούλουρα Κανέλας 350 gr,3.62
2025-07-18,89579,Περυσινάκης Βουτήματα Σταφιδωτά 500 gr ,4.62
2025-07-18,186402,Το Μάννα Biscotti Αμύγδαλο 160 gr,2.6
2025-07-18,186401,Το Μάννα Biscotti Πορτοκάλι 160 gr,2.37
2025-07-18,186664,Το Μάννα Κουλουράκια Λαδιού Χωρίς Ζάχαρη 170 gr,3.16
2025-07-18,187407,Το Μάννα Λαδοκούλουρο Με Χυμό Πορτοκαλιού &amp; Κανέλα 290 gr,3.39
2025-07-18,176486,7 Days Cake Bar Με Κρέμα Κακάο 5 x 32 gr,2.38
2025-07-18,55452,7 Days Swiss Roll Με Κακάο 200 gr,1.44
2025-07-18,205607,Balconi Ταρτάκια Μαρμελάδα Κεράσι 6 Τεμάχια 240 gr,1.88
2025-07-18,199382,Brioche Gourmet Μίνι Μπριός Με Κρέμα &amp; Σοκολάτα 300 gr,3.78
2025-07-18,206284,Baileys Κέικ Με Κρεμώδης Γεύση Λικέρ 195 gr,2.95
2025-07-18,154222,Gecchele Roll Με Λεμόνι 400 gr,3.3
2025-07-18,150037,Gecchele Roll Με Φράουλα 400 gr,3.3
2025-07-18,191704,Gecchele Κέικ Ανάμικτο 300 gr,2.78
2025-07-18,154223,Gecchele Κέικ Με Κακάο Τετράγωνο 400 gr,3.3
2025-07-18,191705,Gecchele Κέικ Με Κομμάτια Σοκολάτας 300 gr,2.78
2025-07-18,202717,Jaffa Bakery Donut Choco Cream 75 gr,1.25
2025-07-18,2095,Kinder Delice Κέικ 39 gr,0.7
2025-07-18,206281,Oreo Κέικ Choco Coated 24 gr,0.6
2025-07-18,186054,Lacta Cakes Brownie 150 gr,2.63
2025-07-18,133857,Lacta Cakes Choco Bomb 175 gr,2.63
2025-07-18,122407,Lacta Cakes Choco Heart 175 gr,2.63
2025-07-18,206149,Οικογένεια Μαυροφρύδη Cake Donut Με Επικάλυψη Σοκολάτας 90 gr,1.25
2025-07-18,206148,Οικογένεια Μαυροφρύδη Cake Donut Με Επικάλυψη Φράουλας 90 gr,1.25
2025-07-18,206147,Οικογένεια Μαυροφρύδη Cake Donut Με Λευκή Επικάλυψη Cookies 90 gr,1.25
2025-07-18,158174,Οικογένεια Μαυροφρύδη Γλυκό Καρύδας 120 gr,1.08
2025-07-18,185553,Οικογένεια Στεργίου Muffin Με Πραλίνα Σοκολάτας 120 gr,1.14
2025-07-18,202118,Οικογένεια Στεργίου Pancakes Classic 280 gr,3.3
2025-07-18,202119,Οικογένεια Στεργίου Pancakes Protein 200 gr,3.9
2025-07-18,179283,Οικογένεια Στεργίου Κέικ Ανάμικτο 400 gr,3.78
2025-07-18,189234,Οικογένεια Στεργίου Κέικ Πορτοκάλι 400 gr,3.76
2025-07-18,179281,Οικογένεια Στεργίου Φέτα Κέικ Ανάμικτο 80 gr,1.14
2025-07-18,179282,Οικογένεια Στεργίου Φέτα Κέικ Πορτοκάλι 80 gr,1.14
2025-07-18,187267,7 Days Mini Κρουασάν Μίλφειγ 103 gr,1.58
2025-07-18,186121,7 Days Mini Κρουασάν Μίλφειγ 300 gr,3.78
2025-07-18,186122,7 Days Mini Κρουασάν Με Κρέμα Κακάο 103 gr,1.58
2025-07-18,184475,7 Days Strudel Μήλο &amp; Κανέλα 85 gr,1.15
2025-07-18,166532,7 Days Κρουασάν Double Κακάο Βανίλια 3 x 70 gr,1.35
2025-07-18,156926,7 Days Κρουασάν Hazelnut Με Πραλίνα Φουντουκιού 3 x 70 gr,1.35
2025-07-18,187266,7 Days Κρουασάν Hazelnut Με Πραλίνα Φουντουκιού 70 gr,0.54
2025-07-18,120269,7 Days Κρουασάν Με Κρέμα Κακάο 3 x 70 gr,1.5
2025-07-18,28168,7 Days Κρουασάν Με Κρέμα Κακάο 5 x 37 gr,1.59
2025-07-18,183532,7 Days Κρουασάν Με Κρέμα Κακάο 70 gr,0.54
2025-07-18,181103,Big Taste Κρουασάν Κρέμα Κακάο Με Φουντούκι 90 gr,0.7
2025-07-18,190749,Big Taste Κρουασάν Με Γέμιση Κρέμα Μιλφέιγ 100 gr,0.98
2025-07-18,179327,Big Taste Κρουασάν Με Γέμιση Φράουλα 85 gr,0.7
2025-07-18,192632,Big Taste Κρουασάν Με Πραλίνα Φουντουκιού 150 gr,1.25
2025-07-18,206488,Big Taste Κρουασάν Με Πραλίνα Φουντουκιού 90 gr,0.78
2025-07-18,184044,Champion Κρουασάν Choco Με Γέμιση Φράουλα 70 gr ,0.44
2025-07-18,199221,Champion Κρουασάν Super Με Γέμιση Πραλίνας Φουντουκιού 110 gr,1.0
2025-07-18,73809,Champion Κρουασάν Με Γέμιση Βερίκοκο 70 gr,0.44
2025-07-18,194330,Champion Κρουασάν Με Γέμιση Κρέμα Μιλφέιγ 70 gr,0.44
2025-07-18,165607,Champion Κρουασάν Με Γέμιση Πραλίνας Φουντουκιού 4 x 70 gr,2.18
2025-07-18,156930,Champion Κρουασάν Με Διπλή Γέμιση Κακάo 100 gr,0.86
2025-07-18,165006,Champion Κρουασάν Με Πραλίνα Φουντουκιού 70 gr,0.44
2025-07-18,184478,Chipicao Κρουασάν Με Κρέμα Κακάο 60 gr,0.67
2025-07-18,191416,Choco Big Κρουασάν Με Πραλίνα Φουντουκιού ION 250 gr,1.9
2025-07-18,192775,Folie Κρουασάν Lemon Pie 80 gr ,1.15
2025-07-18,174878,Folie Κρουασάν Red Velvet 100 gr,0.79
2025-07-18,205550,Folie Κρουασάν Red Velvet 4 x 100 gr ,4.46
2025-07-18,190869,Folie Κρουασάν Με Γέμιση Salted Caramel 80 gr,1.15
2025-07-18,205551,Folie Κρουασάν Με Γέμιση Πραλίνα 4 x 100 gr ,3.5
2025-07-18,205554,Folie Κρουασάν Με Κακάο 100 gr,0.69
2025-07-18,178249,Joker Κρουασάν Με Γέμιση Κρέμα Κακάο 4 x 70 gr,1.35
2025-07-18,178322,Joker Κρουασάν Με Γέμιση Κρέμα Κακάο 70 gr,0.37
2025-07-18,186123,Molto Κρουασάν Κρέμα Βανίλια &amp; Cookies 98 gr ,1.44
2025-07-18,186126,Molto Κρουασάν Με Βερίκοκο 98 gr,1.44
2025-07-18,187270,Molto Κρουασάν Με Γέμιση Βανίλια Φράουλα 98 gr,1.44
2025-07-18,187269,Molto Κρουασάν Με Γέμιση Κεράσι 98 gr,1.44
2025-07-18,204980,Molto Κρουασάν Με Πραλίνα Φουντουκιού 4 x 98 gr ,4.65
2025-07-18,184480,Molto Κρουασάν Με Πραλίνα Φουντουκιού 5 x 40 gr,3.0
2025-07-18,186125,Molto Κρουασάν Με Πραλίνα Φουντουκιού 98 gr,1.44
2025-07-18,188421,Nutri Valley Κρουασάν Peppa Pig Με Γέμιση Κρέμα Κακάο 5 x 42 gr,1.95
2025-07-18,188420,Nutri Valley Κρουασάν Pj Masks Με Γέμιση Κρέμα Κακάο 5 x 42 gr,1.95
2025-07-18,205553,Praleda Κρουασάν Hazelnut 120 gr ,1.04
2025-07-18,205161,Serenata Κρουασάν Με Γέμιση Κρέμα Κακάο 70 gr,0.58
2025-07-18,128942,Tottis Κρουασανάκια 260 gr ,2.55
2025-07-18,194626,Tottis Κρουασανάκια Κρέμα Κακάο 130 gr,1.89
2025-07-18,128943,Tottis Κρουασανάκια Με Γέμιση Κρέμα Κακάο 300 gr,2.68
2025-07-18,174885,Tottis Κρουασανάκια Με Γέμιση Κρέμα Μιλφέιγ 300 gr,2.68
2025-07-18,150135,Μελόσπιτο Κρουασανάκια Γεμιστά Με Πραλίνα ΙΟΝ NuCrema 6 Τεμάχια 180 gr,2.5
2025-07-18,179273,Οικογένεια Στεργίου Strudel Μήλο &amp; Κανέλα 125 gr,1.14
2025-07-18,179275,Οικογένεια Στεργίου Κρουασάν Βιεννέζικο Με Κρέμα Σοκολάτα 120 gr,1.14
2025-07-18,179276,Οικογένεια Στεργίου Κρουασάν Με Πραλίνα 105 gr,1.14
2025-07-18,179277,Οικογένεια Στεργίου Κρουασανάκια 260 gr,2.58
2025-07-18,179278,Οικογένεια Στεργίου Κρουασανάκια Με Πραλίνα 300 gr,2.77
2025-07-18,23805,Χιωτάκης Κρουασάν Πραλίνα Φουντουκιού 90 gr,1.0
2025-07-18,175079,Έβγα Μηλόπιτα 80 gr,0.94
2025-07-18,179272,Οικογένεια Στεργίου Μηλόπιτα 105 gr,0.94
2025-07-18,187268,7 Days Τσουρέκι Κλασικό 380 gr,3.34
2025-07-18,78119,7 Days Τσουρεκάκι Κλασικό 4 x 75 gr,4.35
2025-07-18,184476,7 Days Τσουρεκάκι Κλασικό 75 gr,1.15
2025-07-18,190750,Big Taste Τσουρέκι Στριφτό 280 gr,1.98
2025-07-18,190751,Big Taste Τσουρεκάκι Στριφτό 125 gr,0.98
2025-07-18,158177,Sweet &amp; Fresh Τσουρέκι Πολίτικο 450 gr,3.2
2025-07-18,180848,Οικογένεια Στεργίου Σταφιδόψωμα Vegan 290 gr ,2.38
2025-07-18,179288,Οικογένεια Στεργίου Τσουρέκι Με Μαστίχα Χίου 380 gr,2.6
2025-07-18,183345,Οικογένεια Στεργίου Τσουρέκι Με Πραλίνα 450 gr,3.65
2025-07-18,179289,Οικογένεια Στεργίου Τσουρεκάκια Με Μαστίχα Χίου 300 gr,2.68
2025-07-18,180847,Οικογένεια Στεργίου Τσουρεκάκια Με Πραλίνα 360 gr,2.93
2025-07-18,89577,Περυσινάκης Κουλούρι Προζυμένιο Vegan 500 - 550 gr,3.63
2025-07-18,199109,Περυσινάκης Μπαλίτσα Σοκολάτας 500 gr,4.2
2025-07-18,89578,Περυσινάκης Τσουρεκάκι Σμυρνέικο 500 - 550 gr,4.2
2025-07-18,185636,Οικογένεια Μαυροφρύδη Τσουρεκάκι Πραλίνας 100 gr,1.2
2025-07-18,206249,Οικογένεια Μαυροφρύδη Τσουρεκάκι Μιλφέϊγ 100 gr,1.2
2025-07-18,179716,Old El Paso Crunchy Taco Shells Χωρίς Γλουτένη 12 Τεμάχια 156 gr,3.15
2025-07-18,135315,Καραμολέγκος Αξιαγάπιτες Πίτες 10 Τεμάχια 450 gr,1.43
2025-07-18,135314,Καραμολέγκος Αξιαγάπιτες Πίτες 10 Τεμάχια 820 gr,1.61
2025-07-18,150143,Καραμολέγκος Αξιαγάπιτες Πίτες Αραβικές Μεγάλες 6 Τεμάχια 500 gr,1.34
2025-07-18,135316,Καραμολέγκος Αξιαγάπιτες Πίτες Κυπριακές 5 Τεμάχια 400 gr,1.05
2025-07-18,166380,Καραμολέγκος Αξιαγάπιτες Πίτες Με Αλεύρι Καλαμποκιού 10 Τεμάχια 820 gr,1.59
2025-07-18,174880,Κρις Κρις Selection Πίτες Premium Μεσαίες 8 Τεμάχια 670 gr,2.29
2025-07-18,198295,Κρις Κρις Selection Πίτες Με Αλεύρι Ολικής 6 Τεμάχια 510 gr,1.98
2025-07-18,88220,Μακατουνάκη Πίτες 10 Τεμάχια 920 gr,1.56
2025-07-18,126591,Μακατουνάκη Πίτες BBQ 10cm 12 Τεμάχια 750 gr,1.35
2025-07-18,127953,Μακατουνάκη Πίτες Αράβικες 6 Τεμάχια 400 gr,1.5
2025-07-18,170673,Μακατουνάκη Πίτες Με Καλαμποκάλευρο 10 Τεμάχια 1000 gr,1.75
2025-07-18,170674,Μακατουνάκη Πίτες Σίκαλης 10 Τεμάχια 1kg,2.0
2025-07-18,182045,Μακατουνάκη Πιτάκια Με Σκόρδο 12 Τεμάχια 750 gr,1.86
2025-07-18,176622,Alfa Τορτίγιες Grilled Vegan 6 Τεμάχια 370 gr,2.24
2025-07-18,191831,Alfa Τορτίγιες Καλαμπόκι Vegan 6 Τεμάχια 370 gr,1.82
2025-07-18,176618,Alfa Τορτίγιες Κλασσική Vegan 6 Τεμάχια 370 gr,2.05
2025-07-18,178164,Alfa Τορτίγιες Ολικής Άλεσης Vegan 6 Τεμάχια 370 gr,1.58
2025-07-18,193353,Alfa Τορτίγιες Πολύσπορες Vegan 6 Τεμάχια 370 gr,2.15
2025-07-18,127866,El Sabor Big Wraps Τορτίγιες Original 4 Τεμάχια 245 gr,1.65
2025-07-18,189032,El Sabor Big Wraps Τορτίγιες Original 6 Τεμάχια 370 gr,1.6
2025-07-18,196613,El Sabor Mini Wraps Τορτίγιες Original 8 Τεμάχια 144 gr,1.6
2025-07-18,154803,El Sabor Wholemeal Wraps Τορτίγιες Ολικής Άλεσης 4 Τεμάχια 245 gr,1.88
2025-07-18,188778,El Sabor Wholemeal Wraps Τορτίγιες Ολικής Άλεσης 8 Τεμάχια 320 gr,1.6
2025-07-18,189153,El Sabor Wraps Original Τορτίγιες 8 Τεμάχια 320 gr,2.05
2025-07-18,200889,Old El Paso Burrito Dinner Kit 620 gr,4.98
2025-07-18,37681,Old El Paso Fajita Smoky BBQ Dinner Kit 500 gr ,5.15
2025-07-18,179189,Old El Paso Τορτίγιες Mini Soft 12 Τεμάχια 145 gr ,4.48
2025-07-18,160470,Old El Paso Τορτίγιες Ολικής Άλεσης 6 Τεμαχίων 350 gr,3.65
2025-07-18,168937,Old El Paso Τορτίγιες Χωρίς Γλουτένη 6 Τεμάχια 216 gr,4.08
2025-07-18,135578,Santa Maria Τορτίγιες Soft Τορτίγιες 8 Τεμάχια 320 gr,2.85
2025-07-18,152866,Santa Maria Τορτίγιες Soft Τορτίγιες Ολικής Άλεσης Medium 8 Τεμάχια 320 gr,3.2
2025-07-18,197366,Καραμολέγκος Αξιαγάπιτες Τορτίγιες High Protein 6 Τεμάχια 375 gr,1.99
2025-07-18,186336,Καραμολέγκος Αξιαγάπιτες Τορτίγιες Μεγάλες 6 Τεμάχια 375 gr,1.91
2025-07-18,183267,Καραμολέγκος Αξιαγάπιτες Τορτίγιες Μεγάλες Ολικής Άλεσης 6 Τεμάχια 375 gr,1.84
2025-07-18,199135,Alfa Καλόζυμα Κριτσίνια Καλαμποκιού Με Ηλιόσπορο Vegan 150 gr,1.73
2025-07-18,201683,Alfa Καλόζυμα Κριτσίνια Ολικής Πολύσπορα Vegan 150 gr,1.73
2025-07-18,196821,Elite Kritsi Snack Μεσογειακά Κριτσίνια Με Ντομάτα &amp; Ρίγανη 125 gr,1.75
2025-07-18,203631,Elite Kritsi Snack Μεσογειακά Κριτσίνια Με Παρμεζάνα 110 gr,1.75
2025-07-18,196822,Elite Kritsi Snack Μεσογειακά Κριτσίνια Με Σουσάμι Λιναρόσπορο &amp; Παπαρουνόσπορο 125 gr,1.75
2025-07-18,143100,Grand&#039;s Cookies Κρίκοι Με Καλαμπόκι 290 gr,3.6
2025-07-18,143098,Grand&#039;s Cookies Κρίκοι Με Κανέλα 290 gr,3.6
2025-07-18,191818,Grand&#039;s Cookies Κρίκοι Με Σουσάμι 290 gr,3.6
2025-07-18,143099,Grand&#039;s Cookies Κρίκοι Ολικής Άλεσης 290 gr,3.6
2025-07-18,172673,Mulino Bianco Friabili Κριτσίνια Κλασικά 300 gr,3.15
2025-07-18,193342,Tsanos Κριτσίνια Με Ελαιόλαδο Ολικής Άλεσης Vegan 120 gr,1.98
2025-07-18,193341,Tsanos Κριτσίνια Πολύσπορα Με Ελαιόλαδο Vegan 120 gr,1.98
2025-07-18,189160,Αρτοποιία Τσατσάκης Κριτσίνια Ευ Ζην Ολικής Με Ηλιόσπορο 30% Λιγότερο Αλάτι &amp; Ζάχαρη Vegan 200 gr,1.98
2025-07-18,204210,Αρτοποιία Τσατσάκης Κριτσίνια Μακεδονικά Σίτου Με Σουσάμι Vegan 300 gr,2.18
2025-07-18,196678,Αρτοποιία Τσατσάκης Κριτσίνια Με Ελληνική Γραβιέρα 180 gr,2.28
2025-07-18,196677,Αρτοποιία Τσατσάκης Κριτσίνια Με Καλαμπόκι Vegan 250 gr ,2.28
2025-07-18,176406,Αρτοποιία Τσατσάκης Κριτσίνια Σίτου Vegan 200 gr,1.78
2025-07-18,198647,Κρητών Άρτος Κριτσίνι Μακεδονικό Ολικής Άλεσης Με Σουσάμι 180 gr,2.18
2025-07-18,198652,Κρητών Άρτος Μικιό Κριτσινάκι Τυριού 80 gr,1.2
2025-07-18,143191,Μελιστάλακτη Κριτσίνι Με Χαρουπάλευρο 300 gr,3.64
2025-07-18,143190,Μελιστάλακτη Κριτσίνια Με Ηλιόσπορο 300 gr,3.32
2025-07-18,167401,Παπαδοπούλου Κριτσίνια Κλασικά 110 gr,1.54
2025-07-18,90824,Παπαδοπούλου Κριτσίνια Μακεδονικά Ολικής Άλεσης Vegan 200 gr,1.8
2025-07-18,84657,Παπαδοπούλου Κριτσίνια Μακεδονικά Σίτου Vegan 200 gr,1.8
2025-07-18,3661,Παπαδοπούλου Κριτσίνια Με Σουσάμι Vegan 130 gr,1.54
2025-07-18,186400,Το Μάννα Κριτσίνια Ποντιακά 250 gr,3.28
2025-07-18,201679,Alfa Καλόζυμα Παξιμάδια Με Κριθάρι Vegan 300 gr,2.0
2025-07-18,201682,Alfa Καλόζυμα Παξιμάδια Πολύσπορα Vegan 300 gr,2.39
2025-07-18,123003,Grand&#039;s Cookies Παξιμάδι Κρίθινο 800 gr,5.14
2025-07-18,123005,Grand&#039;s Cookies Παξιμάδι Κριθαροκουλούρα 800 gr,5.14
2025-07-18,123004,Grand&#039;s Cookies Παξιμάδι Μιγάδι 800 gr,5.14
2025-07-18,134901,Tsiknakis Οικογένεια Τσικνάκη Παξιμάδι Από Αλεύρι Δίκοκκο Βιολογικό 400 gr,4.9
2025-07-18,134900,Tsiknakis Οικογένεια Τσικνάκη Παξιμάδι Από Χαρούπι Βιολογικό 400 gr,4.7
2025-07-18,134899,Tsiknakis Οικογένεια Τσικνάκη Παξιμάδι Βρώμης Βιολογικό 400 gr,4.45
2025-07-18,109236,Tsiknakis Οικογένεια Τσικνάκη Παξιμάδι Κριθαρένιο 2 kg,7.98
2025-07-18,21342,Tsiknakis Οικογένεια Τσικνάκη Παξιμάδι Κριθαρένιο Βιολογικό 600 gr,4.6
2025-07-18,21343,Tsiknakis Οικογένεια Τσικνάκη Παξιμάδι Κριθαροκουλούρα Βιολογική 700 gr,4.6
2025-07-18,85971,Tsiknakis Οικογένεια Τσικνάκη Παξιμάδι Μιγάδι Ολικής Άλεσης 700 gr,3.92
2025-07-18,33321,Tsiknakis Οικογένεια Τσικνάκη Παξιμάδι Μπουκιές Κριθαρένιες Βιολογικό 400 gr,4.15
2025-07-18,105760,Tsiknakis Οικογένεια Τσικνάκη Παξιμάδι Μπουκιές Ούζου 450 gr,3.25
2025-07-18,59285,Tsiknakis Οικογένεια Τσικνάκη Παξιμάδι Μπουκιές Σικάλεως Βιολογικό 400 gr,4.15
2025-07-18,62921,Tsiknakis Οικογένεια Τσικνάκη Παξιμάδι Σικάλεως Βιολογικό 600 gr,4.6
2025-07-18,109235,Tsiknakis Οικογένεια Τσικνάκη Παξιμάδι Σταρένιο 2 kg,7.98
2025-07-18,21341,Tsiknakis Οικογένεια Τσικνάκη Παξιμάδι Σταρένιο Βιολογικό 600 gr,4.5
2025-07-18,198309,Αρτοποιία Τσατσάκης Μπουκίτσες Ελαιόλαδου Τύπου Κυθήρων Vegan 400 gr,3.45
2025-07-18,198296,Αρτοποιία Τσατσάκης Μπουκίτσες Κρίθινες Με Ελαιόλαδο Vegan 400 gr,3.25
2025-07-18,204213,Αρτοποιία Τσατσάκης Μπουκίτσες Κρίθινες Με Ελαιόλαδο Χωρίς Πρόσθετο Αλάτι Vegan 400 gr,2.42
2025-07-18,204212,Αρτοποιία Τσατσάκης Μπουκίτσες Σίκαλης Με Ελαιόλαδο Vegan 400 gr,2.28
2025-07-18,198308,Αρτοποιία Τσατσάκης Μπουκίτσες Χαρουπιού Με Ελαιόλαδο Vegan 400 gr,3.45
2025-07-18,84720,Αρτοποιία Τσατσάκης Παξιμάδι Κριθαροκουλουρίτσα 600 gr,3.5
2025-07-18,84713,Αρτοποιία Τσατσάκης Παξιμάδι Κριθαροκουλούρα 600 gr,3.45
2025-07-18,84714,Αρτοποιία Τσατσάκης Παξιμάδι Μίνι Κρίθινο 400 gr,2.98
2025-07-18,84717,Αρτοποιία Τσατσάκης Παξιμάδι Σταρένιο 600 gr,3.45
2025-07-18,180982,Αρτοσκευάσματα Δαμιανάκης Παξιμάδι Επτάζυμο 600 gr,4.07
2025-07-18,180981,Αρτοσκευάσματα Δαμιανάκης Παξιμάδι Κριθαροκουλούρα Ολικής Άλεσης 450 gr,3.02
2025-07-18,91534,Αρτοσκευάσματα Δαμιανάκης Παξιμάδι Μπουκιές Σταρένιες 400 gr,2.94
2025-07-18,3936,Αρτοσκευάσματα Δαμιανάκης Παξιμάδι Σταρένιο Τάβλας 700 gr,3.88
2025-07-18,135277,Ασιτιανά Παραδοσιακά Εδέσματα Παξιμάδι Αφράτο Κρίθινο 780 gr,4.24
2025-07-18,162987,Βαρδάκης Παξιμάδι Κριθάρι Σκέτο 800 gr,4.15
2025-07-18,185767,Βαρδάκης Παξιμάδι Κριθαράτσι 450 gr,3.75
2025-07-18,186923,Βαρδάκης Παξιμάδι Κριθαροκουλούρα 700 gr,4.25
2025-07-18,201424,Βετεράνο Μπισκοτάκι Χαρουπιού Με Αμύγδαλο &amp; Σταφίδα 250 gr,3.82
2025-07-18,172904,Βετεράνο Παξιμάδι Κρίθινο 500 gr,2.9
2025-07-18,196902,Βετεράνο Παξιμάδι Κριθαροκουλουρίτσα Ολικής Άλεσης 700 gr,4.15
2025-07-18,197480,Βετεράνο Παξιμάδι Κριθαροκουλούρα Ολικής Άλεσης 700 gr,3.98
2025-07-18,188572,Βετεράνο Παξιμάδι Μπουκιές Επτάζυμες 500 gr,3.64
2025-07-18,184453,Βετεράνο Παξιμαδάκια Ολικής Άλεσης 400 gr ,2.82
2025-07-18,196563,Ερωφίλη Αυγενάκης Ντακάκι Ντομάτας 300 gr,2.7
2025-07-18,196561,Ερωφίλη Αυγενάκης Ντακάκι Ρίγανης 300 gr,2.7
2025-07-18,151656,Ερωφίλη Αυγενάκης Παξιμάδι Κουλουράκια Κρίθινα 600 gr,3.15
2025-07-18,83365,Ερωφίλη Αυγενάκης Παξιμάδι Κρίθινο Ελιάς 380 gr,2.97
2025-07-18,192617,Ερωφίλη Αυγενάκης Παξιμάδι Σικάλεως 400 gr,2.75
2025-07-18,166417,Ερωφίλη Αυγενάκης Παξιμάδι Χαρουπιού Χωρίς Μαγιά &amp; Ζάχαρη 350 gr,3.58
2025-07-18,148925,Ερωφίλη Αυγενάκης Παξιμαδάκι Χαρουπιού 300 gr,3.15
2025-07-18,161258,Καραμολέγκος Παξαμάς Διπλοφουρνιστός Με Αλεύρι Ολικής Άλεσης 400 gr ,3.03
2025-07-18,161259,Καραμολέγκος Παξαμάς Κρίθινος Χωρίς Πρόσθετο Αλάτι 400 gr ,3.15
2025-07-18,161260,Καραμολέγκος Παξαμάς Κριθαροκουλούρα 400 gr ,2.95
2025-07-18,134721,Κρητών Άρτος Κρητικά Παξιμάδια Κριθαρένια ΠΓΕ 600 gr,3.86
2025-07-18,139814,Κρητών Άρτος Παξιμάδι Ολικής Άλεσης Με 4 Δημητριακά &amp; Χαρούπι 350 gr,3.4
2025-07-18,127961,Ντουρουντούς Σφακιανό Βουργιάλι Παξιμάδι Κουλούρι Κριθαρένιο 460 gr,4.1
2025-07-18,134564,Ο Φούρνος Του Χατζή Παξιμάδι Κρίθινο 400 gr,2.64
2025-07-18,134565,Ο Φούρνος Του Χατζή Παξιμάδι Κρίθινο Χωρίς Αλάτι 400 gr,2.64
2025-07-18,174099,Ο Φούρνος Του Χατζή Παξιμάδι Σίκαλης Ολικής Άλεσης 300 gr,2.3
2025-07-18,3700,Παπαδοπούλου Krispies Παξιμάδια Με Σουσάμι Vegan 200 gr,1.26
2025-07-18,180241,Παπαδοπούλου Krispies Παξιμάδια Με Χαρούπι Vegan 200 gr,1.26
2025-07-18,200036,Παπαδοπούλου Krispies Παξιμάδια Πολύσπορα Χωρίς Προσθήκη Ζάχαρης Vegan 200 gr,1.26
2025-07-18,3701,Παπαδοπούλου Krispies Παξιμάδια Χωρίς Προσθήκη Ζάχαρης Vegan 200 gr,1.26
2025-07-18,191391,Το Μάννα Δαγκωτό Παξιμαδάκια Με Γραβιέρα &amp; Γλυκιά Πάπρικα 110 gr,1.9
2025-07-18,191392,Το Μάννα Δαγκωτό Παξιμαδάκια Με Ελιά &amp; Λιαστή Τομάτα 110 gr,1.9
2025-07-18,186666,Το Μάννα Λαδοπαξίμαδα Ολικής Άλεσης Από Πετρόμυλο 350 gr,4.07
2025-07-18,151636,Το Μάννα Παξιμάδι Μίνι Κριθαροκουλούρα 400 gr,3.22
2025-07-18,187069,Το Μάννα Παξιμάδι Μίνι Τύπου Κυθήρων Με Ελαιόλαδο 400 gr,3.55
2025-07-18,192672,Το Μάννα Παξιμάδι Τύπου Κυθήρων Με Ελαιόλαδο 400 gr ,3.5
2025-07-18,186397,Το Μάννα Παξιμάδι Χαρουπιού Με Λιγότερο Αλάτι 250 gr,3.45
2025-07-18,202333,Το Μάννα Παξιμάδια Κριθαρένια Mini Αφράτα 220 gr,2.32
2025-07-18,195519,Το Μάννα Παξιμάδια Κριθαρένια Διπλοφουρνιστά Ολικής Άλεσης 300 gr ,2.54
2025-07-18,195518,Το Μάννα Παξιμάδια Κριθαρένια Διπλοφουρνιστά Ολικής Άλεσης Χωρίς Αλάτι 300 gr ,2.65
2025-07-18,203698,Το Μάννα Παξιμάδια Κριθαρένια Ολικής Άλεσης 600 gr,4.0
2025-07-18,194380,Elite Melba Toast Φρυγανιές Ολικής Άλεσης Vegan 100 gr,2.19
2025-07-18,194379,Elite Melba Toast Φρυγανιές Σταρένιες Vegan 100 gr,2.08
2025-07-18,194381,Elite Melba Toast Φρυγανιές Στρογγυλές Σταρένιες Vegan 110 gr,2.19
2025-07-18,201470,Elite Status Φρυγανιές Ολικής Άλεσης 155 gr,2.25
2025-07-18,201395,Elite Status Φρυγανιές Σταρένιες 125 gr,2.17
2025-07-18,89547,Elite Vita Φρυγανιές Ολικής Άλεσης 180 gr,1.28
2025-07-18,203660,Elite Vita Φρυγανιές Ολικής Άλεσης 4 x 90 gr,2.27
2025-07-18,3574,Elite Φρυγανιά Τριμμένη Σίτου Με Σίκαλη 180 gr,0.98
2025-07-18,94059,Elite Φρυγανιά Τριμμένη Σίτου Με Σίκαλη 360 gr,1.65
2025-07-18,204055,Elite Φρυγανιές Σίκαλης Χωρίς Αλάτι 4 x 90 gr,2.04
2025-07-18,203659,Elite Φρυγανιές Σικάλεως 4 x 90 gr,2.27
2025-07-18,203658,Elite Φρυγανιές Σταρένιες 4 x 125 gr,1.95
2025-07-18,202516,Elite Φρυγανιές Σταρένιες Χωρίς Αλάτι 4 x 125 gr,2.48
2025-07-18,202199,Forma Φρυγανιές Σικάλεως 4 x 90 gr,1.7
2025-07-18,202198,Forma Φρυγανιές Σταρένιες 4 x 125 gr,1.8
2025-07-18,87068,Leimer Κρουτόν 100 gr,2.06
2025-07-18,100484,Leimer Κρουτόν Με Γεύση Σκόρδο &amp; Κρεμμύδι 100 gr,2.06
2025-07-18,158018,Tipiak Κρουτόν Για Σαλάτα Caesar 50 gr,0.99
2025-07-18,187008,Wasa Τραγανή Φρυγανιά Σίτου Με Γέμιση Τυρί Τομάτα &amp; Βασιλικό 40 gr,1.18
2025-07-18,61502,Wasa Φρυγανιές Original 275 gr,2.78
2025-07-18,177483,Wasa Φρυγανιές Ολικής Άλεσης 260 gr,2.93
2025-07-18,204520,Wasa Φρυγανιές Προζυμένιες Ολικής Άλεσης 235 gr,2.98
2025-07-18,176411,Αρτοποιία Τσατσάκης Κρουτόν Διπλοφουρνιστά Κρίθινα Ολικής Άλεσης 150 gr,1.5
2025-07-18,176415,Αρτοποιία Τσατσάκης Κρουτόν Διπλοφουρνιστά Με Ελαιόλαδο &amp; Σκόρδο Vegan 150 gr,1.78
2025-07-18,176414,Αρτοποιία Τσατσάκης Κρουτόν Διπλοφουρνιστά Με Ελιά Καλαμών Vegan 150 gr,1.78
2025-07-18,176404,Αρτοποιία Τσατσάκης Κρουτόν Διπλοφουρνιστά Σταρένια Vegan 150 gr,1.78
2025-07-18,192267,Βοσινάκη Φρυγανιές Χωριάτικες Ολικής Άλεσης 240 gr,2.19
2025-07-18,192266,Βοσινάκη Φρυγανιές Χωριάτικες Σταρένιες 240 gr,2.19
2025-07-18,201969,Καραμολέγκος Τρίμμα Γαλέτας 200 gr,0.85
2025-07-18,132509,Μαράτα Φρυγανιές Σικάλεως 4 x 90 gr,1.36
2025-07-18,132508,Μαράτα Φρυγανιές Σταρένιες 4 x 125 gr,1.36
2025-07-18,143198,Μελιστάλακτη Κρουτόν Κρίθινο Με Ρίγανη 400 gr,3.16
2025-07-18,147027,Μελόσπιτο Τρίμμα Φρυγανιάς 500 gr,1.38
2025-07-18,181255,Παπαδοπούλου Thins Φρυγανιές Ολικής Άλεσης Vegan 250 gr,2.45
2025-07-18,205210,Παπαδοπούλου Thins Φρυγανιές Σίκαλης Vegan 250 gr,2.45
2025-07-18,202785,Παπαδοπούλου Φρυγανιές Σίκαλης Vegan 4 x 80 gr,1.88
2025-07-18,185972,Παπαδοπούλου Φρυγανιές Σίκαλης Χωρίς Προσθήκη Αλατιού &amp; Ζάχαρης Vegan 4 x 80 gr,1.9
2025-07-18,30211,Παπαδοπούλου Φρυγανιές Σταρένιες Vegan 255 gr,1.25
2025-07-18,202779,Παπαδοπούλου Φρυγανιές Σταρένιες Vegan 4 x 127-5 gr,1.98
2025-07-18,185971,Παπαδοπούλου Φρυγανιές Σταρένιες Χωρίς Προσθήκη Αλατιού &amp; Ζάχαρης Vegan 4 x 80 gr,1.78
2025-07-18,188493,Παπαδοπούλου Φρυγανιές Στρογγυλές Ολικής Άλεσης 140 gr,1.74
2025-07-18,146247,Παπαδοπούλου Φρυγανιές Χωρίς Γλουτένη Vegan 165 gr,3.87
2025-07-18,178227,Σαμαριά Παξιμαδοφρυγανιές Με Μέλι Σταφίδες &amp; Αμύγδαλα 180 gr,2.45
2025-07-18,113945,Σαμαριά Παξιμαδοφρυγανιές Με Χαρούπι 250 gr,2.66
2025-07-18,113944,Σαμαριά Παξιμαδοφρυγανιές Σικάλεως 250 gr,2.66
2025-07-18,113943,Σαμαριά Παξιμαδοφρυγανιές Σταρένιες 250 gr,2.66
2025-07-18,204874,Το Μάννα Κρητωνάκια Κρίθινα 100 gr,1.64
2025-07-18,134757,Mestemacher Ψωμί Protein Bread 250 gr,4.38
2025-07-18,118853,Mestemacher Ψωμί Με Λιναρόσπορο Βιολογικό 500 gr,3.9
2025-07-18,3655,Mestemacher Ψωμί Σικάλεως Με Βρώμη 500 gr,3.78
2025-07-18,3778,Mestermacher Ψωμί Με 3 Δημητριακά 500 gr,3.78
2025-07-18,3779,Mestermacher Ψωμί Σικάλεως 500 gr,3.78
2025-07-18,117459,Pema Αρτοσκεύασμα Ολικής Άλεσης Από Ρύζι Καλαμπόκι &amp; Κεχρί Χωρίς Λακτόζη Χωρίς Γλουτένη 500 gr,5.42
2025-07-18,191203,Βοσινάκη Ψωμί Προζυμένιο Με Αλεύρι Ολικής Άλεσης 500 gr,1.9
2025-07-18,196819,Βοσινάκη Ψωμί Προζυμένιο Πολύσπορο 500 gr,2.05
2025-07-18,191204,Βοσινάκη Ψωμί Προζυμένιο Σταρένιο 500 gr,1.84
2025-07-18,204540,Βοσινάκη Ψωμί Προζυμένιο Χωριάτικο 500 gr,2.05
2025-07-18,191782,Καραμολέγκος Ψωμί Πρόζυμο Ζέας 500 gr,2.15
2025-07-18,191780,Καραμολέγκος Ψωμί Πρόζυμο Θεσσαλικό 500 gr,1.65
2025-07-18,191781,Καραμολέγκος Ψωμί Πρόζυμο Ορεινό 500 gr,1.65
2025-07-18,191783,Καραμολέγκος Ψωμί Πρόζυμο Σαντορινιό 500 gr,1.7
2025-07-18,188920,Κατσέλης Διπλοζυμωτό Ψωμί Με Προζύμη Πολύσπορο 500 gr,1.88
2025-07-18,181572,Κατσέλης Διπλοζυμωτό Ψωμί Με Προζύμι Ολικής Άλεσης 500 gr,1.73
2025-07-18,181575,Κατσέλης Διπλοζυμωτό Ψωμί Με Προζύμι Σταρένιο 500 gr,1.68
2025-07-18,195090,Κατσέλης Ψωμί Γερμανικού Τύπου Πολύσπορο Με Σίκαλη &amp; Βρώμη Σε Φέτες 500 gr,2.03
2025-07-18,192708,Παπαδοπούλου Ψωμί Γερμανικού Τύπου Ολικής Άλεσης Σε Φέτες Vegan 500 gr,2.5
2025-07-18,177080,Παπαδοπούλου Ψωμί Γερμανικού Τύπου Πολύσπορο Σε Φέτες Vegan 500 gr,2.48
2025-07-18,179016,Παπαδοπούλου Ψωμί Γερμανικού Τύπου Σίκαλη Σε Φέτες Vegan 500 gr,2.48
2025-07-18,182622,Παπαδοπούλου Ψωμί Λευκό Σε Φέτες Χωρίς Γλουτένη 300 gr,3.4
2025-07-18,182621,Παπαδοπούλου Ψωμί Πολύσπορο Σε Φέτες Χωρίς Γλουτένη 300 gr,3.88
2025-07-18,199389,Brioche Gourmet Μίνι Ψωμάκια Μπριός Για Μπέργκερ 200 gr,4.28
2025-07-18,199390,Brioche Gourmet Μπριός Πρέτσελ 400 gr,3.08
2025-07-18,198837,Brioche Gourmet Ψωμάκια Μπριός Για Burger 250 gr,2.01
2025-07-18,198836,Brioche Gourmet Ψωμάκια Μπριός Για Hot Dog 300 gr,2.65
2025-07-18,173155,Καραμολέγκος Sandwich 6 Τεμάχια 480 gr,1.4
2025-07-18,177206,Καραμολέγκος Δέκα Ψωμάκια Brioche Για Burger 380 gr,1.9
2025-07-18,179159,Καραμολέγκος Δέκα Ψωμάκια Μπριός Για Σάντουιτς 4 Τεμάχια 380 gr,1.9
2025-07-18,173154,Καραμολέγκος Χάμπουργκερ 6 Τεμάχια 480 gr,1.4
2025-07-18,172591,Κατσέλης Γευσηκράτορας Ψωμάκια Μπέργκερ Σταρένια 6 Τεμάχια 564 gr,1.68
2025-07-18,172593,Κατσέλης Γευσηκράτορας Ψωμάκια Σάντουιτς Σταρένια 6 Τεμάχια 546 gr,1.68
2025-07-18,173443,Κρις Κρις Selection Ψωμάκια Μπέργκερ Brioche 4 Τεμάχια 360 gr,2.48
2025-07-18,152928,Κρις Κρις Selection Ψωμάκια Σάντουιτς Brioche 6 Τεμάχια 342 gr,2.48
2025-07-18,190983,Κρις Κρις Selection Ψωμάκια Σάντουιτς Ολικής 4 Τεμάχια 320 gr,1.98
2025-07-18,197677,Κρις Κρις Selection Ψωμί Sando 350 gr,2.7
2025-07-18,145836,Κρις Κρις Ψωμάκια Hamburger Σταρένια 6 Τεμάχια 480 gr,2.07
2025-07-18,145837,Κρις Κρις Ψωμάκια Σάντουιτς Σταρένια 6 Τεμάχια 480 gr,2.07
2025-07-18,197116,Καραμολέγκος No Added Ψωμί Τοστ Χώρις Ζάχαρη &amp; Αλάτι Ολικής Άλεσης 500 gr,1.46
2025-07-18,197113,Καραμολέγκος Ζέας Ψωμί Τοστ 500 gr,1.76
2025-07-18,65006,Καραμολέγκος Ψίχα Ψωμί Τοστ Σίκαλης 480 gr,1.34
2025-07-18,65005,Καραμολέγκος Ψίχα Ψωμί Τοστ Σταρένιο 480 gr,1.34
2025-07-18,185138,Καραμολέγκος Ψωμί Τοστ Μισό/Μισό 720 gr,1.38
2025-07-18,197114,Καραμολέγκος Ψωμί Τοστ Ολικής Άλεσης High Protein 500 gr,1.46
2025-07-18,73930,Καραμολέγκος Ψωμί Τοστ Πολύσπορο 340 gr,1.5
2025-07-18,3841,Καραμολέγκος Ψωμί Τοστ Σίκαλης 340 gr,1.24
2025-07-18,182924,Καραμολέγκος Ψωμί Τοστ Σίτου &amp; Σίκαλης Με Πρόζυμι 680 gr,1.68
2025-07-18,3840,Καραμολέγκος Ψωμί Τοστ Σταρένιο 340 gr,1.02
2025-07-18,3839,Καραμολέγκος Ψωμί Τοστ Σταρένιο 680 gr,1.34
2025-07-18,193298,Κατσέλης Διπλοζυμωτό Ψωμί Τοστ Ολικής Άλεσης 500 gr,1.54
2025-07-18,193299,Κατσέλης Διπλοζυμωτό Ψωμί Τοστ Σταρένιο 500 gr,1.49
2025-07-18,157025,Κατσέλης Παραδοσιακό Ψωμί Πολύσπορο Σε Φέτες 500 gr,1.8
2025-07-18,148935,Κατσέλης Παραδοσιακό Ψωμί Τοστ Ολικής Άλεσης 720 gr,1.76
2025-07-18,192656,Κατσέλης Ψωμί Τοστ Ολικής Άλεσης Μεγάλες Φέτες 1000 gr,2.7
2025-07-18,177518,Κατσέλης Ψωμί Τοστ Σταρένιο 360 gr,0.88
2025-07-18,148933,Κατσέλης Ψωμί Τοστ Σταρένιο 720 gr,1.3
2025-07-18,174883,Κατσέλης Ψωμί Τοστ Σταρένιο Με 6 Δημητριακά 350 gr,1.13
2025-07-18,192622,Κατσέλης Ψωμί Τοστ Σταρένιο Μεγάλες Φέτες Κλάμπ Σάντουιτς 1000 gr,2.67
2025-07-18,165191,Κρις Κρις Φέτες Ζωής Ψωμί Τοστ Ολικής Άλεσης 500 gr ,1.88
2025-07-18,70589,Κρις Κρις Ψωμί Τοστ Σταρένιο 350 gr,1.16
2025-07-18,70590,Κρις Κρις Ψωμί Τοστ Σταρένιο 700 gr,1.57
2025-07-18,3621,Κρις Κρις Ψωμί Τοστ Σταρένιο Με Σίκαλη 360 gr,1.45
2025-07-18,163483,Παπαδοπούλου Plus Ψωμί Τοστ Σταρένιο 700 gr,1.86
2025-07-18,189407,Παπαδοπούλου Γεύση 2 Ψωμί Τοστ Ολικής Άλεσης Vegan 325 gr,1.31
2025-07-18,189119,Παπαδοπούλου Γεύση 2 Ψωμί Τοστ Σίτου Vegan 325 gr,1.04
2025-07-18,119352,Παπαδοπούλου Γεύση 2 Ψωμί Τοστ Σίτου Vegan 700 gr,1.31
2025-07-18,191508,Παπαδοπούλου Δίκοκκο Ψωμί Τοστ Ολικής Άλεσης Vegan 500 gr,2.21
2025-07-18,203699,Παπαδοπούλου Τοστ Ψίχα Ψωμί Τοστ Ολικής Άλεσης Vegan 450 gr,1.69
2025-07-18,203700,Παπαδοπούλου Τοστ Ψίχα Ψωμί Τοστ Σταρένιο Vegan 450 gr,1.69
2025-07-18,192709,Παπαδοπούλου Χωριανό Ψωμί Τοστ Ολικής Άλεσης Με Αλεύρι Dinkel Vegan 700 gr,1.7
2025-07-18,122286,Παπαδοπούλου Χωριανό Ψωμί Τοστ Ολικής Άλεσης Με Σίκαλη Vegan 500 gr,1.67
2025-07-18,122285,Παπαδοπούλου Χωριανό Ψωμί Τοστ Πολύσπορο Vegan 540 gr,1.85
2025-07-18,119353,Παπαδοπούλου Χωριανό Ψωμί Τοστ Σταρένιο Με 6 Δημητριακά Vegan 500 gr,1.67
2025-07-18,194302,Παπαδοπούλου Ψωμάκια Κλαμπ Σάντουιτς Vegan 950 gr ,2.52
2025-07-18,203664,Νίκας Παριζάκι Χωρίς Γλουτένη 700 gr,3.17
2025-07-18,191860,Ifantis Καπνιστή Γαλοπούλα Φιλέτο Σε Φέτες Χωρίς Γλουτένη 300 gr,4.49
2025-07-18,54895,Creta Farms Εν Ελλάδι Λουκάνικα Φρανκφούρτης Με Ελαιόλαδο Χωρίς Γλουτένη 300 gr,2.5
2025-07-18,199319,Νίκας Μπέικον Καπνιστό Σε Φέτες Χωρίς Γλουτένη 200 gr,3.66
2025-07-18,44865,Kuhne Λάχανο Ξινό Σε Άλμη 810 gr,4.22
2025-07-18,189324,Ifantis Τα Λουκάνικα Της Μάρως Χωριάτικα Χωρίς Γλουτένη 340 gr,3.58
2025-07-18,178498,Συμπόσιον Σαλάμι Αέρος Λευκάδος Χωρίς Γλουτένη 225 gr,4.83
2025-07-18,162410,Εδέμ Πάστα Ελιάς Καλαμών Vegan 135 gr,2.44
2025-07-18,65961,Ifantis Σαλάμι Αέρος Τύπου Μιλάνο Χωρίς Γλουτένη 200 gr,2.88
2025-07-18,199278,Kuhne Πιπεριές Καυτερές Jalapeno 370 ml,2.78
2025-07-18,65868,Ifantis Σαλάμι Αέρος Τύπου Λευκάδος Χωρίς Γλουτένη 180 gr,2.63
2025-07-18,194372,Ifantis Τα Κτόπουλα Της Μάρως Ψητό Κοτόπουλο Σε Φέτες Χωρίς Γλουτένη 160 gr,2.3
2025-07-18,3230,Xenia Ελιές Καλαμών 360 gr,2.96
2025-07-18,206007,Ifantis Φιλέτο Γαλοπούλας Καπνιστό 8 Απλά Συστατικά Χωρίς Γλουτένη 100 gr,2.79
2025-07-18,94094,Xenia Ελιές Καλαμών Σε Φέτες 350 gr,2.72
2025-07-18,194142,Θράκης Γεύσεις Λουκάνικα Έβρου Χωρίς Γλουτένη 700 gr,4.03
2025-07-18,204357,Xenia Πάστα Ελιάς Καλαμών 185 gr ,2.28
2025-07-18,106700,Φάρμα Αντωνάκη Λουκάνικο Καπνιστό Χωριάτικο Χωρίς Γλουτένη 275 gr,2.99
2025-07-18,6292,Xenia Κάπαρη Ανθός 105 gr,1.84
2025-07-18,133733,York Καπνιστός Σολομός Νορβηγίας 150 gr,6.15
2025-07-18,121013,Χαλκιαδάκης Παραδοσιακό Κρητικό Απάκι Χωρίς Γλουτένη,4.69
2025-07-18,186249,Χαλκιαδάκης Λουκάνικο Ξυδάτο Χωρίς Γλουτένη 320 gr,5.4
2025-07-18,128415,Χαλκιαδάκης Ζαμπόν &amp; Τυρί Gouda Σε Φέτες 360 gr,3.15
2025-07-18,128417,Χαλκιαδάκης Καπνιστή Γαλοπούλα Φιλέτο &amp; Τυρί Edam Σε Φέτες 360 gr,3.67
2025-07-18,128413,Χαλκιαδάκης Πάριζα &amp; Τυρί Gouda Σε Φέτες 360 gr,2.97
2025-07-18,101021,Deli Fish Ρέγγα Καπνιστή Φιλέτο Σε Ηλιέλαιο,3.43
2025-07-18,101022,Deli Fish Τονολακέρδα Σε Ηλιέλαιο,3.29
2025-07-18,101023,Deli Fish Αντζούγιες Φιλέτο Σε Ηλιέλαιο,3.27
2025-07-18,101024,Deli Fish Γαύρος Μαριναρισμένος Φιλέτο Σε Ηλιέλαιο,2.3
2025-07-18,116552,Σκεύασμα Αυγών Βακαλάου,1.16
2025-07-18,116553,Ταραμοπολτός Λευκός,3.0
2025-07-18,118180,Ypsilon Fine Foods Σολομός Νορβηγίας Σε Φέτες 150 gr,6.08
2025-07-18,118181,Ypsilon Fine Foods Σολομός Φιλέτο Νορβηγίας 1 kg,3.7
2025-07-18,119402,Σιούρας Ελιές Καλαμών Colossal 121 - 140,1.49
2025-07-18,119403,Σιούρας Ελιές Καλαμών Large 231 - 260,1.13
2025-07-18,119404,Σιούρας Ελιές Χονδρές Atlas 71 - 90,1.29
2025-07-18,131339,Ελιδάκια Πράσινα Κρήτης,1.49
2025-07-18,131351,Mediterranean G.O.D. Taste Αγκινάρες Σε Ελαιόλαδο 330 gr,9.98
2025-07-18,131713,Οικογένεια Χαλβατζή Αγγουράκι Γλυκόξινο 680 gr,4.12
2025-07-18,205996,Όλυμπος Χαλβάς Dubai Chocolate 400 gr,7.96
2025-07-18,147159,Ψωματάκης Ελιές Πράσινες Colossal 121 - 140,1.02
2025-07-18,147819,Xenia Λιαστές Ντομάτές 295 gr,4.4
2025-07-18,148739,Όλυμπος Έδεσμα Σουσαμιού Σοκολάτα Με Στέβια Χωρίς Γλουτένη ,5.01
2025-07-18,155230,Μακεδονικός Έδεσμα Ταχινιού Με Βανίλια Στέβια Vegan Χωρίς Γλουτένη 200 gr,4.38
2025-07-18,155988,Αστερίας Ρέγγα Καπνιστή Νορβηγίας,1.91
2025-07-18,156000,Αστερίας Ρέγγα Καπνιστή Σε Vacuum,2.21
2025-07-18,161005,Αλατσοελιές Κρήτης,1.73
2025-07-18,162092,Εδέμ Ελιές Πράσινες Χωρίς Κουκούτσι Vegan 330 gr,3.05
2025-07-18,162367,Εδέμ Ελιές Καλαμών Σε Φέτες Vegan 358 gr,3.48
2025-07-18,162372,Εδέμ Κάπαρη Ανθός Vegan 105 gr,2.48
2025-07-18,162407,Εδέμ Αγγουράκι Μέτριο Vegan 355 gr,2.93
2025-07-18,163339,Εδέμ Πιπεριές Κόκκινες Ψημένες Vegan 450 gr,3.88
2025-07-18,163340,Αστερίας Αντζούγιες Ν1,1.51
2025-07-18,163341,Σαρδέλες Παστές,1.17
2025-07-18,164909,Όλυμπος Έδεσμα Βανίλια Με Στέβια Χωρίς Γλουτένη 250 gr,3.01
2025-07-18,164910,Όλυμπος Έδεσμα Σουσαμιού Σοκολάτα Με Στέβια Χωρίς Γλουτένη 250 gr,3.01
2025-07-18,164992,Αστερίας Γαύρος Μαριναρισμένος 90 gr,3.32
2025-07-18,164994,Αστερίας Αντzούγια Φιλέτο 90 gr,3.64
2025-07-18,165954,Αμπελόφυλλα Σουλτανίνας Σε Άλμη,3.98
2025-07-18,169663,Εδέμ Πιπεράκια Vegan Χωρίς Γλουτένη 320 gr,2.58
2025-07-18,171881,Όλυμπος Χαλβάς Με Σοκολάτα Αμύγδαλο Χωρίς Γλουτένη 250 gr,3.09
2025-07-18,171916,Μακεδονικός Έδεσμα Ταχινιού Με Σοκολάτα Στέβια Vegan Χωρίς Γλουτένη 200 gr,4.57
2025-07-18,172064,Μακεδονικός Χαλβάς Με Σοκολάτα &amp; Φουντούκια ,8.14
2025-07-18,174603,Αλατσοελιές Κρήτης,1.73
2025-07-18,178324,Μακεδονικός Χαλβάς Με Σοκολάτα &amp; Πορτοκάλι Με Επικάλυψη Σοκολάτας,8.14
2025-07-18,178383,Μακεδονικός Χαλβάς Βανίλια Bitter Σοκολάτα ,8.14
2025-07-18,184045,Όλυμπος Χαλβάς Με Σοκολάτα Υγείας &amp; Αλμυρή Καραμέλα 300 gr,4.19
2025-07-18,184046,Όλυμπος Χαλβάς Μπανάνα Με Σοκολάτα Υγείας Φουντούκι ,5.22
2025-07-18,184047,Όλυμπος Χαλβάς Με Σοκολάτα Υγείας Αμύγδαλα Με Επικάλυψη,5.22
2025-07-18,184048,Όλυμπος Χαλβάς Με Βανίλια Φυστίκια &amp; Κομμάτια Σοκολάτας ,5.4
2025-07-18,184049,Όλυμπος Χαλβάς Με Κακάο Φουντούκι &amp; Μπισκότο,5.22
2025-07-18,186140,Xenia Ελιές Πράσινες Με 40% Λιγότερο Αλάτι 300 gr,2.95
2025-07-18,188206,Αλατσοελιές Κρήτης,1.73
2025-07-18,189869,Μακεδονικός Χαλβάς Σοκολάτα Με Φουντούκια 40 gr,1.05
2025-07-18,191522,Εδέμ Αγγουράκι Μέτριο Vegan 710 gr,3.9
2025-07-18,191523,Εδέμ Ελιές Πράσινες Σε Φέτες Vegan 340 gr,3.15
2025-07-18,191524,Εδέμ Ελιές Πράσινες Γεμιστές Με Αμύγδαλο Vegan 340 gr,4.35
2025-07-18,195726,Σιούρας Ελιές Πράσινες Γεμιστές Colossal 121 - 140,1.49
2025-07-18,196006,Μακεδονικός Χαλβάς Με Αλμυρή Καραμέλα,8.14
2025-07-18,196021,Μακεδονικός Χαλβάς Με Σοκολάτα &amp; Φράουλα Vegan Χωρίς Γλουτένη 250 gr,5.1
2025-07-18,196732,Όλυμπος Χαλβάς Με Φυστικοβούτυρο &amp; Επικάλυψη Σοκολάτας ,5.22
2025-07-18,198287,Ελιές Τσουνάτες 380 gr,3.45
2025-07-18,198347,Σιούρας Ελιές Πράσινες Τσακιστές Superior 261 - 290,1.0
2025-07-18,202627,Όλυμπος Χαλβάς Με Σοκολάτα &amp; Μπανάνα Χωρίς Γλουτένη 250 gr ,3.27
2025-07-18,202628,Όλυμπος Χαλβάς Με Μέλι &amp; Κανέλα Χωρίς Γλουτένη Χωρίς Προσθήκης Ζάχαρης 250 gr,3.09
2025-07-18,202629,Όλυμπος Έδεσμα Σουσαμιού Αμύγδαλο Με Στέβια Χωρίς Γλουτένη 250 gr,3.68
2025-07-18,202728,Μακεδονικός Χαλβάς Φυστίκι Κελυφωτό &amp; Κρέμα Φυστίκι,9.1
2025-07-18,202809,Όλυμπος Χαλβάς Με Γέμιση Τύπου Bueno &amp; Επικάλυψη Σοκολάτας,6.55
2025-07-18,202810,Όλυμπος Χαλβάς Με Μέλι Βιολογικός Χωρίς Γλουτένη Χωρίς Προσθήκη Ζάχαρης 250 gr,4.2
2025-07-18,204358,Xenia Πάστα Ελιάς Πράσινη 185 gr ,1.93
2025-07-18,24632,Όλυμπος Χαλβάς Royal Με Κακάο Αμύγδαλα &amp; Σταφίδες,4.22
2025-07-18,27521,D&#039;Amico Λιαστές Ντομάτες Alla Calabrese 290 gr,3.48
2025-07-18,28558,Xenia Ελιές Πράσινες Σε Φέτες 355 gr,2.72
2025-07-18,28563,Xenia Αγγουράκι Ανθός 355 gr,3.88
2025-07-18,28771,Xenia Κάπαρη Ανθός 360 gr,6.24
2025-07-18,3227,Ψωματάκης Ελιές Πράσινες Μαμούθ 101 - 110,1.13
2025-07-18,3256,Xenia Ελιές Πράσινες Γεμιστές Με Πιπεριά 355 gr,4.1
2025-07-18,34226,Leader Μπακαλιάρος Νορβηγίας Με Κόκκαλο 800 / 1200,10.36
2025-07-18,37253,Υγράλατο Φιλέτο Ling Νορβηγίας,4.98
2025-07-18,3985,Μακεδονικός Χαλβάς Με Αμύγδαλα Vegan Χωρίς Γλουτένη ,6.1
2025-07-18,3986,Μακεδονικός Χαλβάς Με Αμύγδαλα Vegan Χωρίς Γλουτένη 400 gr,6.65
2025-07-18,3987,Όλυμπος Χαλβάς Με Αμύγδαλα ,4.76
2025-07-18,3995,Μακεδονικός Χαλβάς Βανίλια Vegan Χωρίς Γλουτένη,5.85
2025-07-18,3996,Μακεδονικός Χαλβάς Με Φυστίκια Vegan Χωρίς Γλουτένη,5.85
2025-07-18,3997,Μακεδονικός Χαλβάς Κακάο Vegan Χωρίς Γλουτένη,5.85
2025-07-18,3998,Μακεδονικός Χαλβάς Βανίλια Vegan Χωρίς Γλουτένη 400 gr,6.0
2025-07-18,4000,Μακεδονικός Χαλβάς Κακάο Vegan Χωρίς Γλουτένη 400 gr,6.0
2025-07-18,4003,Όλυμπος Χαλβάς Με Βανίλια Χωρίς Γλουτένη 400 gr,4.48
2025-07-18,4015,Όλυμπος Χαλβάς Με Βανίλια,4.41
2025-07-18,4016,Όλυμπος Χαλβάς Φυστίκι,4.41
2025-07-18,4017,Όλυμπος Χαλβάς Κακάο,4.41
2025-07-18,45372,Όλυμπος Χαλβάς Με Κακάο Χωρίς Γλουτένη 400 gr,4.48
2025-07-18,45373,Όλυμπος Χαλβάς Με Αμύγδαλα Χωρίς Γλουτένη 400 gr,4.74
2025-07-18,56110,Gaea Λιαστές Ντομάτες Σε Εξαιρετικό Παρθένο Ελαιόλαδο 240 gr,4.38
2025-07-18,80261,Xenia Πιπεριές Κόκκινες Ψημένες 450 gr,3.48
2025-07-18,80301,Οικογένεια Χαλβατζή Πίκλες Ανάμεικτων Λαχανικών 500 gr,2.67
2025-07-18,80302,Οικογένεια Χαλβατζή Πιπεράκι Μακεδονικό 400 gr,2.67
2025-07-18,88883,Labeyrie Καπνιστός Σολομός Gourmet 75 gr,8.35
2025-07-18,94241,Μακεδονικός Χαλβάς Βανίλια Χωρίς Γλουτένη 40 gr,1.02
2025-07-18,94242,Μακεδονικός Χαλβάς Κακάο Χωρίς Γλουτένη 40 gr,1.02
2025-07-18,155999,Bodega Jamon Serrano Χωρίς Δέρμα,5.12
2025-07-18,174103,Citterio Prosciutto Crudo Σε Φέτες Χωρίς Λακτόζη Χωρίς Γλουτένη 70 gr,3.64
2025-07-18,170867,Coati Prealpen Speck Από Χοιρινό Μπούτι Χωρίς Γλουτένη,3.44
2025-07-18,109333,Ifantis Ferrano Prosciutto Σε Φέτες Χωρίς Γλουτένη 80 gr,3.98
2025-07-18,155998,Nationale Disossato Prosciutto Χωρίς Κόκκαλο,4.2
2025-07-18,149506,Prosciutto Cotto Με Βότανα Χωρίς Γλουτένη,4.0
2025-07-18,156064,Villani Prosciutto Crudo Σε Φέτες Χωρίς Γλουτένη 110 gr,6.6
2025-07-18,156066,Villani Prosciutto Di Parma,6.87
2025-07-18,163965,Villani Πορκέτα Χοιρινή Al Forno,7.45
2025-07-18,157044,Creta Farms Εν Ελλάδι Gourmet Μπριζόλα Καπνιστή Με Ελαιόλαδο Χωρίς Γλουτένη,2.25
2025-07-18,153930,Creta Farms Εν Ελλάδι Μπέικον Καπνιστό Με Ελαιόλαδο Σε Φέτες Χωρίς Γλουτένη 100 gr,1.68
2025-07-18,156461,Creta Farms Εν Ελλάδι Μπέικον Ρολό Χωρίς Γλουτένη,3.12
2025-07-18,51095,Creta Farms Μπέικον Καπνιστό Σε Φέτες Χωρίς Γλουτένη,2.44
2025-07-18,143077,Ifantis Ferrano Μπέικον Γαλοπούλας 4% Χωρίς Γλουτένη 120 gr,3.1
2025-07-18,152711,Ifantis Ferrano Μπέικον Καπνιστό Χωρίς Γλουτένη,2.81
2025-07-18,160130,Ifantis Μπέικον Καπνιστό Σε Φέτες Χωρίς Γλουτένη 300 gr,3.84
2025-07-18,186256,Tostaki Μπέικον Καπνιστό Σε Φέτες Χωρίς Γλουτένη 300 gr ,4.6
2025-07-18,130475,Νίκας Fuego Μπριζόλα Καπνιστή Χοιρινή Χωρίς Γλουτένη,3.46
2025-07-18,191013,Νίκας Fuego Μπριζόλα Καπνιστή Χοιρινή Χωρίς Γλουτένη 160 gr,3.39
2025-07-18,163528,Πασσιάς Μπέικον Ρολό Χωρίς Γλουτένη,2.16
2025-07-18,171101,Πασσιάς Μπέικον Σε Φέτες Χωρίς Γλουτένη 140 gr,2.25
2025-07-18,96757,Πατεράκης Family Απάκι Κρήτης Σε Φέτες Χωρίς Γλουτένη 250 gr,4.52
2025-07-18,72687,Πατεράκης Family Κρητικό Σύγκλινο Χωρίς Γλουτένη 250 gr,4.07
2025-07-18,164802,Πατεράκης Family Μπριζόλα Καπνιστή Χωρίς Γλουτένη 200 gr,2.8
2025-07-18,130841,Φάρμα Αντωνάκη Καπνιστή Μπριζόλα Με Μέλι Χωρίς Γλουτένη 210 gr,3.48
2025-07-18,136394,Φάρμα Αντωνάκη Παραδοσιακό Καπνιστό Απάκι Κρήτης Χωρίς Γλουτένη 200 gr,3.85
2025-07-18,164803,Creta Farms &quot;Χωρίς&quot; Γαλοπούλα Ψητή Σε Φέτες 0-3% Χωρίς Γλουτένη 200 gr,4.92
2025-07-18,186173,Creta Farms &quot;Χωρίς&quot; Φιλέτο Γαλοπούλας Βραστή 0-3% Χωρίς Γλουτένη,3.58
2025-07-18,120161,Creta Farms Εν Ελλάδι Gourmet Γαλοπούλα Καπνιστή Με Ελαιόλαδο Χωρίς Γλουτένη,2.59
2025-07-18,90793,Creta Farms Εν Ελλάδι Γαλοπούλα Βραστή Με Ελαιόλαδο Σε Φέτες Χωρίς Γλουτένη 160 gr ,2.39
2025-07-18,96519,Creta Farms Εν Ελλάδι Γαλοπούλα Καπνιστή Με Ελαιόλαδο Σε Φέτες Χωρίς Γλουτένη 160 gr ,2.39
2025-07-18,150009,Creta Farms Εν Ελλάδι Γαλοπούλα Καπνιστή Με Ελαιόλαδο Σε Φέτες Χωρίς Γλουτένη 300 gr,6.78
2025-07-18,42228,Creta Farms Εν Ελλάδι Γαλοπούλα Φιλέτο Βραστή Με Ελαιόλαδο Χωρίς Γλουτένη,1.79
2025-07-18,143175,Creta Farms Εν Ελλάδι Κοτόπουλο Ψητό Με Ελαιόλαδο Σε Φέτες Χωρίς Γλουτένη 160 gr,3.22
2025-07-18,79463,Creta Farms Εν Ελλάδι Φιλέτο Γαλοπούλα Καπνιστή Με Ελαιόλαδο Χωρίς Γλουτένη,1.79
2025-07-18,183053,Esti Φυτική Γαλοπούλα Σε Φέτες Vegan Χωρίς Γλουτένη 100 gr,2.12
2025-07-18,131012,Ifantis Ferrano Γαλοπούλα Ψητή 1% Χωρίς Γλουτένη ,4.0
2025-07-18,29517,Ifantis Fouantre Γαλοπούλα Καπνιστή 1% Χωρίς Γλουτένη,2.79
2025-07-18,159394,Ifantis Fouantre Γαλοπούλα Καπνιστή Σε Φέτες 1% Χωρίς Γλουτένη 300 gr,5.02
2025-07-18,141324,Ifantis Βραστή Γαλοπούλα Φιλέτο Σε Φέτες Χωρίς Γλουτένη 160 gr,2.62
2025-07-18,4201,Ifantis Γαλοπούλα Βραστή Χωρίς Γλουτένη,2.1
2025-07-18,4271,Ifantis Καπνιστή Γαλοπούλα Φιλέτο 1% Χωρίς Γλουτένη,2.38
2025-07-18,141323,Ifantis Καπνιστή Γαλοπούλα Φιλέτο Σε Φέτες Χωρίς Γλουτένη 160 gr,3.28
2025-07-18,194373,Ifantis Τα Κτόπουλα Της Μάρως Ψητό Κοτόπουλο Χωρίς Γλουτένη,2.71
2025-07-18,206018,Ifantis Φιλέτο Γαλοπούλας Καπνιστό 8 Απλά Συστατικά Χωρίς Γλουτένη,3.18
2025-07-18,143176,Tostaki Γαλοπούλα Καπνιστή Σε Φέτες Χωρίς Γλουτένη 160 gr,2.95
2025-07-18,112791,Tostaki Φιλέτο Γαλοπούλας Βραστό Χωρίς Γλουτένη,1.3
2025-07-18,112792,Tostaki Φιλέτο Γαλοπούλας Καπνιστό Χωρίς Γλουτένη,1.3
2025-07-18,180056,Θράκης Γεύσεις Γαλοπούλα Καπνιστή ,1.53
2025-07-18,117817,Νίκας Fuego Φιλέτο Γαλοπούλας Καπνιστό Χωρίς Γλουτένη,1.98
2025-07-18,32271,Νίκας Βραστή Γαλοπούλα Φιλέτο 2% Χωρίς Γλουτένη,2.3
2025-07-18,203668,Νίκας Γαλοπούλα Καπνιστή Σε Φέτες 2% Χωρίς Γλουτένη 230 gr,3.23
2025-07-18,166266,Νίκας Γαλοπούλα Ψητή 2% Χωρίς Γλουτένη,2.7
2025-07-18,171843,Νίκας Γαλοπούλα Ψητή Σε Φέτες Χωρίς Γλουτένη 200 gr,4.12
2025-07-18,59250,Νίκας Καπνιστή Γαλοπούλα Φιλέτο 2% Χωρίς Γλουτένη,2.3
2025-07-18,59829,Νίκας Καπνιστή Γαλοπούλα Φιλέτο Με Λιγότερο Αλάτι 2% Χωρίς Γλουτένη,2.3
2025-07-18,205918,Νίκας Καπνιστή Γαλοπούλα Χωρίς Γλουτένη,2.7
2025-07-18,203667,Νίκας Κοτόπουλο Ψητό Σε Φέτες 2% Χωρίς Γλουτένη 230 gr,2.85
2025-07-18,205919,Νίκας Ψητή Γαλοπούλα Χωρίς Γλουτένη,2.37
2025-07-18,149973,Πασσιάς Γαλοπούλα Βραστή Χωρίς Γλουτένη,3.2
2025-07-18,149972,Πασσιάς Γαλοπούλα Καπνιστή Χωρίς Γλουτένη,3.35
2025-07-18,149974,Πασσιάς Κορυφαίο Γαλοπούλα Στήθος Χωρίς Γλουτένη,4.0
2025-07-18,178514,Πασσιάς Κορυφαίο Γαλοπούλα Ψητή Χωρίς Γλουτένη,1.94
2025-07-18,164804,Creta Farms &quot;Χωρίς&quot; Ζαμπόν Καπνιστό Σε Φέτες 0-3% Χωρίς Γλουτένη 200 gr,4.26
2025-07-18,69268,Creta Farms Εν Ελλάδι Gourmet Ψητό Ζαμπόν Με Ελαιόλαδο Χωρίς Γλουτένη,2.38
2025-07-18,96518,Creta Farms Εν Ελλάδι Ζαμπόν Μπούτι Βραστό Σε Φέτες Χωρίς Γλουτένη 160 gr,2.96
2025-07-18,51870,Creta Farms Εν Ελλάδι Ζαμπόν Μπούτι Με Ελαιόλαδο Χωρίς Γλουτένη,2.83
2025-07-18,66196,Creta Farms Ωμοπλάτη Χοιρινή Χωρίς Γλουτένη,2.19
2025-07-18,183054,Esti Φυτικό Ζαμπόν Σε Φέτες Vegan Χωρίς Γλουτένη 100 gr,2.12
2025-07-18,159393,Ifantis Fouantre Ζαμπόν Μπούτι Καπνιστό Σε Φέτες 4% Χωρίς Γλουτένη 300 gr,4.4
2025-07-18,4236,Ifantis Fouantre Ζαμπόν Μπούτι Χοιρινό Χωρίς Γλουτένη,2.49
2025-07-18,141325,Ifantis Βραστή Ωμοπλάτη Χοιρινή Σε Φέτες Χωρίς Γλουτένη 160 gr ,1.8
2025-07-18,4261,Ifantis Χοιρινή Ωμοπλάτη Βραστή Χωρίς Γλουτένη,1.53
2025-07-18,21657,Θράκης Γεύσεις Ζαμπόν Μπούτι Χωρίς Γλουτένη,1.46
2025-07-18,48346,Θράκης Γεύσεις Ωμοπλάτη Χοιρινή Βραστή,1.14
2025-07-18,117816,Νίκας Fuego Ζαμπόν Μπούτι Καπνιστό 3% Χωρίς Γλουτένη ,3.38
2025-07-18,191073,Νίκας Fuego Ζαμπόν Μπούτι Χοιρινό Καπνιστό Χωρίς Γλουτένη 200 gr,4.06
2025-07-18,178513,Πασσιάς Κορυφαίο Χοιρομέρι Ψητό Χωρίς Γλουτένη,2.12
2025-07-18,4223,AIA Wudy Λουκάνικα Από Κοτόπουλο &amp; Γαλοπούλα Χωρίς Λακτόζη Χωρίς Γλουτένη 1 kg,4.82
2025-07-18,197511,AIA Wudy Λουκάνικα Από Κοτόπουλο &amp; Γαλοπούλα Χωρίς Λακτόζη Χωρίς Γλουτένη 300 gr,1.74
2025-07-18,96517,Creta Farms Εν Ελλάδι Λουκάνικα Κοκτέιλ Με Ελαιόλαδο Χωρίς Γλουτένη 240 gr,3.38
2025-07-18,106254,Creta Farms Εν Ελλάδι Λουκάνικα Σφακιανά Χωριάτικα Με Ελαιόλαδο Χωρίς Γλουτένη 340 gr,5.3
2025-07-18,189113,Creta Farms Λουκάνικα Χωριάτικα Με Γραβιέρα Χωρίς Γλουτένη 400 gr,3.64
2025-07-18,112849,Creta Farms Λουκάνικα Χωριάτικα Με Μυρωδικά Χωρίς Γλουτένη 400 gr,3.25
2025-07-18,112850,Creta Farms Λουκάνικα Χωριάτικα Με Πράσο Χωρίς Γλουτένη 400 gr,3.37
2025-07-18,189114,Creta Farms Λουκάνικα Χωριάτικα Πικάντικα Χωρίς Γλουτένη 400 gr,3.19
2025-07-18,183055,Esti Φυτικό Λουκάνικο Vegan Χωρίς Γλουτένη 200 gr,4.06
2025-07-18,26946,Ifantis Λουκάνικα Βραστά Vienna Χωρίς Γλουτένη 250 gr,2.76
2025-07-18,61125,Ifantis Τα Λουκάνικα Της Μάρως Λουκάνικα Πολίτικα Χωρίς Γλουτένη 260 gr,3.28
2025-07-18,149844,Markos Krasanakis Παραδοσιακό Λουκάνικο Ξυδάτο,7.64
2025-07-18,202400,Tostaki Λουκάνικα Κοκτέιλ Χωρίς Γλουτένη 250 gr,2.48
2025-07-18,201868,Tostaki Λουκάνικα Ριγανάτα Χωρίς Γλουτένη 320 gr,2.74
2025-07-18,152791,Tostaki Λουκάνικα Φρανκφούρτης Χωρίς Γλουτένη 270 gr,2.95
2025-07-18,147867,Αλλαντικά Κασσάκη Λουκάνικο Ξυδάτο Χωρίς Γλουτένη 380 gr,6.6
2025-07-18,5193,Λουκάνικα Καπνιστά,3.24
2025-07-18,48311,Λουκάνικα Καπνιστά Με Βοδινό,3.81
2025-07-18,134131,Μαδεράκης Λουκάνικα Κοκτέιλ 300 gr,1.9
2025-07-18,148680,Μαράτα Λουκάνικα Χοιρινά Κλασικά Χωρίς Γλουτένη 360 gr,3.25
2025-07-18,148681,Μαράτα Λουκάνικα Χοιρινά Με Πράσο Χωρίς Γλουτένη 360 gr,3.25
2025-07-18,175584,Πασσιάς Λουκάνικα Hot Dog Χωρίς Γλουτένη 300 gr,2.25
2025-07-18,167181,Πασσιάς Χωριάτικα Λουκάνικα Grill 380 gr,2.82
2025-07-18,186823,Πατεράκης Family Λουκάνικο Με Πράσο Χωρίς Γλουτένη 280 gr,2.3
2025-07-18,153892,Πατεράκης Family Λουκάνικο Σχάρας Χωρίς Γλουτένη 240 gr,2.55
2025-07-18,182955,Φάρμα Αντωνάκη Λουκάνικο Καπνιστό Ξυδάτο Χωρίς Γλουτένη 350 gr,6.48
2025-07-18,136399,Φάρμα Αντωνάκη Λουκάνικο Ξυδάτο Χωρίς Γλουτένη 220 gr,4.56
2025-07-18,202401,Creta Farms Εν Ελλάδι Μορταδέλα Ψητή Χωρίς Γλουτένη,2.16
2025-07-18,131013,Ifantis Ferrano Μορταδέλα Χωρίς Γλουτένη,2.14
2025-07-18,132225,Ifantis Ferrano Μορταδέλα Χωρίς Γλουτένη 70 gr,1.08
2025-07-18,141322,Ifantis Μορταδέλα Βραστή Σε Φέτες Χωρίς Γλουτένη 160 gr ,1.49
2025-07-18,115786,Μορταδέλα Salum Με Φιστίκι,3.71
2025-07-18,170539,Πασσιάς Μορταδέλα Ιταλίας,2.55
2025-07-18,188881,Creta Farms &quot;Χωρίς&quot; Πάριζα Με 30% Λιγότερα Λιπαρά Χωρίς Γλουτένη,1.97
2025-07-18,26012,Creta Farms Εν Ελλάδι Πάριζα Με Ελαιόλαδο 5% Χωρίς Γλουτένη,1.0
2025-07-18,60403,Creta Farms Εν Ελλάδι Πάριζα Με Ελαιόλαδο Σε Φέτες Χωρίς Γλουτένη 160 gr,1.98
2025-07-18,26013,Creta Farms Εν Ελλάδι Παριζάκι Με Ελαιόλαδο Χωρίς Γλουτένη 310 gr,2.37
2025-07-18,116863,Creta Farms Εν Ελλάδι Παριζάκι Με Ελαιόλαδο Χωρίς Γλουτένη 500 gr ,4.98
2025-07-18,141321,Ifantis Βραστή Πάριζα Σε Φέτες Χωρίς Γλουτένη 160 gr ,1.44
2025-07-18,141836,Ifantis Πάριζα Βραστή Χωρίς Γλουτένη,1.4
2025-07-18,26614,Ifantis Παριζάκι Χωρίς Γλουτένη 330 gr,2.94
2025-07-18,133576,Ifantis Παριζάκι Χωρίς Γλουτένη 500 gr,3.6
2025-07-18,38438,Ifantis Σαλάμι Σκορδάτο Βραστό Χωρίς Γλουτένη 330 gr,3.56
2025-07-18,112643,Ifantis Σαλάμι Σκορδάτο Βραστό Χωρίς Γλουτένη 370 gr,3.12
2025-07-18,143177,Tostaki Πάριζα Σε Φέτες Χωρίς Γλουτένη 160 gr,1.49
2025-07-18,112793,Tostaki Πάριζα Χωρίς Γλουτένη,0.79
2025-07-18,199639,Tostaki Παριζάκι Χωρίς Γλουτένη 330 gr,2.48
2025-07-18,192246,Έδεσμα Παριζάκι Χωρίς Γλουτένη 500 gr,3.48
2025-07-18,53253,Θράκης Γεύσεις Πάριζα Βραστή Χωρίς Γλουτένη,0.94
2025-07-18,29491,Νίκας Πάριζα Βραστή Χωρίς Γλουτένη ,0.98
2025-07-18,203665,Νίκας Παριζάκι Κοτόπουλο Χωρίς Γλουτένη 280 gr ,2.78
2025-07-18,203666,Νίκας Παριζάκι Χωρίς Γλουτένη 300 gr ,2.78
2025-07-18,149977,Πασσιάς Πάριζα,2.0
2025-07-18,174104,Citterio Σαλάμι Σε Φέτες Χωρίς Γλουτένη 70 gr,2.98
2025-07-18,186509,Coati Σαλάμι Μιλάνο Χωρίς Γλουτένη,3.69
2025-07-18,186510,Coati Σαλάμι Νάπολης Χωρίς Γλουτένη,3.38
2025-07-18,170868,Collell Σαλάμι Με Πιπέρι ,4.22
2025-07-18,154180,Creta Farms Εν Ελλάδι Σαλάμι Αέρος Με Ελαιόλαδο Σε Φέτες Χωρίς Γλουτένη 100 gr ,1.59
2025-07-18,72712,Creta Farms Εν Ελλάδι Σαλάμι Αέρος Με Ελαιόλαδο Χωρίς Γλουτένη 200 gr,4.04
2025-07-18,155191,Creta Farms Εν Ελλάδι Σαλάμι Αέρος Πικάντικο Με Ελαιόλαδο Χωρίς Γλουτένη,2.03
2025-07-18,124163,Creta Farms Σαλάμι Σκορδάτο Χωρίς Γλουτένη 310 gr,2.73
2025-07-18,159728,Ifantis Ferrano Bresaola Σε Φέτες Χωρίς Γλουτένη 80 gr,4.92
2025-07-18,134509,Ifantis Ferrano Coppa Σε Φέτες Χωρίς Γλουτένη 70 gr,3.98
2025-07-18,147400,Ifantis Ferrano Ποικιλία 3 Αλλαντικών Σε Φέτες Χωρίς Γλουτένη 100 gr,4.35
2025-07-18,26207,Ifantis Σαλάμι Αέρος Σε Φέτες Χωρίς Γλουτένη 100 gr,1.98
2025-07-18,98500,Ifantis Σαλάμι Αέρος Χωρίς Γλουτένη,2.66
2025-07-18,32493,Ifantis Σαλάμι Μπύρας Χωρίς Γλουτένη,2.29
2025-07-18,155992,Villani Σαλάμι Mix Αλλαντικών Σε Φέτες Χωρίς Γλουτένη 120 gr,7.2
2025-07-18,130476,Νίκας Fuego Σαλάμι Αέρος Χωρίς Γλουτένη,3.59
2025-07-18,123451,Νίκας Σαλάμι Αέρος Σε Φέτες Χωρίς Γλουτένη 100 gr,1.88
2025-07-18,205955,Νίκας Σαλάμι Πεπερόνε Χωρίς Γλουτένη 450 gr,3.13
2025-07-18,105006,Ντελημάρη Σαλάμι Αέρος Λευκάδος 225 gr,5.72
2025-07-18,160567,Πασσιάς Σαλάμι Αέρος Special Χωρίς Γλουτένη 200 gr,4.4
2025-07-18,149981,Πασσιάς Σαλάμι Σκορδάτο Βραστό Χωρίς Γλουτένη 330 gr,2.37
2025-07-18,180713,Creta Farms &quot;Χωρίς&quot; Φιλέτο Γαλοπούλας &amp; Edam 0-3% Χωρίς Γλουτένη 280 gr ,6.28
2025-07-18,180711,Creta Farms Εν Ελλάδι Γαλοπούλα Καπνιστή &amp; Τυρί Edam Μειωμένων Λιπαρών Χωρίς Γλουτένη 280 gr,6.28
2025-07-18,180712,Creta Farms Εν Ελλάδι Πάριζα &amp; Gouda Χωρίς Γλουτένη 280 gr,4.98
2025-07-18,191168,Ifantis Γαλοπούλα Καπνιστή &amp; Τυρί Gouda Νουνού Σε Φέτες 280 gr,4.68
2025-07-18,191167,Ifantis Πάριζα &amp; Τυρί Gouda Νουνού Σε Φέτες 280 gr,3.72
2025-07-18,204751,Ifantis Φιλέτο Κοτόπουλο Ψητό &amp; Milner Σε Φέτες 280 gr,3.5
2025-07-18,182843,Χρυσά Αυγά Μεσαία 53-63 Βιολογικά 6 Τεμάχια,3.14
2025-07-18,204744,Βιτάμ Λιπαρή Ύλη 250 gr,1.64
2025-07-18,83636,Alpro Επιδόρπιο Σόγιας Βανίλια Χωρίς Λακτόζη Vegan Χωρίς Γλουτένη 4 x 125 gr,1.93
2025-07-18,204745,Βιτάμ Λιπαρή Ύλη Για Επάλειψη 225 gr,1.47
2025-07-18,184352,Condito Σαλάτα Κηπουρού 250 gr,1.7
2025-07-18,170690,Δωδώνη Βούτυρο Αγελάδος 250 gr,3.63
2025-07-18,55024,Κρι Κρι Στραγγιστό Γιαούρτι 2% 3 x 200 gr,2.75
2025-07-18,206428,Αγροκτήματα Κρήτης Άρωμα Κρήτης Αυγά Ελευθέρας Βοσκής Ω3 Medium 6 Τεμάχια,2.7
2025-07-18,59154,Nutricia Frutapura Κοκτέιλ 5 Φρούτων 6+ Μηνών Χωρίς Γλουτένη 4 x 100 gr,2.72
2025-07-18,192221,Becel Pro Activ Μαργαρίνη Με Ελαιόλαδο Vegan 450 gr,5.08
2025-07-18,205414,Condito Σκορδαλιά Χωρίς Γλουτένη 250 gr,1.6
2025-07-18,205415,Condito Τζατζίκι Νηστίσιμο Χωρίς Γλουτένη 250 gr,1.6
2025-07-18,193309,Αγροκτήματα Κρήτης Άρωμα Κρήτης Αυγά Ω3 Medium 6 Τεμάχια,2.54
2025-07-18,170806,Δωδώνη Βούτυρο Πρόβειο 250 gr,3.36
2025-07-18,59961,Danette Επιδόρπιο Γλύκισμα Βανίλια 4 x 125 gr,2.46
2025-07-18,59960,Danette Επιδόρπιο Γλύκισμα Σοκολάτα 4 x 125 gr,2.46
2025-07-18,122055,Φάρμα Κουκάκη Φυσικός Χυμός Πορτοκάλι 1 lt,2.34
2025-07-18,203880,Όλυμπος Κεφίρ Γιαούρτι Μύρτιλο 2 x 150 gr,1.74
2025-07-18,55026,Κρι Κρι Γιαούρτι Αγελάδος 2% 3 x 200 gr ,1.74
2025-07-18,55025,Κρι Κρι Γιαούρτι Αγελάδος 3-9% 3 x 200 gr ,1.74
2025-07-18,185446,Condito Σαλάτα Ρώσικη Χωρίς Γλουτένη 250 gr,1.3
2025-07-18,146755,Όλυμπος Κεφίρ Γιαούρτι 1% 2 x 150 gr,1.66
2025-07-18,163534,Φάρμα Κουκάκη Φυσικός Χυμός Μήλο Πορτοκάλι Καρότο 1 lt,2.14
2025-07-18,145563,Arla Protein Shake Ρόφημα Γάλακτος Σοκολάτα Με 50% Λιγότερη Ζάχαρη 479 ml,2.03
2025-07-18,76284,Danette Duo Επιδόρπιο Γλύκισμα Γάλα Σοκολάτα 4 x 70 gr,1.97
2025-07-18,205465,Φάρμα Κουκάκη Φυσικός Χυμός Λεμόνι 1 lt,1.86
2025-07-18,191820,Arla Protein Επιδόρπιο Pudding Καραμέλα Χωρίς Λακτόζη 200 gr,1.39
2025-07-18,191819,Arla Protein Επιδόρπιο Pudding Σοκολάτα Χωρίς Λακτόζη 200 gr,1.39
2025-07-18,191821,Arla Protein Επιδόρπιο Pudding Φουντούκι Χωρίς Λακτόζη 200 gr,1.39
2025-07-18,194055,Becel Pro Activ Light Vegan 250 gr,3.28
2025-07-18,193283,Becel Pro Activ Μαργαρίνη Με Ελαιόλαδο Vegan 225 gr,3.27
2025-07-18,199130,Όλυμπος Κεφίρ Protein Φρούτα Του Δάσους 330 ml,1.7
2025-07-18,206099,Κρι Κρι Justice League Παιδικό Επιδόρπιο Γιαουρτιού Φράουλα Με Choco Loops 2 x 170 gr,1.97
2025-07-18,199129,Όλυμπος Κεφίρ Protein 1% 330 ml,1.44
2025-07-18,204873,Arla Protein Shake Ρόφημα Γάλακτος Ράσμπερι &amp; Φράουλα Χωρίς Λακτόζη 225 ml,1.41
2025-07-18,177557,Arla Protein Shake Ρόφημα Σοκολάτας Χωρίς Προσθήκη Ζάχαρης Χωρίς Λακτόζη 250 ml,1.41
2025-07-18,186778,Milko Σοκολατούχο Γάλα Χωρίς Γλουτένη 450 ml,1.28
2025-07-18,177456,President Κρέμα Γάλακτος 30% Λιπαρά 200 ml,2.28
2025-07-18,150387,Άλφα Γεύση Σαλάτα Κηπουρού 250 gr,2.28
2025-07-18,206059,Μεβγάλ High Protein Πουτίγκα Κακάο Χωρίς Γλουτένη 200 gr,1.56
2025-07-18,104273,Όλυμπος Κεφίρ 1% 500 ml,1.14
2025-07-18,150391,Άλφα Γεύση Σαλάτα Χούμους 250 gr,2.07
2025-07-18,58739,Όλυμπος Ξυνόγαλο Αριάνι 1-7% 500 ml,1.09
2025-07-18,198071,Μεβγάλ High Protein Επιδόρπιο Γιαουρτιού Φράουλα 170 gr,1.02
2025-07-18,194835,Όλυμπος Κεφίρ Φράουλα 330 ml,0.98
2025-07-18,194257,Όλυμπος Κεφίρ Φρούτα Του Δάσους 330 ml,0.98
2025-07-18,167185,Κρι Κρι Babies Παιδικό Γιαούρτι 6+ Μηνών 2 x 140 gr,1.83
2025-07-18,185401,Κρι Κρι Grow Επιδόρπιο Γιαουρτιού Μπανάνα Μήλο 6+ Μηνών 2 x 140 gr,1.83
2025-07-18,123319,Παπάζογλου Σαλάτα Ρώσικη 500 gr,2.68
2025-07-18,206060,Βιτάμ Μαργαρίνη Soft Με Ελαιόλαδο Vegan 225 gr,1.57
2025-07-18,191709,Flora Μαργαρίνη 250 gr,2.37
2025-07-18,203312,Φάρμα Κουκάκη Φυσικός Χυμός Μήλο Πορτοκάλι Καρότο 250 ml,0.74
2025-07-18,203311,Φάρμα Κουκάκη Φυσικός Χυμός Πορτοκάλι 250 ml,0.74
2025-07-18,122049,Φάρμα Κουκάκη Ξυνόγαλο Αριάνι 1.5% 500 ml ,0.95
2025-07-18,115119,Φάρμα Σελλιά Ρυζόγαλο Με Κανέλα Χωρίς Γλουτένη 220 gr,0.98
2025-07-18,131728,Παπάζογλου Ταραμοσαλάτα Κόκκινη 500 gr,2.12
2025-07-18,101673,Χαλκιαδάκης Αυγά Medium 53 - 63 gr 6 Τεμάχια,1.59
2025-07-18,153604,Χρυσά Αυγά Ασπράδι Αυγού Παστεριωμένο 500 ml,3.78
2025-07-18,175383,Χρυσά Αυγά Ασπράδι Αυγού Παστεριωμένο Βιολογικό 300 ml,3.94
2025-07-18,153603,Χρυσά Αυγά Ρόφημα Πρωτεϊνούχο Σοκολατούχο 500 ml,3.98
2025-07-18,149277,Αυγό Φρέσκο Αυγά Medium 6 Τεμάχια 53 - 63 gr,2.52
2025-07-18,152647,Λαδάκης Farm Αυγά Extra Large 73+ gr 6 Τεμάχια,2.65
2025-07-18,5947,Λαδάκης Farm Αυγά Medium 53 - 63 gr 10 Τεμάχια,2.49
2025-07-18,5948,Λαδάκης Farm Αυγά Medium 53 - 63 gr 6 Τεμάχια,1.77
2025-07-18,149011,Λαδάκης Farm Αυγά Small 53 gr 6 Τεμάχια,1.6
2025-07-18,152090,Λαδάκης Farm Αυγά Βιολογικά Medium 6 Τεμάχια,3.98
2025-07-18,162475,Λαδάκης Farm Αυγά Ελευθέρας Βοσκής 53+ gr 6 Τεμάχια,3.32
2025-07-18,202359,Λαδάκης Farm Αυγά Κρητικού Αχυρώνα Medium 53 - 63 gr 10 Τεμάχια,2.77
2025-07-18,202101,Πίνδος Αυγά Αχυρώνα Ηπειρώτικα Large 63 - 73 gr 6 Τεμάχια,2.8
2025-07-18,74937,Συντιχάκη Αυγά Extra Large 73 gr 6 Τεμάχια,2.58
2025-07-18,24758,Συντιχάκη Αυγά Large 63 - 73 gr 10 Τεμάχια,3.7
2025-07-18,158183,Συντιχάκη Αυγά Medium 53 - 63 gr 10 Τεμάχια,2.6
2025-07-18,5944,Συντιχάκη Αυγά Medium 53 - 63 gr 6 Τεμάχια,2.23
2025-07-18,202626,Συντιχάκη Αυγά Αχυρώνα 53+ gr 6 Τεμάχια,2.06
2025-07-18,170157,Συντιχάκη Αυγά Βιολογικά 53+ gr 6 Τεμάχια,4.0
2025-07-18,199760,Συντιχάκη Αυγά Διαλεχτά Large 63 - 73 gr 6 Τεμάχια,1.66
2025-07-18,199757,Συντιχάκη Αυγά Διαλεχτά Medium 53- 63 gr 10 Τεμάχια,2.04
2025-07-18,166192,Συντιχάκη Αυγά Ελευθέρας Βοσκής 53+ gr 6 Τεμάχια,2.82
2025-07-18,182844,Χρυσά Αυγά Ελευθέρας Βοσκής 6 Τεμάχια,3.34
2025-07-18,30266,Χρυσά Αυγά Φρέσκα Medium 53 - 63 gr 10 Τεμάχια,4.48
2025-07-18,30264,Χρυσά Αυγά Φρέσκα Medium 53 - 63 gr 6 Τεμάχια,3.04
2025-07-18,30265,Χρυσά Αυγά Ωμέγα 3 53+ gr 6 Τεμάχια,3.28
2025-07-18,3178,Adoro Βούτυρο 250 gr,3.42
2025-07-18,146029,Ariston Βούτυρο Τύπου Κερκύρας Ανάλατο 250 gr,4.68
2025-07-18,123890,Lurpak Soft Βούτυρο Αλατισμένο 225 gr ,3.24
2025-07-18,123889,Lurpak Soft Βούτυρο Ανάλατο 225 gr ,3.34
2025-07-18,69816,Lurpak Soft Βούτυρο Ανάλατο 500 gr ,6.48
2025-07-18,115597,Lurpak Soft Βούτυρο Ανάλατο Light 225 gr,3.15
2025-07-18,187363,Lurpak Soft Βούτυρο Ανάλατο Light 400 gr,5.15
2025-07-18,115595,Lurpak Soft Βούτυρο Με Ελαιόλαδο &amp; Μειωμένα Λιπαρά 225 gr ,3.18
2025-07-18,172794,Lurpak Βούτυρο Mini Blocks 4 x 50 gr,4.87
2025-07-18,64746,Lurpak Βούτυρο Ανάλατο 10 x 10 gr,3.2
2025-07-18,32784,Lurpak Βούτυρο Ανάλατο 125 gr,2.97
2025-07-18,114802,Lurpak Βούτυρο Ανάλατο 225 gr,4.96
2025-07-18,32087,Lurpak Βούτυρο Ανάλατο 250 gr,4.97
2025-07-18,179120,Lurpak Βούτυρο Ανάλατο Light 200 gr,3.48
2025-07-18,203102,President Βούτυρο 200 gr,3.94
2025-07-18,24007,Ήπειρος Βούτυρο Λιωμένο,3.96
2025-07-18,141505,Ήπειρος Βούτυρο Λιωμένο 500 gr,9.6
2025-07-18,82696,Όλυμπος Βούτυρο Αγελάδος 250 gr,4.5
2025-07-18,206047,Όλυμπος Βούτυρο Αγελάδος Light 200 gr,3.24
2025-07-18,192725,Όλυμπος Βούτυρο Αγελάδος Soft 200 gr,2.8
2025-07-18,130972,Όλυμπος Βούτυρο Αγελάδος Βιολογικό 200 gr,4.35
2025-07-18,145171,Όλυμπος Βούτυρο Κατσικίσιο Βιολογικό 82% 200 gr,6.27
2025-07-18,93145,Κουβαράκης Στάκα Σητείας 265 gr ,4.2
2025-07-18,118634,Μπαλαντίνος Στακοβούτυρο 300 gr,7.45
2025-07-18,136776,Νουνού Βούτυρο Ανάλατο 250 gr ,3.72
2025-07-18,202013,Σαβόι Βούτυρο Soft Τύπου Κερκύρας 225 gr,3.29
2025-07-18,189617,Σαβόι Βούτυρο Τύπου Κερκύρας 225 gr,4.4
2025-07-18,188699,Σπετσωτάκης Στακοβούτυρο ,4.41
2025-07-18,93345,Σπετσωτάκης Στακοβούτυρο 300 gr,5.99
2025-07-18,191092,Χωριό Βούτυρο Αγελάδος Ανάλατο 225 gr ,3.14
2025-07-18,5453,Regilait Γάλα Σε Σκόνη 250 gr,4.98
2025-07-18,47971,Becel Pro Activ Ρόφημα Γάλακτος 1-8% 1 lt,2.88
2025-07-18,180494,Becel Pro Activ Ρόφημα Γιαουρτιού Κλασικό 4 x 75 gr,3.76
2025-07-18,123782,Novo GoBarista Ρόφημα Γάλακτος 1 lt,1.34
2025-07-18,205335,Όλυμπος Drink Eat Ρόφημα Γάλακτος Βανίλια Χωρίς Λακτόζη 500 ml,2.29
2025-07-18,205334,Όλυμπος Drink Eat Ρόφημα Γάλακτος Φράουλα Χωρίς Λακτόζη 500 ml,2.29
2025-07-18,205332,Όλυμπος Drink Eat Ρόφημα Γάλακτος Φυστίκι Χωρίς Λακτόζη 500 ml,2.29
2025-07-18,197443,Μεβγάλ High Protein Βανίλια Ρόφημα Γάλακτος 330 ml,2.55
2025-07-18,197442,Μεβγάλ High Protein Κακάο Ρόφημα Γάλακτος 330 ml,2.55
2025-07-18,70438,Μεβγάλ Κεφίρ 500 ml,1.46
2025-07-18,181493,Μεβγάλ Κεφίρ Κατσικίσιο 200 ml,1.18
2025-07-18,199437,Μεβγάλ Κεφίρ Κατσικίσιο Φράουλα 200 ml,1.2
2025-07-18,202188,Μεβγάλ Κεφίρ Ροδάκινο Χωρίς Λακτόζη 330 ml,1.25
2025-07-18,202187,Μεβγάλ Κεφίρ Φράουλα 330 ml,1.25
2025-07-18,153814,Μεβγάλ Ξινόγαλο 500 ml,1.44
2025-07-18,45371,Νουνού Family Calciplus Γάλα Υψηλής Παστερίωσης Ελαφρύ 1-6% 1 lt,1.95
2025-07-18,161908,Φάρμα Κουκάκη Κεφίρ 330 ml,0.9
2025-07-18,198417,Φάρμα Κουκάκη Κεφίρ Με Μπανάνα Βρώμη &amp; Μέλι 330 ml,1.02
2025-07-18,162976,Φαρμα Κουκάκη Κεφίρ Με Φράουλα Βύσσινο Σμέουρο 330 ml,1.02
2025-07-18,203309,Φάρμα Κουκάκη Κεφίρ Με Φράουλα Βύσσινο Σμέουρο 4 x 200 ml,2.75
2025-07-18,174938,Royal Γάλα Ζαχαρούχο Καραμελωμένο 6% Λιπαρά 395 gr,2.0
2025-07-18,170906,Βλάχας Γάλα Εβαπορέ Ελαφρύ 4% 410 gr,0.98
2025-07-18,170807,Βλάχας Γάλα Εβαπορέ Ελαφρύ 4% 6 x 410 gr,5.8
2025-07-18,170905,Βλάχας Γάλα Εβαπορέ Πλήρες 7-5% 410 gr,0.98
2025-07-18,170907,Βλάχας Γάλα Εβαπορέ Πλήρες 7-5% 6 x 410 gr,5.8
2025-07-18,5390,Βλάχας Γάλα Ζαχαρούχο 397 gr,1.46
2025-07-18,123680,Νουνού Kid Γάλα Εβαπορέ 400 gr,1.32
2025-07-18,143774,Νουνού Kid Γάλα Εβαπορέ 6 x 400 gr,7.92
2025-07-18,123863,Νουνού Noulac Γάλα 2ης Βρεφικής Ηλικίας 6+ Μηνών 400 gr,1.32
2025-07-18,143775,Νουνού Noulac Γάλα 2ης Βρεφικής Ηλικίας 6+ Μηνών 6 x 400 gr,7.92
2025-07-18,5401,Νουνού Γάλα Εβαπορέ Ελαφρύ 4% 170 gr,0.77
2025-07-18,121220,Νουνού Γάλα Εβαπορέ Ελαφρύ 4% 400 gr,1.0
2025-07-18,143772,Νουνού Γάλα Εβαπορέ Ελαφρύ 4% 6 x 400 gr,5.95
2025-07-18,5440,Νουνού Γάλα Εβαπορέ Μερίδες Ελαφρύ 4% 10 x 15 gr,1.18
2025-07-18,5441,Νουνού Γάλα Εβαπορέ Μερίδες Πλήρες 7-5% 10 x 15 gr,1.18
2025-07-18,5398,Νουνού Γάλα Εβαπορέ Πλήρες 7-5% 170 gr,0.77
2025-07-18,121218,Νουνού Γάλα Εβαπορέ Πλήρες 7-5% 400 gr,1.0
2025-07-18,143773,Νουνού Γάλα Εβαπορέ Πλήρες 7-5% 6 x 400 gr,5.95
2025-07-18,5394,Νουνού Γάλα Ζαχαρούχο 397 gr,1.88
2025-07-18,156835,Νουνού Γεύσεις Σπιτικές Γάλα Για Αλμυρά &amp; Γλυκά 400 gr,1.05
2025-07-18,81338,Advance Γάλα Υψηλής Παστερίωσης 12+ Μηνών 1 lt,2.15
2025-07-18,82908,Advance Ρόφημα Γάλακτος Υψηλής Παστερίωσης 12+ Μηνών Χωρίς Λακτόζη 1 lt,2.53
2025-07-18,175392,Όλυμπος Ρόφημα Γάλακτος Παιδικό Μεγαλώνω Αγελαδινό 1 lt,2.35
2025-07-18,106333,Όλυμπος Ρόφημα Γάλακτος Παιδικό Μεγαλώνω Αγελαδινό Βιολογικό 1 lt,2.78
2025-07-18,175394,Όλυμπος Ρόφημα Γάλακτος Παιδικό Μεγαλώνω Αγελαδινό Χωρίς Λακτόζη 1 lt,2.6
2025-07-18,175393,Όλυμπος Ρόφημα Γάλακτος Παιδικό Μεγαλώνω Κατσικίσιο 1 lt,3.02
2025-07-18,152738,Όλυμπος Ρόφημα Γάλακτος Παιδικό Μεγαλώνω Κατσικίσιο Βιολογικό 1 lt,3.4
2025-07-18,25705,Νουνού Kid Ρόφημα Γάλακτος Υψηλής Παστερίωσης 2+ Ετών 1 lt,2.04
2025-07-18,89991,Νουνού Kid Ρόφημα Γάλακτος Υψηλής Παστερίωσης 2+ Ετών 1-5 lt,2.9
2025-07-18,117455,Νουνού Noulac Αγελαδινό Παιδικό Ρόφημα Γάλακτος Υψηλής Παστερίωσης 12+ Μηνών 1 lt,1.95
2025-07-18,205724,Arla Protein Ρόφημα Γάλακτος Food To Go Βανίλια 500 gr,2.3
2025-07-18,205725,Arla Protein Ρόφημα Γάλακτος Food To Go Σοκολάτα 500 gr,2.3
2025-07-18,199128,Milcafe Ρόφημα Καφέ 250 ml,1.66
2025-07-18,169179,Milko Σοκολατούχο Γάλα Dark Protein Choco Χωρίς Γλουτένη 500 ml,2.24
2025-07-18,186512,Milko Σοκολατούχο Γάλα Free Χωρίς Γλουτένη 450 ml,1.68
2025-07-18,39624,Milko Σοκολατούχο Γάλα Χωρίς Γλουτένη 1 lt,2.75
2025-07-18,197554,Milko Σοκολατούχο Γάλα Χωρίς Γλουτένη 3 x 250 ml,2.0
2025-07-18,48304,Milko Σοκολατούχο Γάλα Χωρίς Γλουτένη 4 x 250 ml,4.7
2025-07-18,203827,Milko Σοκολατούχο Γάλα Χωρίς Γλουτένη 500 ml ,1.33
2025-07-18,192724,Όλυμπος Γάλα 3-6% Με Κακάο 500 ml,1.67
2025-07-18,185335,Όλυμπος Παιδικό Αγελαδινό Γάλα Με Κακάο 250 ml,0.92
2025-07-18,168809,Όλυμπος Παιδικό Κατσικίσιο Γάλα Με Κακάο 250 ml,1.13
2025-07-18,5493,Νουνού Choice Γάλα Με Κακάο 1 lt,2.75
2025-07-18,195019,Ροδοπάκι Γάλα Με Κακάο 0% Λιπαρά Χωρίς Προσθήκης Ζάχαρης 3 x 250 ml,2.05
2025-07-18,176521,Ροδοπάκι Γάλα Με Κακάο 3 x 250 ml,2.05
2025-07-18,185195,Ροδοπάκι Γάλα Με Κακάο 500 ml,1.13
2025-07-18,181436,Του Τόπου Μας Γάλα Κακάο 500 ml,1.61
2025-07-18,203308,Φάρμα Κουκάκη Choco High Protein Σοκολατούχο Γάλα Χωρίς Προσθήκης Ζάχαρης 330 ml,1.63
2025-07-18,203307,Φάρμα Κουκάκη Choco Light Σοκολατούχο Γάλα 0% 330 ml,1.32
2025-07-18,146773,Φάρμα Κουκάκη Chocofull Σοκολατούχο Γάλα 500 ml,1.65
2025-07-18,106334,Όλυμπος Freelact Γάλα Χωρίς Λακτόζη Ελαφρύ 1-5% 1 lt,2.75
2025-07-18,190445,Όλυμπος Freelact Γάλα Χωρίς Λακτόζη Πλήρες 3-5% 1 lt,2.75
2025-07-18,153209,Όλυμπος Freelact Κατσικίσιο Γάλα Χωρίς Λακτόζη Ελαφρύ 1-5% 1 lt,3.45
2025-07-18,92738,Όλυμπος Γάλα Βιολογικό Ελαφρύ 1-7% 1 lt,2.4
2025-07-18,65162,Όλυμπος Γάλα Βιολογικό Πλήρες 3-7% 1 lt,2.4
2025-07-18,145170,Όλυμπος Γάλα Κατσικίσιο Βιολογικό Πλήρες 3-7% 1 lt,3.29
2025-07-18,152737,Όλυμπος Γάλα Κατσικίσιο Ελαφρύ Βιολογικό 1-7% 1 lt,3.25
2025-07-18,70028,Όλυμπος Ζωής Γάλα Υψηλής Παστερίωσης Ελαφρύ 1-7% 1 lt,1.9
2025-07-18,83053,Όλυμπος Ζωής Γάλα Υψηλής Παστερίωσης Ελαφρύ 1-7% 1.5 lt,2.74
2025-07-18,112787,Όλυμπος Ζωής Γάλα Υψηλής Παστερίωσης Ελαφρύ 1-7% 500 ml,1.14
2025-07-18,70027,Όλυμπος Ζωής Γάλα Υψηλής Παστερίωσης Πλήρες 3-7% 1 lt,1.9
2025-07-18,83052,Όλυμπος Ζωής Γάλα Υψηλής Παστερίωσης Πλήρες 3-7% 1.5 lt,2.74
2025-07-18,112786,Όλυμπος Ζωής Γάλα Υψηλής Παστερίωσης Πλήρες 3-7% 500 ml,1.14
2025-07-18,130702,Όλυμπος Κατσικίσιο Γάλα Ελαφρύ 1-7% 1 lt,2.93
2025-07-18,80237,Όλυμπος Κατσικίσιο Γάλα Πλήρες 3-7% 1 lt,2.93
2025-07-18,178957,Μεβγάλ Γάλα Love Υψηλής Παστερίωσης Ελαφρύ 1-5% 1 lt,1.43
2025-07-18,178960,Μεβγάλ Γάλα Love Υψηλής Παστερίωσης Πλήρες 3-5% 1 lt,1.43
2025-07-18,115442,Μμμmilk Γάλα Χωρίς Λακτόζη Ελαφρύ 1-5% 1 lt,2.42
2025-07-18,174597,Μμμmilk Οικογενειακό Γάλα Υψηλής Παστερίωσης Ελαφρύ 1-5% 1 lt,1.46
2025-07-18,174601,Μμμmilk Οικογενειακό Γάλα Υψηλής Παστερίωσης Ελαφρύ 1-5% 1-5 lt,2.07
2025-07-18,174599,Μμμmilk Οικογενειακό Γάλα Υψηλής Παστερίωσης Πλήρες 3-5 % 1 lt,1.46
2025-07-18,174600,Μμμmilk Οικογενειακό Γάλα Υψηλής Παστερίωσης Πλήρες 3-5% 1-5 lt,2.07
2025-07-18,177779,Νουνού Family Γάλα Βιολογικό Ελαφρύ 1.5% 1 lt ,2.4
2025-07-18,177780,Νουνού Family Γάλα Βιολογικό Πλήρες 3.6% 1 lt ,2.4
2025-07-18,45370,Νουνού Family Γάλα Υψηλής Παστερίωσης 0% 1 lt,1.98
2025-07-18,5528,Νουνού Family Γάλα Υψηλής Παστερίωσης Ελαφρύ 1-5% 1 lt,1.98
2025-07-18,5481,Νουνού Family Γάλα Υψηλής Παστερίωσης Ελαφρύ 1-5% 1-5 lt,2.78
2025-07-18,5527,Νουνού Family Γάλα Υψηλής Παστερίωσης Πλήρες 3-6% 1 lt,1.98
2025-07-18,5526,Νουνού Family Γάλα Υψηλής Παστερίωσης Πλήρες 3-6% 1-5 lt,2.78
2025-07-18,167583,Νουνού Family Γάλα Χωρίς Λακτόζη 1 lt,1.95
2025-07-18,174588,Του Τόπου Μας Γάλα Υψηλής Παστερίωσης Ελαφρύ 1-5% 1 lt,1.78
2025-07-18,186280,Του Τόπου Μας Γάλα Υψηλής Παστερίωσης Ελαφρύ 1-5% 1.5 lt,2.66
2025-07-18,186946,Του Τόπου Μας Γάλα Υψηλής Παστερίωσης Ελαφρύ 1-5% 500 ml,1.26
2025-07-18,174587,Του Τόπου Μας Γάλα Υψηλής Παστερίωσης Πλήρες 3-7% 1 lt,1.78
2025-07-18,192031,Του Τόπου Μας Γάλα Υψηλής Παστερίωσης Πλήρες 3-7% 1.5 lt,2.66
2025-07-18,186952,Του Τόπου Μας Γάλα Υψηλής Παστερίωσης Πλήρες 3-7% 500 ml,1.26
2025-07-18,188379,Φάρμα Κουκάκη Γάλα Ελαφρύ Διπλοφιλτραρισμένο 1.5% 1 lt ,1.39
2025-07-18,194870,Φάρμα Κουκάκη Γάλα Ελαφρύ Διπλοφιλτραρισμένο 1.5% 1.5 lt ,2.77
2025-07-18,192804,Φάρμα Κουκάκη Γάλα Κατσικίσιο Πλήρες 3.7% 1 lt,2.98
2025-07-18,192800,Φάρμα Κουκάκη Γάλα Πλήρες Διπλοφιλτραρισμένο 3.9% 1 lt ,1.39
2025-07-18,194755,Φάρμα Κουκάκη Γάλα Πλήρες Διπλοφιλτραρισμένο 3.9% 1.5 lt ,2.77
2025-07-18,203887,Όλυμπος Πνοή Γάλα Με Βιταμίνη D Ελαφρύ 1.5% 1 lt,2.28
2025-07-18,58737,Όλυμπος Φρέσκο Γάλα Επιλεγμένο Ελαφρύ 1-7% 1 lt,1.83
2025-07-18,103721,Όλυμπος Φρέσκο Γάλα Επιλεγμένο Ελαφρύ 1-7% 1-5 lt,2.65
2025-07-18,58734,Όλυμπος Φρέσκο Γάλα Επιλεγμένο Πλήρες 3-7% 1 lt,1.83
2025-07-18,103720,Όλυμπος Φρέσκο Γάλα Επιλεγμένο Πλήρες 3-7% 1-5 lt,2.65
2025-07-18,131234,Βέρο Κρητικό Κατσικίσιο Γάλα Πλήρες 3-5% 1 lt,2.99
2025-07-18,184146,Καθημερινά Φρέσκο Γάλα Ελαφρύ 1-5% 1 lt,1.66
2025-07-18,184147,Καθημερινά Φρέσκο Γάλα Πλήρες 3-5% 1 lt,1.66
2025-07-18,185197,Ροδόπη Γάλα Φρέσκο Ελαφρύ 1-7% 1 lt,1.38
2025-07-18,185194,Ροδόπη Γάλα Φρέσκο Πλήρες 3-7% 1 lt,1.38
2025-07-18,105755,Συλλιγάρδος Φρέσκο Κατσικίσιο Γάλα 1 lt,3.12
2025-07-18,105756,Συλλιγάρδος Φρέσκο Πρόβειο Γάλα Ελαφρύ 1 lt,3.78
2025-07-18,105754,Συλλιγάρδος Φρέσκο Πρόβειο Γάλα Πλήρες 1 lt,3.78
2025-07-18,179487,Φάρμα Σελλιά Γαλατάκι Κατσικίσιο Πλήρες 3-8% Λιπαρά 1 lt,2.98
2025-07-18,202905,Κρι Κρι Γιαούρτι Αγελαδινό Χωρίς Λακτόζη 2% 3 x 200 gr,2.32
2025-07-18,38895,Κρι Κρι Σπιτικό Επιδόρπιο Γιαουρτιού 2 % 1 kg,3.38
2025-07-18,161950,Κρι Κρι Σπιτικό Επιδόρπιο Γιαουρτιού 5 % 1 kg,3.38
2025-07-18,77774,Μεβγάλ Only 0% Επιδόρπιο Γιαουρτιού Χωρίς Λακτόζη 3 x 200 gr,2.32
2025-07-18,47758,Μεβγάλ Only 2% Επιδόρπιο Γιαουρτιού Χωρίς Λακτόζη 3 x 200 gr,2.32
2025-07-18,66078,Φάγε Αγελαδίτσα Γιαούρτι 2% 3 x 200 gr,2.76
2025-07-18,5659,Φάγε Αγελαδίτσα Γιαούρτι 4% 3 x 200 gr,2.76
2025-07-18,206467,Δέλτα Γεύση Καλοκαιριού Επιδόρπιο Γιαουρτιού 0% Ροδάκινο &amp; Βερίκοκο 150 gr,1.2
2025-07-18,206468,Δέλτα Γεύση Καλοκαιριού Επιδόρπιο Γιαουρτιού 0% Φράουλα 150 gr,1.2
2025-07-18,206469,Δέλτα Γεύση Καλοκαιριού Επιδόρπιο Γιαουρτιού 0% Ανανάς 150 gr,1.2
2025-07-18,206470,Δέλτα Γεύση Καλοκαιριού Επιδόρπιο Γιαουρτιού 2-2% Καρύδα &amp; Σοκολάτα 150 gr,1.2
2025-07-18,206485,Vitaline Protein Dessert Επιδόρπιο Γιαουρτιού Apple Pie 240 gr,2.0
2025-07-18,206486,Vitaline Protein Dessert Επιδόρπιο Γιαουρτιού Lemon Pie 240 gr,2.0
2025-07-18,66772,Activia Επιδόρπιο Γιαουρτιού 2% Ακτινίδιο 2 x 200 gr,2.33
2025-07-18,70923,Activia Επιδόρπιο Γιαουρτιού 2% Δαμάσκηνο 2 x 200 gr,2.33
2025-07-18,97905,Activia Επιδόρπιο Γιαουρτιού 2% Καρύδι &amp; Βρώμη 2 x 200 gr,2.33
2025-07-18,66771,Activia Επιδόρπιο Γιαουρτιού 2% Φράουλα 2 x 200 gr,2.33
2025-07-18,191506,Activia Τραγανή Απόλαυση Επιδόρπιο Γιαουρτιού Με Μέλι &amp; Αμύγδαλα 188 gr,1.02
2025-07-18,191505,Activia Τραγανή Απόλαυση Επιδόρπιο Γιαουρτιού Με Νιφάδες Δημητριακών 188 gr,1.02
2025-07-18,191755,Activia Τραγανή Απόλαυση Επιδόρπιο Γιαουρτιού Με Νιφάδες Δημητριακών 3 x 188 gr,3.0
2025-07-18,97959,Complet Plus Επιδόρπιο Γιαουρτιού 10% 1 kg,4.05
2025-07-18,102747,Complet Plus Επιδόρπιο Γιαουρτιού 2% 1 kg,4.05
2025-07-18,186780,Complet Επιδόρπιο Γιαουρτιού 10% 3 x 190 gr ,3.57
2025-07-18,186781,Complet Επιδόρπιο Γιαουρτιού 2% 3 x 190 gr ,3.57
2025-07-18,188459,Complet Επιδόρπιο Γιαουρτιού Χωρίς Λακτόζη 3 x 190 gr ,3.1
2025-07-18,199176,Danone HiPro Proteine Επιδόρπιο Pudding Με Γεύση Βανίλια 200 gr,1.54
2025-07-18,199175,Danone HiPro Proteine Επιδόρπιο Pudding Με Γεύση Σοκολάτα 200 gr,1.54
2025-07-18,174546,Vitaline Go Protein Επιδόρπιο Γιαουρτιού Βανίλια &amp; Κομματάκια Σοκολάτας 2 x 170 gr ,1.9
2025-07-18,181435,Vitaline Go Protein Επιδόρπιο Γιαουρτιού Μπανάνα Βρώμη Αμύγδαλο Σιτάρι &amp; Chia 2 x 170 gr,1.9
2025-07-18,174545,Vitaline Go Protein Επιδόρπιο Γιαουρτιού Ροδάκινο 2 x 170 gr,1.9
2025-07-18,199147,Vitaline Go Protein Επιδόρπιο Γιαουρτιού Φράουλα Χωρίς Προσθήκης Ζάχαρης 2 x 170 gr,1.9
2025-07-18,197376,Vitaline Protein Mousse Επιδόρπιο Γάλακτος Με Γεύση Βανίλιας Χωρίς Ζάχαρη Χωρίς Λακτόζη Χωρίς Γλουτένη 200 gr,2.25
2025-07-18,197377,Vitaline Protein Mousse Επιδόρπιο Γάλακτος Με Γεύση Μαύρης Σοκολάτας Χωρίς Ζάχαρη Χωρίς Λακτόζη Χωρίς Γλουτένη 200 gr,2.25
2025-07-18,192281,Vitaline Protein Pudding Βανίλια Χωρίς Ζάχαρη Χωρίς Λακτόζη Χωρίς Γλουτένη 200 gr,1.94
2025-07-18,194189,Vitaline Protein Pudding Καραμέλα Χωρίς Ζάχαρη Χωρίς Λακτόζη Χωρίς Γλουτένη 200 gr,1.94
2025-07-18,192280,Vitaline Protein Pudding Σοκολάτα Χωρίς Ζάχαρη Χωρίς Λακτόζη Χωρίς Γλουτένη 200 gr,1.94
2025-07-18,203098,Vitaline Επιδόρπιο Γιαουρτιού Ροδάκινο Χωρίς Προσθήκη Ζάχαρης 3 x 180 gr,2.42
2025-07-18,203099,Vitaline Επιδόρπιο Γιαουρτιού Φράουλα 3 x 180 gr,2.42
2025-07-18,194834,Όλυμπος Μεγαλώνω Επιδόρπιου Γιαουρτιού Μήλο Μπανάνα 2 x 150 gr,2.4
2025-07-18,202011,Κρι Κρι Superspoon High Protein Επιδόρπιο Γιαουρτιού Καραμέλα &amp; Αχλάδι Χωρίς Λακτόζη Χωρίς Προσθήκη Ζάχαρης 200 gr,1.68
2025-07-18,202010,Κρι Κρι Superspoon High Protein Επιδόρπιο Γιαουρτιού Φράουλα Χωρίς Λακτόζη Χωρίς Προσθήκη ζάχαρης 200 gr,1.68
2025-07-18,179060,Κρι Κρι Superspoon Γιαούρτι Στραγγιστό 0% Με Φυσική Πρωτεΐνη 2 x 205 gr,2.48
2025-07-18,197367,Κρι Κρι Superspoon Επιδόρπιο Γάλακτος Pudding Βανίλια 200 gr,1.98
2025-07-18,197368,Κρι Κρι Superspoon Επιδόρπιο Γάλακτος Pudding Σοκολάτα 200 gr,1.98
2025-07-18,189540,Κρι Κρι Superspoon Επιδόρπιο Γιαουρτιού Active Plus 2 x 200 gr,1.6
2025-07-18,145466,Κρι Κρι Superspoon Επιδόρπιο Γιαουρτιού Super Fruits Γκότζι Μπέρι 2 x 170 gr,2.48
2025-07-18,149061,Κρι Κρι Superspoon Επιδόρπιο Γιαουρτιού Super Fruits Μπανάνα Μάνγκο 2 x 170 gr,2.48
2025-07-18,145467,Κρι Κρι Superspoon Επιδόρπιο Γιαουρτιού Super Fruits Μύρτιλο 2 x 170 gr,2.48
2025-07-18,188757,Μεβγάλ Harmony Gourmet Επιδόρπιο Cookies Cream &amp; Brownies 160 gr,1.68
2025-07-18,187353,Μεβγάλ Harmony Gourmet Επιδόρπιο Γιαουρτιού Καραμέλα &amp; Σοκολάτα 160 gr,1.68
2025-07-18,203625,Μεβγάλ Harmony Επιδόρπιο Γιαουρτιού 1% Λεμόνι 2 x 170 gr ,1.98
2025-07-18,203629,Μεβγάλ Harmony Επιδόρπιο Γιαουρτιού 1% Ροδάκινο 2 x 170 gr ,1.98
2025-07-18,203628,Μεβγάλ Harmony Επιδόρπιο Γιαουρτιού 1% Στρατσιατέλα 2 x 170 gr ,1.98
2025-07-18,203626,Μεβγάλ Harmony Επιδόρπιο Γιαουρτιού 1% Φράουλα 2 x 170 gr,1.98
2025-07-18,203627,Μεβγάλ Harmony Επιδόρπιο Γιαουρτιού 1% Φρούτα Του Δάσους 2 x 170 gr,1.98
2025-07-18,187006,Μεβγάλ Harmony Επιδόρπιο Γιαουρτιού Πορτοκάλι &amp; Νιφάδες Σοκολάτας 160 gr,1.68
2025-07-18,194715,Μεβγάλ Το Δικό Μας Οικογενειακό Επιδόρπιο Γιαουρτιού 5% 1 kg,3.45
2025-07-18,197104,Νουνού Επιδόρπιο Στραγγιστού Γιαουρτιού Power Bowl Μπανάνα Βρώμη &amp; Κομμάτια Μαύρης Σοκολάτας 2 x 175 gr,1.98
2025-07-18,197105,Νουνού Επιδόρπιο Στραγγιστού Γιαουρτιού Power Bowl Μπισκότο Ολικής Chia Ηλιόσπορος &amp; Λιναρόσπορος 2 x 175 gr,1.98
2025-07-18,205854,Νουνού Επιδόρπιο Στραγγιστού Γιαουρτιού Power Bowl Μύρτιλο Βατόμουρο Chia &amp; Κολοκυθόσπορος 2 x 175 gr,1.98
2025-07-18,197107,Νουνού Επιδόρπιο Στραγγιστού Γιαουρτιού Power Bowl Ροδάκινο Βρώμη &amp; Λιναρόσπορος 2 x 175 gr,1.98
2025-07-18,197106,Νουνού Επιδόρπιο Στραγγιστού Γιαουρτιού Power Bowl Φράουλα Φραγκοστάφυλο Δημητριακά &amp; Λιναρόσπορος 2 x 175 gr,1.98
2025-07-18,184613,Φάγε Fruyo Επιδόρπιο Γιαουρτιού 0% Ροδάκινο Χωρίς Γλουτένη 2 χ 150 gr ,2.37
2025-07-18,184596,Φάγε Fruyo Επιδόρπιο Γιαουρτιού 0% Φράουλα Χωρίς Γλουτένη 2 χ 150 gr,2.37
2025-07-18,184217,Φάγε Fruyo Επιδόρπιο Γιαουρτιού Μπανάνα 0% Χωρίς Γλουτένη 2 x 150 gr,2.37
2025-07-18,184216,Φάγε Fruyo Επιδόρπιο Γιαουρτιού Στρατσιατέλα 1.8% Χωρίς Γλουτένη 2 x 150 gr ,2.37
2025-07-18,184220,Φάγε Total Επιδόρπιο Γιαουρτιού 2% Με Μέλι 2 x 150 gr ,2.37
2025-07-18,184219,Φάγε Total Επιδόρπιο Γιαουρτιού 2% Με Φράουλα Χωρίς Γλουτένη 2 x 150 gr ,2.37
2025-07-18,184218,Φάγε Total Επιδόρπιο Γιαουρτιού 2% Με Φρούτα Του Δάσους Χωρίς Γλουτένη 2 x 150 gr ,2.37
2025-07-18,131241,Βέρο Κρητικό Γιαούρτι Κατσικίσιο 4% 2 x 200 gr ,2.82
2025-07-18,5643,Δίκτη Πρόβειο Γιαούρτι 200 gr,1.35
2025-07-18,174488,Δίκτη Πρόβειο Γιαούρτι Σε Πήλινο 1 kg,5.06
2025-07-18,179485,Ζώμινθος Κατσικίσιο Παραδοσιακό Γιαούρτι 200 gr,1.46
2025-07-18,148687,Ζώμινθος Πρόβειο Παραδοσιακό Γιαούρτι 2% 200 gr,1.32
2025-07-18,5584,Ζώμινθος Πρόβειο Παραδοσιακό Γιαούρτι 200 gr,1.32
2025-07-18,5583,Ζώμινθος Πρόβειο Παραδοσιακό Γιαούρτι 500 gr,3.28
2025-07-18,5560,Κουβαράκης Πρόβειο Γιαούρτι 200 gr ,1.22
2025-07-18,93143,Κουβαράκης Πρόβειο Γιαούρτι Light 200 gr ,1.22
2025-07-18,166167,Μεβγάλ Παραδοσιακό Κατσικίσιο Γιαούρτι 4% 220 gr ,1.47
2025-07-18,5636,Μπαλαντίνος Γιαούρτι Πρόβειο 210 gr,1.07
2025-07-18,5635,Μπαλαντίνος Γιαούρτι Πρόβειο 470 gr,2.26
2025-07-18,5634,Μπαλαντίνος Γιαούρτι Πρόβειο 950 gr,4.29
2025-07-18,116551,Μπαχρής Γιαούρτι Πρόβειο 2% Βιολογικό 200 gr,1.56
2025-07-18,88972,Μπαχρής Γιαούρτι Πρόβειο 6% Βιολογικό 200 gr,1.56
2025-07-18,199021,Ροδόπη Γιαούρτι Παραδοσιακό Κατσικίσιο Βιολογικό 200 gr,1.73
2025-07-18,199020,Ροδόπη Γιαούρτι Παραδοσιακό Πρόβειο Βιολογικό 200 gr,1.73
2025-07-18,138767,Σπετσωτάκης Παραδοσιακό Γιαούρτι Από Πρόβειο Γάλα 1-9% 200 gr,1.38
2025-07-18,138766,Σπετσωτάκης Παραδοσιακό Γιαούρτι Από Πρόβειο Γάλα 7-3% 200 gr,1.38
2025-07-18,170666,Σπετσωτάκης Παραδοσιακό Γιαούρτι Από Πρόβειο Γάλα Με Bifidus 1-9% 200 gr,1.52
2025-07-18,93951,Σταματογιώργης Παραδοσιακό Γιαούρτι Πρόβειο 7% 200 gr,1.43
2025-07-18,105753,Συλλιγάρδος Παραδοσιακό Πρόβειο Γιαούρτι 225 gr,1.34
2025-07-18,177778,Συλλιγάρδος Παραδοσιακό Πρόβειο Γιαούρτι Ελαφρύ 2% Λιπαρά 225 gr,1.34
2025-07-18,100755,Σχετάκης Γιαούρτι Πρόβειο Πλήρες 210 gr,1.15
2025-07-18,162999,Φάρμα Σελλιά Γιαουρτάκι Στραγγιστό Κατσικίσιο 4% 200 gr,1.45
2025-07-18,135464,Φάρμα Σελλιά Γιαούρτι Πρόβειο 2% 220 gr,1.22
2025-07-18,115788,Φάρμα Σελλιά Γιαούρτι Πρόβειο Με Τσίπα 6-9% 220 gr,1.22
2025-07-18,196910,Advance Παιδικό Επιδόρπιο Γιαουρτιού Αχλάδι Βερίκοκο 6+ Μηνών 2 x 140 gr,1.98
2025-07-18,196909,Advance Παιδικό Επιδόρπιο Γιαουρτιού Με 5 Αλεσμένα Δημητριακά 6+ Μηνών 2 x 140 gr,1.98
2025-07-18,196912,Advance Παιδικό Επιδόρπιο Γιαουρτιού Με Μήλο &amp; Μπανάνα 6+ Μηνών 2 x 140 gr,1.98
2025-07-18,196911,Advance Παιδικό Επιδόρπιο Γιαουρτιού Φαρίν Λακτέ 6+ Μηνών 2 x 140 gr,1.98
2025-07-18,146611,Danone Super Mario Επιδόρπιο Γιαουρτιού Φράουλα Παιδικό 2 x 110 gr,1.76
2025-07-18,203100,Smart Παιδικό Επιδόρπιο Γιαουρτιού Μπανάνα 3 x 140 gr,3.18
2025-07-18,203097,Smart Παιδικό Επιδόρπιο Γιαουρτιού Μπισκότο 3 x 140 gr,3.18
2025-07-18,203101,Smart Παιδικό Επιδόρπιο Γιαουρτιού Φράουλα 3 x 140 gr,3.18
2025-07-18,182754,Όλυμπος Μεγαλώνω Γιαούρτι Κατσικίσιο 2 x 150 gr,3.02
2025-07-18,206100,Κρι Κρι Grow Επιδόρπιο Γιαουρτιού Μήλο &amp; Καρότο 6+ Μηνών 2 x 140 gr,1.83
2025-07-18,180206,Κρι Κρι Kids PJ Masks Παιδικό Επιδόρπιο 1-7% Μπανάνα &amp; Σοκομπιλάκια 3 x 150 gr,2.98
2025-07-18,177590,Κρι Κρι Kids PJ Masks Παιδικό Επιδόρπιο Φράουλα &amp; Σοκομπιλάκια 3 x 150 gr,2.98
2025-07-18,202906,Κρι Κρι Kids Peppa Pig Παιδικό Επιδόρπιο Γιαουρτιού 1-7% Μήλο Αχλάδι &amp; Μπανάνα 3 x 140 gr ,2.66
2025-07-18,202907,Κρι Κρι Kids Παιδικό Επιδόρπιο Γιαουρτιού 1-7% Με Πουρέ Φράουλας &amp; Μπισκότο 3 x 140 gr,2.66
2025-07-18,134004,Κρι Κρι Scooby Doo Παιδικό Επιδόρπιο Γιαουρτιού 4% Μπανάνα &amp; Σοκομπιλάκια Ίον 3 x 150 gr,3.22
2025-07-18,134005,Κρι Κρι Scooby Doo Παιδικό Επιδόρπιο Γιαουρτιού 4% Μπισκότο &amp; Σοκομπιλάκια Ίον 3 x 150 gr,3.22
2025-07-18,134003,Κρι Κρι Scooby Doo Παιδικό Επιδόρπιο Γιαουρτιού 4% Φράουλα &amp; Σοκομπιλάκια Ίον 3 x 150 gr,3.22
2025-07-18,189168,Μεβγάλ Frutomaniacs Παιδικό Επιδόρπιο Γιαουρτιού Μπανάνα 3 x 140 gr ,3.32
2025-07-18,189169,Μεβγάλ Frutomaniacs Παιδικό Επιδόρπιο Γιαουρτιού Φράουλα 3 x 140 gr ,3.32
2025-07-18,203861,Μεβγάλ Maniacs Bluey Επιδόρπιο Γιαουρτιού Αχλάδι Μήλο Μπανάνα 3 x 140 gr,2.58
2025-07-18,203860,Μεβγάλ Maniacs Bluey Επιδόρπιο Γιαουρτιού Φραουλα Μπανάνα 3 x 140 gr,2.58
2025-07-18,166150,Kolios Έδεσμα Στραγγιστό Cuisine 850 gr,2.98
2025-07-18,203538,Kolios Στραγγιστό Γιαούρτι 2% 3 x 170 gr ,2.2
2025-07-18,127612,Kolios Στραγγιστό Γιαούρτι 2% 500 gr,2.96
2025-07-18,203539,Kolios Στραγγιστό Γιαούρτι 5% 3 x 170 gr,2.2
2025-07-18,127611,Kolios Στραγγιστό Γιαούρτι 5% 500 gr,2.96
2025-07-18,156261,Kolios Στραγγιστό Γιαούρτι Ελληνικό Γάλα 2% 850 gr ,3.98
2025-07-18,156260,Kolios Στραγγιστό Γιαούρτι Ελληνικό Γάλα 5% 850 gr,3.98
2025-07-18,124276,Όλυμπος Freelact Γιαούρτι Στραγγιστό Χωρίς Λακτόζη 2% 2 x 170 gr,2.7
2025-07-18,205361,Όλυμπος Protein Γιαούρτι Στραγγιστό 0% 200 gr ,1.67
2025-07-18,205362,Όλυμπος Protein Επιδόρπιο Στραγγιστού Γιαουρτιού Φράουλα 0% 200 gr ,1.67
2025-07-18,203474,Όλυμπος Γιαούρτι Αγελάδος Βιολογικό 2% 2 x 200 gr,2.82
2025-07-18,58744,Όλυμπος Στραγγιστό Γιαούρτι 2% 1 kg,3.25
2025-07-18,65317,Όλυμπος Στραγγιστό Γιαούρτι 2% 3 x 200 gr,2.63
2025-07-18,173003,Όλυμπος Στραγγιστό Γιαούρτι 5% 1 kg,3.25
2025-07-18,173002,Όλυμπος Στραγγιστό Γιαούρτι 5% 3 x 200 gr,2.63
2025-07-18,166164,Όλυμπος Στραγγιστό Γιαούρτι Βιολογικό 2% 2 x 170 gr,3.05
2025-07-18,117186,Δωδώνη Γιαούρτι Στραγγιστό Κλασικό 2% 1 kg,4.7
2025-07-18,202731,Δωδώνη Γιαούρτι Στραγγιστό Κλασικό 2% 3 x 200 gr ,2.91
2025-07-18,195021,Δωδώνη Γιαούρτι Στραγγιστό Κλασικό 2% 500 gr,1.7
2025-07-18,135448,Δωδώνη Γιαούρτι Στραγγιστό Κλασικό 8% 1 kg,4.7
2025-07-18,202729,Δωδώνη Γιαούρτι Στραγγιστό Κλασικό 8% 3 x 200 gr ,2.91
2025-07-18,195020,Δωδώνη Γιαούρτι Στραγγιστό Κλασικό 8% 500 gr,1.7
2025-07-18,131362,Κρι Κρι Στραγγιστό &amp; Αγαπημένο Γιαούρτι 2% 1 kg,4.75
2025-07-18,194371,Κρι Κρι Στραγγιστό &amp; Αγαπημένο Γιαούρτι 5% 1 kg,4.75
2025-07-18,114463,Μεβγάλ Στραγγιστό Γιαούρτι 10%,1.45
2025-07-18,203624,Μεβγάλ Στραγγιστό Γιαούρτι 10% 2 x 170 gr ,2.32
2025-07-18,184194,Μεβγάλ Στραγγιστό Γιαούρτι 2% 900 gr,3.83
2025-07-18,184193,Μεβγάλ Στραγγιστό Γιαούρτι 5% 900 gr,3.83
2025-07-18,186960,Νουνού Στραγγιστό Γιάουρτι 1-5% Χωρίς Λακτόζη 2 x 175 gr,1.62
2025-07-18,204702,Νουνού Στραγγιστό Γιάουρτι 1-5% Χωρίς Λακτόζη 900 gr,3.64
2025-07-18,141014,Νουνού Στραγγιστό Γιαούρτι 1-5% 3 x 200 gr ,2.69
2025-07-18,141013,Νουνού Στραγγιστό Γιαούρτι 5% 3 x 200 gr ,2.69
2025-07-18,180508,Φάγε BeFree Γιαούρτι Στραγγιστό 0% Χωρίς Λακτόζη 2 x 150 gr ,2.37
2025-07-18,204703,Φάγε Total Στραγγιστό Γιαούρτι 0% 3 x 200 gr,4.25
2025-07-18,68716,Φάγε Total Στραγγιστό Γιαούρτι 2% 1 kg,5.3
2025-07-18,66332,Φάγε Total Στραγγιστό Γιαούρτι 2% 200 gr,1.35
2025-07-18,59977,Φάγε Total Στραγγιστό Γιαούρτι 2% 3 x 200 gr ,4.05
2025-07-18,66334,Φάγε Total Στραγγιστό Γιαούρτι 2% 500 gr ,3.1
2025-07-18,68715,Φάγε Total Στραγγιστό Γιαούρτι 5% 1 kg,5.3
2025-07-18,5537,Φάγε Total Στραγγιστό Γιαούρτι 5% 200 gr,1.35
2025-07-18,5646,Φάγε Total Στραγγιστό Γιαούρτι 5% 3 x 200 gr,4.05
2025-07-18,5538,Φάγε Total Στραγγιστό Γιαούρτι 5% 500 gr ,3.1
2025-07-18,122050,Φάρμα Κουκάκη Στραγγιστό Γιαούρτι 10% 1 kg,4.42
2025-07-18,203310,Φάρμα Κουκάκη Στραγγιστό Γιαούρτι 10% 3 x 200 gr ,3.4
2025-07-18,164009,Φάρμα Κουκάκη Στραγγιστό Γιαούρτι 2% 1 kg,4.42
2025-07-18,203336,Φάρμα Κουκάκη Στραγγιστό Γιαούρτι 2% 3 x 200 gr ,3.4
2025-07-18,163002,Φάρμα Σελλιά Γιαουρτάκι Στραγγιστό 10% 1 kg,4.85
2025-07-18,163000,Φάρμα Σελλιά Γιαουρτάκι Στραγγιστό 10% 200 gr,1.38
2025-07-18,163003,Φάρμα Σελλιά Γιαουρτάκι Στραγγιστό 2% 1 kg,4.85
2025-07-18,163001,Φάρμα Σελλιά Γιαουρτάκι Στραγγιστό 2% 200 gr,1.38
2025-07-18,160114,Mylena Gnocchetti Φρέσκα Νιόκι Πατάτας 500 gr,2.98
2025-07-18,80223,Knorr Σπιτικός Ζωμός Βοδινός Χωρίς Γλουτένη 4 x 28 gr,1.62
2025-07-18,80222,Knorr Σπιτικός Ζωμός Κότας Χωρίς Γλουτένη 4 x 28 gr,1.62
2025-07-18,91964,Knorr Σπιτικός Ζωμός Κότας Χωρίς Γλουτένη 8 x 28 gr,2.78
2025-07-18,80224,Knorr Σπιτικός Ζωμός Λαχανικών Vegan Χωρίς Γλουτένη 4 x 28 gr,1.62
2025-07-18,91966,Knorr Σπιτικός Ζωμός Λαχανικών Vegan Χωρίς Γλουτένη 8 x 28 gr,2.78
2025-07-18,66156,Kanaki Φρέσκια Σφολιάτα 2 Τεμάχια 700 gr ,4.43
2025-07-18,182398,Kanaki Φρέσκο Παραδοσιακό Φύλλο 500 gr,3.54
2025-07-18,24271,Kanaki Φρέσκο Φύλλο Κρούστας 450 gr,3.94
2025-07-18,194328,Pop Bakery Pancakes 6 Τεμάχια 240 gr,4.45
2025-07-18,193319,Pop Bakery Αφράτα Κρουασάν 6 Τεμάχια 240 gr,1.89
2025-07-18,193318,Pop Bakery Αφράτη Ζύμη Για Πίτσα 400 gr,2.19
2025-07-18,168442,Ζύμη Ψαχνών Φρέσκο Φύλλο Κρούστας 500 gr,3.16
2025-07-18,141749,Ζύμη Ψαχνών Φρέσκο Φύλλο Χωριάτικο 500 gr,3.28
2025-07-18,101460,Γιώτης Ζελέ Φράουλα 2 x 165 gr,1.55
2025-07-18,203614,Μεβγάλ Recor Ζελέ Κεράσι 4 x 128 gr ,2.4
2025-07-18,203616,Μεβγάλ Recor Ζελέ Φράουλα 4 x 128 gr ,2.4
2025-07-18,198889,Glykaki Cheese Cake Με Κεράσι 200 gr,2.43
2025-07-18,204393,Glykaki Choco Τύπου Dubai 200 gr,3.98
2025-07-18,198877,Glykaki Εκμέκ Κανταΐφι 200 gr,2.43
2025-07-18,198878,Glykaki Μιλφέιγ 220 gr,2.68
2025-07-18,199108,Glykaki Πάστα Αμυγδάλου 150 gr,2.68
2025-07-18,198879,Glykaki Πάστα Ποντίκι 150 gr,2.68
2025-07-18,198880,Glykaki Προφιτερόλ 200 gr,2.43
2025-07-18,198886,Glykaki Τύπου Bueno 170 gr,2.43
2025-07-18,204250,Glykaki Sweet Τύπου Dubai 200 gr,3.98
2025-07-18,204392,Glykaki Κορμός Μπουκιές 190 gr,2.68
2025-07-18,121380,Ίδα Κρέμα Βανίλια 200 gr,1.13
2025-07-18,67618,Γιώτης Άνθος Αραβοσίτου Βανίλια Χωρίς Γλουτένη 4 x 100 gr,2.45
2025-07-18,67876,Γιώτης Άνθος Αραβοσίτου Επιδόρπιο Γάλακτος Με Γεύση Σοκολάτα Χωρίς Γλουτένη 4 x 100 gr,2.45
2025-07-18,70856,Γιώτης Άνθος Αραβοσίτου Επιδόρπιο Γάλακτος Με Κρέμα Και Σοκολάτα Χωρίς Γλουτένη 4 x 100 gr,2.45
2025-07-18,56668,Γιώτης Αγαπημένες Γεύσεις Κρέμα Καραμελέ 4 x 100 gr,2.23
2025-07-18,118994,Γιώτης Κρέμα Βανίλια Παραδοσιακή 2 x 170 gr,1.5
2025-07-18,186275,Γιώτης Κρεμοζελέ Φράουλα 2 x 180 gr,1.85
2025-07-18,179600,Ζώμινθος Κρέμα Σοκολάτα Βανίλια 170 gr,1.3
2025-07-18,179486,Ζώμινθος Κρέμα Σοκολάτας 170 gr,1.3
2025-07-18,169369,Ζώμινθος Παραδοσιακή Κρέμα Βανίλια 170 gr,1.3
2025-07-18,202012,Μεβγάλ Κρέμα Panna Cotta Με Γεύση Kαφέ 150 gr,1.25
2025-07-18,146161,Μεβγάλ Κρέμα Καραμελέ 150 gr,1.1
2025-07-18,188755,Μεβγάλ Κρέμα Καϊμάκι Βύσσινο 150 gr,1.25
2025-07-18,180178,Οικογένεια Μαυροφρύδη Cheese Cake Με Κεράσι 190 gr,2.18
2025-07-18,180181,Οικογένεια Μαυροφρύδη Ferrero 170 gr,2.18
2025-07-18,180182,Οικογένεια Μαυροφρύδη Εκμέκ Κανταΐφι 180 gr,2.18
2025-07-18,180174,Οικογένεια Μαυροφρύδη Κωκ 200 gr,2.18
2025-07-18,180179,Οικογένεια Μαυροφρύδη Μπισκοτίνο Cookies &amp; Cream 170 gr,2.18
2025-07-18,180176,Οικογένεια Μαυροφρύδη Προφιτερόλ 190 gr,2.18
2025-07-18,180183,Οικογένεια Μαυροφρύδη Σοκολατίνα Πάστα 170 gr,2.18
2025-07-18,180180,Οικογένεια Μαυροφρύδη Τύπου Bueno 170 gr,2.18
2025-07-18,157419,Σπετσωτάκης Ocean Caramel Από Πρόβειο Γάλα 200 gr,2.28
2025-07-18,186468,Συλλιγάρδος Κρέμα Βανίλια 200 gr,1.45
2025-07-18,186467,Συλλιγάρδος Κρέμα Κακάο 200 gr,1.45
2025-07-18,27143,Της Αθηνάς Μουσταλευριά Κρήτης 170 - 200 gr,1.73
2025-07-18,77021,Φάγε Γλυκοκουταλιές Γλύκισμα Risolat Βανίλια 2 x 170 gr,1.55
2025-07-18,37211,Φάγε Γλυκοκουταλιές Γλύκισμα Καραμελέ 2 x 125 gr,1.8
2025-07-18,115120,Φάρμα Σελλιά Κρέμα Βανίλια Χωρίς Γλουτένη 220 gr,1.22
2025-07-18,179606,Φάρμα Σελλιά Κρέμα Σοκολάτα Βανίλια Χωρίς Γλουτένη 220 gr,1.22
2025-07-18,127865,Φάρμα Σελλιά Κρέμα Σοκολάτα Χωρίς Γλουτένη 220 gr,1.22
2025-07-18,132635,Ίδα Ρυζόγαλο 200 gr,1.13
2025-07-18,167903,Ζώμινθος Παραδοσιακό Ρυζόγαλο 170 gr,1.3
2025-07-18,141624,Σπετσωτάκης Σπιτικό Ρυζόγαλο Από Πρόβειο Γάλα 200 gr,1.72
2025-07-18,186469,Συλλιγάρδος Σπιτικό Ρυζόγαλο 200 gr,1.45
2025-07-18,174461,Kinder Choco Fresh 2 x 20.5 gr,1.82
2025-07-18,84334,Kinder Maxi King Σνακ Γάλακτος 3 x 35 gr,3.64
2025-07-18,49487,Kinder Pingui Σνακ Γάλακτος 4 x 30 gr,3.24
2025-07-18,49486,Kinder Γαλακτοφέτες Σνακ Γάλακτος 5 x 28 gr,3.4
2025-07-18,191025,Milka Γαλακτοκέικ Choco Snack 29 gr,0.87
2025-07-18,123821,Smart Γαλακτοκέικ Σνακ Γάλακτος Με Μέλι 4 x 28 gr ,2.37
2025-07-18,206337,Smart Γαλακτοκέικ Σνακ Γάλακτος Με Σοκολάτα 4 x 30 gr ,2.37
2025-07-18,203617,Μεβγάλ Maniacs Γαλακτοκέικ Με Φρέσκο Γάλα &amp; Σοκολάτα 4 x 28 gr ,2.87
2025-07-18,204694,Adoro Κρέμα Γάλακτος 35% 3 x 200 ml ,4.17
2025-07-18,204699,Adoro Κρέμα Γάλακτος Light 18% 3 x 200 ml ,3.44
2025-07-18,204701,Adoro Κρέμα Γάλακτος Per Pasta 15% 3 x 200 ml ,3.93
2025-07-18,93443,Arla Your Fresh Κρέμα Γάλακτος 36% 1 lt,9.55
2025-07-18,205017,Meggle Κρέμα Γάλακτος 20% 2 x 250 ml ,3.98
2025-07-18,52424,Meggle Κρέμα Γάλακτος 20% 500 ml,4.76
2025-07-18,203515,Όλυμπος Κρέμα Γάλακτος 12% 3 x 200 ml,3.12
2025-07-18,203123,Όλυμπος Κρέμα Γάλακτος 20% 3 x 200 ml,3.87
2025-07-18,203475,Νουνού Κρέμα Γάλακτος 35% 2 x 330 ml,5.46
2025-07-18,203477,Νουνού Κρέμα Γάλακτος 35% 3 x 200 ml ,5.46
2025-07-18,203478,Νουνού Κρέμα Γάλακτος Light 15% 3 x 200 ml,3.24
2025-07-18,203476,Νουνού Κρέμα Γάλακτος Telia 3% 3 x 200 ml,3.1
2025-07-18,148556,Φάγε Κρέμα Γάλακτος 35% 2 x 330 ml ,9.7
2025-07-18,148554,Φάγε Κρέμα Γάλακτος Light 15% 2 x 330 ml ,5.2
2025-07-18,148553,Φάγε Κρέμα Γάλακτος Light 15% 330 ml ,2.6
2025-07-18,118479,Royal Chateau Κρέμα Σαντιγύ Spray 500 ml,5.45
2025-07-18,2421,Νουνού Κρέμα Σαντιγύ Spray 242 ml,2.6
2025-07-18,82436,Alpro Cooking Κρέμα Μαγειρικής Σόγιας Χωρίς Λακτόζη Vegan Χωρίς Γλουτένη 250 ml,2.28
2025-07-18,2412,Kre Torre Vegetalcrem Φυτική Κρέμα Γάλακτος Για Σαντιγύ 1 lt,4.0
2025-07-18,2410,Kre Torre Vegetalcrem Φυτική Κρέμα Γάλακτος Για Σαντιγύ 500 ml,2.9
2025-07-18,193498,Becel Light Vegan 400 gr,1.99
2025-07-18,192176,Becel Pro Activ Μαργαρίνη Vegan 225 gr,3.09
2025-07-18,192452,Becel Pro Activ Μαργαρίνη Vegan 450 gr,4.97
2025-07-18,164989,Benecol Μαργαρίνη Με Ελαιόλαδο 225 gr,3.04
2025-07-18,187176,Super Fresco Μαργαρίνη Soft 200 gr,0.89
2025-07-18,187177,Super Fresco Μαργαρίνη Κλασικό 200 gr,0.81
2025-07-18,34820,Βιτάμ Μαργαρίνη Culinesse Vegan 500 ml,2.51
2025-07-18,187289,Βιτάμ Μαργαρίνη Soft Light Vegan 225 gr,1.75
2025-07-18,187174,Βιτάμ Μαργαρίνη Soft Vegan 200 gr,1.78
2025-07-18,187173,Βιτάμ Μαργαρίνη Soft Vegan 400 gr,3.15
2025-07-18,187286,Βιτάμ Μαργαρίνη Soft Vegan 800 gr,5.78
2025-07-18,162503,Βιτάμ Μαργαρίνη Soft Με Γιαούρτι 225 gr,1.66
2025-07-18,187175,Βιτάμ Μαργαρίνη Κλασικό Vegan 200 gr,1.53
2025-07-18,189618,Φαστ Μαργαρίνη Classic 225 gr,0.99
2025-07-18,190337,Φαστ Μαργαρίνη Soft 220 gr,1.1
2025-07-18,189631,Φαστ Μαργαρίνη Soft 440 gr,2.0
2025-07-18,189989,Φαστ Μαργαρίνη Soft Light 220 gr,1.16
2025-07-18,180750,Φαστ Μαργαρίνη Soft Με Γιαούρτι 225 gr,1.23
2025-07-18,152541,Χωριό Μαργαρίνη Soft Με Ελαιόλαδο Βιολογική 225 gr,2.5
2025-07-18,168986,Χωριό Μαργαρίνη Soft Με Ελαιόλαδο Χωρίς Λακτόζη 225 gr,1.68
2025-07-18,198852,Lavazza Ρόφημα Cappuccino 250 ml,1.68
2025-07-18,198853,Lavazza Ρόφημα Εspresso Με Γάλα 250 ml,1.68
2025-07-18,131373,Starbucks Ρόφημα Caffe Latte 220 ml,2.44
2025-07-18,205559,Starbucks Ρόφημα Caffe Latte Χωρίς Προσθήκης Ζάχαρης 220 ml,2.44
2025-07-18,133980,Starbucks Ρόφημα Καφέ Cappuccino 220 ml,2.44
2025-07-18,205560,Starbucks Ρόφημα Καφέ Cappuccino 750 ml,4.98
2025-07-18,205583,Starbucks Ρόφημα Καφέ Cappuccino Grande 330 ml,2.98
2025-07-18,131372,Starbucks Ρόφημα Καφέ Caramel Macchiato 220 ml,2.44
2025-07-18,205413,Condito Μελιτζανοσαλάτα Χωρίς Γλουτένη 250 gr,2.45
2025-07-18,182628,Ifantis Σαλάτα Guacamole Vegan Χωρίς Γλουτένη 200 gr,3.42
2025-07-18,5090,Παπάζογλου Μελιτζανοσαλάτα 250 gr,2.32
2025-07-18,184350,Condito Σαλάτα Κηπουρού Vegan Χωρίς Γλουτένη 250 gr,3.46
2025-07-18,88980,Παπάζογλου Σαλάτα Κηπουρού 250 gr,2.44
2025-07-18,184349,Condito Σαλάτα Ρώσικη Vegan Χωρίς Γλουτένη 250 gr,2.45
2025-07-18,22137,Ifantis Σαλάτα Ρώσικη Χωρίς Γλουτένη 400 gr,2.36
2025-07-18,150386,Άλφα Γεύση Σαλάτα Ρώσικη 250 gr,2.0
2025-07-18,5082,Παπάζογλου Σαλάτα Ρώσικη 250 gr,1.75
2025-07-18,22140,Ifantis Ταραμοσαλάτα Χωρίς Γλουτένη 400 gr,2.36
2025-07-18,203777,Ifantis Τζατζίκι Αβοκάντο Χωρίς Γλουτένη 250 gr,3.78
2025-07-18,22138,Ifantis Τζατζίκι Χωρίς Γλουτένη 400 gr,3.1
2025-07-18,150385,Άλφα Γεύση Τζατζίκι 250 gr,2.36
2025-07-18,5081,Παπάζογλου Τζατζίκι 250 gr,2.22
2025-07-18,143790,Παπάζογλου Τζατζίκι 500 gr,2.98
2025-07-18,22139,Ifantis Τυροσαλάτα Καυτερή Χωρίς Γλουτένη 400 gr,3.18
2025-07-18,23852,Ifantis Τυροσαλάτα Με Ανθότυρο Χωρίς Γλουτένη 400 gr,3.18
2025-07-18,150392,Άλφα Γεύση Σαλάτα Κοπανισμένη 250 gr,2.87
2025-07-18,154259,Άλφα Γεύση Σαλάτα Τυροκαυτερή 250 gr,2.68
2025-07-18,88981,Παπάζογλου Τυροκαυτερή 250 gr,2.44
2025-07-18,5083,Παπάζογλου Τυροσαλάτα 250 gr,2.44
2025-07-18,160174,Ifantis Σαλάτα Hummus Lemon Χωρίς Γλουτένη 400 gr,2.72
2025-07-18,102687,Ifantis Σαλάτα Hummus Χωρίς Γλουτένη 400 gr,2.38
2025-07-18,180648,Mezete Hummus Σαλάτα Με Πιπεριά Vegan Χωρίς Γλουτένη 215 gr,2.3
2025-07-18,180647,Mezete Hummus Σαλάτα Με Ταχίνι Vegan Χωρίς Γλουτένη 215 gr,2.3
2025-07-18,197439,Alpro Protein Φυτικό Επιδόρπιο Με Κόκκινα Φρούτα Χωρίς Λακτόζη Vegan Χωρίς Γλουτένη 200 gr,1.41
2025-07-18,96481,Alpro Επιδόρπιο Σόγιας Dark Chocolate Χωρίς Λακτόζη Vegan Χωρίς Γλουτένη 4 x 125 gr,3.22
2025-07-18,199172,Alpro Επιδόρπιο Σόγιας Βlueberry Χωρίς Γλουτένη Χωρίς Λακτόζη 500 gr,2.74
2025-07-18,203862,Alpro Επιδόρπιο Σόγιας Κεράσι Χωρίς Γλουτένη Χωρίς Λακτόζη 500 gr,2.74
2025-07-18,199173,Alpro Επιδόρπιο Σόγιας Φράουλα Χωρίς Γλουτένη Χωρίς Λακτόζη 500 gr,2.74
2025-07-18,199174,Alpro Φυτικό Επιδόρπιο Pudding Protein Vegan Χωρίς Γλουτένη Χωρίς Λακτόζη 200 gr,1.79
2025-07-18,168577,Όλυμπος Καρπός Αμύγδαλο Φυτικό Επιδόρπιο Δαμάσκηνο &amp; Βρώμη Χωρίς Λακτόζη Vegan 150 gr,1.53
2025-07-18,168578,Όλυμπος Καρπός Αμύγδαλο Φυτικό Επιδόρπιο Μύρτιλο Χωρίς Λακτόζη Vegan Χωρίς Γλουτένη 150 gr,1.53
2025-07-18,168576,Όλυμπος Καρπός Αμύγδαλο Φυτικό Επιδόρπιο Φράουλα Χωρίς Λακτόζη Vegan Χωρίς Γλουτένη 150 gr,1.53
2025-07-18,168575,Όλυμπος Καρπός Αμύγδαλο Φυτικό Επιδόρπιο Χωρίς Λακτόζη Vegan Χωρίς Γλουτένη 150 gr,1.47
2025-07-18,185478,Δωδώνη Plant&#039;d Φυτικό Επιδόρπιο Βρώμης &amp; Βανίλια Χωρίς Λακτόζη Vegan 150 gr,1.45
2025-07-18,185477,Δωδώνη Plant&#039;d Φυτικό Επιδόρπιο Βρώμης Μήλο &amp; Κανέλα Χωρίς Λακτόζη Vegan 150 gr,1.45
2025-07-18,197323,Δωδώνη Plant&#039;d Φυτικό Επιδόρπιο Βρώμης Με Φράουλα &amp; Κακάο Χωρίς Λακτόζη Vegan 150 gr,1.45
2025-07-18,194667,Δωδώνη Plant&#039;d Φυτικό Επιδόρπιο Βρώμης Πορτοκάλι &amp; Περγαμόντο Χωρίς Λακτόζη Vegan 150 gr,1.45
2025-07-18,190685,Alpro Protein Φυτικό Ρόφημα Σόγιας Σοκολάτα Χωρίς Λακτόζη Vegan Χωρίς Γλουτένη 1 lt,3.48
2025-07-18,120788,Alpro Φυτικό Ρόφημα Αμύγδαλο Χωρίς Λακτόζη Vegan Χωρίς Γλουτένη 1 lt,2.08
2025-07-18,141031,Alpro Φυτικό Ρόφημα Αμύγδαλο Χωρίς Λακτόζη Vegan Χωρίς Ζάχαρη Χωρίς Γλουτένη 1 lt,2.08
2025-07-18,82432,Alpro Φυτικό Ρόφημα Βανίλια Χωρίς Λακτόζη Vegan Χωρίς Γλουτένη 1 lt,3.45
2025-07-18,154724,Alpro Φυτικό Ρόφημα Βρώμη &amp; Αμύγδαλο Χωρίς Λακτόζη Vegan 1 lt,2.13
2025-07-18,179372,Alpro Φυτικό Ρόφημα Βρώμης Χωρίς Λακτόζη Χωρίς Ζάχαρη Vegan 1 lt,2.08
2025-07-18,179371,Alpro Φυτικό Ρόφημα Καρύδας Χωρίς Λακτόζη Vegan Χωρίς Ζάχαρη Χωρίς Γλουτένη 1 lt,2.26
2025-07-18,141032,Alpro Φυτικό Ρόφημα Μαύρη Σοκολάτα Χωρίς Λακτόζη Vegan Χωρίς Γλουτένη 1 lt,3.46
2025-07-18,82431,Alpro Φυτικό Ρόφημα Σοκολάτα Χωρίς Λακτόζη Vegan Χωρίς Γλουτένη 1 lt,3.45
2025-07-18,179370,Alpro Φυτικό Ρόφημα Σόγιας Χωρίς Λακτόζη Vegan Χωρίς Ζάχαρη Χωρίς Γλουτένη 1 lt,2.99
2025-07-18,166166,Όλυμπος Καρπός Αμύγδαλο Protein Φυτικό Ρόφημα Χωρίς Λακτόζη Vegan Χωρίς Γλουτένη 1 lt,3.33
2025-07-18,153842,Όλυμπος Καρπός Αμύγδαλο Φυτικό Ρόφημα Με Κακάο Χωρίς Λακτόζη Vegan Χωρίς Γλουτένη 1 lt,3.15
2025-07-18,154272,Όλυμπος Καρπός Αμύγδαλο Φυτικό Ρόφημα Χωρίς Λακτόζη Vegan Χωρίς Γλουτένη 1 lt,3.03
2025-07-18,153841,Όλυμπος Καρπός Αμύγδαλο Φυτικό Ρόφημα Χωρίς Λακτόζη Vegan Χωρίς Ζάχαρη Χωρίς Γλουτένη 1 lt,3.03
2025-07-18,166162,Όλυμπος Καρπός Αμύγδαλο Φυτικό Ρόφημα Χωρίς Λακτόζη Χωρίς Ζάχαρη Vegan Χωρίς Γλουτένη 500 ml,1.86
2025-07-18,174866,Όλυμπος Καρπός Βρώμη Φυτικό Ρόφημα Φουντούκι Χωρίς Λακτόζη Vegan 1 lt,3.11
2025-07-18,177270,Όλυμπος Καρπός Βρώμη Φυτικό Ρόφημα Χωρίς Ζάχαρη Χωρίς Λακτόζη Vegan 1 lt,3.03
2025-07-18,194833,Όλυμπος Καρπός Φυτικό Ρόφημα Βρώμης &amp; 3 Super Σπόροι Χωρίς Λακτόζη Vegan 1 lt,3.03
2025-07-18,206336,Δέλτα Φυτικο Ρόφημα Βρώμης Με Μπανάνα &amp; Κακάο Χωρίς Προσθήκη Ζάχαρης Vegan 1 lt,3.48
2025-07-18,162210,Δέλτα Φυτικό Ρόφημα Αμύγδαλο Χωρίς Λακτόζη Χωρίς Γλουτένη Vegan 1 lt,2.07
2025-07-18,161428,Δέλτα Φυτικό Ρόφημα Αμύγδαλο Χωρίς Προσθήκη Ζάχαρης Χωρίς Λακτόζη Vegan Χωρίς Γλουτένη 1 lt,2.07
2025-07-18,166161,Δέλτα Φυτικό Ρόφημα Βρώμης &amp; 3 Super Σπόροι Χωρίς Προσθήκη Ζάχαρης Χωρίς Λακτόζη Vegan 1 lt,2.07
2025-07-18,197437,Δέλτα Φυτικό Ρόφημα Βρώμης Με Chocoberies Χωρίς Προσθήκη Ζάχαρης Χωρίς Λακτόζη Vegan 1 lt,2.44
2025-07-18,161430,Δέλτα Φυτικό Ρόφημα Καρύδα Χωρίς Προσθήκη Ζάχαρης Χωρίς Λακτόζη Vegan Χωρίς Γλουτένη 1 lt,2.25
2025-07-18,153064,Smart Φυσικός Χυμός Κεράσι Φράουλα Χωρίς Γλουτένη 200 ml,1.12
2025-07-18,153063,Smart Φυσικός Χυμός Μήλο Πορτοκάλι Χωρίς Γλουτένη 200 ml,1.12
2025-07-18,153062,Smart Φυσικός Χυμός Ροδάκινο Βερίκοκο Χωρίς Γλουτένη 200 ml,1.12
2025-07-18,195669,Cactus-Fruitaki Φυσικός Χυμός Φραγκόσυκου Χωρίς Ζάχαρη 250 ml,2.78
2025-07-18,160897,Frulite Φρουτοποτό Passion Fruit 1 lt,2.08
2025-07-18,124161,Frulite Boost Φρουτοποτό Νεκταρίνι Πορτοκάλι 500 ml,1.37
2025-07-18,88630,Frulite Boost Φρουτοποτό Πορτοκάλι Μήλο &amp; Βερίκοκο 500 ml,1.37
2025-07-18,56296,Frulite Φρουτοποτό Ανανάς Καρύδα 1 lt,1.98
2025-07-18,322,Frulite Φρουτοποτό Μανταρίνι Σαγκουίνι 1 lt,1.98
2025-07-18,105371,Life Detox Φυσικός Χυμός Μήλο Σταφύλι Ρόδι Πορτοκάλι 1 lt,2.44
2025-07-18,167877,Life Φυσικός Χυμός 9 Φρούτα 1 lt,2.32
2025-07-18,119052,Life 3 Berries Φυσικός Χυμός Κράνμπερι Ράσμπερι Μπλούμπερι 1 lt,2.2
2025-07-18,123626,Life Καλημέρα Φυσικός Χυμός Πορτοκάλι 1 lt,2.59
2025-07-18,123901,Life Φυσικός Χυμός Κράνμπερι Ράσμπερι Μπλούμπερι 400 ml,1.51
2025-07-18,105364,Life Φυσικός Χυμός Μήλο Πορτοκάλι Καρότο 1 lt,2.23
2025-07-18,197770,Life Φυσικός Χυμός Μήλο Πορτοκάλι Καρότο 1.5 lt,2.84
2025-07-18,123628,Life Φυσικός Χυμός Μήλο Πορτοκάλι Καρότο 400 ml,1.65
2025-07-18,105365,Life Φυσικός Χυμός Πορτοκάλι 1 lt,2.35
2025-07-18,197771,Life Φυσικός Χυμός Πορτοκάλι 1.5 lt,3.12
2025-07-18,123627,Life Φυσικός Χυμός Πορτοκάλι 400 ml,1.8
2025-07-18,197955,Life Χυμός Energy Boost Με 8 Φρούτα Ginger &amp; Ginseng 250 ml,1.38
2025-07-18,197956,Life Χυμός Μήλο Πορτοκάλι Καρότο 250 ml,1.22
2025-07-18,62435,Life Χυμός Μήλο Βερίκοκο Πορτοκάλι 1 lt,2.09
2025-07-18,197957,Life Χυμός Πορτοκάλι 250 ml,1.38
2025-07-18,198978,Life Χυμός Πορτοκάλι Μήλο 1 lt,2.09
2025-07-18,152227,Life Χυμός Φράουλα Μπανάνα 1 lt,2.32
2025-07-18,161129,Okf Orange Smoothie 350 ml,1.19
2025-07-18,161128,Okf Red Smoothie 350 ml,1.19
2025-07-18,161130,Okf Yellow Smoothie 350 ml,1.19
2025-07-18,177603,Όλυμπος Φυσικός Χυμός 9 Κόκκινα Φρούτα 1 lt,2.45
2025-07-18,147906,Όλυμπος Φυσικός Χυμός 9 Φρούτα 1 lt,2.45
2025-07-18,197769,Όλυμπος Φυσικός Χυμός 9 Φρούτα 1.5 lt,3.0
2025-07-18,147905,Όλυμπος Φυσικός Χυμός 9 Φρούτα 250 ml,0.89
2025-07-18,82164,Όλυμπος Φυσικός Χυμός Μήλο Πορτοκάλι Καρότο 1 lt,2.25
2025-07-18,146017,Όλυμπος Φυσικός Χυμός Μήλο Πορτοκάλι Καρότο 250 ml ,0.89
2025-07-18,60853,Όλυμπος Φυσικός Χυμός Μήλο Ροδάκινο 1 lt,2.39
2025-07-18,146023,Όλυμπος Φυσικός Χυμός Μήλο Ρόδι Σταφύλι Πορτοκάλι 250 ml,0.89
2025-07-18,197913,Όλυμπος Φυσικός Χυμός Μανταρίνι Πορτοκάλι Σαγκουίνι Μήλο 1 lt,2.45
2025-07-18,106335,Όλυμπος Φυσικός Χυμός Πορτοκάλι 1 lt,2.66
2025-07-18,58730,Όλυμπος Φυσικός Χυμός Πορτοκάλι 1 lt,2.4
2025-07-18,104690,Όλυμπος Φυσικός Χυμός Πορτοκάλι 1.5 lt,3.15
2025-07-18,144104,Όλυμπος Φυσικός Χυμός Πορτοκάλι 250 ml,0.94
2025-07-18,127183,Όλυμπος Φυσικός Χυμός Ρόδι Μήλο Σταφύλι Πορτοκάλι 1 lt,2.45
2025-07-18,173595,Κάμπος Χίου Λow Φρουτοποτό Λεμόνι 1 lt,2.5
2025-07-18,192082,Κάμπος Χίου Φρουτοποτό Βύσσινο &amp; Κεράσι 1 lt,2.99
2025-07-18,180762,Κάμπος Χίου Φρουτοποτό Λεμονάδα Με Ginger 1 lt,2.5
2025-07-18,173594,Κάμπος Χίου Φρουτοποτό Λεμονάδα Ροζ 1 lt,2.5
2025-07-18,98624,Κάμπος Χίου Φρουτοποτό Λεμόνι 1 lt,2.5
2025-07-18,119185,Κάμπος Χίου Φρουτοποτό Πορτοκάλι 1 lt,3.5
2025-07-18,179991,ΟΚ Φυσικός Χυμός Μήλο Πορτοκάλι Καρότο 1 lt,2.06
2025-07-18,177361,ΟΚ Φυσικός Χυμός Πορτοκάλι 1 lt,2.7
2025-07-18,205575,Οικογένεια Χριστοδούλου Φρουτοποτό Βύσσινο 250 ml,0.74
2025-07-18,205466,Οικογένεια Χριστοδούλου Φρουτοποτό Λεμόνι 1 lt,1.74
2025-07-18,205467,Οικογένεια Χριστοδούλου Φρουτοποτό Λεμόνι 250 ml,0.74
2025-07-18,180280,Οικογένεια Χριστοδούλου Χυμός 100% Πορτοκάλι 1 lt,3.18
2025-07-18,172670,Οικογένεια Χριστοδούλου Χυμός 9 Φρούτα 7 Βιταμίνες 1 lt,3.35
2025-07-18,179777,Οικογένεια Χριστοδούλου Χυμός Μήλο Πορτοκάλι Καρότο 1 lt,2.95
2025-07-18,181571,Ρογδάκι Χυμός Ροδιού Βιολογικό 250 ml,2.78
2025-07-18,88513,Δωδώνη Τυρί Φέτα Σε Άλμη 1 Kg ,11.34
2025-07-18,73596,Δωδώνη Τυρί Φέτα Σε Άλμη 400 gr ,5.42
2025-07-18,166243,Ήπειρος Τυρί Κατσικίσιο Σε Άλμη 400 gr,5.06
2025-07-18,179690,La Vache Qui Rit Τυρί Κρέμα Light Τριγωνάκια 16 Τεμάχια 267 gr,2.79
2025-07-18,190443,La Vache Qui Rit Τυρί Κρέμα Τριγωνάκια 16 Τεμάχια 256 gr ,2.79
2025-07-18,177138,President Camembert Τυρί 250 gr,4.4
2025-07-18,161719,Arla Protein Τυρί 5% Λιπαρά Σε Φέτες Χωρίς Γλουτένη 150 gr,2.15
2025-07-18,204534,Societe Τυρί Roquefort 52% Λιπαρά 100 gr ,3.97
2025-07-18,177137,President Τυρί Brie Τρίγωνο 200 gr,3.85
2025-07-18,158077,Arla Protein Τυρί Cottage 200 gr,1.99
2025-07-18,82470,Leerdammer Τυρί Σε Φέτες Light 175 gr,2.6
2025-07-18,127364,Dirollo Τυρί Emmental Σε Φέτες 175 gr,2.42
2025-07-18,157281,Hellenic Farms Τυρί Cheddar Σε Φέτες 150 gr,1.82
2025-07-18,205022,Zanetti Τυρί Παρμεζάνα Reggiano Τριμμένο 100 gr,2.84
2025-07-18,157204,Χαλκιαδάκης Τυρί Edam Σε Φέτες 200 gr,2.4
2025-07-18,157205,Χαλκιαδάκης Τυρί Gouda Σε Φέτες 200 gr,2.44
2025-07-18,157206,Χαλκιαδάκης Τυρί Mozzarella Σε Φέτες 200 gr,2.44
2025-07-18,157213,Χαλκιαδάκης Τυρί Gouda Τριμμένο 200 gr,2.65
2025-07-18,157207,Χαλκιαδάκης Τυρί Emmental Σε Φετες 200 gr,2.5
2025-07-18,157208,Χαλκιαδάκης Τυρί Mix 4 Τυριών Τριμμένα 200 gr,2.77
2025-07-18,157209,Χαλκιαδάκης Τυρί Regato Τριμμένο 200 gr,2.37
2025-07-18,204007,Adoro Τυρί Cottage 200 gr,2.3
2025-07-18,156419,Adoro Τυρί Κρέμα 200 gr,1.47
2025-07-18,187827,Adoro Τυρί Κρέμα Light 200 gr,1.47
2025-07-18,188663,Arla Φρέσκο Τυρί Κρέμα 200 gr ,1.89
2025-07-18,188664,Arla Φρέσκο Τυρί Κρέμα 300 gr ,2.7
2025-07-18,188662,Arla Φρέσκο Τυρί Κρέμα Light 16% 200 gr ,1.89
2025-07-18,69891,Dirollo Τυρί Cottage 2-2% 225 gr,2.9
2025-07-18,126750,Granarolo Τυρί Μασκαρπόνε 250 gr,4.75
2025-07-18,4574,Philadelphia Τυρί Cottage 200 gr,2.32
2025-07-18,163750,Philadelphia Τυρί Cottage Protein 200 gr,2.35
2025-07-18,4575,Philadelphia Τυρί Κρέμα 200 gr,2.92
2025-07-18,4639,Philadelphia Τυρί Κρέμα 300 gr,3.14
2025-07-18,4602,Philadelphia Τυρί Κρέμα Light 200 gr,2.34
2025-07-18,55002,Philadelphia Τυρί Κρέμα Με Σκόρδο &amp; Χορταρικά 200 gr,2.8
2025-07-18,154740,Γαλένι Κρητικό Τυρί Κρέμα 220 gr,2.57
2025-07-18,141650,Γαλένι Τυρί Κρέμα,2.44
2025-07-18,151665,Ζώμινθος Ανθόγαλο Ανωγείων 250 gr,3.28
2025-07-18,5561,Κουβαράκης Ξύγαλο Σητείας Π.Ο.Π,2.2
2025-07-18,4421,Μπαλαντίνος Πηχτόγαλο Χανίων ΠΟΠ,2.58
2025-07-18,186276,Μπαλαντίνος Πηχτόγαλο Χανίων ΠΟΠ 200 gr,3.26
2025-07-18,116556,Ορεινές Πλαγιές Τυρί Κατίκι Δομοκού ΠΟΠ 200 gr,1.97
2025-07-18,203968,Σπετσωτάκης Ξύγαλο 280 gr,3.35
2025-07-18,4608,Τυρί Μασκαρπόνε Ιταλίας 250 gr,2.94
2025-07-18,4391,Φάγε Flair Τυρί Cottage 225 gr,3.57
2025-07-18,190442,La Vache Qui Rit Τυρί Κρέμα Τριγωνάκια 24 Τεμάχια 384 gr ,5.48
2025-07-18,190441,La Vache Qui Rit Τυρί Κρέμα Τριγωνάκια 8 Τεμάχια 128 gr ,2.28
2025-07-18,130337,La Vache Qui Rit Τυροβουτιές 140 gr,2.88
2025-07-18,186957,Ήπειρος Τρίγωνα Light 280 gr,2.89
2025-07-18,175386,Ήπειρος Τρίγωνα Με Γραβιέρα 140 gr,1.59
2025-07-18,182147,Ήπειρος Τρίγωνα Με Γραβιέρα 280 gr,2.89
2025-07-18,93987,Καλογεράκη Έδεσμα Στραγγιστό,0.55
2025-07-18,186277,Adoro Τυρί Cheddar Σε Φέτες Για Burger 200 gr ,2.11
2025-07-18,57177,Kerrygold Τυρί Cheddar Κόκκινο 32% Φρατζόλα,2.81
2025-07-18,4621,La Vache Qui Rit Τυρί Cheddar 10 Φέτες 200 gr ,3.22
2025-07-18,88716,Lye Cross Farm Τυρί Cheddar Λευκό Αγγλίας Φρατζόλα,4.25
2025-07-18,167178,Nord Harbor Τυρί Cheddar 32% Φρατζόλα,2.68
2025-07-18,97362,Τυρί Cheddar Cathedral Mature 200 gr,4.48
2025-07-18,141287,Nord Harbor Τυρί Edam Σε Φέτες 500 gr,5.3
2025-07-18,175309,Τυρί Edam 40% Εισαγωγής Φρατζόλα,1.73
2025-07-18,127343,Dirollo Τυρί Emmental Light 16% Φρατζόλα,2.69
2025-07-18,205024,Rupp Τυρί Emmental 200 gr,3.47
2025-07-18,155720,Νουνού Τυρί Emmental 29% Φρατζόλα,2.01
2025-07-18,155724,Νουνού Τυρί Emmental Σε Φέτες 160 gr,1.94
2025-07-18,163746,Adoro Τυρί Gouda Creamy 30% Φρατζόλα,2.15
2025-07-18,205018,Adoro Τυρί Gouda Creamy Τριγωνάκια 8 Τεμάχια 125 gr,1.16
2025-07-18,50049,Kerrygold Τυρί Tirotrella 4 x 20 gr,2.94
2025-07-18,170702,Maasdam Τυρί Gouda Ρόδα,2.31
2025-07-18,187191,Nord Harbor Τυρί Gouda &amp; Edam Τριμμένο 170 gr,2.4
2025-07-18,141286,Nord Harbor Τυρί Gouda Σε Φέτες 500 gr,5.3
2025-07-18,77116,Νουνού Τυρί Gouda 30% Φρατζόλα,2.0
2025-07-18,179820,Νουνού Τυρί Gouda Σε Μερίδες 120 gr ,1.76
2025-07-18,71989,Νουνού Τυρί Gouda Σε Φέτες 200 gr,2.28
2025-07-18,114602,Νουνού Τυρί Gouda Σε Φέτες 340 gr,3.68
2025-07-18,72297,Νουνού Τυρί Light 11% Σε Φέτες 175 gr,2.32
2025-07-18,72308,Νουνού Τυρί Light 11% Φρατζόλα,2.0
2025-07-18,175308,Τυρί Gouda 48% Εισαγωγής Φρατζόλα,1.73
2025-07-18,177070,Τυρί Gouda Με Πράσινο Pesto,6.96
2025-07-18,41195,Φάγε Τυρί Gouda Σε Φέτες 200 gr,3.67
2025-07-18,175384,Adoro Τυρί Gouda Creamy Σε Φετες 175 gr,2.36
2025-07-18,118086,Adoro Τυρί Light 10% Φρατζόλα,2.15
2025-07-18,146160,Arla Havarti Τυρί 45% Φρατζόλα,3.1
2025-07-18,201926,Arla Havarti Τυρί Light Σε Φέτες 175 gr,2.86
2025-07-18,146158,Arla Havarti Τυρί Ωρίμανσης Σε Φέτες 150 gr,2.86
2025-07-18,4586,Arla Samsoe Τυρί Δανίας 27% Φρατζόλα,3.15
2025-07-18,180481,Babybel Τυρί Mini Red 5 x 20 gr,2.68
2025-07-18,55496,Dirollo Τυρί 16% Φρατζόλα,2.19
2025-07-18,117956,Dirollo Τυρί Σε Φέτες 175 gr,2.18
2025-07-18,112422,Fina Τυρί Light 10% Ολλανδίας Φρατζόλα,2.75
2025-07-18,178656,Hellenic Farms Τυρί Ημίσκληρο Light &amp; Tasty Τυρί 5% Χωρίς Γλουτένη Φρατζόλα,2.6
2025-07-18,4437,Kolios Τυρί Ημίσκληρο 24% Φρατζόλα,3.42
2025-07-18,32787,Milner Τυρί Ολλανδίας 18% Φρατζόλα,2.05
2025-07-18,4652,Milner Τυρί Ολλανδίας 19% Ρόδα,2.05
2025-07-18,62259,Milner Τυρί Σε Φέτες 175 gr,2.95
2025-07-18,99059,Milner Τυρί Σε Φέτες 300 gr,4.5
2025-07-18,191869,Ήπειρος Οικογενειακό Τυρί Ελαφρύ Φρατζόλα,2.78
2025-07-18,118998,Ήπειρος Οικογενειακό Τυρί Φρατζόλα,2.89
2025-07-18,153497,Δωδώνη Τυρί Του Τοστ Light 17% Ημίσκληρο Φρατζόλα,3.63
2025-07-18,153496,Δωδώνη Τυρί Του Τοστ Ημίσκληρο 29% Φρατζόλα,3.43
2025-07-18,105176,Λεβέτι Τυρί Κασέρι ΠΟΠ Φρατζόλα,3.93
2025-07-18,69568,Λογάδι Τυρί 17% Φρατζόλα,3.39
2025-07-18,4417,Μεβγάλ Μακεδονικό Τυρί Ημίσκληρο 24% Φρατζόλα,3.08
2025-07-18,167643,Νουνού Τυρί Gouda Mix Τριμμένο 200 gr,2.53
2025-07-18,4390,Φάγε Τρικαλινό Τυρί 22% Φρατζόλα,3.91
2025-07-18,60634,Φάγε Τρικαλινό Τυρί Light 10% Φρατζόλα,4.29
2025-07-18,163379,Φάγε Τρικαλινό Τυρί Light 380 gr,7.05
2025-07-18,41017,Φάγε Τρικαλινό Τυρί Light Σε Φέτες 200 gr,4.24
2025-07-18,147779,Φάγε Τρικαλινό Τυρί Καπνιστό Σε Φέτες 200 gr,4.24
2025-07-18,148736,Φάγε Τρικαλινό Τυρί Καπνιστό Φρατζόλα,4.24
2025-07-18,41016,Φάγε Τρικαλινό Τυρί Σε Φέτες 200 gr,4.05
2025-07-18,152994,Hellenic Farms Τυρί Κατσικίσιο Σε Φέτες 150 gr,3.2
2025-07-18,170547,Ήπειρος Τυρί Ημίσκληρο Κατσικίσιο 31% Φρατζόλα,4.24
2025-07-18,46090,Arla Τυρί Mozzarella 40% Φρατζόλα,3.05
2025-07-18,128722,Arla Τυρί Mozzarella Τριμμένη 200 gr,2.64
2025-07-18,197869,Dirollo Τυρί Mozzarella 16% Φρατζόλα,2.12
2025-07-18,187192,Nord Harbor Τυρί Mozzarella Τριμμένη 170 gr,2.15
2025-07-18,36163,Trentin Τυρί Provolone Καπνιστό,4.48
2025-07-18,174724,Amari Μυζήθρα Φρέσκια Γλυκιά 400 gr,3.82
2025-07-18,164916,Γεράκι Μυζήθρα Γλυκιά,4.43
2025-07-18,4500,Δίκτη Μυζήθρα Γλυκιά,13.2
2025-07-18,24410,Κωστάκης Μυζήθρα Γλυκιά,3.17
2025-07-18,4427,Μπαλαντίνος Μυζήθρα Γλυκιά,2.93
2025-07-18,88955,Σταματογιώργης Μυζήθρα Γλυκιά ,4.45
2025-07-18,105757,Συλλιγάρδος Μυζήθρα Γλυκιά,4.74
2025-07-18,101608,Σχετάκης Μυζήθρα Νωπή,3.18
2025-07-18,174725,Amari Γαλομυζήθρα 300 gr,3.9
2025-07-18,134533,Ένωση Μυλοποτάμου Μυζήθρα Ξινή Κρήτης ΠΟΠ 500 gr,3.94
2025-07-18,61013,Δίκτη Τυρί Μαλακό Με Όξινη Γεύση ,6.24
2025-07-18,187011,Καλογεράκη Ξυνομυζήθρα ΠΟΠ Κρήτης 350 gr,2.84
2025-07-18,142397,Σταματογιώργης Μυζήθρα Ξινή 500 gr,6.44
2025-07-18,183296,Συλλιγάρδος Μυζήθρα Ξινή 400 gr,5.3
2025-07-18,100752,Σχετάκης Μυζήθρα Ξινή Χανίων,2.31
2025-07-18,105497,Amari Ανθότυρος Ξηρός,3.58
2025-07-18,116086,Ένωση Μυλοποτάμου Ανθότυρος Ξηρός,2.87
2025-07-18,143444,Δίκτη Ανθότυρος Ξηρός,3.77
2025-07-18,172715,Θεργιάκης Ανθότυρος Ξηρός,3.13
2025-07-18,4398,Καλογεράκη Ανθότυρος Ξηρός ,3.02
2025-07-18,188943,Καλογεράκη Ανθότυρος Ξηρός Τριμμένος 200 gr,2.75
2025-07-18,55950,Καλογεράκη Τυρί Ανθότυρος Συσκευασμένο,7.69
2025-07-18,142418,Σταματογιώργης Ανθότυρος Ξηρός,3.66
2025-07-18,4407,Στειακάκης Ανθότυρος Ξηρός ,3.18
2025-07-18,190801,Στειακάκης Ανθότυρος Τριμμένος 200 gr,3.35
2025-07-18,183497,Ψηλορείτης Ανθότυρος Τριμμένος 200 gr,3.48
2025-07-18,178323,Apostolou Ταλαγάνι Σε Φέτες 200 gr,2.72
2025-07-18,189152,Hellenic Farms Τυρί Μανούρι ΠΟΠ ,3.2
2025-07-18,191574,Mediterranean G.O.D. Taste Χαλλούμι Κυπριακό 200 gr,3.3
2025-07-18,143763,Ήπειρος Τυρί Μανούρι,3.13
2025-07-18,146553,Ήπειρος Τυρί Μανούρι ΠΟΠ 200 gr,3.36
2025-07-18,152089,Δωδώνη Τυρί Χαλλούμι 225 gr,2.81
2025-07-18,153027,Μεβγάλ Τυρί Μανούρι ΠΟΠ 200 gr,3.22
2025-07-18,88718,Ballarini Τυρί Gorgonzola Ιταλίας,4.23
2025-07-18,72544,Castello Danablu Τυρί Μπλε,3.68
2025-07-18,71174,Castello Danablu Τυρί Μπλε 100 gr,2.2
2025-07-18,182525,Coccinelle Τυρί Roquefort ,6.11
2025-07-18,189173,Nord Harbor Τυρί Μπλε Δανίας Χωρίς Γλουτένη 100 gr,2.15
2025-07-18,189170,Nord Harbor Τυρί Μπλε Δανίας Χωρίς Γλουτένη Ρόδα,2.68
2025-07-18,87021,Papillon Black Τυρί Roquefort,9.3
2025-07-18,162069,Amari Τυροζούλι Κατσικίσιο 16%,5.92
2025-07-18,75575,Κωστάκης Τυρομάλαμα,5.19
2025-07-18,142422,Σταματογιώργης Τυροζούλι,7.46
2025-07-18,173217,Alda Τυρί Mozzarella Φρατζόλα,2.15
2025-07-18,157103,Burrata Τυρί Mozzarella Από Βουβαλινό Γάλα 125 gr ,2.77
2025-07-18,98441,Dirollo Τυρί Mozzarella 125 gr,2.1
2025-07-18,92121,Granarolo Τυρί Mozzarella 125 gr,2.15
2025-07-18,134193,Granarolo Τυρί Mozzarella Maxi 250 gr,4.07
2025-07-18,188211,Ponte Reale Τυρί Mozzarella Βουβαλίσιο 125 gr,2.57
2025-07-18,188212,Ponte Reale Τυρί Mozzarella Βουβαλίσιο 250 gr,5.2
2025-07-18,183170,Zanetti Τυρί Μοτσαρέλα Di Bufala Campana Dop 125 gr,2.9
2025-07-18,39727,Kerrygold Τυρί Regato Light 16% Ρόδα,2.98
2025-07-18,4529,Kerrygold Τυρί Regato Ιρλανδίας 25.5% Ρόδα,2.88
2025-07-18,88182,Kerrygold Τυρί Regato Τριμμένο 400 gr,6.08
2025-07-18,175078,Leader Τυρί Regato Τριμμένο 400 gr,4.6
2025-07-18,202184,Melkland Τυρί Regato Ιρλανδίας,2.58
2025-07-18,90972,Amari Γραβιέρα Γλυκιά Κρήτης Φρατζόλα,4.08
2025-07-18,174721,Amari Γραβιέρα Κρήτης ΠΟΠ,3.9
2025-07-18,189580,Ένωση Μυλοποτάμου Γραβιέρα ,3.65
2025-07-18,189008,Γεράκι Τυρί Γραβιέρα ,3.79
2025-07-18,132435,Δίκτη Γραβιέρα,4.74
2025-07-18,99126,Θεργιάκης Γραβιέρα,3.23
2025-07-18,97563,Καλογεράκη Γραβιέρα Light,4.08
2025-07-18,4507,Καλογεράκη Γραβιεράκι ,4.23
2025-07-18,4435,Καργάκης Γραβιέρα,3.69
2025-07-18,21445,Κωστάκης Γραβιέρα ,4.23
2025-07-18,150271,Κωστάκης Γραβιέρα Με Μπούκοβο,4.48
2025-07-18,25159,Μπαλαντίνος Γραβιέρα,4.18
2025-07-18,194084,Ξυλούρης Γραβιέρα Κρήτης ΠΟΠ,4.31
2025-07-18,154564,Παρασύρης Γραβιέρα,3.75
2025-07-18,38791,Σοφούλης Γραβιέρα,4.38
2025-07-18,53965,Σταματογιώργης Γραβιέρα,3.97
2025-07-18,142393,Σταματογιώργης Γραβιεράκι,3.97
2025-07-18,4409,Στειακάκης Γραβιέρα,4.32
2025-07-18,197391,Στειακάκης Γραβιέρα Συσκευασμένη 350 gr,6.1
2025-07-18,98401,Τζουρμπάκη Γραβιέρα Με Μειωμένα Λιπαρά Φρατζόλα,4.6
2025-07-18,98403,Τζουρμπάκη Γραβιέρα Φρατζόλα,4.43
2025-07-18,151397,Τσαίνης Τυρί Γραβιέρα,4.6
2025-07-18,194230,Parrano Robusto Τυρί 150 gr,3.15
2025-07-18,194228,Parrano Robusto Τυρί Ρόδα ,3.87
2025-07-18,194235,Parrano Robusto Τυρί Τριμμένο 180 gr,3.55
2025-07-18,189150,St. Angelo Τυρί Σκληρό Ιταλίας ,3.7
2025-07-18,170249,Νταγιαντάς Τυρί Αιγοπρόβειο Χαμηλά Λιπαρά,5.0
2025-07-18,127888,Νταγιαντάς Τυρί Καπνιστό,5.47
2025-07-18,49491,Συνεταιρισμός Νάξου Τυρί Γραβιέρα Νάξου ΠΟΠ,4.38
2025-07-18,88953,Σταματογιώργης Τυρί Κατσικίσιο,5.0
2025-07-18,4489,Δίκτη Κεφαλοτύρι,4.61
2025-07-18,89111,Δίκτη Κεφαλοτύρι Τεμαχισμένο Συσκευασμένο 600/800,13.57
2025-07-18,98884,Θεργιάκης Κεφαλοτύρι Κρήτης,3.49
2025-07-18,118897,Καλογεράκη Κεφαλοτύρι ,4.13
2025-07-18,4520,Καργάκης Κεφαλοτύρι Κρήτης,3.69
2025-07-18,178917,Παρασύρης Κεφαλοτύρι Κρήτης ,3.37
2025-07-18,118650,Σταματογιώργης Κεφαλοτύρι Κρήτης,3.97
2025-07-18,145690,Σταματογιώργης Κεφαλοτύρι Με Βότανα ,4.83
2025-07-18,62905,Στειακάκης Κεφαλοτύρι Mini ,3.87
2025-07-18,62904,Στειακάκης Κεφαλοτύρι Κρήτης ,3.87
2025-07-18,115393,Στειακάκης Κεφαλοτύρι Τριμμένο 200 gr,3.67
2025-07-18,114652,Συλλιγάρδος Κεφαλοτύρι ,3.98
2025-07-18,158442,Granarolo Τυρί Grana Padano 200 gr,5.46
2025-07-18,168727,Granarolo Τυρί Parmigiano Reggiano 200 gr,6.4
2025-07-18,185694,Granarolo Τυρι Pecorino Romano ,4.97
2025-07-18,186507,Monnalisa Τυρί Pecorino Με Μπούκοβο,8.15
2025-07-18,157005,Monnalisa Τυρί Pecorino Με Πιπέρι,7.49
2025-07-18,188850,Pecorino Romano Bianco Τυρί Π.Ο.Π,4.97
2025-07-18,191862,Zanetti Τυρί Grana Padano Flakes 100 gr,2.8
2025-07-18,191863,Zanetti Τυρί Grana Padano Τριμμένο 100 gr,2.65
2025-07-18,153245,Τυρί Grana Padano,4.96
2025-07-18,157011,Τυρί Pecorino Με Τρούφα Ρόδα,9.21
2025-07-18,130766,Τυρί Pecorino Πρόβειο Με Τρούφα Ρόδα,11.63
2025-07-18,160937,Amari Τυρί Λευκό Κατσικίσιο Σε Άλμη 400 gr,6.48
2025-07-18,119131,Kolios Σπιτικό Λευκό Τυρί Ελαφρύ 400 gr,5.52
2025-07-18,198371,Kolios Σπιτικό Τυρί Λευκό Χωρίς Λακτόζη 300 gr,3.78
2025-07-18,124652,Ήπειρος Μαλακή Λευκό Τυρί 400 gr,5.35
2025-07-18,204008,Ήπειρος Τυρί Ελαφρύ 180 gr,3.14
2025-07-18,75927,Ήπειρος Τυρί Λευκό Ελαφρύ Σε Άλμη 400 gr,5.68
2025-07-18,181528,Όλυμπος Freelact Τυρί Λευκό Χωρίς Λακτόζη 400 gr,5.36
2025-07-18,179525,Γαρος Άλμη 1 lt,1.05
2025-07-18,180587,Δωδώνη Τυρί Λευκό Ελαφρύ 200 gr,3.63
2025-07-18,169764,Δωδώνη Τυρί Λευκό Ελαφρύ Σε Άλμη 400 gr,5.65
2025-07-18,4512,Κουβαράκης Τυρί Λευκό Άλμης,2.84
2025-07-18,4416,Μεβγάλ Τυρί Λευκό Άλμης,1.65
2025-07-18,146318,Ροδόπη Τυρί Λευκό Αγελαδινό,1.78
2025-07-18,124036,Σελλιανό Προϊόν Γάλακτος 430 gr,6.36
2025-07-18,124035,Σελλιανό Προϊόν Γάλακτος 950 gr,11.72
2025-07-18,4467,Σελλιανό Προϊόν Γάλακτος Σε Άλμη,2.6
2025-07-18,59990,Σοφούλης Λευκό Τυρί Άλμης,3.0
2025-07-18,191122,Τρίπολη Βαρελίσιο Τυρί Σε Άλμη,2.54
2025-07-18,95669,Χωριό Λευκό Τυρί Ελαφρύ Σε Άλμη 360 gr,6.87
2025-07-18,106765,Kolios Τυρί Φέτα ΠΟΠ 200 gr,2.68
2025-07-18,4487,Ήπειρος Τυρί Φέτα,2.75
2025-07-18,195023,Ήπειρος Τυρί Φέτα 180 gr,2.32
2025-07-18,145134,Ήπειρος Τυρί Φέτα Με Λιγότερο Αλάτι 400 gr,5.35
2025-07-18,27231,Ήπειρος Τυρί Φέτα Σε Άλμη 1 kg,12.25
2025-07-18,56521,Ήπειρος Τυρί Φέτα Σε Άλμη Χωρίς Λακτόζη 400 gr,5.35
2025-07-18,197953,Όλυμπος Τυρί Φέτα Βαρελίσια ΠΟΠ 300 gr,5.2
2025-07-18,203785,Βαλμά Τυρί Φέτα ΠΟΠ,2.62
2025-07-18,46692,Βαλμά Τυρί Φέτα ΠΟΠ Σε Άλμη 1 kg ,12.9
2025-07-18,46083,Βαλμά Τυρί Φέτα ΠΟΠ Σε Άλμη 400 gr ,5.48
2025-07-18,4418,Δωδώνη Τυρί Φέτα,2.99
2025-07-18,78481,Δωδώνη Τυρί Φέτα 400 gr,6.45
2025-07-18,102689,Θεσσαλίας Τυρί Φέτα ΠΟΠ ,2.48
2025-07-18,75985,Θεσσαλίας Τυρί Φέτα ΠΟΠ 400 gr,6.38
2025-07-18,153443,Μεβγάλ Φέτα ΠΟΠ 200 gr,2.99
2025-07-18,37040,Μεβγάλ Φέτα ΠΟΠ 400 gr ,6.78
2025-07-18,91524,Χωριό Τυρί Φέτα Σε Άλμη Βιολογικό 350 gr,7.15
2025-07-18,166248,Kolios Λευκό Νηστίσιμο Χωρίς Λακτόζη Vegan Χωρίς Γλουτένη ,2.39
2025-07-18,158227,Nuttrie Φυτικό Αναπλήρωμα Flavour Gouda Σε Φέτες Vegan Χωρίς Γλουτένη 200 gr,1.9
2025-07-18,182822,Nuttrie Φυτικό Αναπλήρωμα Flavour Τριμμένο Per Pasta &amp; Pizza Vegan Χωρίς Γλουτένη 200 gr,2.1
2025-07-18,179014,Viofast Κίτρινο Αναπλήρωμα Νηστίσιμο Χωρίς Λακτόζη Vegan Χωρίς Γλουτένη Φρατζόλα,2.03
2025-07-18,182761,Viofast Λευκό Αναπλήρωμα Νηστίσιμο Χωρίς Λακτόζη Vegan Χωρίς Γλουτένη Φρατζόλα,2.58
2025-07-18,172649,Violife Φυτικό Άλειμμα Creamy Χωρίς Λακτόζη Vegan Χωρίς Γλουτένη 150 gr,2.69
2025-07-18,178194,Violife Φυτικό Αναπλήρωμα Flavour Gouda Σε Φέτες Χωρίς Λακτόζη Vegan Χωρίς Γλουτένη 140 gr,2.68
2025-07-18,158024,Φυτικό Κίτρινο Vegan Φρατζόλα,1.65
2025-07-18,197409,Magnum Παγωτό Sandwich 6 Τεμάχια 348 gr 360 ml,5.54
2025-07-18,5876,Boss Παγωτό Mini Collection 8 Τεμάχια 268 gr 400 ml,5.49
2025-07-18,145903,Κρι Κρι Heartmade Παγωτό 0% Ζάχαρη 750 gr 1.5 lt,4.6
2025-07-18,204331,Κρι Κρι Heartmade Παγωτό Banoffee 750 gr 1.5 lt,4.6
2025-07-18,204330,Κρι Κρι Heartmade Παγωτό Cookies 750 gr 1.5 lt,4.6
2025-07-18,204329,Κρι Κρι Heartmade Παγωτό Stracciatella 750 gr 1.5 lt,4.6
2025-07-18,204328,Κρι Κρι Heartmade Παγωτό Αγριοκέρασο 750 gr 1.5 lt,4.6
2025-07-18,204327,Κρι Κρι Heartmade Παγωτό Βανίλια Κακάο 750 gr 1.5 lt,4.6
2025-07-18,204131,Magic Παγωτό Mini Classic Almond White Chocolate 8 Τεμάχια 336.8 gr 440 ml,4.45
2025-07-18,197159,Magic Παγωτό Mini Cookies 6 Τεμάχια 270 gr 330 ml,4.45
2025-07-18,197158,Magic Παγωτό Mini Double Caramel 6 Τεμάχια 282 gr 330 ml,4.45
2025-07-18,190876,Magic Παγωτό Mini Double Caramel Chocolate 6 Τεμάχια 283.5 gr 330 ml,4.45
2025-07-18,197161,Algida Παγωτό Sandwich 6 Τεμάχια 402 gr 600 ml ,4.4
2025-07-18,197402,Nirvana Παγωτό Brownies &amp; Salt Caramel 302 gr 420 ml,4.4
2025-07-18,197401,Nirvana Παγωτό Chocolate &amp; Choco Chips 322 gr 420 ml,4.4
2025-07-18,197404,Nirvana Παγωτό Cookie Dough 302 gr 420 ml,4.4
2025-07-18,197399,Nirvana Παγωτό Cookies &amp; Cream 302 gr 420 ml,4.4
2025-07-18,197400,Nirvana Παγωτό Pralines &amp; Cream 310 gr 420 ml,4.4
2025-07-18,204344,Nirvana Παγωτό Ράσμπερι Τρούφα 313 gr 420 ml,4.4
2025-07-18,190874,Ben &amp; Jerry&#039;s Sundae Παγωτό Cookie Vermont - Ster 324 gr 427 ml,4.95
2025-07-18,197163,Ben &amp; Jerry&#039;s Sundae Παγωτό Dulce De - Lish 350 gr 427 ml,4.95
2025-07-18,204266,Ben &amp; Jerry&#039;s Παγωτό Brookieees &amp; Cream 388 gr 465 ml,4.95
2025-07-18,178509,Ben &amp; Jerry&#039;s Παγωτό Chocolate Fudge Brownie 408 gr 465 ml,4.95
2025-07-18,197157,Ben &amp; Jerry&#039;s Παγωτό Chocolate Fudge Brownie Non Dairy Vegan 387 gr 465 ml,4.95
2025-07-18,190873,Ben &amp; Jerry&#039;s Παγωτό Chocolatery Love A Fair 402 gr 465 ml,4.95
2025-07-18,178508,Ben &amp; Jerry&#039;s Παγωτό Cookie Dough 406 gr 465 ml,4.95
2025-07-18,178507,Ben &amp; Jerry&#039;s Παγωτό Karamel Sutra Core 422 gr 465 ml,4.95
2025-07-18,204267,Ben &amp; Jerry&#039;s Παγωτό Sweet Mango Memories 413 gr 465 ml,4.95
2025-07-18,179264,Algida Γρανίτα Calippo Super Mix Χωρίς Γλουτένη 5 Τεμάχια 525 gr 525 ml,3.65
2025-07-18,204105,Algida Παγωτό Twister Mini Pineapple 312 gr 400 ml,3.49
2025-07-18,185382,Pirulo Γρανίτα Καρπουζι Vegan Χωρίς Γλουτένη 5 Τεμάχια 335 gr 365 ml ,3.29
2025-07-18,78897,Χρυσή Ζύμη Σπιτική Χορτόπιτα Με Σπανάκι Αντίδια Πράσο &amp; Μυζήθρα 850 gr,4.68
2025-07-18,206487,Alfa Πίτσα Margherita Οικογενειακή 770 gr,5.67
2025-07-18,188457,Χρυσή Ζύμη Μακεδονίτικο Στριφτάρι Με Μυζήθρα &amp; Φέτα 800 gr,4.02
2025-07-18,78896,Χρυσή Ζύμη Σπιτική Κασερόπιτα 850 gr,5.04
2025-07-18,64178,Χρυσή Ζύμη Πεϊνιρλί Με Μπέικον &amp; Κασέρι 650 gr,4.68
2025-07-18,157042,Alfa Τυρόπιτα Τσαλακωτή Πηλίου 850 gr,5.48
2025-07-18,161315,Alfa Χορτόπιτα Τσαλακωτή Πηλίου Vegan 850 gr,5.21
2025-07-18,185181,Χιωτάκης Τυρόπιτα Στριφτή Με Κρητικό Κατσικίσιο Τυρί 800 gr,5.18
2025-07-18,120558,Alfa Φύλλο Σφολιάτας Του Χεριού Σας 800 gr,2.57
2025-07-18,182483,Kokkalis Βακαλάος Ρολό Ατλαντικού 630 gr,5.96
2025-07-18,113629,Χαλκιαδάκης Πίτσα Special 3 x 430 gr,8.37
2025-07-18,120556,Alfa Χωριάτικο Φύλλο Κοζάνης Κιχί Για Πίτες 750 gr,2.13
2025-07-18,181862,Μπάρμπα Στάθης Φασόλια Χάντρες 600 gr,3.3
2025-07-18,188458,Χρυσή Ζύμη Μπουγάτσα Θεσσαλονίκης Με Κρέμα Από Σιμιγδάλι Vegan 800 gr,3.28
2025-07-18,130089,Χιωτάκης Σφακιανοπιτάκια 12 Τεμάχια 400 gr,4.24
2025-07-18,189988,Kanaki Ζύμη Κουρού Με Μαγιά 2 Τεμάχια 650 gr,3.04
2025-07-18,4762,Μπάρμπα Στάθης Μπρόκολο 750 gr,3.0
2025-07-18,4883,Μπάρμπα Στάθης Μανιτάρια Σε Φέτες 450 gr,2.94
2025-07-18,53365,Χιωτάκης Μυζηθροπιτάκια Γλυκά 28-29 Τεμάχια 500 gr,3.73
2025-07-18,188829,Μπαρμπα Στάθης Επιλέγουμε Πλιγούρι Με Λαχανικά Vegan 400 gr,2.67
2025-07-18,188828,Μπαρμπα Στάθης Επιλέγουμε Ρεβίθια Με Λαχανικά Vegan 400 gr,2.67
2025-07-18,124147,Τα Μερακλίδικα Σφακιανές Πίτες 3 Τεμάχια 390 gr,3.44
2025-07-18,184154,Atlantikos Γαρίδες Αποφλοιωμένες 20/40 425 gr,6.33
2025-07-18,172506,Μπάρμπα Στάθης Καλαμπόκι 600 gr ,2.38
2025-07-18,97928,Τα Μερακλίδικα Κρητικές Παραδοσιακές Χορτόπιτες Vegan 3 Τεμαχίων 390 gr,3.9
2025-07-18,188625,Μπάρμπα Στάθης Αρακάς 420 gr,2.3
2025-07-18,148764,Μπάρμπα Στάθης Ρεβίθια 600 gr,2.21
2025-07-18,178377,Μπάρμπα Στάθης Φασόλια Μαυρομάτικα 450 gr,2.03
2025-07-18,197841,Τα Μερακλίδικα Πίτσα Μαργαρίτα Με Αλεύρι Ολικής Αλέσης 2 x 375 gr,4.55
2025-07-18,182517,Nikolopoulou Φυτικοί Κολοκυθοκεφτέδες Vegan 10 Τεμάχια 350 gr,3.14
2025-07-18,172489,Daskalakis Μπακαλιάρος Αργεντινής Καθαρισμένος &amp; Απολεπισμένος Σε Μερίδες 630 gr,4.4
2025-07-18,160124,Daskalakis Ψαροκροκέτες 250 gr,2.96
2025-07-18,185346,Greca Καλτσόνε Χειροποίητο 280 gr,2.01
2025-07-18,185347,Greca Πεϊνερλί Χειροποίητο 260 gr,1.97
2025-07-18,4998,7 Θάλασσες Σουρίμι Απομίμηση Αστακού 250 gr,1.91
2025-07-18,179762,Βέρο Κρητικό Παγωτό Βρώμης Βανίλια Με Κομμάτια Σοκολάτας 700 gr 750 ml ,8.4
2025-07-18,160693,Βέρο Κρητικό Παγωτό Σοκολάτα 590 gr 750 ml,7.85
2025-07-18,119674,Χαλκιαδάκης Αγκινάρες Πάτοι 750 gr,5.9
2025-07-18,119669,Χαλκιαδάκης Αρακάς Πέλλας 1 kg,2.5
2025-07-18,132022,Χαλκιαδάκης Αρακάς Πέλλας 450 gr,1.8
2025-07-18,119676,Χαλκιαδάκης Καλαμπόκι 450 gr,1.7
2025-07-18,119671,Χαλκιαδάκης Μπάμιες Extra 1 kg,5.78
2025-07-18,130483,Χαλκιαδάκης Μπάμιες Extra Ροδόπης 450 gr,3.67
2025-07-18,119675,Χαλκιαδάκης Σπανάκι Πέλλας 750 gr,2.55
2025-07-18,119673,Χαλκιαδάκης Φασολάκια Πλατιά Πέλλας 1 kg,2.55
2025-07-18,119672,Χαλκιαδάκης Φασολάκια Στρογγυλά Πέλλας 1 kg,2.6
2025-07-18,130482,Χαλκιαδάκης Φασόλια Χάντρες Πέλλας 450 gr,2.88
2025-07-18,119670,Χαλκιαδάκης Μίγμα Λαχανικών 1 kg,2.47
2025-07-18,170832,Green &amp; Yellows Ντολμαδάκια Vegan 250 gr,4.07
2025-07-18,195096,Mc Cain Chili Cheese Nuggets Picker&#039;s 230 gr,2.74
2025-07-18,195095,Mc Cain Τυροκροκέτες Nacho Cheese Triangles Picker&#039;s 230 gr,2.74
2025-07-18,203471,Αινός Σπανακόρυζο 1 kg,3.92
2025-07-18,192801,Κουκλινός Focaccia Γυρόπιτα Κλασική 2 Τεμάχια 360 gr,5.78
2025-07-18,192803,Κουκλινός Focaccia Γυρόπιτα Κοτόπουλο 2 Τεμάχια 360 gr,5.78
2025-07-18,4790,Μπάρμπα Στάθης Ας Μαγειρέψουμε Αρακάς &amp; Αγκινάρες 1000 gr,6.78
2025-07-18,43569,Μπάρμπα Στάθης Ας Μαγειρέψουμε Αρακάς Λαδερός 1000 gr,5.8
2025-07-18,4808,Μπάρμπα Στάθης Ας Μαγειρέψουμε Μπριάμ 1000 gr,7.58
2025-07-18,203739,Μπάρμπα Στάθης Ας Μαγειρέψουμε Σπανάκι Με Φασόλια Μαυρομάτικα 1 kg,4.48
2025-07-18,23482,Μπάρμπα Στάθης Ας Μαγειρέψουμε Σπανακόρυζο 1000 gr,6.1
2025-07-18,204452,Μπάρμπα Στάθης Ας Μαγειρέψουμε Φασόλια Γίγαντες 750 gr,5.24
2025-07-18,49562,Μπάρμπα Στάθης Ρύζι Με Καλαμπόκι Χωρίς Γλουτένη 600 gr,3.84
2025-07-18,49565,Μπάρμπα Στάθης Ρύζι Με Μανιτάρια Χωρίς Γλουτένη 600 gr,3.98
2025-07-18,191105,Μπάρμπα Στάθης Φυτικά Κεφτεδάκια Με Πατάτες Νάξου Vegan Χωρίς Γλουτένη 420 gr,5.8
2025-07-18,179050,Baker Master Πορτοκαλόπιτα 1000 gr,7.45
2025-07-18,179049,Baker Master Σοκολατόπιτα 750 gr,8.6
2025-07-18,193499,Alfa Μπουγάτσα Θεσσαλονίκης Με Κρέμα &amp; Σοκολάτα 450 gr,4.58
2025-07-18,120559,Alfa Μπουγάτσα Θεσσαλονίκης Με Κρέμα Vegan 800 gr,4.68
2025-07-18,200947,Alfa Μπουγάτσα Θεσσαλονίκης Με Κρέμα Βανίλιας Χωρίς Προσθήκη Ζάχαρης Vegan 450 gr,3.95
2025-07-18,193500,Alfa Μπουγάτσα Θεσσαλονίκης Με Μυζήθρα &amp; Φέτα ΠΟΠ 450 gr,1.98
2025-07-18,149559,Baker Master Μπουγάτσα Θεσσαλονίκης Με Κρέμα 815 gr,4.34
2025-07-18,100903,Τα Μερακλίδικα Σπιτική Μπουγάτσα 600 gr,2.51
2025-07-18,141398,Χιωτάκης Μπουγάτσα Με Πηχτόγαλο Χανίων 700 gr,6.2
2025-07-18,135085,Χρυσή Ζύμη Κρουασανάκια Βουτύρου 12 Τεμάχια 300 gr,1.77
2025-07-18,143188,Χρυσή Ζύμη Κρουασανάκια Βουτύρου Με Πραλίνα 10 Τεμάχια 480 gr,2.69
2025-07-18,188267,Alfa Mini Rollitos Με 3 Τυριά 50-55 Τεμάχια 750 gr,3.29
2025-07-18,194747,Alfa Mini Rollitos Με Cheddar &amp; Μπέικον 50-55 Τεμάχια 750 gr,3.29
2025-07-18,188266,Alfa Mini Rollitos Με Γεύση Πίτσα 50-55 Τεμάχια 750 gr,5.65
2025-07-18,183082,Alfa Εκλεκτά Ζαμπονοτυροπιτάκια Με Κασέρι ΠΟΠ &amp; Σως 450 gr,3.98
2025-07-18,183085,Alfa Εκλεκτά Πιτάκια Με Τυρί Κρέμα &amp; Γαλοπούλα 450 gr,3.84
2025-07-18,183087,Alfa Εκλεκτά Ρολάκια Λαχανικών Με Τυρί Vegan 450 gr,1.79
2025-07-18,183086,Alfa Εκλεκτά Ρολάκια Με Τυρί Μπέικον &amp; Μαγιονέζα 450 gr,3.65
2025-07-18,158669,Alfa Κεφάτα Λουκανικοπιτάκια Κουρού 800 gr,6.45
2025-07-18,157442,Alfa Κεφάτα Τυροπιτάκια Κουρού 800 gr,5.3
2025-07-18,183084,Alfa Κεφάτα Τυροπιτάκια Σφολιάτας Με Φέτα ΠΟΠ &amp; Μυζήθρα 31-32 Τεμάχια 1000 gr,5.45
2025-07-18,101247,Alfa Κιχάκια Παραδοσιακά Με Φέτα ΠΟΠ &amp; Μυζήθρα 800 gr,3.54
2025-07-18,123589,Alfa Κιχί Παραδοσιακή Πίτα Με Σπανάκι Νηστίσιμη 800 gr,4.42
2025-07-18,114756,Alfa Κιχί Παραδοσιακή Πίτα Με Φέτα ΠΟΠ &amp; Μυζήθρα 800 gr,4.53
2025-07-18,179209,Alfa Κοτόπιτα Χωριάτικη 900 gr,9.0
2025-07-18,194748,Alfa Πίτα Κασσιάτα Τ. Ζαγορίου Με Κιμά Κρεμμύδι &amp; Πράσο 650 gr,4.19
2025-07-18,149538,Alfa Πίτα Κασσιάτα Τ. Ζαγορίου Με Μυζήθρα Φέτα ΠΟΠ Στραγγιστό Γιαούρτι &amp; Γραβιέρα 650 gr,3.65
2025-07-18,105529,Alfa Παραδοσιακή Πίτα Μετσόβου Με Σπανάκι 850 gr,3.98
2025-07-18,200948,Alfa Τριγωνάρια Κοτοπιτάκια Με Gouda &amp; Πιπεριές 450 gr,6.63
2025-07-18,186197,Alfa Τσαλακωτά Τριγωνάρια Με Σταμναγκάθι &amp; Μυζήθρα 700 gr,3.53
2025-07-18,134197,Baker Master Ζαμπονοτυροπιτάκια Σφολιάτας 450 gr,3.13
2025-07-18,134198,Baker Master Λουκανικοπιτάκια Σφολιάτας 450 gr,3.13
2025-07-18,134201,Baker Master Σπανακοτυροπιτάκια Κουρού 450 gr,2.7
2025-07-18,173813,Baker Master Σπανακοτυρόπιτα Χωριάτικη 850 gr,7.38
2025-07-18,134200,Baker Master Τυροπιτάκια Κουρού 450 gr,2.5
2025-07-18,162492,Kanaki Λουκανικοπιτάκια Κουρού 800 gr,5.2
2025-07-18,198740,Mantinga Μπαγκέτα Γαλλική Με Γέμιση Βούτυρο &amp; Σκόρδο 175 gr,1.44
2025-07-18,182519,Nikolopoulou Φυτικά Spring Rolls Vegan 8 Τεμάχια 360 gr ,3.95
2025-07-18,109890,Regina Μυζηθροπιτάκια Γλυκά Τηγανιού 1 kg,6.56
2025-07-18,115569,Regina Μυζηθρόπιτες 5 x 100 gr,6.04
2025-07-18,109889,Regina Ξινά Τυροπιτάκια Τηγανιού 1 kg,5.88
2025-07-18,109888,Regina Χορτοπιτάκια Τηγανιού 1 kg,7.7
2025-07-18,188447,Βολικάκης Μαραθοτυρόπιτα 4 Τεμάχια 640 gr,8.2
2025-07-18,188424,Βολικάκης Μαραθόπιτα 640 gr,8.05
2025-07-18,188423,Βολικάκης Σφακιανή Πίτα 4 Τεμάχια 640 gr,8.2
2025-07-18,122642,Κουκλινός Σφακιανή Πίτα Με Τυρί 3 Τεμάχια 580 gr,6.55
2025-07-18,122643,Κουκλινός Σφακιανή Χορτόπιτα 3 Τεμάχια 580 gr,6.55
2025-07-18,4777,Τα Μερακλίδικα Μυζηθροπιτάκια Γλυκά 500 gr,4.86
2025-07-18,113260,Τα Μερακλίδικα Μυζηθροπιτάκια Ξινά 500 gr,4.86
2025-07-18,41190,Τα Μερακλίδικα Χορτοπιτάκια Τηγανιού Vegan 500 gr,4.83
2025-07-18,186872,Χιωτάκης Κοτόπιτα Παραδοσιακή 920 gr,11.3
2025-07-18,23801,Χιωτάκης Πίτες Σφακιανές 4 Τεμάχια 500 gr,5.98
2025-07-18,185180,Χιωτάκης Σπανακοτυρόπιτα Στριφτή 800 gr ,7.0
2025-07-18,169951,Χρυσή Ζύμη Λουκανικοπιτάκια Με Λουκάνικο Από Χοιρινό Κρέας 800 gr,6.22
2025-07-18,168885,Χρυσή Ζύμη Πίτα Χορευτή Με Καπνιστό Τυρί Μετσόβου &amp; Γραβιέρα 850 gr,7.06
2025-07-18,168887,Χρυσή Ζύμη Πίτα Χορευτή Με Κοτόπουλο Γραβιέρα &amp; Πιπεριές 850 gr,5.9
2025-07-18,168886,Χρυσή Ζύμη Πίτα Χορευτή Με Σπανάκι Μυζήθρα Πράσο &amp; Φέτα 850 gr,7.43
2025-07-18,191107,Χρυσή Ζύμη Σουσαμίνια Με Λουκάνικο Κέτσαπ &amp; Μουστάρδα 700 gr ,5.57
2025-07-18,188456,Χρυσή Ζύμη Σπιτικά Τρίγωνα Με Σπανάκι Αντίδια &amp; Μυζήθρα 700 gr,5.81
2025-07-18,188455,Χρυσή Ζύμη Σπιτικά Τρίγωνα Με Φέτα &amp; Κατίκι Δομοκού 700 gr,5.87
2025-07-18,188833,Χρυσή Ζύμη Τυροπιτάκια Κουρού 800 gr,4.91
2025-07-18,188834,Χρυσή Ζύμη Τυροπιτάκια Σφολιάτας Με Μυζήθρα &amp; Φέτα 800 gr,4.68
2025-07-18,162489,Alfa Πίτσα Margherita 2 Τεμάχια 730 gr,5.34
2025-07-18,162488,Alfa Πίτσα Special 2 Τεμάχια 810 gr,6.47
2025-07-18,136531,Baker Master Πίτσα Μαργαρίτα 415 gr,3.7
2025-07-18,186360,Dr. Oetker Πίτσα Ristorante Mozzarella 2 x 355 gr,6.9
2025-07-18,187026,Dr. Oetker Πίτσα Ristorante Prosciutto 2 x 340 gr,9.86
2025-07-18,186361,Dr. Oetker Πίτσα Ristorante Speciale 2 x 345 gr,9.86
2025-07-18,179669,Esti Πίτσα Vegan 440 gr,5.93
2025-07-18,4815,Ifantis Πίτσα Rock&#039;n Roll 3 x 460 gr,7.49
2025-07-18,178424,Ifantis Πίτσα Rock&#039;n Roll Πεπερόνι 2 x 430 gr,7.95
2025-07-18,121760,Kanaki Mini Calzone Classic 450 gr,4.88
2025-07-18,109886,Regina Πίτσα Special 400 gr,3.85
2025-07-18,109892,Regina Πίτσα Μαργαρίτα 340 gr,3.45
2025-07-18,196416,Τα Μερακλίδικα Βάση Για Πίτσα Με Ελαιόλαδο 2 x 220 gr,2.55
2025-07-18,115514,Χρυσή Ζύμη Βάση Για Πίτσα Ιταλική 3 Τεμάχια 600 gr,3.27
2025-07-18,193495,Χρυσή Ζύμη Πίτσα Barbeque 440 gr,4.98
2025-07-18,192511,Χρυσή Ζύμη Πίτσα Margherita 2 x 385 gr,7.68
2025-07-18,192482,Χρυσή Ζύμη Πίτσα Special 2 x 430 gr,9.1
2025-07-18,145594,Alfa Πολίτικο Φύλλο Βηρυτού Για Σιροπιαστά Γλυκά 450 gr,3.98
2025-07-18,120557,Alfa Φύλλο Κρούστας Πολίτικο 450 gr,3.3
2025-07-18,194809,Baker Master Ζύμη Κουρού Με Μαγιά 700 gr,3.19
2025-07-18,4727,Kanaki Φύλλο Βηρυτού Για Σιροπιαστά Γλυκά 450 gr,4.22
2025-07-18,4685,Kanaki Φύλλο Καταϊφι 450 gr,5.13
2025-07-18,4687,Kanaki Φύλλο Κρούστας 450 gr,3.9
2025-07-18,205291,Τα Μερακλίδικα Φύλλο Για Τηγάνι 500 gr,2.17
2025-07-18,131385,Χιωτάκης Φύλλο Κρητικό Χωριάτικο Με Ελαιόλαδο 540 gr,3.95
2025-07-18,129369,Χιωτάκης Φύλλο Κρούστας Με Ελαιόλαδο 450 gr,3.7
2025-07-18,27359,Χρυσή Ζύμη Σφολιάτα 850 gr,4.51
2025-07-18,91416,Χρυσή Ζύμη Φύλλο Κρούστας Για Πίτες 450 gr,3.37
2025-07-18,115992,Creta Farms Εν Ελλάδι Νοστιμιές Κοτομπουκιές 400 gr,3.88
2025-07-18,192774,Creta Farms Εν Ελλάδι Νοστιμιές Μπιφτέκια Κοτόπουλου 420 gr,3.45
2025-07-18,102477,Ifantis Απλά Γευστικό Παναρισμένες Κοτομπουκιές 500 gr,6.23
2025-07-18,153052,Meat House Κοτομπουκιές Πανέ Προψημένες 330 gr,3.5
2025-07-18,153053,Meat House Σνίτσελ Κοτόπουλο Πανέ Προψημένο 330 gr,3.48
2025-07-18,187168,Πίνδος Κοτομπουκιές Πανέ 500 gr,5.8
2025-07-18,185979,Πίνδος Κοτόπουλο Nuggets 500 gr,4.88
2025-07-18,185975,Πίνδος Κοτόπουλο Φιλέτο Στήθος Ψημένο Χωρίς Γλουτένη 600 gr ,6.96
2025-07-18,162512,Creta Farms Εν Ελλάδι Γύρος Κοτόπουλο Προψημένος Χωρίς Γλουτένη 330 gr,4.47
2025-07-18,162511,Creta Farms Εν Ελλάδι Γύρος Χοιρινός Προψημένος Χωρίς Γλουτένη 330 gr,4.47
2025-07-18,115991,Creta Farms Εν Ελλάδι Νοστιμιές Κεφτεδάκια 420 gr,2.93
2025-07-18,203740,Creta Farms Εν Ελλάδι Νοστιμιές Μπιφτέκια Μοσχαρίσια 420 gr,3.87
2025-07-18,115720,Creta Farms Εν Ελλάδι Νοστιμιές Μπιφτέκια Χοιρινά 420 gr,2.89
2025-07-18,115739,Creta Farms Εν Ελλάδι Νοστιμιές Σουτζουκάκια Με Σάλτσα 500 gr,3.69
2025-07-18,4886,Ifantis Απλά Γευστικό Hamburgers 450 gr,3.68
2025-07-18,150170,Ifantis Απλά Γευστικό Hamburgers 640 gr,5.16
2025-07-18,149212,Ifantis Απλά Γευστικό Κεφτεδάκια 500 gr,3.48
2025-07-18,188669,Ifantis Απλά Γευστικό Μπιφτέκια Κοτόπουλου 430 gr,4.72
2025-07-18,197680,Ifantis Κοτομπουκιές Barbeque 500 gr,5.47
2025-07-18,205400,Του Μπαμπά Burger Angus 480 gr,4.52
2025-07-18,205399,Του Μπαμπά Κεμπάπ Πολίτικο 400 gr,3.57
2025-07-18,198075,Ifantis Falafel Ρεβιθοκεφτέδες Vegan 410 gr,4.25
2025-07-18,95081,Ifantis Τα Λαχανικά Μας Διαλεχτά Αγκινάρες Πάτοι 450 gr,3.74
2025-07-18,113544,Ifantis Τα Λαχανικά Μας Διαλεχτά Μπάμιες 1 kg,5.75
2025-07-18,95079,Ifantis Τα Λαχανικά Μας Διαλεχτά Μπάμιες Extra 450 gr,3.13
2025-07-18,99060,Ifantis Τα Λαχανικά Μας Ελληνικά Αρακάς 1 kg,2.73
2025-07-18,105308,Ifantis Τα Λαχανικά Μας Ελληνικά Φασολάκια Πλατιά 1 kg,2.73
2025-07-18,95078,Ifantis Τα Λαχανικά Μας Ελληνικά Φασολάκια Στρογγυλά 1 kg,3.46
2025-07-18,195144,Mc Cain Crispy Onion Rings Picker&#039;s Vegan 350 gr,1.98
2025-07-18,182518,Nikolopoulou Φυτικό Falafel Vegan 20 Τεμάχια 500 gr,4.35
2025-07-18,203468,Αινός Αρακάς 1 kg,2.55
2025-07-18,203470,Αινός Σπανάκι 1 kg,2.78
2025-07-18,159038,Αινός Φασολάκια Στρογγυλά 1 kg,2.65
2025-07-18,203469,Αινός Ψιλές Μπάμιες 1 kg,6.25
2025-07-18,184548,Μπάρμπα Στάθης Αγκινάρες 750 gr,9.18
2025-07-18,4880,Μπάρμπα Στάθης Αγκινάρες Αλά Πολίτα 1000 gr,7.75
2025-07-18,23443,Μπάρμπα Στάθης Αρακάς 1 kg,4.05
2025-07-18,65881,Μπάρμπα Στάθης Αρακάς Βιολογικής Καλλιέργειας 450 gr,4.18
2025-07-18,52177,Μπάρμπα Στάθης Ας Μαγειρέψουμε Μπάμιες Λαδερές 1000 gr,8.55
2025-07-18,42729,Μπάρμπα Στάθης Ας Μαγειρέψουμε Φασολάκια Λαδερά 1000 gr,5.65
2025-07-18,206097,Μπάρμπα Στάθης Ας Μαγειρέψουμε Φασολάκια Πλατιά Γιαχνί 1 kg,4.68
2025-07-18,204637,Μπάρμπα Στάθης Κρεμμύδι Ψιλοκομμένο 300 gr,2.18
2025-07-18,183556,Μπάρμπα Στάθης Μπάμιες Εκλεκτή Ποικιλία 750 gr,7.85
2025-07-18,188214,Μπάρμπα Στάθης Μπάμιες Ποικιλία Αλεξανδρινή 750 gr,6.55
2025-07-18,189202,Μπάρμπα Στάθης Σκόρδο Ψιλοκομμένο 70 gr,2.05
2025-07-18,4791,Μπάρμπα Στάθης Σπανάκι Σε Φύλλα 1 kg,4.98
2025-07-18,65883,Μπάρμπα Στάθης Σπανάκι Σε Φύλλα Βιολογικής Καλλιέργειας 450 gr,3.42
2025-07-18,22405,Μπάρμπα Στάθης Φασολάκια Πλατιά 1 kg,4.15
2025-07-18,4884,Μπάρμπα Στάθης Φασολάκια Στρογγυλά 1 kg,3.95
2025-07-18,65882,Μπάρμπα Στάθης Φασολάκια Στρογγυλά Βιολογικής Καλλιέργειας 450 gr,4.0
2025-07-18,132392,Lutosa Belgian Fries Πατάτες 2-5 kg,6.25
2025-07-18,132391,Lutosa Straight Cut Frites Πατάτες 1 kg,2.65
2025-07-18,195092,Mc Cain Πατάτες Airfryer Vegan 600 gr,3.58
2025-07-18,174949,Mc Cain Πατάτες Chef Gourmet 500 gr,3.78
2025-07-18,32750,Mc Cain Πατάτες Golden Long Vegan 1 kg,4.65
2025-07-18,58214,Mc Cain Πατάτες Mediterranean Vegan 750 gr,4.28
2025-07-18,32748,Mc Cain Πατάτες Tradition Vegan 1 kg,2.14
2025-07-18,203467,Αινός Πατάτες Κλασικές 1 kg,2.78
2025-07-18,4695,Μπάρμπα Στάθης Ελληνικές Πατάτες Κλασικές 1 kg,4.8
2025-07-18,191102,Μπάρμπα Στάθης Πατάτες Deli - Κάτες 1 kg,4.6
2025-07-18,62177,Μπάρμπα Στάθης Πατάτες Χωριάτικες 1000 gr,4.98
2025-07-18,95082,Ifantis Τα Λαχανικά Μας Διαλεχτά Ανάμικτα Λαχανικά 450 gr,1.59
2025-07-18,4719,Μπάρμπα Στάθης Ανάμικτη Σαλάτα Λαχανικών 450 gr,2.9
2025-07-18,4881,Μπάρμπα Στάθης Σαλάτα Καλαμποκιού 450 gr,3.86
2025-07-18,204106,Algida Παγωτό Classic Mix 6 Τεμάχια 372 gr 482 ml,4.4
2025-07-18,197433,Aloma Παγωτό Biscottino 477 gr 900 ml,4.9
2025-07-18,185380,Aloma Παγωτό Brownie Stracciatella 487 gr 900 ml,4.9
2025-07-18,152307,Aloma Παγωτό Profiterole 485 gr 900 ml,4.9
2025-07-18,197435,Aloma Παγωτό Βανίλια Κακάο &amp; Φράουλα 433 gr 900 ml,3.9
2025-07-18,197500,Aloma Παγωτό Βανίλια Κακάο 1455 gr 3 lt,7.97
2025-07-18,197489,Aloma Παγωτό Βανίλια Κακάο Φράουλα 1455 gr 3 lt,7.97
2025-07-18,197434,Aloma Παγωτό Βανίλια Με Σιρόπι Καραμέλας 461 gr 900 ml,3.9
2025-07-18,197490,Aloma Παγωτό Κακάο Μπανάνα Καραμέλα 1455 gr 3 lt,7.97
2025-07-18,197492,Aloma Παγωτό Κακάο Μπισκότο Φουντούκι 1455 gr 3 lt,7.97
2025-07-18,197436,Aloma Παγωτό Κακάο Μπισκότο Φουντούκι 433 gr 900 ml,3.9
2025-07-18,5871,Aloma Παγωτό Παρφαί Βανίλια Σοκολάτα 1010 gr 1.9 lt,18.2
2025-07-18,191662,Apostolakis Παγωτό Βανίλια Μαδαγασκάρης 500 gr 750 ml,7.85
2025-07-18,191665,Apostolakis Παγωτό Κρέμα Με Πραλίνα Φουντουκιού 0% Ζάχαρη 500 gr 750 ml,10.06
2025-07-18,191666,Apostolakis Παγωτό Μπισκότο 490 gr 750 ml,7.85
2025-07-18,191663,Apostolakis Παγωτό Σοκολάτα 500 gr 750 ml,7.85
2025-07-18,191664,Apostolakis Παγωτό Στρατσιατέλα 490 gr 750 ml,7.85
2025-07-18,191667,Apostolakis Παγωτό Φράουλα 500 gr 750 ml,7.85
2025-07-18,160453,Bounty Παγωτό Ice Bar 6 Τεμάχια 234.6 gr 300.6 ml,4.9
2025-07-18,178967,Cornetto Soft Παγωτό 4 Τεμάχια 324 gr 560 ml,4.45
2025-07-18,184717,Cornetto Soft Παγωτό Cookies &amp; Chocolate 4 Τεμάχια 324 gr 560 ml,4.45
2025-07-18,197160,Cornetto Soft Παγωτό Straciatella &amp; Caramel 4 Τεμάχια 324 gr 560 ml,4.45
2025-07-18,75181,Cornetto Παγωτό Classic 6 Τεμάχια 360 gr 540 ml,4.45
2025-07-18,190877,Cornetto Παγωτό Mini Βανίλια Σοκολάτα 10 Τεμάχια 190 gr 280 ml,3.59
2025-07-18,159729,Cornetto Παγωτό Vegan Χωρίς Γλουτένη 4 Τεμάχια 240 gr 360 ml,3.79
2025-07-18,178968,Cornetto Παγωτό Σοκολάτα 6 Τεμάχια 360 gr 540 ml,4.45
2025-07-18,159881,Haagen-Dazs Παγωτό Belgian Chocolate Χωρίς Γλουτένη 400 gr 460 ml,8.3
2025-07-18,204317,Haagen-Dazs Παγωτό Churros Dulce De Leche &amp; Cinnamon 364 gr 420 ml,8.3
2025-07-18,159878,Haagen-Dazs Παγωτό Cookies &amp; Cream 386 gr 460 ml,8.3
2025-07-18,191405,Haagen-Dazs Παγωτό Macaron Double Chocolate Ganache 364 gr 420 ml ,8.3
2025-07-18,204314,Haagen-Dazs Παγωτό Macaron Vanilla &amp; Blueberry 364 gr 420 ml,8.3
2025-07-18,191406,Haagen-Dazs Παγωτό Macaron Φράουλα &amp; Ράσμπερι 364 gr 420 ml ,8.3
2025-07-18,167399,Haagen-Dazs Παγωτό Pralines &amp; Cream Χωρίς Γλουτένη 400 gr 460 ml,8.3
2025-07-18,159884,Haagen-Dazs Παγωτό Salted Caramel Χωρίς Γλουτένη 400 gr 460 ml,8.3
2025-07-18,185899,Haagen-Dazs Παγωτό Strawberry &amp; Cream 400 gr 460 ml,8.3
2025-07-18,167398,Haagen-Dazs Παγωτό Strawberry Cheesecake 400 gr 460 ml,8.3
2025-07-18,204316,Haagen-Dazs Παγωτό Tiramisu Coffee &amp; Mascarpone 364 gr 420 ml,8.3
2025-07-18,159879,Haagen-Dazs Παγωτό Vanilia Χωρίς Γλουτένη 400 gr 460 ml,8.3
2025-07-18,205798,Kinder Bueno Παγωτό Πύραυλος 4 Τεμάχια 248 gr 360 ml,4.4
2025-07-18,205799,Kinder Chocolate Παγωτό Ξυλάκι 4 Τεμάχια 152 gr 220 ml ,4.35
2025-07-18,192212,Lacta Παγωτό Ξυλάκι 3 Τεμάχια 195 gr 270 ml,10.4
2025-07-18,152414,Magic Παγωτό Classic Χωρίς Γλουτένη 297 gr 440 ml,8.7
2025-07-18,178783,Magic Παγωτό Double Gold Caramel Bilionaire 303 gr 440 ml,8.7
2025-07-18,166087,Magic Παγωτό Double Salted Caramel 310 gr 440 ml,8.7
2025-07-18,204265,Magic Παγωτό Utopia Double Hazelnut 310 gr 440 ml,8.7
2025-07-18,166086,Magic Παγωτό White Chocolate &amp; Cookies 300 gr 440 ml,8.7
2025-07-18,152416,Magic Παγωτό Αμύγδαλο Χωρίς Γλουτένη 297 gr 440 ml,8.7
2025-07-18,197430,Manhattan Παγωτό Βανίλια &amp; Σοκολάτα 700 gr 1.4 lt,5.95
2025-07-18,197429,Manhattan Παγωτό Λευκή Σοκολάτα &amp; Φυστίκι 700 gr 1.4 lt,5.95
2025-07-18,197432,Manhattan Παγωτό Μπανάνα &amp; Σοκολάτα 742 gr 1.4 lt,5.95
2025-07-18,197431,Manhattan Παγωτό Σοκολάτα Καραμέλα &amp; Φυστίκι 700 gr 1.4 lt,5.95
2025-07-18,191945,Mars Παγωτό 6 Τεμάχια 240 gr 297 ml,4.9
2025-07-18,197978,Mars Παγωτό Αλμυρή Καραμέλα 6 Τεμάχια 223.8 gr 270 ml,4.9
2025-07-18,205219,Menne Παγωτό Βανίλια Κακάο 1400 gr 3 lt,5.6
2025-07-18,205221,Menne Παγωτό Βανίλια Κακάο Φιστίκι 1400 gr 3 lt,5.6
2025-07-18,205220,Menne Παγωτό Βανίλια Κακάο Φράουλα 1400 gr 3 lt,5.6
2025-07-18,199236,Milko Παγωτό Full Choco Με Σοκολατένιες Μπαλίτσες 6 Τεμάχια 252 gr,4.1
2025-07-18,199235,Milko Παγωτό Vanilla Με Καραμελωμένα Αμύγδαλα 6 Τεμάχια 252 gr,4.1
2025-07-18,204346,Nestle Παγωτό Mini Vanilla Almonds 0% 3 Τεμάχια 162 gr 270 ml,9.65
2025-07-18,197408,Nirvana Παγωτό Chocolate &amp; Choco Chips 578 gr 750 ml,13.7
2025-07-18,197406,Nirvana Παγωτό Cookies &amp; Cream 538 gr 750 ml,13.7
2025-07-18,197407,Nirvana Παγωτό Pralines &amp; Cream 549 gr 750 ml,13.7
2025-07-18,204347,Nuii Παγωτό Mini Adventure Indian Mango &amp; New Zealand Honey 6 Τεμάχια 264 gr 330 ml,11.9
2025-07-18,190805,Nuii Παγωτό Mini Adventure Salted Caramel &amp; Nordic Berry 6 Τεμάχια 253 gr 330 ml,11.9
2025-07-18,190806,Nuii Παγωτό Mini Adventure Texan Pecan &amp; New York Cookies &amp; Cream 6 Τεμάχια 255 gr 330 ml,11.9
2025-07-18,205797,Nutella Παγωτό 230 gr 470 ml,4.65
2025-07-18,179075,Oreo Mini Παγωτό Ξυλάκι 6 Τεμάχια 210 gr 300 ml,9.95
2025-07-18,152326,Oreo Mini Παγωτό Σάντουιτς 6 Τεμάχια 198 gr 330 ml,8.8
2025-07-18,190808,Oreo Παγωτό Ball Top Πύραυλος 4 Τεμάχια 264 gr 400 ml,9.9
2025-07-18,204345,Oreo Παγωτό Vanilla &amp; Cookies 287 gr 425 ml,7.8
2025-07-18,26076,Polaretti Γρανίτα Φρούτου 10 Τεμάχια 400 gr,2.17
2025-07-18,98322,Polaretti Γρανίτα Φρούτου Ροζ 10 Τεμάχια 400 gr,2.17
2025-07-18,197930,Reale Παγωτό Chocolate Choc Chips 510 gr 850 ml,3.5
2025-07-18,197929,Reale Παγωτό Cookies &amp; Cream 510 gr 850 ml,3.5
2025-07-18,197925,Reale Παγωτό Vanilla Caramel Pecan 510 gr 850 ml,3.5
2025-07-18,197931,Reale Παγωτό Καϊμάκι 490 gr 850 ml,3.5
2025-07-18,197147,Scandal Παγωτό Caramel Secrets 510 gr 850 ml,11.9
2025-07-18,197146,Scandal Παγωτό Choco Orgy 482 gr 850 ml,11.9
2025-07-18,197148,Scandal Παγωτό Cookies Arrested 498 gr 850 ml,11.9
2025-07-18,197149,Scandal Παγωτό Βανίλια Parfait Lovers 478 gr 850 ml,11.9
2025-07-18,192666,Snickers Παγωτό 6 Τεμάχια 273.6 gr 301.8 ml,4.9
2025-07-18,185903,Snickers Παγωτό Peanut Butter 6 Τεμάχια 234 gr 249 ml,4.9
2025-07-18,160455,Twix Παγωτό Ice Bar 6 Τεμάχια 205.2 gr 258.6 ml,4.9
2025-07-18,96862,Viennetta Παγωτό Βανίλια XXL Pack 500 gr 1 lt,7.87
2025-07-18,179786,Vivante Mini Sandwiches Με Βανίλια &amp; Επικάλυψη Σοκολάτας 8 Τεμάχια 280 gr 400 ml,4.85
2025-07-18,199154,Έβγα Παγωτο Στρατσιατέλα 473 gr 825 ml,7.7
2025-07-18,204104,Έβγα Παγωτό Brownie 456 gr 825 ml,7.7
2025-07-18,199155,Έβγα Παγωτό Cookies &amp; Cream 457 gr 825 ml,7.7
2025-07-18,204100,Έβγα Παγωτό Βανίλια 0% Χωρίς Πρόσθετη Ζάχαρη 500 gr 1000 ml,7.45
2025-07-18,204101,Έβγα Παγωτό Κακάο Βανίλια Φράουλα 1350 gr 2700 ml,14.9
2025-07-18,190880,Έβγα Παγωτό Καϊμάκι 570 gr 900 ml,9.28
2025-07-18,204102,Έβγα Παγωτό Μπανάνα Κακάο Καραμέλα 1350 gr 2700 ml,14.9
2025-07-18,204103,Έβγα Παγωτό Φουντούκι Κακάο Μπισκότο 1350 gr 2700 ml,14.9
2025-07-18,204099,Έβγα Παγωτό Φυστίκι &amp; Μπανάνα 442 gr 825 ml,7.7
2025-07-18,134312,Ίδα Παγωτό Βανίλια 600 gr 750 ml,6.98
2025-07-18,161329,Ίδα Παγωτό Σοκολάτα 600 gr 750 ml,7.48
2025-07-18,179763,Βέρο Κρητικό Παγωτό Βρώμης Σοκολάτας Με Κομμάτια Σοκολάτας 720 gr 750 ml ,8.9
2025-07-18,160692,Βέρο Κρητικό Παγωτό Κρέμα 490 gr 750 ml,7.98
2025-07-18,180696,Κουβίδης Παγωτό Αμαρένα 630 - 650 gr 1 lt,6.16
2025-07-18,180694,Κουβίδης Παγωτό Βανίλια 630 - 650 gr 1 lt,5.74
2025-07-18,180695,Κουβίδης Παγωτό Μπισκότο 630 - 650 gr 1 lt,6.59
2025-07-18,185879,Κουβίδης Παγωτό Σοκολάτα 630 - 650 gr 1 lt,6.59
2025-07-18,204326,Κρι Κρι Greek Frozen Yogurt Hazelnut 320 gr 450 ml,6.58
2025-07-18,204518,Κρι Κρι Greek Frozen Yogurt Mini Mix Φράουλα Ροδάκινο 8 x 35 gr,7.9
2025-07-18,197528,Κρι Κρι Greek Frozen Yogurt Με Αλατισμένη Καραμέλα 320 gr 450 ml ,6.58
2025-07-18,197527,Κρι Κρι Greek Frozen Yogurt Με Βύσσινο 320 gr 450 ml,6.58
2025-07-18,204333,Κρι Κρι Heartmade Παγωτό Βανίλια Κακάο 1500 gr 3 lt,13.3
2025-07-18,204336,Κρι Κρι Heartmade Παγωτό Βανίλια Κακάο Καραμέλα &amp; Μπανάνα 1500 gr 3 lt,13.3
2025-07-18,204334,Κρι Κρι Heartmade Παγωτό Βανίλια Κακάο Φράουλα 1500 gr 3 lt,13.3
2025-07-18,204335,Κρι Κρι Heartmade Παγωτό Βανίλια Κακάο Φράουλα Φυστίκι 1500 gr 3 lt,13.3
2025-07-18,204337,Κρι Κρι Heartmade Παγωτό Βανίλια Φράουλα Πραλίνα Μπισκότο 1500 gr 3 lt,13.3
2025-07-18,134015,Κρι Κρι Master Παγωτό Mini Βανίλια Με Επικάλυψη Σοκολάτας Χωρίς Ζάχαρη 8 Τεμάχια 280 gr,8.4
2025-07-18,145907,Κρι Κρι Master Παγωτό Mini Με Επικάλυψη Σοκολάτας Γάλακτος ΙΟΝ 8 Τεμάχια 280 gr ,7.9
2025-07-18,134014,Κρι Κρι Master Παγωτό Mini Με Επικάλυψη Σοκολάτας Γάλακτος ΙΟΝ Αμυγδάλου 8 Τεμάχια 280 gr,7.9
2025-07-18,191095,Κρι Κρι Master Παγωτό Mini Με Επικάλυψη Σοκολάτας Γάλακτος Χωρίς Προσθήκη Ζάχαρης 8 Τεμάχια 280 gr,8.4
2025-07-18,134584,Κρι Κρι Master Παγωτό Mini Πυραυλάκια Με Σοκολάτα Γάλακτος &amp; Αμύγδαλου ION 6 Τεμάχια 270 gr,7.9
2025-07-18,197878,Σαβοϊδάκης Παγωτό Βανίλια 620 gr 1 lt,5.2
2025-07-18,197881,Σαβοϊδάκης Παγωτό Κανταΐφι 650 gr 1 lt,5.2
2025-07-18,197880,Σαβοϊδάκης Παγωτό Με Καραμελωμένο Φυστίκι 680 gr 1 lt,6.14
2025-07-18,197879,Σαβοϊδάκης Παγωτό Πραλίνα Φουντουκιού Με Αμύγδαλα 680 gr 1 lt ,5.97
2025-07-18,197877,Σαβοϊδάκης Παγωτό Στρατσιατέλα 630 gr 1 lt,5.54
2025-07-18,185735,Esti Φυτικά Κεφτεδάκια Vegan 225 gr,4.5
2025-07-18,172539,Esti Φυτικό Burger Vegan 220 gr,4.22
2025-07-18,183291,Garden Gourmet Φυτικά Burger Vegan 226 gr,6.4
2025-07-18,183289,Garden Gourmet Φυτικά Nuggets Vegan 300 gr,5.98
2025-07-18,184345,Garden Gourmet Φυτικά Κεφτεδάκια Vegan 300 gr,5.98
2025-07-18,186951,Garden Gourmet Φυτικά Σνίτσελ Vegan 270 gr,5.98
2025-07-18,183161,Nikolopoulou Genius Φυτικό Μπιφτέκι Vegan 230 gr,4.6
2025-07-18,145712,Alterra Smoothies Pink Paradise 300 gr,3.82
2025-07-18,145714,Alterra Smoothies Wild Forest 300 gr,3.82
2025-07-18,145713,Alterra Smoothies Yellow Sunrise Ανάμικτα Φρούτα 300 gr,3.82
2025-07-18,180196,Εκλεκτή Σοδειά Mix Φρούτων 500 gr,3.86
2025-07-18,173513,Φυσικός Χυμός Ρόδι Βιολογικός 100% 250 ml,2.67
2025-07-18,141640,Φυσικός Χυμός Ρόδι Βιολογικός 100% 500 ml,4.96
2025-07-18,165200,Daskalakis Ανάμικτα Θαλασσινά 5 Ειδών 425 gr,3.55
2025-07-18,184155,7 Θάλασσες Γαρίδα Ακέφαλη Προβρασμένη 26/30 340 gr,6.2
2025-07-18,196436,7 Θάλασσες Γαρίδες Αποφλοιωμένες Large 425 gr,4.65
2025-07-18,178462,Atlantikos Απομίμηση Καβουριού Σουρίμι 250 gr,1.25
2025-07-18,184158,Daskalakis Γάμπαρη Αργεντινής Ν1 450 gr,8.75
2025-07-18,202883,Daskalakis Γαρίδες Αργεντινής Ν3 720 gr,11.1
2025-07-18,202874,Daskalakis Καραβίδες 8/12 Ολλανδίας 700 gr,30.35
2025-07-18,165202,Kokkalis Γαρίδες Αποφλοιωμένες Ινδίας 40 / 60 400 gr,6.1
2025-07-18,171958,Kokkalis Μύδια 1/2 Κέλυφος 425 gr,5.15
2025-07-18,178464,Kokkalis Μύδια Ψύχα Ειρηνικού 425 gr,3.25
2025-07-18,166337,Pescanova Γάμπαρη Αργεντινής 400 gr,9.98
2025-07-18,178505,Pescanova Γαρίδες Αποφλοιωμένες Γίγας Ινδο Ειρηνικού 350 gr,5.99
2025-07-18,184137,Γιαννενάκης Γαρίδα Vannamei 30/40 720 gr,10.8
2025-07-18,171940,Atlantikos Καλαμάρι Με Δέρμα Κομμένο &amp; Καθαρισμένο Ινδίας 425 gr,3.8
2025-07-18,190129,Kallimanis Καλαμάρι Ινδίας Κομμένο &amp; Καθαρισμένο 400 gr,5.54
2025-07-18,157463,Kokkalis Θράψαλο Ροδέλα Ειρηνικού 425 gr,5.2
2025-07-18,165204,Kokkalis Καλαμάρι Ακαθάριστο Ινδίας 850 gr,6.15
2025-07-18,170700,Kokkalis Πλοκάμι Μαλάκιο Περού,1.13
2025-07-18,196194,Pescanova Καλαμάρια Κομμένα Ινδίας 530 gr,6.36
2025-07-18,194655,Captain Iglo Fish Sticks 10 Τεμάχια 280 gr,3.78
2025-07-18,194527,Captain Iglo Fish Sticks 15 Τεμάχια 420 gr,4.77
2025-07-18,180337,Kokkalis Βακαλάος Φιλέτο Πανέ 600 gr,8.25
2025-07-18,203663,Pescanova Fish Sticks 15 Τεμάχια 450 gr,4.94
2025-07-18,203107,Pescanova Peskitos Μπακαλιάρου 8 Τεμάχια 320 gr,3.42
2025-07-18,182383,Pescanova Γαρίδες Πανέ 240 gr,5.98
2025-07-18,203108,Pescanova Σνίτσελ Φιλέτο Μπακαλιάρου 4 Τεμάχια 400 gr,3.73
2025-07-18,102974,Kokkalis Σουπιά Ακαθάριστη Ατλαντικού,6.18
2025-07-18,102975,Kokkalis Σουπιά Φιλέτο Ινδίας 500 / 1000,8.01
2025-07-18,170694,Daskalakis Χταπόδι Ινδονησίας 500 / 1000,9.52
2025-07-18,148527,Atlantikos Μπακαλιάρος Χωρίς Κεφάλι 665 gr,3.92
2025-07-18,182500,Atlantikos Σολομός Φιλέτο 595 gr,7.98
2025-07-18,149331,Atlantikos Φαγκρί Ατλαντικού 400 / 600,3.34
2025-07-18,172488,Daskalakis Κοκκινόψαρο Καθαρισμένο &amp; Απολεπισμένο Σε Μερίδες 630 gr,7.06
2025-07-18,194596,Daskalakis Μπακαλιάρος Pollock Φιλέτο Χωρίς Δέρμα 595 gr,4.3
2025-07-18,170295,Daskalakis Μπακαλιάρος Χωρίς Κεφάλι Αργεντινής 500 / 800,3.65
2025-07-18,203632,Kallimanis Γαρίδες Σπαγγέτι 300 gr,4.78
2025-07-18,193099,Kallimanis Γλώσσα Φιλέτο 450 gr,7.58
2025-07-18,203633,Kallimanis Σαρδέλα Φιλέτο 300 gr,6.1
2025-07-18,52924,Kokkalis Βακαλάος Ξαλμυρισμένος Ειρηνικού 500 / 1000 ,3.28
2025-07-18,121130,Kokkalis Γαύρος Μεσογείου 900 gr,4.05
2025-07-18,99701,Kokkalis Γλαύκος Ατλαντικού Φέτα 200 / 300 ,1.25
2025-07-18,176852,Kokkalis Γλώσσα Φιλέτο Ειρηνικού 630 gr,5.95
2025-07-18,52927,Kokkalis Κοκκινόψαρο Χωρίς Κεφάλι 300 - 500 gr,2.98
2025-07-18,99702,Kokkalis Κοκκινόψαρο Χωρίς Κεφάλι 500 - 700 gr,4.35
2025-07-18,169515,Kokkalis Μπαρμπούνια Ατλαντικού 630 gr,5.1
2025-07-18,170294,Kokkalis Πέρκα Φιλέτο Σε Μερίδες 630 gr,9.33
2025-07-18,176851,Kokkalis Παγκάσιους Φιλέτο Premium 850 gr,5.42
2025-07-18,121131,Kokkalis Σαρδέλα Μεσογείου 900 gr,3.39
2025-07-18,127059,Kokkalis Τσιπούρα Καθαρισμένη Μεσογείου 400 / 600,6.75
2025-07-18,202082,Pescanova Σολομός Φιλέτο Ατλαντικού 250 gr,10.98
2025-07-18,2775,Misko Μακαρόνια Σπαγγετίνη Ν10 500 gr ,0.88
2025-07-18,2777,Misko Μακαρόνια Σπαγγέτι Ν7 500 gr ,0.88
2025-07-18,2776,Misko Μακαρόνια Σπαγγέτι Ν6 500 gr ,0.88
2025-07-18,64331,Kikkoman Σάλτσα Σόγιας 1 lt,8.03
2025-07-18,149077,Kikkoman Σάλτσα Σόγιας Tamari Χωρίς Γλουτένη 250 ml,4.49
2025-07-18,6982,Kikkoman Σάλτσα Teriyaki 250 ml,4.45
2025-07-18,205615,Kikkoman Σάλτσα Ramen 250 ml,4.34
2025-07-18,205616,Kikkoman Σάλτσα Σόγιας Tamari Vegan Χωρίς Γλουτένη 150 ml,3.66
2025-07-18,134764,Kikkoman Σάλτσα Σόγιας Με Λιγότερο Αλάτι Vegan 150 ml,3.62
2025-07-18,205558,Εδέμ Μανιτάρια Τεμαχισμένα Vegan 3 x 185 gr ,3.56
2025-07-18,100530,3αλφα Ρεβίθια Χονδρά Ελλήνων Παραγωγών 500 gr,2.56
2025-07-18,6981,Kikkoman Σάλτσα Σόγιας Vegan 150 ml,3.29
2025-07-18,67806,Μύλοι Αγίου Γεωργίου Αλεύρι Για Τσουρέκι 1 kg,2.02
2025-07-18,201961,Παν Ζαφειρόπουλος Βαλσάμικο Ξίδι Με Μάνγκο Χωρίς Γλουτένη 250 ml,2.02
2025-07-18,201965,Παν Ζαφειρόπουλος Κρέμα Βαλσάμικο Με Πορτοκάλι &amp; Λεμόνι Χωρίς Γλουτένη 250 ml,2.02
2025-07-18,173533,17 Caesar&#039;s Dressing 250 gr,1.3
2025-07-18,149360,Evergreen Σιρόπι Αγαύης Βιολογικό 360 ml,4.22
2025-07-18,201670,Freevia Υγρό Γλυκαντικό Με Stevia 60 ml,2.48
2025-07-18,200385,Kikkoman Panko Japanese Style Crispy Bread Crumbs  227 gr,2.99
2025-07-18,161245,Ωμέγα Special Ρύζι Καρολίνα 500 gr,0.9
2025-07-18,201963,Παν Ζαφειρόπουλος Κρέμα Βαλσάμικο Χωρίς Γλουτένη 250 ml,1.69
2025-07-18,204354,Μύλοι Αγίου Γεωργίου Αλεύρι Ολικής Άλεσης Ντίνκελ 500 gr ,1.09
2025-07-18,203677,Canderel Υποκατάστατο Καστανής Ζάχαρης Υγρό Γλυκαντικό Vegan Χωρίς Γλουτένη 55 ml,2.61
2025-07-18,161244,Ωμέγα Special Φακές Ψιλές 500 gr,0.86
2025-07-18,203678,Canderel Sugarly Υποκατάστατο Ζάχαρης Υγρό Γλυκαντικό Vegan Χωρίς Γλουτένη 205 ml,2.46
2025-07-18,163838,Ponti Aceto Βαλσάμικο Ξίδι 250 ml,2.65
2025-07-18,149012,Kuchenmeister Βάφλες 165 gr,1.78
2025-07-18,162406,Εδέμ Μανιτάρια Τεμαχισμένα Vegan 400 gr,2.24
2025-07-18,83897,Agrino Ρύζι Λαϊς Καρολίνα 500 gr,1.74
2025-07-18,177433,4Vita Πιπέρι Μαύρο Τριμμένο 100 gr,2.9
2025-07-18,95789,Canderel Υποκατάστατο Ζάχαρης 120 Δισκία 10-2 gr,2.86
2025-07-18,43839,Agrino Ρύζι Φάνσυ Blue Rose 500 gr,1.67
2025-07-18,64848,Bio Farma Μανιτάρια Βιολογικά Κομμένα 170 gr,2.78
2025-07-18,158017,Tipiak Κινόα Πλιγούρι 250 gr,2.77
2025-07-18,205609,Kuhne Σάλτσα Smoky Burger 250 ml,2.7
2025-07-18,205608,Kuhne Σάλτσα Sweet Chili 250 ml,2.7
2025-07-18,204016,Pagotomania Κώνοι Παγωτού Γκοφρέτας Twister 14 Τεμάχια 175 gr,2.72
2025-07-18,2625,3αλφα Ρύζι Καρολίνα 500 gr,1.58
2025-07-18,177432,4Vita Κύμινο Τριμμένο 100 gr,2.62
2025-07-18,118852,Kuhne Σάλτσα American Caesar 250 ml,2.62
2025-07-18,88320,Μύλοι Κρήτης Αλεύρι Μίγμα Για Χωριάτικο Ψωμί 1 kg,1.88
2025-07-18,204015,Pagotomania Κυπελάκια Παγωτού 36 Τεμάχια 135 gr,2.38
2025-07-18,182821,Soba Noodles Cup Κλασική Γεύση 90 gr,1.74
2025-07-18,182819,Soba Noodles Cup Τεριγιάκι 90 gr,1.74
2025-07-18,190560,Soba Noodles Cup Τσίλι 92 gr,1.74
2025-07-18,85982,Tipiak Κους Κους 500 gr,2.28
2025-07-18,199279,Kuhne Μηλόξυδο 250 ml,2.22
2025-07-18,88322,Μύλοι Κρήτης Αλεύρι Μίγμα Για Βάση Πίτσας 1 kg,1.65
2025-07-18,2900,Ζωγράφος Φρουκτόζη Χωρίς Γλουτένη 400 gr,2.03
2025-07-18,94539,Μύλοι Αγίου Γεωργίου Αλεύρι Καλαμποκιού 500 gr,0.59
2025-07-18,203825,Bio Farma Τομάτα Σπιτική Βιολογική 680 gr,2.79
2025-07-18,64847,Bio Farma Μουστάρδα Βιολογική 200 gr,2.6
2025-07-18,64849,Bio Farma Καλαμπόκι Γλυκό Βιολογικό 340 gr,2.55
2025-07-18,190530,Μύλοι Αγίου Γεωργίου Ξηρή Μαγιά 3 x 8 gr,0.59
2025-07-18,98523,Bio Farma Φακές Ψιλές Βιολογικές 500 gr,1.96
2025-07-18,203139,Χιών Αλάτι Θαλασσινό Χωρίς Πρόσθετα Χονδρό 1000 gr,1.3
2025-07-18,177431,4Vita Κανέλα Τριμμένη 80 gr,1.3
2025-07-18,180801,Γκρέκα Ελαφρά Συμπυκνωμένος Χυμός Τομάτας 500 gr,0.72
2025-07-18,177434,4Vita Ρίγανη 40 gr,1.14
2025-07-18,3295,Ήρα Αλάτι Κλασικό Θαλασσινό Ιωδιούχο Ψιλό 500 gr,0.77
2025-07-18,29024,Πάρος Μηλόξυδο Χωρίς Γλουτένη 500 ml ,1.38
2025-07-18,98673,Πάρος Ξίδι Λευκό 500 ml,1.29
2025-07-18,130980,Special Foods Αλάτι Ιμαλαίων Αλάτι Ροζ 250 gr,1.26
2025-07-18,175988,Αλλατίνη Φαρίνα 500 gr ,0.83
2025-07-18,28564,Xenia Καλαμπόκι Γλυκό 340 gr,1.85
2025-07-18,145180,Special Foods Αλάτι Μεσολογγίου Αλάτι 250 gr,1.09
2025-07-18,179166,Μάννα Αλεύρι Για Όλες Τις Χρήσεις 1 kg,1.49
2025-07-18,203138,Χιών Αλάτι Crystal Θαλασσινό Ιωδιούχο Ψιλό 500 gr ,0.66
2025-07-18,96397,Bio Farma Τομάτα Passata Βιολογική 500 gr,1.49
2025-07-18,98672,Πάρος Ξίδι Special 390 ml,0.75
2025-07-18,47298,Barilla Ταλιατέλες Paglia E Fieno 500 gr,2.2
2025-07-18,153501,Χαλκιαδάκης Εξαιρετικό Παρθένο Ελαιόλαδο Κορωνέϊκη Ποικιλία 1 lt,7.52
2025-07-18,131563,Χαλκιαδάκης Αλεύρι Για Όλες Τις Χρήσεις 1 kg,0.7
2025-07-18,120888,Χαλκιαδάκης Ρύζι Parboiled Θεσσαλονίκης 500 gr,1.19
2025-07-18,120889,Χαλκιαδάκης Ρύζι Καρολίνα Σερρών 500 gr,1.13
2025-07-18,120890,Χαλκιαδάκης Ρύζι Γλασέ Θεσσαλονίκης 500 gr,1.29
2025-07-18,3283,Χαλκιαδάκης Ξύδι Από Κρητικά Κρασιά 390 ml,0.73
2025-07-18,120894,Χαλκιαδάκης Φάβα 500 gr,1.5
2025-07-18,120891,Χαλκιαδάκης Φασόλια Μέτρια 500 gr,1.42
2025-07-18,120892,Χαλκιαδάκης Φακές Ψιλές 500 gr,1.33
2025-07-18,120893,Χαλκιαδάκης Ρεβίθια 500 gr,1.9
2025-07-18,191620,3αλφα Έτοιμα Φυσικά Ρεβίθια Χονδρά 180 gr,2.98
2025-07-18,71517,3αλφα Ρεβίθια Αποφλοιωμένα Εισαγωγής 500 gr,3.75
2025-07-18,2605,Agrino Ρεβίθια Χονδρά 500 gr,2.97
2025-07-18,126499,Άροσις Μικρόσπερμα Ρεβίθια Γρεβενών 500 gr,2.7
2025-07-18,126505,Άροσις Ρεβίθια Μικρόσπερμα Γρεβενών Βιολογικά 500 gr,3.38
2025-07-18,96700,Ελληνικά Οργανικά Προϊόντα Ρεβίθια Χονδρά Βιολογικά 500 gr,2.78
2025-07-18,94157,Κανάκης Ρεβίθια Χονδρά 1 kg,4.25
2025-07-18,192567,3αλφα Κουκιά Εισαγωγής 500 gr,2.72
2025-07-18,182646,3αλφα Οσπριάδα 500 gr,3.05
2025-07-18,159816,Agrino Φάβα Φαρσάλων 500 gr,2.32
2025-07-18,168505,Άροσις Φάβα Από Λαθούρι Λάρισας 500 gr,2.68
2025-07-18,96703,Ελληνικά Οργανικά Προϊόντα Φάβα Από Λαθούρι Βιολογικές 500 gr,3.18
2025-07-18,39677,3αλφα Φακές Χονδρές Εισαγωγής 500 gr,2.45
2025-07-18,2583,3αλφα Φακές Ψιλές Εισαγωγής 500 gr,2.35
2025-07-18,80024,3αλφα Φακές Ψιλές Ελλήνων Παραγωγών 500 gr,2.74
2025-07-18,124336,3αλφα Φασόλια Γίγαντες Ελέφαντες Πρεσπών Φλώρινας ΠΓΕ 500 gr,6.98
2025-07-18,2602,Agrino Φακές Ψιλές 500 gr,2.2
2025-07-18,78007,Agrino Φακές Ψιλές Φαρσάλων 500 gr,2.45
2025-07-18,187664,Άροσις Φακές Ψιλές Γρεβενών 500 gr,2.75
2025-07-18,196674,Άροσις Φακές Ψιλές Γρεβενών Βιολογικές 500 gr,3.78
2025-07-18,96704,Ελληνικά Οργανικά Προϊόντα Φακές Ψιλές Βιολογικές 500 gr,2.48
2025-07-18,94159,Κανάκης Φακές Ψιλές 1 kg,3.23
2025-07-18,191619,3αλφα Έτοιμα Φυσικά Φασόλια Μαυρομάτικα 180 gr,2.82
2025-07-18,2585,3αλφα Φασόλια Γίγαντες Εισαγωγής 500 gr,4.8
2025-07-18,2586,3αλφα Φασόλια Μέτρια Εισαγωγής 500 gr,2.72
2025-07-18,135583,3αλφα Φασόλια Μέτρια Ελλήνων Παραγωγών 500 gr,3.58
2025-07-18,19466,3αλφα Φασόλια Μαυρομάτικα Εισαγωγής 500 gr,3.15
2025-07-18,2587,3αλφα Φασόλια Μπαρμπούνια 500 gr,3.12
2025-07-18,2604,Agrino Φασόλια Γίγαντες 500 gr,5.88
2025-07-18,2601,Agrino Φασόλια Μέτρια 500 gr,2.38
2025-07-18,113249,Agrino Φασόλια Μαυρομάτικα 500 gr,2.68
2025-07-18,203997,Άροσις Φασόλια Γιγάντες Δυτικής Μακεδονίας 500 gr,6.98
2025-07-18,172201,Άροσις Φασόλια Μέτρια Καστοριάς Βιολογικά 500 gr,4.28
2025-07-18,169919,Άροσις Φασόλια Μέτρια Λάρισας 500 gr,3.32
2025-07-18,94158,Κανάκης Φασόλια Μέτρια 1 kg,3.06
2025-07-18,186375,Κανάκης Φασόλια Μαυρομάτικα Εισαγωγής 500 gr,2.45
2025-07-18,161241,Ωμέγα Special Φασόλια Μέτρια 500 gr,1.96
2025-07-18,161243,Ωμέγα Special Φασόλια Μαυρομάτικα 500 gr,2.1
2025-07-18,153893,Alati Mou Αλάτι Θαλασσινό Κρήτης 250 gr,4.0
2025-07-18,161785,Herbs Spices Ανθός Θαλασσινού Αλατιού 200 gr,2.42
2025-07-18,152886,Olea Secret Ανθός Θαλασσινού Αλατιού Μύλος 200 gr,5.45
2025-07-18,3293,Ήρα Αλάτι Ημίχονδρο 5 kg,3.17
2025-07-18,3292,Ήρα Αλάτι Κλασικό Θαλασσινό Ιωδιούχο Ψιλό 1 kg ,1.99
2025-07-18,202416,Ήρα Αλάτι Κλασικό Θαλασσινό Ιωδιούχο Ψιλό 3 x 500 gr,2.12
2025-07-18,3332,Ήρα Αλάτι Κλασικό Θαλασσινό Ιωδιούχο Ψιλό 5 kg,3.18
2025-07-18,58993,Κάλας Αλάτι Light 375 gr,2.04
2025-07-18,55556,Κάλας Αλάτι Κλασικό Θαλασσινό Ιωδιούχο 250 gr,1.18
2025-07-18,203443,Κάλας Αλάτι Κλασικό Θαλασσινό Ιωδιούχο 3 x 400 gr ,3.62
2025-07-18,3294,Κάλας Αλάτι Κλασικό Θαλασσινό Ιωδιούχο 400 gr,1.76
2025-07-18,3307,Κάλας Αλάτι Κλασικό Θαλασσινό Ιωδιούχο 750 gr,2.8
2025-07-18,3322,Κάλας Χρυσό Αλάτι Θαλασσινό Ιωδιούχο Αλάτι 500 gr,2.28
2025-07-18,174848,Κοραλλί Αλάτι 400 gr,0.82
2025-07-18,205337,Κοραλλί Αλάτι Ημίχονδρο 1000 gr,0.96
2025-07-18,174804,Κοραλλί Μαγειρικό Αλάτι Ψιλό 1000 gr,0.8
2025-07-18,205336,Κοραλλί Μαγειρικό Αλάτι Ψιλό 500 gr,0.34
2025-07-18,202535,Χιών Αλάτι Crystal Θαλασσινό Ιωδιούχο Ψιλό 400 gr,1.32
2025-07-18,198576,Χιών Αλάτι Θαλασσινό Χωρίς Πρόσθετα Χονδρό 850 gr,2.3
2025-07-18,112685,Anna Herbs Αρισμαρί Δεντρολίβανο 35 gr,1.08
2025-07-18,112694,Anna Herbs Δάφνη 15 gr,1.08
2025-07-18,112697,Anna Herbs Θυμάρι 30 gr,1.08
2025-07-18,112707,Anna Herbs Ρίγανη 35 gr,1.08
2025-07-18,116120,Captain&#039;s Κουρκουμάς 33 gr,2.09
2025-07-18,6190,Captain&#039;s Πιπέρι Μαύρο Τριμμένο 50 gr,2.04
2025-07-18,29423,Captain’s Γαρύφαλλο Ολόκληρο 10 gr,1.15
2025-07-18,6345,Captain’s Γαρύφαλλο Τριμένο 10 gr,1.3
2025-07-18,6192,Captain’s Κανέλλα Ξύλο 50 gr,2.38
2025-07-18,6191,Captain’s Κανέλλα Τριμμένη 50 gr,1.48
2025-07-18,6305,Captain’s Κύμινο Τριμμένο 25 gr,1.6
2025-07-18,6193,Captain’s Κύμινο Τριμμένο 50 gr,1.56
2025-07-18,102481,Captain’s Μπούκοβο 50 gr,1.63
2025-07-18,6313,Captain’s Πιπέρι Μαύρο 34 gr,2.15
2025-07-18,29418,Captain’s Πιπέρι Μαύρο Τριμμένο 30 gr,1.85
2025-07-18,6349,Captain’s Ρίγανη 50 gr,1.3
2025-07-18,183103,Cook At Home Μείγμα Για Αφράτα Μπιφτέκια 65 gr,1.04
2025-07-18,188703,Cook At Home Μείγμα Για Κοτόπουλο Σχάρας 50 gr,1.42
2025-07-18,192678,Cook At Home Μείγμα Για Κοτόπουλο Σχάρας 75 gr,2.93
2025-07-18,188704,Cook At Home Μείγμα Για Μπριζόλα Σχάρας 50 gr,1.42
2025-07-18,187180,Cretan Beauty Μείγμα Μπαχαρικών 3 x 50 gr,4.2
2025-07-18,179955,Cretan Beauty Ρίγανη Βιολογική 100 gr,3.25
2025-07-18,117342,Cretan Beauty Σετ Καφασάκι Μικρό,5.88
2025-07-18,185659,Cretan Beauty Σετ Τελαράκι Μεσαίο,11.65
2025-07-18,185661,Cretan Beauty Σετ Τελαράκι Μικρό,8.55
2025-07-18,149363,Evergreen Κανέλα Κεϋλάνης Αλεσμένη Βιολογική 50 gr,2.15
2025-07-18,152860,Evergreen Κουρκουμάς Βιολογικός 100 gr,2.17
2025-07-18,147755,Health Trade Κανέλλα Κεϋλάνης Τριμμένη Βιολογική 50 gr,1.85
2025-07-18,161786,Herbs Spices Μείγμα Πιπεριών 80 gr,2.42
2025-07-18,171003,Mc Cormick Καπνιστό Σκόρδο 48 gr,4.47
2025-07-18,152836,Mc Cormick Κολιανδρο Τριμμένο 24 gr,3.75
2025-07-18,171002,Mc Cormick Κουρκουμάς 37 gr,4.28
2025-07-18,33979,Mc Cormick Κρεμμύδι Τριμμένο 40 gr,4.57
2025-07-18,40598,Mc Cormick Μείγμα 4 Πιπεριών &amp; Κόλιανδρο Μύλος 24 gr,4.98
2025-07-18,118854,Mc Cormick Πάπρικα Γλυκία 34 gr,3.74
2025-07-18,177385,Mc Cormick Πάπρικα Καπνιστή 40 gr,4.28
2025-07-18,185872,Mc Cormick Πάπρικα Καυτερή 34 gr,3.78
2025-07-18,50609,Mc Cormick Πιπέρι Καγιέν 33 gr,3.75
2025-07-18,54410,Mc Cormick Πιπέρι Μαύρο 33 gr,3.65
2025-07-18,40599,Mc Cormick Πιπέρι Μαύρο Μύλος 35 gr,5.18
2025-07-18,163342,Mc Cormick Σκόρδο Τριμμένο 47 gr,4.47
2025-07-18,6251,Mc Cormick Τζίντζερ Τριμμένο 26 gr,4.08
2025-07-18,47890,Mc Cormick Τσίλι Σκόνη Μέτρια 38 gr,3.65
2025-07-18,152889,Olea Secret Μείγμα Πιπεριών Μύλος 80 gr,6.6
2025-07-18,6350,Ήλιος Γαρύφαλλο Ολόκληρο 15 gr,1.17
2025-07-18,6351,Ήλιος Γαρύφαλλο Τριμμένο 15 gr,1.18
2025-07-18,34310,Ήλιος Κάρδαμο Πράσινο 25 gr,5.1
2025-07-18,6259,Ήλιος Κάρυ 30 gr,1.66
2025-07-18,6258,Ήλιος Κακουλέ 5 gr,1.35
2025-07-18,6231,Ήλιος Κανέλλα Ξύλο 50 gr,1.82
2025-07-18,6230,Ήλιος Κανέλλα Τριμμένη 100 gr,2.12
2025-07-18,6220,Ήλιος Κανέλλα Τριμμένη 50 gr,1.1
2025-07-18,6209,Ήλιος Καρίνο Για Κοτόπουλο 50 gr,1.68
2025-07-18,6216,Ήλιος Κύμινο Τριμμένο 35 gr,2.05
2025-07-18,6201,Ήλιος Κύμινο Τριμμένο 50 gr,1.78
2025-07-18,127832,Ήλιος Μείγμα Για Μπάρμπεκιου 40 gr,2.08
2025-07-18,6206,Ήλιος Μοσχοκάρυδο Τριμμένο 15 gr,1.38
2025-07-18,6205,Ήλιος Μοσχοκάρυδο Χονδρό 25 gr,1.37
2025-07-18,34118,Ήλιος Μπούκοβο 50 gr,1.5
2025-07-18,6228,Ήλιος Πάπρικα Γλυκιά 50 gr,1.1
2025-07-18,127833,Ήλιος Πάπρικα Καπνιστή 35 gr,1.78
2025-07-18,26478,Ήλιος Πάπρικα Καυτερή 100 gr,2.32
2025-07-18,107085,Ήλιος Πιπέρι Ανάμικτο 50 gr,2.28
2025-07-18,83206,Ήλιος Πιπέρι Ανάμικτο Μύλος 25 gr,3.35
2025-07-18,83205,Ήλιος Πιπέρι Μαύρο Ολόκληρο Μύλος 40 gr,3.44
2025-07-18,29306,Ήλιος Πιπέρι Μαύρο Τριμμένο 100 gr,3.27
2025-07-18,6356,Ήλιος Πιπέρι Μαύρο Τριμμένο 40 gr,2.05
2025-07-18,6352,Ήλιος Πιπέρι Μαύρο Τριμμένο 50 gr,1.7
2025-07-18,27146,Ήλιος Ρίγανη 50 gr,1.46
2025-07-18,6215,Ήλιος Σκόρδο Τριμμένο 50 gr,2.65
2025-07-18,186350,Ακάλλη Ρίγανη 25 gr,1.22
2025-07-18,179439,Ανατολή Κακουλέ Ολόκληρο 5 gr,1.15
2025-07-18,70578,Ανατολή Μείγμα 4 Πιπεριών Μύλος 35 gr,3.75
2025-07-18,155283,Ανατολή Πιπέρι Μαύρο Μύλος 45 gr,3.7
2025-07-18,179446,Ανατολή Πιπέρι Μαύρο Ολόκληρο 50 gr,2.43
2025-07-18,190571,Καγιά Γαρύφαλλο Ολόκληρο 10 gr,1.08
2025-07-18,189737,Καγιά Γαρύφαλλο Τριμμένο 10 gr,1.08
2025-07-18,189220,Καγιά Κακουλέ Τριμμένο 5 gr,2.16
2025-07-18,189736,Καγιά Κανέλλα Ξύλο 50 gr,1.75
2025-07-18,189739,Καγιά Κύμινο Τριμμένο 30 gr,2.1
2025-07-18,189225,Καγιά Μοσχοκάρυδο Ολόκληρο 10 gr,1.65
2025-07-18,189735,Καγιά Μοσχοκάρυδο Τριμμένο 10 gr,1.65
2025-07-18,189228,Καγιά Πιπέρι Μέιγμα 4 Πιπεριών Μύλος 46 gr,4.78
2025-07-18,189738,Καγιά Πιπέρι Μαύρο Τριμμένο 100 gr,3.58
2025-07-18,189231,Καγιά Πιπέρι Μαύρο Τριμμένο 50 gr,1.95
2025-07-18,189230,Καγιά Πιπέρι Ροζ Μύλος 26 gr,4.78
2025-07-18,71226,Bio Farma Αλεύρι Ολικής Βιολογικό 1 kg,3.44
2025-07-18,205453,Caputo Αλεύρι Για Όλες Τις Χρήσεις Manitoba Oro 1 kg,3.54
2025-07-18,156166,Creta Carob Ωμό Χαρουπάλευρο Χωρίς Γλουτένη 300 gr,2.18
2025-07-18,179099,Αλλατίνη Αλεύρι Bread You Love Αγιορείτικο 1 kg,1.98
2025-07-18,179098,Αλλατίνη Αλεύρι Bread You Love Ηπειρώτικα Ζυμώματα 1 kg,1.95
2025-07-18,179097,Αλλατίνη Αλεύρι Bread You Love Ιταλικά Ζυμώματα 1 kg,1.92
2025-07-18,3190,Αλλατίνη Αλεύρι Για Όλες Τις Χρήσεις 1 kg,1.68
2025-07-18,52076,Αλλατίνη Αλεύρι Για Τσουρέκι 1 kg,2.86
2025-07-18,3219,Γιώτης Αλεύρι Για Όλες Τις Χρήσεις 1 kg,1.64
2025-07-18,194803,Μύλοι Αγίου Γεωργίου Αλεύρι Βρώμης Ολικής Άλεσης 900 gr,3.3
2025-07-18,100971,Μύλοι Αγίου Γεωργίου Αλεύρι Για Όλες Τις Χρήσεις 1 kg,1.25
2025-07-18,204052,Μύλοι Αγίου Γεωργίου Αλεύρι Για Όλες Τις Χρήσεις 3 x 1 kg ,2.29
2025-07-18,98383,Μύλοι Αγίου Γεωργίου Αλεύρι Για Όλες Τις Χρήσεις Βιολογικό 1 kg,2.72
2025-07-18,66350,Μύλοι Αγίου Γεωργίου Αλεύρι Για Όλες Τις Χρήσεις Ολικής Άλεσης Πετρόμυλου 1 kg,2.29
2025-07-18,108352,Μύλοι Αγίου Γεωργίου Αλεύρι Για Όλες Τις Χρήσεις Χωρίς Γλουτένη 1 kg,5.22
2025-07-18,59056,Μύλοι Αγίου Γεωργίου Αλεύρι Για Αρτοσκευάσματα Σκληρό Νο1 1 kg,2.28
2025-07-18,135078,Μύλοι Αγίου Γεωργίου Αλεύρι Για Πίτσα Τύπου 00 1 kg,2.12
2025-07-18,3197,Μύλοι Αγίου Γεωργίου Αλεύρι Ζαχαροπλαστικής Μαλακό Νο2 1 kg,2.28
2025-07-18,53986,Μύλοι Αγίου Γεωργίου Αλεύρι Ζυμωτό 1 kg,2.1
2025-07-18,194608,Μύλοι Αγίου Γεωργίου Αλεύρι Σίκαλης Για Όλες Τις Χρήσεις 1 kg,2.3
2025-07-18,44021,Μύλοι Κρήτης Αλεύρι Βιολογικής Καλλιέργειας 1 kg,2.85
2025-07-18,3188,Μύλοι Κρήτης Αλεύρι Για Όλες Τις Χρήσεις 1 kg ,1.44
2025-07-18,103524,Μύλοι Κρήτης Αλεύρι Για Τσουρέκι 1 kg,2.7
2025-07-18,3187,Μύλοι Κρήτης Αλεύρι Μαλακό 1 kg,1.95
2025-07-18,86790,Μύλοι Κρήτης Αλεύρι Ολικής Άλεσης Για Ψωμί 1 kg,2.5
2025-07-18,3186,Μύλοι Κρήτης Αλεύρι Σκληρό 1 kg,1.95
2025-07-18,163297,Γιώτης 1-2-Bake Μίγμα Για Muffins Σοκολάτας 500 gr,4.08
2025-07-18,160866,Γιώτης 1-2-Bake Μίγμα Για Pancakes &amp; Βάφλες 300 gr,2.05
2025-07-18,199821,Γιώτης 1-2-Bake Μίγμα Για Red Velvet Cake 520 gr,4.52
2025-07-18,175529,Γιώτης 1-2-Bake Μίγμα Για Κρέπες 300 gr,1.88
2025-07-18,163697,Γιώτης 1-2-Bake Μίγμα Για Σοκολατόπιτα &amp; Brownies 500 gr,3.45
2025-07-18,2399,Γιώτης Μίγμα Για Λουκουμάδες 255 gr,1.82
2025-07-18,192368,Μύλοι Αγίου Γεωργίου Μείγμα Για Brownies Easy Bake 500 gr,3.78
2025-07-18,136742,Μύλοι Αγίου Γεωργίου Μείγμα Για Muffin Easy Bake 500 gr,3.7
2025-07-18,161444,Μύλοι Αγίου Γεωργίου Μείγμα Για Pancakes Easy Bake 300 gr,2.24
2025-07-18,144670,Μύλοι Αγίου Γεωργίου Μείγμα Για Κρέπες Easy Bake 300 gr,2.0
2025-07-18,196670,Μύλοι Αγίου Γεωργίου Μείγμα Για Λουκουμάδες Easy Bake 250 gr,1.83
2025-07-18,136740,Μύλοι Αγίου Γεωργίου Μείγμα Για Πίτσα Easy Bake 500 gr,1.84
2025-07-18,3212,Melissa Σιμιγδάλι Χονδρό 500 gr,1.14
2025-07-18,3213,Melissa Σιμιγδάλι Ψιλό 500 gr,1.14
2025-07-18,198494,Ήλιος Σιμιγδάλι Χονδρό 340 gr,0.9
2025-07-18,198493,Ήλιος Σιμιγδάλι Ψιλό 340 gr,0.9
2025-07-18,71857,Μύλοι Αγίου Γεωργίου Σιμιγδάλι Χονδρό Ν4 500 gr,1.2
2025-07-18,3214,Μύλοι Αγίου Γεωργίου Σιμιγδάλι Ψιλό Ν3 500 gr,1.2
2025-07-18,96399,Bio Farma Φαρίνα Βιολογική 500 gr,1.98
2025-07-18,204905,Γιώτης Φαρίνα Κόκκινη 3 x 500 gr ,2.5
2025-07-18,3184,Γιώτης Φαρίνα Κόκκινη 500 gr,1.15
2025-07-18,72719,Γιώτης Φαρίνα Ολικής Άλεσης 500 gr,1.59
2025-07-18,3182,Γιώτης Φαρίνα Παρτοκάλι 500 gr,1.48
2025-07-18,184483,Μύλοι Αγίου Γεωργίου Φαρίν απ Ολικής Άλεσης 500 gr,1.78
2025-07-18,108353,Μύλοι Αγίου Γεωργίου Φαρίνα Χωρίς Γλουτένη 500 gr,3.2
2025-07-18,204054,Μύλοι Αγίου Γεωργίου Φαρινάπ 3 x 500 gr,1.38
2025-07-18,3180,Μύλοι Αγίου Γεωργίου Φαρινάπ 500 gr,0.88
2025-07-18,82865,Μύλοι Κρήτης Φαρίνα 500 gr,1.1
2025-07-18,201095,Knorr Asia Noodles Pot Λαχανικών 65 gr,1.32
2025-07-18,180346,Knorr Asia Noodles Pot Με Γεύση Κοτόπουλο 65 gr,1.32
2025-07-18,144631,Knorr Asia Noodles Αυγού 250 gr,2.24
2025-07-18,199259,Knorr Asia Noodles Λαχανικών 70 gr,0.62
2025-07-18,198274,Knorr Asia Noodles Με Γεύση Κοτόπουλο 70 gr,0.62
2025-07-18,179989,Knorr Pasta Snack Pot Bolognese 60 gr,1.32
2025-07-18,186289,Knorr Pasta Snack Pot Creamy Pesto 68 gr,1.32
2025-07-18,180343,Knorr Pasta Snack Pot Mac &amp; Cheese 62 gr,1.32
2025-07-18,180344,Knorr Pasta Snack Pot XXL Καρμπονάρα 92 gr,1.67
2025-07-18,179407,Knorr Pasta Snack Pot Ζυμαρικά Με Μανιτάρια 59 gr,1.32
2025-07-18,178217,Knorr Pasta Snack Pot Καρμπονάρα 55 gr,1.32
2025-07-18,165197,Maggi Magic Asia Noodles Cup Κάρυ 63 gr,1.19
2025-07-18,165195,Maggi Magic Asia Noodles Cup Κοτόπουλο 63 gr,1.19
2025-07-18,165196,Maggi Magic Asia Noodles Cup Πάπια 63 gr,1.19
2025-07-18,117267,Maggi Noodles Με Γεύση Βοδινό 59.2 gr,0.56
2025-07-18,117268,Maggi Noodles Με Γεύση Κοτόπουλο 59.2 gr,0.56
2025-07-18,179561,Maggi Noodles Με Γεύση Λαχανικών 59.2 gr,0.56
2025-07-18,117269,Maggi Noodles Με Γεύση Μανιτάρι 59.2 gr,0.56
2025-07-18,179560,Maggi Saucy Noodles Sweet Chili 75 gr,1.35
2025-07-18,179562,Maggi Saucy Noodles Teriyaki 75 gr,1.35
2025-07-18,105214,Oriental Express Noodles Ασιατικά Λαχανικά 3΄ Vegan 87 gr,0.98
2025-07-18,191347,Oriental Express Noodles Με Μοσχαράκι 3΄ Vegan 87 gr,0.98
2025-07-18,105212,Oriental Express Noodles Με Πάπια Πεκίνου 3΄ Vegan 87 gr,0.98
2025-07-18,105213,Oriental Express Noodles Ψητή Γαρίδα 3΄ Vegan 87 gr,0.98
2025-07-18,202703,Reeva Noodles Bowl Με Γεύση Βοδινό 75 gr,1.7
2025-07-18,202710,Reeva Noodles Bowl Με Γεύση Κοτόπουλο 75 gr,1.7
2025-07-18,202699,Reeva Noodles Με Γεύση Βοδινό 60 gr,0.6
2025-07-18,202689,Reeva Noodles Με Γεύση Κότοπουλο 5 x 60 gr,1.8
2025-07-18,202694,Reeva Noodles Με Γεύση Κότοπουλο 60 gr,0.6
2025-07-18,202697,Reeva Noodles Με Γεύση Τυρί &amp; Μπέικον 60 gr,0.6
2025-07-18,133486,Oriental Express Noodles Vegan 5 x 75 gr,2.44
2025-07-18,134371,Oriental Express Noodles Αυγών 300 gr,1.89
2025-07-18,133231,Oriental Express Noodles Ρυζιού Stir Fry Vegan Χωρίς Γλουτένη 225 gr,2.18
2025-07-18,133232,Oriental Express Noodles Ρυζιού Πλατιά Vegan Χωρίς Γλουτένη 225 gr,2.18
2025-07-18,182898,Oriental Express Ρύζι Για Σούσι Vegan 500 gr,3.38
2025-07-18,123014,Biona Organic Λάδι Καρύδας Ψυχρής Έκθλιψης Βιολογικό Vegan 400 gr,14.66
2025-07-18,194395,Go Tan Sriracha Hot Chilli Μαγιονέζα 215 ml,3.98
2025-07-18,160256,Knorr Asia Σάλτσα Σόγιας 175 ml,2.75
2025-07-18,152859,Land Krone Λάδι Καρύδας Ψυχρής Έκθλιψης Vegan Βιολογικό 200 gr,8.43
2025-07-18,192197,Lee Kum Kee Σάλτσα Πάπια Πεκίνου 383 gr,4.68
2025-07-18,192195,Lee Kum Kee Σάλτσα Τσίλι &amp; Σκόρδο 368 gr,4.6
2025-07-18,201427,Maggi Σάλτσα Sweet &amp; Sour 355 gr,3.48
2025-07-18,191346,Oriental Express Bamboo Chopsticks 8 Ζέυγη,1.88
2025-07-18,183389,Oriental Express Nori Για Σούσι 5 Φύλλα Χωρίς Γλουτένη Vegan 14 gr,2.42
2025-07-18,191345,Oriental Express Sushi Bamboo Mat 24 x 24 cm,1.68
2025-07-18,182818,Oriental Express Tempura Batter Mix Vegan 150 gr,2.37
2025-07-18,170958,Oriental Express Ασιατικά Λαχανικά Με Ανανά Vegan Χωρίς Γλουτένη 330 gr,2.29
2025-07-18,104416,Oriental Express Γάλα Καρύδας Vegan Χωρίς Γλουτένη 400 ml,1.8
2025-07-18,105209,Oriental Express Κρέμα Καρύδας Vegan Χωρίς Γλουτένη 400 ml,1.89
2025-07-18,183386,Oriental Express Πολτός Wasabi 43 gr,2.49
2025-07-18,183253,Oriental Express Σούσι Τζίντζερ Vegan Χωρίς Γλουτένη 190 gr,3.67
2025-07-18,182817,Oriental Express Φρυγανιά Παναρίσματος Panko Vegan 200 gr,2.5
2025-07-18,178317,Oriental Express Φύτρες Φασολιών Vegan Χωρίς Γλουτένη 330 gr,1.65
2025-07-18,117758,Chrisopigi Έξτρα Παρθένο Ελαιόλαδο 1 lt,12.5
2025-07-18,147110,Chrisopigi Έξτρα Παρθένο Ελαιόλαδο 250 ml,4.1
2025-07-18,179528,Lasitia Έξαιρετικό Παρθένο Ελαιόλαδο 0.3 ΠΟΠ 750 ml,8.6
2025-07-18,206044,Lasitia Έξαιρετικό Παρθένο Ελαιόλαδο ΠΟΠ 750 ml,7.65
2025-07-18,191535,Lasitia Έξαιρετικό Παρθένο Ελαιόλαδο ΠΟΠ 250 ml,2.68
2025-07-18,191536,Lasitia Έξαιρετικό Παρθένο Ελαιόλαδο ΠΟΠ 500 ml,5.25
2025-07-18,99121,Lyrakis Family Εξαιρετικό Παρθένο Ελαιόλαδο 1 lt,10.4
2025-07-18,99123,Lyrakis Family Εξαιρετικό Παρθένο Ελαιόλαδο 2 lt,19.45
2025-07-18,189577,Molon Lave Εξαιρετικό Παρθένο Ελαιόλαδο 1 lt,8.32
2025-07-18,189576,Molon Lave Εξαιρετικό Παρθένο Ελαιόλαδο 4 lt,29.98
2025-07-18,192697,Molon Lave Εξαιρετικό Παρθένο Ελαιόλαδο 500 ml,5.35
2025-07-18,5958,Άλτις Ελαιόλαδο Κλασικό 1 lt,11.98
2025-07-18,5980,Άλτις Ελαιόλαδο Κλασικό 2 lt,23.49
2025-07-18,60051,Άλτις Ελαιόλαδο Κλασικό Σε Μεταλλικό Δοχείο 3 lt,34.95
2025-07-18,157985,Αβέα Εξαιρετικό Παρθένο Ελαιόλαδο Κορωνέικη Ποικιλία 100 ml,1.65
2025-07-18,203313,Εκλεκτό Έξτρα Παρθένο Ελαιόλαδο 1 lt,6.9
2025-07-18,5962,Μινέρβα Ελαιόλαδο Κλασικό 1 lt,7.46
2025-07-18,66566,Μινέρβα Ελαιόλαδο Κλασικό 750 ml,8.46
2025-07-18,158758,Χρυσελιά Ελαιόλαδο Κλασικό 1 lt,7.2
2025-07-18,77405,Χωριό Ελαιόλαδο Βιολογικό 750 ml,11.2
2025-07-18,66565,Χωριό Παρθένο Ελαιόλαδο 750 ml,9.21
2025-07-18,177471,Ωμέγα Ζάχαρη Άχνη 400 gr,0.65
2025-07-18,202014,Canderel Υποκατάστατο Ζάχαρης 300 Δισκία 25-5 gr,6.95
2025-07-18,198154,Canderel Υποκατάστατο Ζάχαρης 650 Δισκία 39 gr,4.15
2025-07-18,202551,Canderel Υποκατάστατο Ζάχαρης Stevia 120 Δισκία 10.2 gr,4.35
2025-07-18,186667,Canderel Υποκατάστατο Ζάχαρης Stevia Βάζο 75 gr,4.58
2025-07-18,205447,Freevia Γλυκαντικό Με Stevia Σε Sticks 50 Τεμάχια ,2.2
2025-07-18,205448,Freevia Υγρό Γλυκαντικό Με Stevia Υγρό Σε Sticks 50 Τεμάχια,1.98
2025-07-18,34089,Hai Σιρόπι Γλυκόζης 400 gr,2.22
2025-07-18,202948,Isostevia Γλυκαντικό Με Stevia Σε Σκόνη Vegan Χωρίς Γλουτένη 150 gr,2.64
2025-07-18,183164,Isostevia Υγρό Γλυκαντικό Με Stevia Vegan Χωρίς Γλουτένη 60 ml,1.89
2025-07-18,183993,Natreen Υποκατάστατο Ζάχαρης 120 Δισκία 7-6 gr,4.38
2025-07-18,2998,Natreen Υποκατάστατο Ζάχαρης Βάζο 70 gr,4.98
2025-07-18,168488,Slim Fix Υγρό Γλυκαντικό Stevia 60 ml,3.8
2025-07-18,160091,Γιώτης Sweet &amp; Balance Γλυκαντικό Με Stevia 100 Δισκία 6-5 gr,3.65
2025-07-18,120099,Γιώτης Sweet &amp; Balance Γλυκαντικό Με Stevia 80 gr,4.15
2025-07-18,178014,Γιώτης Sweet &amp; Balance Γλυκαντικό Με Stevia Σε Κρυσταλλική Μορφή 500 gr,7.28
2025-07-18,178420,Ζωγράφος Slim Line Γλυκαντικό Stevia Σε Σκόνη 150 gr,3.56
2025-07-18,72080,Ζωγράφος Slim Line Γλυκαντικό Επιτραπέζιο Σε Σκόνη 90 gr,3.53
2025-07-18,117588,Ζωγράφος Slim Line Γλυκαντικό Σε Δισκία 100 Τεμάχια + 20 Τεμάχια Δώρο 6-6 gr,2.95
2025-07-18,178419,Ζωγράφος Slim Line Υγρό Γλυκαντικό Stevia 125 ml,3.2
2025-07-18,203823,Bio Farma Ζάχαρη Demerara Βιολογική 450 gr,2.48
2025-07-18,71231,Bio Farma Ζάχαρη Από Ζαχαροκάλαμο Βιολογική 500 gr,2.24
2025-07-18,142261,Bio Vita Ζάχαρη Ακατέργαστη Βιολογική 500 gr,2.2
2025-07-18,149359,Evergreen Ζάχαρη Καρύδας Βιολογική Vegan 250 gr,2.2
2025-07-18,153168,Fytro Καστανή Ζάχαρη Ακατέργαστη Vegan 500 gr ,1.58
2025-07-18,153169,Fytro Μαύρη Ζάχαρη Vegan 500 gr,2.26
2025-07-18,147752,Health Trade Natural Καστανή Ζάχαρη Demerara 500 gr,1.34
2025-07-18,120485,Minos Ζάχαρη Brown Σε Sticks 250 gr,3.45
2025-07-18,162694,Άριστον Καστανή Ζάχαρη 500 gr,1.36
2025-07-18,23171,Ζωγράφος Καστανή Ζάχαρη Vegan Χωρίς Γλουτένη 500 gr ,1.55
2025-07-18,183217,Φύση Καστανή Ζάχαρη 500 gr,1.55
2025-07-18,163600,Diamant Λευκή Κρυσταλλική Ζάχαρη 1 kg,0.72
2025-07-18,98497,Poem Ζάχαρη Λευκή Σε Sticks 50 Τεμάχια 175 gr,2.4
2025-07-18,162479,Barilla Τορτελίνια Με 3 Τυριά 500 gr,3.87
2025-07-18,2834,Barilla Τορτελίνια Με Προσούτο &amp; Τυρί 250 gr,2.33
2025-07-18,2841,Barilla Τορτελίνια Με Τυρί 250 gr,2.33
2025-07-18,51835,Melissa Τορτελίνια Με 5 Τυριά 250 gr,2.1
2025-07-18,192787,Melissa Τορτελίνια Με 5 Τυριά 500 gr,3.86
2025-07-18,65339,Melissa Τορτελίνια Με Φέτα 250 gr,2.1
2025-07-18,134843,Melissa Τορτελίνια Ολικής Άλεσης Με Γέμιση Τυριών 250 gr,2.13
2025-07-18,189147,Melissa Τορτελίνια Τρικολόρε Με Τυριά 250 gr,2.1
2025-07-18,182812,Misko Τορτελίνια Με Τυριά &amp; Ντομάτα 250 gr,2.08
2025-07-18,2896,Misko Τορτελίνια Με Τυριά 250 gr,2.07
2025-07-18,79817,Misko Τορτελίνια Με Τυριά 500 gr,3.8
2025-07-18,188659,Misko Τορτελίνια Με Τυριά Ολικής Άλεσης 250 gr,2.08
2025-07-18,194458,Misko Τορτελίνια Τρικολόρε Με Τυριά 250 gr,2.13
2025-07-18,196642,Ήλιος Τορτελίνια Με 3 Τυριά 250 gr,1.39
2025-07-18,199312,Ήλιος Τορτελίνια Με 3 Τυριά 500 gr,2.64
2025-07-18,179495,Ήλιος Τορτελίνια Με Προσούτο Χωρίς Γλουτένη 250 gr,5.95
2025-07-18,179496,Ήλιος Τορτελίνια Με Σπανάκι &amp; Ρικότα Χωρίς Γλουτένη 250 gr,5.95
2025-07-18,36536,Barilla Ζυμαρικά Λιγκουίνι Ν13 500 gr,1.12
2025-07-18,187208,Barilla Ζυμαρικά Integrale Spaghettini Ν3 500 gr,1.1
2025-07-18,174336,Barilla Ζυμαρικά Λιγκουϊνι Ολικής Άλεσης 500 gr,1.33
2025-07-18,72102,Barilla Μακαρόνια Integrale Spaghetti Ολικής Άλεσης Ν5 500 gr,1.1
2025-07-18,149909,Barilla Μακαρόνια Spaghetti Χωρίς Γλουτένη Ν5 400 gr,2.38
2025-07-18,33959,Barilla Μακαρόνια Για Παστίτσιο Ν10 500 gr,1.2
2025-07-18,2784,Barilla Μακαρόνια Ν3 Σπαγγετίνη 500 gr,0.98
2025-07-18,2778,Barilla Μακαρόνια Ν5 Σπαγγέτι 500 gr,0.98
2025-07-18,2779,Barilla Μακαρόνια Ν7 Σπαγγετόνι 500 gr,0.98
2025-07-18,2783,Barilla Σπαγγετίνη Capellini Ν1 500 gr,1.17
2025-07-18,205452,De Cecco Μακαρόνια Linguine N7 500 gr,1.72
2025-07-18,101385,De Cecco Μακαρόνια Ν12 500 gr,1.72
2025-07-18,2830,Melissa Μακαρόνια Για Παστίτσιο Ν2 500 gr,1.16
2025-07-18,180872,Melissa Μακαρόνια Λιγκουίνι Ολικής Άλεσης 500 gr,1.23
2025-07-18,198488,Melissa Μακαρόνια Σπαγγέτι High Protein 400 gr,1.92
2025-07-18,135455,Melissa Μακαρόνια Σπαγγέτι Βιολογικά 500 gr,2.48
2025-07-18,176803,Melissa Μακαρόνια Σπαγγέτι Καρότο Vegan 400 gr,1.22
2025-07-18,2811,Melissa Μακαρόνια Σπαγγέτι Ν6 500 gr,0.8
2025-07-18,180734,Melissa Μακαρόνια Σπαγγέτι Ολικής Άλεσης Ν10 500 gr,1.02
2025-07-18,76474,Melissa Μακαρόνια Σπαγγέτι Ολικής Άλεσης Ν6 500 gr,1.02
2025-07-18,176801,Melissa Μακαρόνια Σπαγγέτι Σπανάκι Vegan 400 gr,1.22
2025-07-18,134577,Melissa Μακαρόνια Σπαγγέτι Χωρίς Γλουτένη 400 gr,2.66
2025-07-18,2812,Melissa Μακαρόνια Σπαγγετίνη Ν10 500 gr,0.8
2025-07-18,2747,Melissa Μακαρόνια Σπαγγετίνη Ν7 500 gr,0.8
2025-07-18,2814,Melissa Μακαρόνια Τρυπητά Ν3 500 gr,1.16
2025-07-18,192736,Melissa Χρυσή Επιλογή Λιγκουίνι 500 gr,1.1
2025-07-18,192735,Melissa Χρυσή Επιλογή Μακαρόνια Σπαγγετίνι Ν10 500 gr,1.1
2025-07-18,192737,Melissa Χρυσή Επιλογή Μακαρόνια Σπαγγετόνι Ν6 500 gr,1.1
2025-07-18,91509,Misko Κανελόνια 250 gr,1.22
2025-07-18,2797,Misko Μακαρόνια Extrafino Ν12 500 gr,1.2
2025-07-18,2699,Misko Μακαρόνια Miskoτίνη Ν10 500 gr,1.07
2025-07-18,2773,Misko Μακαρόνια Για Παστίτσιο Ν2 500 gr ,1.07
2025-07-18,176289,Misko Μακαρόνια Παστίτσιο Ολικής Άλεσης Ν2 500 gr,1.26
2025-07-18,198490,Misko Μακαρόνια Σπαγγέτι Protein 400 gr,1.79
2025-07-18,83996,Misko Μακαρόνια Σπαγγέτι Ν6 Ολικής Άλεσης 500 gr ,1.04
2025-07-18,83997,Misko Μακαρόνια Σπαγγετίνη Ν10 Ολικής Άλεσης 500 gr ,1.04
2025-07-18,29386,Misko Μακαρόνια Τρυπητά Ν5 500 gr,1.07
2025-07-18,170760,Misko Πάστα Λιγκουίνι Ολικής Άλεσης 500 gr,1.26
2025-07-18,2774,Misko Πάστα Τρυπητά Ν3 500 gr,1.07
2025-07-18,97700,Misko Χρυσή Σειρά Μακαρόνια Ματσάτα 500 gr,1.27
2025-07-18,97701,Misko Χρυσή Σειρά Μακαρόνια Σπαγγέτι 500 gr,1.16
2025-07-18,106872,Misko Χρυσή Σειρά Μακαρόνια Σπαγγετίνη Ν10 500 gr,1.16
2025-07-18,2701,Stella Μακαρόνια Για Παστίτσιο Ν2 500 gr,0.74
2025-07-18,2871,Stella Μακαρόνια Σπαγγέτι Ν6 500 gr,0.67
2025-07-18,2872,Stella Μακαρόνια Σπαγγέτι Ν7 500 gr,0.67
2025-07-18,2868,Stella Μακαρόνια Σπαγγετίνη Ν10 500 gr,0.67
2025-07-18,198487,Ήλιος Μακαρόνια Λιγκουίνι 500 gr,0.7
2025-07-18,34472,Ήλιος Μακαρόνια Σπαγγέτι Ν6 500 gr,0.58
2025-07-18,29726,Ήλιος Μακαρόνια Σπαγετίνη Ν10 500 gr,0.58
2025-07-18,2720,Ήλιος Μακαρόνια Χρυσή Σπαγγετίνη 500 gr,1.4
2025-07-18,203849,Ήλιος Πάστα Δεινοσαυράκια 500 gr,0.78
2025-07-18,133842,Μακβελ Μακαρόνια Σπαγγέτι Ν6 500 gr,0.67
2025-07-18,201720,Μακβελ Μακαρόνια Σπαγγέτι Ν6 Χαμηλού Γλυκαιμικού Δείκτη 400 gr,0.9
2025-07-18,183075,Μακβελ Μακαρόνια Σπαγγέτι Ολικής Άλεσης Ν6 500 gr,0.97
2025-07-18,133843,Μακβελ Μακαρόνια Σπαγγετίνη Ν10 500 gr,0.67
2025-07-18,132468,Μαράτα Μακαρόνια Σπαγγέτι Ν6 500 gr,0.62
2025-07-18,176369,Μαράτα Μακαρόνια Σπαγγέτι Ολικής Άλεσης Ν7 500 gr,0.7
2025-07-18,132469,Μαράτα Μακαρόνια Σπαγγετίνη Ν10 500 gr,0.62
2025-07-18,2742,Barilla Κανελόνια 250 gr,1.35
2025-07-18,173699,Barilla Παρπαδέλες All Nuovo 250 gr,1.69
2025-07-18,2782,Barilla Πάστα Κοφτό 500 gr,1.13
2025-07-18,79813,Barilla Πάστα Rigatoni 500 gr,1.14
2025-07-18,37247,Barilla Λαζάνια Με Αυγά 500 gr,2.2
2025-07-18,163706,Barilla Πάστα Casarecce Από Ρεβίθι Vegan Χωρίς Γλουτένη 250 gr,2.7
2025-07-18,41132,Barilla Πάστα Casarecce 500 gr,1.46
2025-07-18,191698,Barilla Πάστα Collezione Orecchiette 500 gr,1.6
2025-07-18,198489,Barilla Πάστα Collezione Papiri 450 gr,1.6
2025-07-18,2818,Barilla Πάστα Farfalle 500 gr,1.18
2025-07-18,43940,Barilla Πάστα Fusilli 500 gr,1.14
2025-07-18,202298,Barilla Πάστα Fusilli Bucati Corti 500 gr,1.69
2025-07-18,72099,Barilla Πάστα Integrale Farfalle Ολικής Άλεσης 500 gr,1.37
2025-07-18,28341,Barilla Πάστα Mezze Penne Tricolore Πέννες Ν78 500 gr,1.7
2025-07-18,83991,Barilla Πάστα Mini Farfalle 500 gr,1.34
2025-07-18,2781,Barilla Πάστα Penne Rigate Πέννες 500 gr,1.14
2025-07-18,149910,Barilla Πάστα Penne Rigate Πέννες Χωρίς Γλουτένη 400 gr,2.38
2025-07-18,163705,Barilla Πάστα Penne Πέννες Από Κόκκινες Φακές Vegan Χωρίς Γλουτένη 250 gr,2.7
2025-07-18,83992,Barilla Πάστα Piccolini Mini Penne Rigate Πέννες 500 gr,1.35
2025-07-18,2888,Barilla Πάστα Tortiglioni 500 gr,1.14
2025-07-18,2780,Barilla Πάστα Κριθαράκι Μέτριο 500 gr,1.12
2025-07-18,181582,Barilla Ταλιατέλες Με Αυγά 450 gr,2.33
2025-07-18,102942,De Cecco Νιόκι Από Πατάτα 500 gr,1.42
2025-07-18,205449,De Cecco Πάστα Paccheri N125 500 gr,2.35
2025-07-18,205451,De Cecco Πάστα Pappardelle Ν201 500 gr,2.2
2025-07-18,205450,De Cecco Πάστα Ταλιατέλλες Ν203 500 gr,2.2
2025-07-18,198491,Le Veneziane Νιόκι Από Πατάτα Vegan Χωρίς Γλουτένη 500 gr,4.1
2025-07-18,2721,Melissa Κανελόνια 250 gr,1.84
2025-07-18,196939,Melissa Λαζάνια 500 gr,2.7
2025-07-18,107028,Melissa Μακαρόνια Λαζανάκι 500 gr,1.13
2025-07-18,163540,Melissa Πάστα Kids Paw Patrol 500 gr,1.68
2025-07-18,19759,Melissa Πάστα Κοράλλι 500 gr,1.48
2025-07-18,189214,Melissa Πάστα Κοράλλι Ριγέ Με Κόκκινη Φακή 400 gr,1.93
2025-07-18,2867,Melissa Πάστα Κοφτάκι 500 gr,1.48
2025-07-18,2822,Melissa Πάστα Κοφτό 500 gr,1.42
2025-07-18,91218,Melissa Πάστα Κοφτό Ολικής Άλεσης 500 gr,1.23
2025-07-18,2820,Melissa Πάστα Κριθαράκι Μέτριο 500 gr,1.35
2025-07-18,135591,Melissa Πάστα Κριθαράκι Μέτριο Βιολογικό 500 gr,2.48
2025-07-18,180873,Melissa Πάστα Κριθαράκι Μέτριο Ολικής Άλεσης 500 gr,1.23
2025-07-18,181629,Melissa Πάστα Κριθαράκι Μέτριο Χωρίς Γλουτένη 400 gr,2.58
2025-07-18,2866,Melissa Πάστα Κριθαράκι Χονδρό 500 gr,1.35
2025-07-18,2825,Melissa Πάστα Πέννες 500 gr,1.1
2025-07-18,2826,Melissa Πάστα Πέννες Ριγέ 500 gr,1.1
2025-07-18,77014,Melissa Πάστα Πέννες Ριγέ Ολικής Άλεσης 500 gr,1.23
2025-07-18,81663,Melissa Πάστα Πέννες Ριγέ Τρικολόρε 500 gr,2.54
2025-07-18,2810,Melissa Πάστα Ριγκατόνι 500 gr,1.1
2025-07-18,176804,Melissa Πάστα Ριγκατόνι Ολικής Άλεσης Με Χαρούπι 400 gr,1.46
2025-07-18,2824,Melissa Πάστα Στριφτό 500 gr,1.07
2025-07-18,77017,Melissa Πάστα Στριφτό Ολικής Άλεσης 500 gr,1.23
2025-07-18,47841,Melissa Πάστα Στριφτό Τρικολόρε 500 gr,2.54
2025-07-18,189213,Melissa Πλεξούδες Με Αρακά 400 gr,1.93
2025-07-18,2880,Melissa Ταλιατέλλες 500 gr,2.65
2025-07-18,192738,Melissa Χρυσή Επιλογή Πέννες Ριγέ 500 gr,1.23
2025-07-18,2800,Misko Ζυμαρικά Λαζάνια 500 gr,1.07
2025-07-18,176290,Misko Μακαρόνια Ριγκατόνι Ολικής Άλεσης 500 gr,1.26
2025-07-18,2790,Misko Πάστα Αστράκι 500 gr,1.07
2025-07-18,21848,Misko Πάστα Αχιβάδα 500 gr,1.07
2025-07-18,2792,Misko Πάστα Κοραλάκι 500 gr,1.07
2025-07-18,52172,Misko Πάστα Κοφτό 500 gr,1.07
2025-07-18,2796,Misko Πάστα Κοφτό Μισό 500 gr,1.07
2025-07-18,83994,Misko Πάστα Κοφτό Ολικής Άλεσης 500 gr,1.26
2025-07-18,2795,Misko Πάστα Κριθαράκι Μέτριο 500 gr,0.99
2025-07-18,112642,Misko Πάστα Κριθαράκι Ολικής Άλεσης 500 gr,1.26
2025-07-18,29387,Misko Πάστα Κριθαράκι Χονδρό 500 gr,0.99
2025-07-18,79816,Misko Πάστα Πέννε Ριγκάτε 500 gr,1.07
2025-07-18,198492,Misko Μακαρόνια Πέννε Ριγκάτε Protein 400 gr,1.79
2025-07-18,149532,Misko Πάστα Πέννε Ριγκάτε Ολικής Άλεσης 500 gr,1.26
2025-07-18,188660,Misko Πάστα Πέννε Ριγκάτε Τρικολόρε 500 gr,1.56
2025-07-18,2794,Misko Πάστα Πενάκι 500 gr,1.07
2025-07-18,29389,Misko Πάστα Πεπονάκι 500 gr,1.07
2025-07-18,106859,Misko Πάστα Ριγκατόνι 500 gr,1.07
2025-07-18,2864,Misko Πάστα Ρυζάκι 500 gr,1.07
2025-07-18,28498,Misko Πάστα Σέλινο 500 gr,1.07
2025-07-18,79944,Misko Πάστα Σουσαμάκι 500 gr,1.07
2025-07-18,2793,Misko Πάστα Τριβελάκι 500 gr,1.07
2025-07-18,83995,Misko Πάστα Τριβελάκι Ολικής Άλεσης 500 gr,1.26
2025-07-18,43567,Misko Πάστα Φιογκάκι 500 gr,1.2
2025-07-18,2737,Misko Ταλιατέλλες 500 gr,1.69
2025-07-18,29388,Misko Φιδές Ψιλός 250 gr,0.8
2025-07-18,170761,Misko Χρυσή Σειρά Πάστα Κριθαράκι 500 gr,1.29
2025-07-18,97698,Misko Χρυσή Σειρά Πάστα Πλεξούδες 500 gr,1.27
2025-07-18,19758,Stella Πάστα Αχιβαδάκι 500 gr,0.75
2025-07-18,2882,Stella Πάστα Βίδες 500 gr,0.75
2025-07-18,2878,Stella Πάστα Κοφτό 500 gr,0.75
2025-07-18,2879,Stella Πάστα Κοφτό Μισό 500 gr,0.75
2025-07-18,2876,Stella Πάστα Κριθαράκι Μέτριο 500 gr,0.75
2025-07-18,19293,Stella Πάστα Κριθαράκι Χονδρό 500 gr,0.75
2025-07-18,2829,Stella Πάστα Πέννες 500 gr,0.75
2025-07-18,21286,Stella Πάστα Πέννες Ριγέ 500 gr,0.75
2025-07-18,196640,Ήλιος Κανελόνια 250 gr,0.84
2025-07-18,196641,Ήλιος Λαζάνια Με Αυγό 500 gr,1.39
2025-07-18,196696,Ήλιος Πάστα Κοφτό Μέτριο 500 gr,0.7
2025-07-18,172421,Ήλιος Πάστα Κριθαράκι Λαχανικών 500 gr,1.0
2025-07-18,29728,Ήλιος Πάστα Κριθαράκι Μέτριο 500 gr,0.7
2025-07-18,198835,Ήλιος Πάστα Κριθαράκι Ολικής Άλεσης 500 gr,0.84
2025-07-18,196638,Ήλιος Πάστα Πέννες Ριγέ 500 gr,0.7
2025-07-18,2719,Ήλιος Πάστα Χρυσή Μανέστρα 500 gr,1.64
2025-07-18,196639,Ήλιος Φιδές Ψιλός 250 gr,0.5
2025-07-18,201716,Μάκβελ Πάστα Λαζανάκι Χαμηλού Γλυκαιμικού Δείκτη 400 gr,1.06
2025-07-18,133845,Μάκβελ Πάστα Πένες Ριγέ 500 gr,0.93
2025-07-18,183076,Μάκβελ Πάστα Πένες Ριγέ Ολικής Άλεσης 500 gr,0.97
2025-07-18,201726,Μάκβελ Πάστα Πένες Χαμηλού Γλυκαιμικού Δείκτη 400 gr,1.06
2025-07-18,159535,Μάκβελ Πάστα Τριβελάκι 500 gr,0.92
2025-07-18,133846,Μακβελ Πάστα Κριθαράκι Μέτριο 500 gr,0.87
2025-07-18,201717,Μακβελ Πάστα Κριθαράκι Χαμηλού Γλυκαιμικού Δείκτη 400 gr,0.97
2025-07-18,132473,Μαράτα Πάστα Κοράλλι 500 gr,0.62
2025-07-18,132472,Μαράτα Πάστα Κοφτό 500 gr,0.62
2025-07-18,132470,Μαράτα Πάστα Κριθαράκι Μέτριο 500 gr,0.62
2025-07-18,178316,Μαράτα Πάστα Κριθαράκι Μέτριο Ολικής Άλεσης 500 gr,0.88
2025-07-18,132471,Μαράτα Πάστα Πέννες Ριγέ 500 gr,0.62
2025-07-18,178315,Μαράτα Πάστα Πέννες Ριγέ Ολικής Άλεσης 500 gr,0.88
2025-07-18,47310,Melko Κρητικές Χυλοπίτες 500 gr,2.85
2025-07-18,62172,Melko Κρητικός Χειροποίητος Ξινόχοντρος 500 gr ,6.34
2025-07-18,101360,Melko Κρητικός Χόντρος 1 kg,2.15
2025-07-18,68744,Melko Μακαρόνια Σπαγγετίνη Ν10 Βιολογικά 500 gr,2.26
2025-07-18,47308,Melko Πάστα Καλογερικό 500 gr,2.45
2025-07-18,52565,Melko Πάστα Καλογερικό Βιολογικό 400 gr,2.85
2025-07-18,52566,Melko Πάστα Σκιουφικτά Βιολογικό 400 gr,2.85
2025-07-18,44696,Melko Πάστα Σκιουφικτό 500 gr,2.45
2025-07-18,97695,Misko Χιλοπίτες 500 gr,1.6
2025-07-18,2739,Stella Χυλοπίτες Χωριάτικες 500 gr,1.2
2025-07-18,72288,Αραγός Ξυνόχοντρος Κρήτης 1 kg,10.1
2025-07-18,72289,Αραγός Ξυνόχοντρος Κρήτης 500 gr,5.76
2025-07-18,2858,Βλάχα Τραχανάς Γλυκός 500 gr,2.98
2025-07-18,2859,Βλάχα Τραχανάς Ξινός 500 gr,2.98
2025-07-18,2785,Βλάχα Χυλοπιτάκι Με Γάλα &amp; Αυγά 500 gr,2.45
2025-07-18,102893,Κρητικές Ζύμες Χυλοπίτες Ν2 500 gr,2.55
2025-07-18,102892,Κρητικές Ζύμες Χυλοπίτες Φαρδιές 500 gr,2.68
2025-07-18,188700,Σπετσωτάκης Ξυνόχοντρος 500 gr,7.9
2025-07-18,82698,Χαιρέτης Παραδοσιακός Ξινόχοντρος Ανωγείων Κρήτης 500 gr,4.9
2025-07-18,114993,3αλφα Πλιγούρι Μέτριο Εισαγωγής 500 gr,1.97
2025-07-18,123078,Bio Vita Πλιγούρι Βιολογικό 500 gr,2.15
2025-07-18,113924,Fytro Πλιγούρι Vegan 500 gr,1.97
2025-07-18,160101,Mylena Τορτελίνια Φρέσκα Με Γέμιση Prosciutto Crudo 250 gr,2.98
2025-07-18,160102,Mylena Τορτελίνια Φρέσκα Με Γέμιση Riccota &amp; Σπανάκι 250 gr,2.98
2025-07-18,160100,Mylena Τορτελίνια Φρέσκα Με Γέμιση Τυρί Formaggio 250 gr,2.98
2025-07-18,6558,Heinz Φασόλια Baked Beans Χωρίς Γλουτένη 415 gr,1.4
2025-07-18,174479,Paliria Γίγαντες Γιαχνί Vegan 200 gr,2.6
2025-07-18,174489,Paliria Ντολμαδάκια Γιαλαντζί Vegan 200 gr ,2.98
2025-07-18,168513,Paliria Φάβα Με Κρεμμύδια &amp; Χυμό Λεμονιού Vegan 280 gr,2.56
2025-07-18,6528,Ζαναέ Κεφτεδάκια 280 gr,3.35
2025-07-18,6576,Ζαναέ Μπάμιες Ψιλές Σε Χυμό Τομάτας 800 gr,6.1
2025-07-18,6527,Ζαναέ Ντολμαδάκια Vegan 280 gr,3.02
2025-07-18,117279,Κύκνος Φασόλια Σε Σάλτσα Τομάτας 420 gr,0.95
2025-07-18,118210,Flokos Καλαμάρι Καλιφόρνιας Σε Άλμη 370 gr,4.75
2025-07-18,194799,Flokos Σκουμπρί Φιλέτο Καπνιστό 150 gr,3.76
2025-07-18,194800,Flokos Σκουμπρί Φιλέτο Σε Σάλτσα Τομάτας 150 gr,3.76
2025-07-18,128944,Geisha Σκουμπρί Με Τσίλι 155 gr,1.65
2025-07-18,6435,Geisha Σκουμπρί Σε Σάλτσα Τομάτας 155 gr,1.65
2025-07-18,165596,Portola Καλαμάρι Σε Φυσικό Χυμό 370 gr,4.98
2025-07-18,153155,Rio Mare Φιλέτο Σκουμπρί Στην Σχάρα Natural 120 gr,3.98
2025-07-18,153154,Rio Mare Φιλέτο Σκουμπρί Στην Σχάρα Με Ελαιόλαδο 120 gr,3.98
2025-07-18,6502,Rio Mare Φιλέτο Σολομού Σε Λάδι 150 gr,7.88
2025-07-18,133854,Safcol Σκουμπρί Σε Σάλτσα Τομάτας 155 gr,1.65
2025-07-18,37063,Trata Γαύρος Ριγανάτος 100 gr,2.1
2025-07-18,198799,Trata Ρέγγα Φιλέτο Καπνιστή 150 gr,3.08
2025-07-18,6398,Trata Σαρδέλες Πικάντικες Σε Σογιέλαιο 100 gr,2.1
2025-07-18,6399,Trata Σαρδέλες Σε Σάλτσα Τομάτας 100 gr,2.1
2025-07-18,6403,Trata Σαρδέλες Σε Σογιέλαιο 100 gr,2.1
2025-07-18,183313,Trata Σολομός Καπνιστός 70 gr,2.7
2025-07-18,183317,Trata Σολομός Σε Νερό 70 gr,2.7
2025-07-18,122179,Bonduelle Αρακάς Πολύ Ψιλός 400 gr,2.62
2025-07-18,185940,Bonduelle Αρακάς Ψιλοκομμένος &amp; Καρότο 400 gr,2.93
2025-07-18,76554,Bonduelle Καλαμπόκι Gold 170 gr,1.34
2025-07-18,206058,Bonduelle Καλαμπόκι Gold 3 x 170 gr,2.69
2025-07-18,76552,Bonduelle Καλαμπόκι Gold 340 gr,1.88
2025-07-18,188944,Bonduelle Καλαμπόκι Gold Mexico Mix 150 gr,1.5
2025-07-18,205586,Bonduelle Καλαμπόκι Premium 340 gr,2.02
2025-07-18,182623,Bonduelle Καλαμπόκι Γλυκό 2 x 85 gr,1.64
2025-07-18,181242,Bonduelle Λαχανικά Για Σαλάτα Gold Mediterranean Mix 310 gr,2.13
2025-07-18,191527,Bonduelle Ρεβύθια 2 x 80 gr,1.62
2025-07-18,205587,Bonduelle Ρεβύθια Σε Άλμη 310 gr,1.66
2025-07-18,197868,Bonduelle Φασόλια Μαύρα 2 x 100 gr,1.61
2025-07-18,205588,Εδέμ Mexican Mix 340 gr,2.68
2025-07-18,205557,Εδέμ Καλαμπόκι Γλυκό Vegan 3 x 170 gr ,3.83
2025-07-18,162371,Εδέμ Καλαμπόκι Γλυκό Vegan 340 gr,2.25
2025-07-18,123453,Κύκνος Αρακάς Ψιλός 400 gr,1.44
2025-07-18,113969,Κύκνος Κόκκινα Φασόλια 400 gr,0.98
2025-07-18,1952,Del Monte Κομπόστα Ανανάς Σε Φέτες 570 gr,3.37
2025-07-18,1953,Del Monte Κομπόστα Ανανάς Σε Φέτες 840 gr,4.35
2025-07-18,1951,Del Monte Κομπόστα Ροδάκινο Μισό Σε Σιρόπι 825 gr,2.24
2025-07-18,1969,Κύκνος Κομπόστα Ροδάκινο 825 gr,3.45
2025-07-18,6365,Dakor Χοιρινό Κρέας 200 gr,3.7
2025-07-18,6374,Midland Χοιρινό Λάντσιον Μητ Δανίας 200 gr,2.02
2025-07-18,39737,Tulip Luncheon Meat Κοτόπουλο 200 gr,2.24
2025-07-18,116970,Tulip Luncheon Meat Χοιρινό 200 gr,2.28
2025-07-18,6389,Zwan Luncheon Meat 200 gr,3.48
2025-07-18,18753,Zwan Luncheon Meat 340 gr,5.06
2025-07-18,6361,Zwan Luncheon Meat Light 200 gr,3.73
2025-07-18,6388,Zwan Luncheon Meat Με Αρωματικά Χορταρικά 200 gr,3.73
2025-07-18,142952,Bonduelle Μανιτάρια Κομμένα 195 gr,1.98
2025-07-18,122180,Bonduelle Μανιτάρια Κομμένα 390 gr,3.18
2025-07-18,54731,Holco Μανιτάρια Κομμένα 400 gr,2.2
2025-07-18,106228,Κύκνος Μανιτάρια Τεμαχισμένα 400 gr,1.6
2025-07-18,199706,Μαράτα Μανιτάρια Κομμένα 230 gr,1.1
2025-07-18,199689,Μαράτα Μανιτάρια Ολόκληρα 230 gr,1.5
2025-07-18,133816,Altura Τόνος Με Φυτικό Λάδι 160 gr,2.35
2025-07-18,133789,Altura Τόνος Σε Νερό 160 gr,2.35
2025-07-18,189638,Flokos Τόνος Σε Ηλιέλαιο 160 gr,2.12
2025-07-18,181471,Flokos Τόνος Σε Νερό 160 gr,2.12
2025-07-18,205704,Kallimanis Τονοσαλάτα Mexicana 160 gr,2.46
2025-07-18,205705,Kallimanis Τονοσαλάτα Καλαμπόκι 160 gr,2.46
2025-07-18,205702,Kallimanis Τόνος Σε Ελαιόλαδο 2 x 140 gr,4.54
2025-07-18,205700,Kallimanis Τόνος Σε Ελαιόλαδο 80 gr,1.48
2025-07-18,205703,Kallimanis Τόνος Σε Νερό 2 x 140 gr,4.15
2025-07-18,205701,Kallimanis Τόνος Σε Νερό 80 gr,1.48
2025-07-18,118185,Rio Mare Al Naturale Τόνος Σε Νερό 2 x 160 gr,5.56
2025-07-18,118787,Rio Mare Al Naturale Τόνος Σε Νερό 3 x 80 gr,4.54
2025-07-18,118187,Rio Mare Insalatissime Τονοσαλάτα Mexicana 2 x 160 gr,5.51
2025-07-18,194282,Rio Mare Insalatissime Τονοσαλάτα Sicily Edition 160 gr,2.89
2025-07-18,168287,Rio Mare Insalatissime Τονοσαλάτα Texana 2 x 160 gr,5.51
2025-07-18,118186,Rio Mare Insalatissime Τονοσαλάτα Καλαμπόκι 2 x 160 gr,5.51
2025-07-18,198804,Rio Mare Insalatissime Τονοσαλάτα Κινόα 160 gr,2.89
2025-07-18,119136,Rio Mare Insalatissime Τονοσαλάτα Κους Κους 2 x 160 gr,5.51
2025-07-18,179992,Rio Mare Super Naturale Τόνος 2 x 112 gr,5.56
2025-07-18,186082,Rio Mare Τόνος Γευστικές Νότες Πορτοκάλι 120 gr,1.99
2025-07-18,180239,Rio Mare Τόνος Με Λίγο Ελαιόλαδο 2 x 65 gr,3.24
2025-07-18,6407,Rio Mare Τόνος Σε Ελαιόλαδο 160 gr,2.78
2025-07-18,6412,Rio Mare Τόνος Σε Ελαιόλαδο 2 x 160 gr,5.56
2025-07-18,116963,Rio Mare Τόνος Σε Ελαιόλαδο 3 x 80 gr,4.54
2025-07-18,34815,Rio Mare Τόνος Σε Ελαιόλαδο 80 gr,1.74
2025-07-18,154710,Rio Mare Τόνος Σε Ελαιόλαδο Αλιευμένος Με Καλάμι 2 x 160 gr,5.62
2025-07-18,6409,Rio Mare Τόνος Σε Νερό 160 gr,2.78
2025-07-18,34816,Rio Mare Τόνος Σε Νερό 80 gr,1.74
2025-07-18,65004,Rio Mare Τόνος Φιλέτο Σε Ελαιόλαδο 180 gr,6.98
2025-07-18,166049,Safcol Τόνος Καπνιστός Σε Λάδι 160 gr,2.55
2025-07-18,114898,Trata Τονοσαλάτα Mexicana 2 x 160 gr,4.69
2025-07-18,114896,Trata Τονοσαλάτα Με Καλαμπόκι 2 x 160 gr,4.69
2025-07-18,146157,Trata Τόνος Καπνιστός 2 x 160 gr,5.05
2025-07-18,160147,Trata Τόνος Καπνιστός Με Λεμόνι &amp; Ρίγανη 160 gr,2.42
2025-07-18,168038,Trata Τόνος Καπνιστός Πικάντικος 2 x 160 gr,5.05
2025-07-18,187059,Trata Τόνος Με Ρεβίθια &amp; Βασιλικό 170 gr,2.56
2025-07-18,187060,Trata Τόνος Με Φακές &amp; Κινόα 170 gr,2.56
2025-07-18,205446,Trata Τόνος Σε Ελαιόλαδο 2 x 140 gr,5.05
2025-07-18,199748,Trata Τόνος Σε Ελαιόλαδο 3 x 70 gr ,4.13
2025-07-18,179643,Trata Τόνος Σε Ελαιόλαδο 80 gr,1.88
2025-07-18,179642,Trata Τόνος Σε Καπνιστά Κομμάτια 80 gr,1.88
2025-07-18,114894,Trata Τόνος Σε Νερό 2 x 160 gr,5.05
2025-07-18,199747,Trata Τόνος Σε Νερό 3 x 80 gr,4.13
2025-07-18,179641,Trata Τόνος Σε Νερό 80 gr,1.88
2025-07-18,23179,Μινέρβα Μινερβίνη Μαγειρικό Λίπος Με 5% Βούτυρο Γάλακτος 400 gr,3.8
2025-07-18,3171,Μινέρβα Μινερβίνη Με Αραβοσιτέλαιο 400 gr,3.53
2025-07-18,3138,Νέα Φυτίνη Μαγειρικό Λίπος 400 gr,3.43
2025-07-18,3102,Νέα Φυτίνη Μαγειρικό Λίπος 800 gr,6.67
2025-07-18,115751,Νέα Φυτίνη Μαγειρικό Λίπος Με 25% Ελαιόλαδο 400 gr,3.88
2025-07-18,38349,Νέα Φυτίνη Μαγειρικό Λίπος Με 5% Βούτυρο Γάλακτος 400 gr,3.88
2025-07-18,198715,Andrea Milano Κρέμα Με Βαλσάμικο Ξίδι Μόντενας 250 ml,2.53
2025-07-18,202276,Andrea Milano Κρέμα Με Βαλσάμικο Ξίδι Μόντενας 500 ml,4.18
2025-07-18,149569,Cretan Nectar Κρέμα Βαλσάμικο Με Θυμαρίσιο Μέλι 200 ml,3.56
2025-07-18,163766,Cretan Nectar Κρέμα Βαλσαμικού Ρόδι &amp; Αρώνια 200 ml,3.36
2025-07-18,153156,Cretan Nectar Λευκό Βαλσάμικο Με Μέλι &amp; Μουστάρδα 250 ml,3.04
2025-07-18,143073,Cretan Nectar Ξίδι Βαλσάμικο 250 ml,2.44
2025-07-18,103097,Kalamata Papadimitriou Βαλσάμικο Ξίδι Vegan Χωρίς Γλουτένη 250 ml,2.15
2025-07-18,130854,Kalamata Papadimitriou Βαλσάμικο Ξίδι Με Μέλι Χωρίς Γλουτένη 250 ml,3.3
2025-07-18,98515,Kalamata Papadimitriou Κρέμα Βαλσαμικού Vegan Χωρίς Γλουτένη 250 ml,2.76
2025-07-18,130853,Kalamata Papadimitriou Κρέμα Βαλσαμικού Πορτοκάλι &amp; Λεμόνι Vegan Χωρίς Γλουτένη 250 ml,3.32
2025-07-18,204985,Kalamata Papadimitriou Κρέμα Βαλσαμικού Ρόδι Vegan Χωρίς Γλουτένη 250 ml,3.3
2025-07-18,132166,Kalamata Papadimitriou Κρέμα Βαλσαμικού Σύκο Vegan Χωρίς Γλουτένη 250 ml,3.22
2025-07-18,3281,Ponti Aceto Βαλσάμικο Ξίδι 500 ml,4.62
2025-07-18,76725,Villa Grimelli Βαλσάμικο Ξίδι Modena IGP 500 ml,2.68
2025-07-18,201966,Παν Ζαφειρόπουλος Κρέμα Βαλσάμικο Με Μέλι Χωρίς Γλουτένη 250 ml,3.1
2025-07-18,201964,Παν Ζαφειρόπουλος Κρέμα Βαλσάμικο Με Σύκο Χωρίς Γλουτένη 250 ml,2.98
2025-07-18,117275,Τοπ Βαλσάμικο Ξίδι Με Θυμαρίσιο Μέλι Χωρίς Γλουτένη 250 ml,2.64
2025-07-18,117277,Τοπ Βαλσάμικο Ξίδι Χωρίς Γλουτένη 250 ml,1.84
2025-07-18,201672,Τοπ Κρέμα Βαλσάμικου Με Μήλο Χωρίς Γλουτένη 200 ml,2.6
2025-07-18,141834,Τοπ Κρέμα Βαλσάμικου Με Ρόδι &amp; Βανίλια Χωρίς Γλουτένη 200 ml ,2.6
2025-07-18,155863,Τοπ Κρέμα Βαλσάμικου Με Στέβια Χωρίς Γλουτένη 200 ml,2.6
2025-07-18,122247,Τοπ Κρέμα Βαλσάμικου Χωρίς Γλουτένη 200 ml,2.16
2025-07-18,132558,Φίνο Βαλσάμικο Ξίδι Χωρίς Γλουτένη 250 ml,1.14
2025-07-18,3278,Mari Χυμός Λεμονιού 570 ml,1.09
2025-07-18,33076,Ανθός Άρτυμα Λεμόνι 360 ml,0.44
2025-07-18,198714,Andrea Milano Ξύδι Λευκό 500 ml ,2.53
2025-07-18,121083,Cretan Nectar Ξίδι Κρήτης Παραδοσιακό 1-5 lt,2.48
2025-07-18,176086,Cretan Nectar Ξίδι Λευκό 1-5 lt,2.52
2025-07-18,163824,Cretan Nectar Ξίδι Λευκό 400 ml,0.6
2025-07-18,121084,Cretan Nectar Παραδοσιακό Ξίδι Κρήτης 5 lt,6.46
2025-07-18,177183,Ponti Μηλόξυδο Αφιλτράριστο Βιολογικό 500 ml,3.95
2025-07-18,201962,Παν Ζαφειρόπουλος Μηλόξιδο 390 ml,0.9
2025-07-18,201960,Παν Ζαφειρόπουλος Ξίδι Από Κόκκινο Κρασί 350 ml,0.83
2025-07-18,201671,Τοπ Αφιλτράριστο Μηλόξιδο 350 ml,1.18
2025-07-18,119346,Τοπ Μηλόξιδο Χωρίς Γλουτένη 350 ml,1.02
2025-07-18,3274,Τοπ Μηλόξιδο Χωρίς Γλουτένη 500 ml,1.55
2025-07-18,206003,Τοπ Ξίδι Λευκό 350 ml,0.78
2025-07-18,3272,Τοπ Ξίδι Χωρίς Γλουτένη 500 ml,1.47
2025-07-18,205375,Τοπ Το Γνήσιο Ξίδι Χωρίς Γλουτένη 2 x 350 ml,1.54
2025-07-18,28791,Τοπ Το Γνήσιο Ξίδι Χωρίς Γλουτένη 350 ml,0.96
2025-07-18,132492,Φίνο Γνήσιο Ξίδι Χωρίς Γλουτένη 390 ml,0.38
2025-07-18,132966,Μαράτα Πυρηνέλαιο 1 lt,4.4
2025-07-18,2623,3αλφα Ρύζι Basmati Εισαγωγής 500 gr,3.32
2025-07-18,23638,Agrino Exotic Ρύζι Basmati 500 gr,3.46
2025-07-18,145610,Agrino Ρύζι Basmati Σε 10&#039; 500 gr,3.58
2025-07-18,183395,Ben&#039;s Original Αρωματικό Ρύζι Basmati 10&#039; 1 kg,6.64
2025-07-18,183113,Ben&#039;s Original Αρωματικό Ρύζι Basmati 10&#039; 500 gr,3.98
2025-07-18,183187,Ben&#039;s Original Αρωματικό Ρύζι Basmati 10&#039; Σε Μαγειρικό Σακουλάκι 500 gr,4.28
2025-07-18,192200,Ben&#039;s Ρύζι Basmati 2&#039; 220 gr,1.68
2025-07-18,70827,Bio Farma Ρύζι Basmati Βιολογικό 500 gr,2.96
2025-07-18,202471,Κανάκης Ρύζι Basmati 500 gr,2.4
2025-07-18,2643,3αλφα Ρύζι Parboiled 500 gr,2.32
2025-07-18,83639,3αλφα Ρύζι Parboiled Άγριο Εισαγωγής 500 gr,3.4
2025-07-18,2635,Agrino Ρύζι Bella Parboiled 1 kg,5.05
2025-07-18,2675,Agrino Ρύζι Bella Parboiled 500 gr,2.78
2025-07-18,43837,Agrino Ρύζι Μακρύκοκκο Parboiled 10&#039; 4 x 125 gr,2.98
2025-07-18,191519,Ben&#039;s Original Ρύζι Jasmine Parboiled 10&#039; 500 gr,3.38
2025-07-18,183393,Ben&#039;s Original Ρύζι Parboiled 10&#039; 500 gr,2.3
2025-07-18,183394,Ben&#039;s Original Ρύζι Parboiled 10&#039; Σε Μαγειρικό Σακουλάκι 1 kg,5.48
2025-07-18,183112,Ben&#039;s Original Ρύζι Parboiled 10&#039; Σε Μαγειρικό Σακουλάκι 500 gr,3.38
2025-07-18,190172,Ben&#039;s Original Ρύζι Parboiled 20&#039; Σε Μαγειρικό Σακουλάκι 500 gr,3.28
2025-07-18,70828,Bio Farma Ρύζι Parboiled Βιολογικό 500 gr,2.56
2025-07-18,163040,Άροσις Ρύζι Κίτρινο Θεσσαλονίκης 500 gr,2.58
2025-07-18,161251,Ωμέγα Special Ρύζι Parboiled 500 gr,2.1
2025-07-18,2644,3αλφα Ρύζι Γλασέ 500 gr,1.92
2025-07-18,43840,Agrino Ρύζι Σουπέ Γλασέ 500 gr,2.08
2025-07-18,118035,Trofino Ρύζι Γλασέ Ελληνικό Βιολογικό 500 gr,1.9
2025-07-18,94155,Κανάκης Ρύζι Γλασέ 1 kg,2.5
2025-07-18,106794,3αλφα Ρύζι Jasmine 500 gr,2.7
2025-07-18,170652,3αλφα Ρύζι Risotto 500 gr,2.65
2025-07-18,2624,3αλφα Ρύζι Μπλου Ροζ 500 gr,2.14
2025-07-18,2674,Agrino Exotic Jasmine Ρύζι Αρωματικό 500 gr,2.78
2025-07-18,145614,Agrino Exotic Risotto Ρύζι Arborio 500 gr,2.84
2025-07-18,68474,Agrino Exotic Ρύζι Parboiled Με Wild Rice 500 gr,3.6
2025-07-18,190388,Agrino Greek Gourmet Risotto Με Αυγολέμονο Χωρίς Γλουτένη 200 gr,2.92
2025-07-18,115701,Agrino Greek Gourmet Risotto Σαφράν &amp; Κρόκο Κοζάνης Π.Ο.Π Χωρίς Γλουτένη 200 gr,3.13
2025-07-18,188786,Agrino QuickDeli Λευκή &amp; Κόκκινη Κινόα Vegan Χωρίς Γλουτένη 250 gr,2.4
2025-07-18,188779,Agrino QuickDeli Ρύζι Μεξικάνικο Vegan Χωρίς Γλουτένη 250 gr ,2.2
2025-07-18,188785,Agrino QuickDeli Ταμπουλέ &amp; Κινόα Vegan 250 gr,2.4
2025-07-18,2632,Agrino Ρύζι Φάνσυ Blue Rose 1 kg,4.47
2025-07-18,183425,Ben&#039;s Original Ρύζι Risotto Parboiled 15&#039; 500 gr,3.28
2025-07-18,192198,Ben&#039;s Ρύζι Indian Style 2&#039; 220 gr,1.68
2025-07-18,202358,Κανάκης Ρύζι Arborio 500 gr ,2.0
2025-07-18,94153,Κανάκης Ρύζι Μπονέτ 1 kg,2.75
2025-07-18,2634,Agrino Ρύζι Λαϊς Καρολίνα 1 kg,4.7
2025-07-18,48688,Trofino Ρύζι Καρολίνα Βιολογικό 500 gr,2.37
2025-07-18,126503,Άροσις Ρύζι Καρολίνα Σερρών 500 gr,2.6
2025-07-18,94152,Κανάκης Ρύζι Καρολίνα 1 kg,3.82
2025-07-18,167728,3αλφα Ρύζι Καστανό 10&#039; 500 gr,2.6
2025-07-18,145612,Agrino Brown Family Ρύζι Καστανό Parboiled Για Γεμιστά Χωρίς Γλουτένη 500 gr,2.8
2025-07-18,95060,Agrino Brown Family Ρύζι Καστανό Parboiled Για Πιλάφι Χωρίς Γλουτένη 500 gr,2.8
2025-07-18,2673,Agrino Ρύζι Brown Καστανό 500 gr,2.54
2025-07-18,184060,Ben&#039;s Original Ρύζι Καστανό 10&#039; 500 gr,3.28
2025-07-18,183372,Ben&#039;s Original Ρύζι Καστανό 10&#039; Σε Μαγειρικό Σακουλάκι 500 gr,3.38
2025-07-18,79431,Bio Farma Ρύζι Καστανό Βιολογικό 500 gr,2.15
2025-07-18,2626,3αλφα Ρύζι Νυχάκι 500 gr,2.09
2025-07-18,2633,Agrino Ρύζι Φίνο Νυχάκι 1 kg,4.15
2025-07-18,2676,Agrino Ρύζι Φίνο Νυχάκι 500 gr,2.18
2025-07-18,118036,Trofino Ρύζι Νυχάκι Ελληνικό Βιολογικό 500 gr,1.93
2025-07-18,94154,Κανάκης Ρύζι Νυχάκι Μακρύκοκο 1 kg,2.5
2025-07-18,113892,17 Κέτσαπ 250 gr,1.82
2025-07-18,3444,17 Κέτσαπ 540 gr,3.18
2025-07-18,181546,Heinz Κέτσαπ 50 % Λιγότερη Ζάχαρη &amp; Αλάτι Top Down 435 gr,2.85
2025-07-18,60041,Heinz Κέτσαπ Squeezy 342 gr,2.82
2025-07-18,22089,Heinz Κέτσαπ Squeezy 570 gr,4.05
2025-07-18,203840,Heinz Κέτσαπ Top Down 250 gr,1.6
2025-07-18,63027,Heinz Κέτσαπ Top Down 460 gr,2.63
2025-07-18,76730,Heinz Κέτσαπ Top Down 700 gr,3.5
2025-07-18,202314,Heinz Κέτσαπ Top Down 910 gr,4.4
2025-07-18,197291,Heinz Κέτσαπ Zero Χωρίς Αλάτι &amp; Ζάχαρη Top Down 425 gr,2.63
2025-07-18,76735,Heinz Κέτσαπ Βιολογική Vegan 580 gr,3.12
2025-07-18,128720,Hellmann&#039;s Κέτσαπ Ketchupito Vegan 460 gr,2.65
2025-07-18,194867,Hellmann&#039;s Κέτσαπ Κλασική 540 gr,3.3
2025-07-18,187181,Hellmann&#039;s Κέτσαπ Κλασική Top Down Vegan 272-5 gr,1.68
2025-07-18,196814,Hellmann&#039;s Κέτσαπ Κλασική Top Down Vegan 550 gr,2.83
2025-07-18,197037,Hellmann&#039;s Κέτσαπ Κλασική Top Down Vegan 850 gr,3.69
2025-07-18,194708,Hellmann&#039;s Κέτσαπ Με Στέβια 520 gr,3.8
2025-07-18,79635,Hellmann&#039;s Κέτσαπ Με Στέβια Top Down Vegan 465 gr,2.65
2025-07-18,95663,Pummaro Κέτσαπ 500 gr,2.2
2025-07-18,187381,Κύκνος Κέτσαπ 0% Ζάχαρη Vegan Χωρίς Γλουτένη 320 gr,3.12
2025-07-18,187382,Κύκνος Κέτσαπ Top Down 0% Ζάχαρη Vegan Χωρίς Γλουτένη 360 gr,1.7
2025-07-18,189035,Κύκνος Κέτσαπ Top Down 0% Ζάχαρη Vegan Χωρίς Γλουτένη 550 gr,2.34
2025-07-18,180875,Κύκνος Κέτσαπ Top Down Hot Vegan Χωρίς Γλουτένη 560 gr,1.83
2025-07-18,180874,Κύκνος Κέτσαπ Top Down Vegan Χωρίς Γλουτένη 560 gr,1.83
2025-07-18,3452,Κύκνος Κέτσαπ Vegan Χωρίς Γλουτένη 330 gr,2.52
2025-07-18,126957,Σαλάτες Οικονομάκη Κέτσαπ Χωρίς Γλουτένη 500 gr,2.5
2025-07-18,154262,17 Μαγιονέζα 410 gr,3.58
2025-07-18,194841,Brava Μαγιονέζα Χωρίς Γλουτένη 235 ml,1.23
2025-07-18,173490,Heinz Μαγιονέζα Seriously Good 400 ml,2.67
2025-07-18,173488,Heinz Μαγιονέζα Seriously Good 480 ml,2.54
2025-07-18,203841,Heinz Μαγιονέζα Top Down 220 ml,1.6
2025-07-18,85104,Hellmann&#039;s Real Μαγιονέζα 225 ml,1.71
2025-07-18,85604,Hellmann&#039;s Real Μαγιονέζα 450 ml,2.86
2025-07-18,85603,Hellmann&#039;s Real Μαγιονέζα 650 ml,3.63
2025-07-18,194377,Hellmann&#039;s Real Μαγιονέζα Top Down 250 ml,2.06
2025-07-18,83110,Hellmann&#039;s Real Μαγιονέζα Top Down 430 ml,3.32
2025-07-18,194376,Hellmann&#039;s Real Μαγιονέζα Top Down 750 ml,4.08
2025-07-18,206342,Hellmann&#039;s Μαγιονέζα Street Food 340 ml,2.98
2025-07-18,81844,Hellmann&#039;s Μαγιονέζα Light 225 ml,2.1
2025-07-18,81845,Hellmann&#039;s Μαγιονέζα Light 450 ml,3.82
2025-07-18,81846,Hellmann&#039;s Μαγιονέζα Light Top Down Χωρίς Γλουτένη 430 ml,3.39
2025-07-18,204571,Hellmann&#039;s Μαγιονέζα Top Down Vegan 430 ml,3.8
2025-07-18,204012,Hellmann&#039;s Μαγιονέζα Vegan 330 gr,3.12
2025-07-18,173487,Kraft Μαγιονέζα Light Top Down Χωρίς Γλουτένη 220 ml,2.18
2025-07-18,166711,Kraft Μαγιονέζα Top Down Χωρίς Γλουτένη 350 ml,3.0
2025-07-18,166710,Kraft Μαγιονέζα Χωρίς Γλουτένη 185 ml,1.62
2025-07-18,165891,Kraft Μαγιονέζα Χωρίς Γλουτένη 490 ml,2.9
2025-07-18,195793,Κύκνος Μαγιονέζα Light Top Down Χωρίς Γλουτένη 450 ml,2.7
2025-07-18,188628,Κύκνος Μαγιονέζα Light Χωρίς Γλουτένη 420 ml,2.15
2025-07-18,195792,Κύκνος Μαγιονέζα Premium Top Down Χωρίς Γλουτένη 450 ml,2.49
2025-07-18,188629,Κύκνος Μαγιονέζα Premium Χωρίς Γλουτένη 420 ml,1.8
2025-07-18,188630,Κύκνος Μαγιονέζα Vegan Χωρίς Γλουτένη 250 ml,1.83
2025-07-18,147904,Σαλάτες Οικονομάκη Μαγιονέζα Χωρίς Γλουτένη 500 ml,3.4
2025-07-18,6898,17 Μουστάρδα 500 gr,3.38
2025-07-18,113890,17 Μουστάρδα Απαλή 250 gr,1.76
2025-07-18,113891,17 Μουστάρδα Πικάντικη 250 gr,1.76
2025-07-18,6897,Brava Μουστάρδα Απαλή Χωρίς Γλουτένη 250 gr,1.5
2025-07-18,164083,Brava Μουστάρδα Απαλή Χωρίς Γλουτένη 430 gr,1.6
2025-07-18,6969,French&#039;s Classic Yellow Μουστάρδα 226 gr,2.14
2025-07-18,35122,French&#039;s Classic Yellow Μουστάρδα 397 gr,3.25
2025-07-18,148801,Heinz New York Deli Style Μουστάρδα Mild 240 gr,1.76
2025-07-18,158479,Heinz New York Deli Style Μουστάρδα Mild 445 gr,2.5
2025-07-18,96298,Hellmann&#039;s Μουστάρδα Dijonnaise Top Down 240 gr,2.07
2025-07-18,92740,Hellmann&#039;s Μουστάρδα Απαλή Top Down 265 gr,2.24
2025-07-18,24365,Hellmann&#039;s Μουστάρδα Απαλή Vegan 250 gr,1.92
2025-07-18,29582,Hellmann&#039;s Μουστάρδα Απαλή Vegan 500 gr,3.31
2025-07-18,66977,Hellmann&#039;s Μουστάρδα Πικάντικη Vegan 250 gr,1.92
2025-07-18,36007,Hellmann&#039;s Μουστάρδα Πικάντικη Vegan 500 gr,3.31
2025-07-18,130858,Kalamata Papadimitriou Μουστάρδα Απαλή Vegan Χωρίς Γλουτένη 300 gr,2.4
2025-07-18,148666,Kalamata Papadimitriou Μουστάρδα Με Μέλι Χωρίς Γλουτένη 300 gr,2.88
2025-07-18,130857,Kalamata Papadimitriou Μουστάρδα Πικάντικη Χωρίς Γλουτένη 300 gr,2.4
2025-07-18,96294,Maille Μουστάρδα Dijon Originale 215 gr,3.0
2025-07-18,194788,Maille Μουστάρδα Dijonnaise 185 gr,3.58
2025-07-18,96293,Maille Μουστάρδα Με Μέλι 230 gr,4.42
2025-07-18,188675,Κυκνός Μουστάρδα Hot Χωρίς Γλουτένη 500 gr,1.99
2025-07-18,188676,Κυκνός Μουστάρδα Απαλή Χωρίς Γλουτένη 500 gr,1.99
2025-07-18,188677,Κυκνός Μουστάρδα Με Μέλι Χωρίς Γλουτένη 250 gr,1.55
2025-07-18,126955,Σαλάτες Οικονομάκη Μουστάρδα Χωρίς Γλουτένη 500 gr,2.55
2025-07-18,202712,Agromonte Σάλτσα Τοματίνι Με Βασιλικό Χωρίς Γλουτένη 330 gr,3.1
2025-07-18,202713,Agromonte Σάλτσα Τοματίνι Χωρίς Γλουτένη 330 gr,3.1
2025-07-18,43491,Barilla Σάλτσα Arrabbiata Χωρίς Γλουτένη 400 gr,2.75
2025-07-18,7063,Barilla Σάλτσα Napoletana Χωρίς Γλουτένη 400 gr,2.66
2025-07-18,122791,Barilla Σάλτσα Pesto Alla Calabrese Χωρίς Γλουτένη 190 gr,3.34
2025-07-18,7064,Barilla Σάλτσα Pesto Alla Genovese Χωρίς Γλουτένη 190 gr,3.3
2025-07-18,188661,Barilla Σάλτσα Pesto Alla Genovese Χωρίς Γλουτένη 90 gr,2.48
2025-07-18,162478,Barilla Σάλτσα Pesto Basilico Vegan Χωρίς Γλουτένη 195 gr,3.65
2025-07-18,182814,Barilla Σάλτσα Pesto Basilico Χωρίς Γλουτένη 195 gr,3.65
2025-07-18,157065,Barilla Σάλτσα Toscana Χωρίς Γλουτένη 400 gr,2.66
2025-07-18,150136,Barilla Σάλτσα Ζυμαρικών Basilico Χωρίς Γλουτένη 200 gr,1.98
2025-07-18,7062,Barilla Σάλτσα Ζυμαρικών Basilico Χωρίς Γλουτένη 400 gr,2.7
2025-07-18,7065,Barilla Σάλτσα Ζυμαρικών Bolognese Χωρίς Γλουτένη 400 gr,3.06
2025-07-18,148798,Barilla Σάλτσα Ζυμαρικών Napoletana Χωρίς Γλουτένη 200 gr,1.95
2025-07-18,7061,Barilla Σάλτσα Ζυμαρικών Olive Χωρίς Γλουτένη 400 gr,2.75
2025-07-18,47300,Barilla Σάλτσα Ζυμαρικών Pesto Rosso Χωρίς Γλουτένη 200 gr,3.34
2025-07-18,57984,Barilla Σάλτσα Ζυμαρικών Pomodoro Χωρίς Γλουτένη 400 gr,2.66
2025-07-18,37917,Barilla Σάλτσα Ζυμαρικών Ricotta Χωρίς Γλουτένη 400 gr,2.93
2025-07-18,203848,Barilla Σάλτσα Πίτσας Χωρίς Γλουτένη 400 gr,2.73
2025-07-18,183258,Ben&#039;s Original Σάλτσα Γλυκόξινη 450 gr,2.37
2025-07-18,183260,Ben&#039;s Original Σάλτσα Γλυκόξινη 675 gr,3.14
2025-07-18,183392,Ben&#039;s Original Σάλτσα Γλυκόξινη Με Έξτρα Ανανά 450 gr,2.37
2025-07-18,183188,Ben&#039;s Original Σάλτσα Γλυκόξινη Χωρίς Προσθήκη Ζάχαρης 440 gr,2.37
2025-07-18,183259,Ben&#039;s Original Σάλτσα Κινέζικη 450 gr,2.37
2025-07-18,71225,Bio Farma Σάλτσα Με Βασιλικό Βιολογική 350 gr,3.32
2025-07-18,144636,Knorr Asia Σάλτσα Γλυκόξινη 175 ml,2.75
2025-07-18,144637,Knorr Asia Σάλτσα Τεριγιάκι 175 ml,2.75
2025-07-18,3435,Knorr Σάλτσα 4 Τυριά 44 gr,2.36
2025-07-18,88942,Knorr Σάλτσα Carbonara 44 gr,2.36
2025-07-18,89082,Knorr Σάλτσα Carbonara 88 gr,4.08
2025-07-18,187612,Knorr Σάλτσα Ζυμαρικών Τομάτα Πιπεριά 400 gr,3.28
2025-07-18,3426,Knorr Σάλτσα Μπολονέζ Vegan 60 gr,2.36
2025-07-18,201471,Old El Paso Thick &#039;N Chunky Σάλτσα Hot 226 gr,2.65
2025-07-18,201472,Old El Paso Thick &#039;N Chunky Σάλτσα Mild 226 gr,2.65
2025-07-18,167657,Primo Gusto Σάλτσα Basilico Χωρίς Γλουτένη 350 gr,2.63
2025-07-18,167552,Primo Gusto Σάλτσα Pesto Genovese Χωρίς Γλουτένη 190 gr,2.7
2025-07-18,202313,Primo Gusto Σάλτσα Pesto Mediterraneo 190 gr,2.7
2025-07-18,167658,Primo Gusto Σάλτσα Ψητών Λαχανικών Χωρίς Γλουτένη 350 gr,2.63
2025-07-18,203124,Ελληνική Γη Σάλτσα Για Ζυμαρικά 360 gr,2.77
2025-07-18,203847,Ελληνική Γη Σάλτσα Γλυκόξινη 360 gr,2.77
2025-07-18,194787,Κύκνος Σάλτσα Βασιλικού Χωρίς Γλουτένη Vegan 350 gr,2.88
2025-07-18,194786,Κύκνος Σάλτσα Ναπολιτάνα Χωρίς Γλουτένη Vegan 350 gr,2.88
2025-07-18,202084,Κύκνος Σάλτσα Πίτσας BBQ Vegan Χωρίς Γλουτένη 210 gr,1.09
2025-07-18,202085,Κύκνος Σάλτσα Πίτσας Spicy Vegan Χωρίς Γλουτένη 195 gr,1.09
2025-07-18,144499,Κύκνος Σάλτσα Πίτσας Vegan Χωρίς Γλουτένη 400 gr ,1.93
2025-07-18,202083,Κύκνος Σάλτσα Πίτσας Με Βασιλικό Vegan Χωρίς Γλουτένη 195 gr,1.09
2025-07-18,197895,Κύκνος Σάλτσα Τομάτας Με Μανιτάρια Χωρίς Γλουτένη Vegan 350 gr,3.05
2025-07-18,197894,Κύκνος Σάλτσα Τομάτας Με Φέτα Χωρίς Γλουτένη 350 gr,2.98
2025-07-18,198235,Κύκνος Σάλτσα Τομάτας Πικάντικη Vegan Χωρίς γλουτένη 350 gr,2.98
2025-07-18,205631,De Cecco Σάλτσα Pesto Genovese 190 gr,3.45
2025-07-18,105782,El Sabor Cheese Dip Σάλτσα Τυριού 300 gr,2.72
2025-07-18,105781,El Sabor Σάλτσα Dip 315 gr,2.54
2025-07-18,6988,Heinz Hp Σάλτσα Πικάντικη 255 gr ,2.46
2025-07-18,116428,Heinz Soya Sauce 150 ml,2.5
2025-07-18,192675,Heinz Μαγιονέζα Με Κέτσαπ Top Down 415 ml,2.98
2025-07-18,198920,Heinz Μαγιονέζα Με Μουστάρδα Top Down 400 ml,3.6
2025-07-18,193349,Heinz Σάλτσα American Style Burger 220 ml,2.46
2025-07-18,117181,Heinz Σάλτσα Μαγειρικής Worcester Πικάντικη 150 ml,1.95
2025-07-18,121753,Heinz Σάλτσα Μαρινάδας Barbecue Top Down 400 ml,3.14
2025-07-18,191766,Hellmann&#039;s Real Dressing &amp; Dip Σάλτσα Caesar Χωρίς Γλουτένη 250 ml,2.86
2025-07-18,190644,Hellmann&#039;s Real Dressing &amp; Dip Σάλτσα Honey &amp; Mustard Χωρίς Γλουτένη 250 ml,2.86
2025-07-18,190645,Hellmann&#039;s Real Dressing &amp; Dip Σάλτσα Thousand Island Χωρίς Γλουτένη 250 ml,2.86
2025-07-18,118517,Hellmann&#039;s Σάλτσα BBQ Με Μέλι 250 ml,2.75
2025-07-18,165337,Hellmann&#039;s Σάλτσα Burger 250 ml,2.75
2025-07-18,179018,Hellmann&#039;s Σάλτσα Cheddar Χωρίς Γλουτένη 250 gr,2.75
2025-07-18,160655,Hellmann&#039;s Σάλτσα Original BBQ 250 ml,2.75
2025-07-18,191133,Hellmann&#039;s Σάλτσα Tartar 250 ml,2.79
2025-07-18,80726,Lio Chang Σάλτσα Σόγιας 250 ml ,2.73
2025-07-18,199388,Mississippi Σάλτσα BBQ 510 gr,4.64
2025-07-18,134372,Oriental Express Σως Γλυκού Τσίλι Για Ντιπ Vegan Χωρίς Γλουτένη 200 ml,2.48
2025-07-18,201917,Santa Maria Σάλτσα Hot Pepper 85 ml,2.6
2025-07-18,183074,Santa Maria Σάλτσα Tex Mex Guacamole Dip 250 gr,4.28
2025-07-18,6989,Tabasco Σάλτσα Pepper 60 ml,3.65
2025-07-18,187380,Κύκνος Σάλτσα Top Down BBQ Vegan Χωρίς Γλουτένη 370 gr,1.82
2025-07-18,182074,Κύκνος Σάλτσα Top Down BBQ Vegan Χωρίς Γλουτένη 560 gr,2.07
2025-07-18,204517,Κύκνος Σάλτσα Top Down BBQ Με Μέλι Χωρίς Γλουτένη 370 gr,1.94
2025-07-18,188684,Σαλάτες Οικονομάκη Ροζ Σως Κόκτειλ Χωρίς Γλουτένη 530 ml,3.18
2025-07-18,205611,Knorr Extra Γεύση Ζωμός Για Κρέας 124 gr,2.1
2025-07-18,205612,Knorr Extra Γεύση Ζωμός Κότας 80 gr,2.1
2025-07-18,204728,Knorr Extra Γεύση Ζωμός Λαχανικών Vegan 130 gr,2.1
2025-07-18,75424,Knorr Ζωμός Κότας Σε Κύβους Βιολογικός 60 gr,1.8
2025-07-18,75425,Knorr Ζωμός Λαχανικών Σε Κύβους Βιολογικός Vegan 60 gr,1.8
2025-07-18,3402,Knorr Κύβοι Ζωμού Βοδινού 12 x 10 gr,2.14
2025-07-18,3405,Knorr Κύβοι Ζωμού Βοδινού 24 x 10 gr,3.64
2025-07-18,3399,Knorr Κύβοι Ζωμού Βοδινού 6 x 10 gr,1.3
2025-07-18,202328,Knorr Κύβοι Ζωμού Βοδινού Με Λιγότερο Αλάτι 12 Τεμάχια 109 gr,2.14
2025-07-18,188382,Knorr Κύβοι Ζωμού Για Ζυμαρικά 12 x 10 gr,2.14
2025-07-18,3401,Knorr Κύβοι Ζωμού Κότας 12 x 10 gr,2.14
2025-07-18,3406,Knorr Κύβοι Ζωμού Κότας 24 x 10 gr,3.64
2025-07-18,3397,Knorr Κύβοι Ζωμού Κότας 6 x 10 gr,1.3
2025-07-18,202329,Knorr Κύβοι Ζωμού Κότας Με Λιγότερο Αλάτι 12 Τεμάχια 109 gr,2.14
2025-07-18,3403,Knorr Κύβοι Ζωμού Λαχανικών Vegan 12 x 10 gr,2.14
2025-07-18,19999,Knorr Κύβοι Ζωμού Λαχανικών Vegan 24 x 10 gr,3.64
2025-07-18,3398,Knorr Κύβοι Ζωμού Λαχανικών Vegan 6 x 10 gr,1.3
2025-07-18,202327,Knorr Κύβοι Ζωμού Λαχανικών Με Λιγότερο Αλάτι Vegan 12 Τεμάχια 109 gr,2.14
2025-07-18,198219,Maggi Ζωμός Κότας Με Λιγότερο Αλάτι 80 gr,1.75
2025-07-18,195068,Maggi Κύβοι Ζωμού Βοδινού 12 x 10 gr,2.26
2025-07-18,195069,Maggi Κύβοι Ζωμού Βοδινού 16 x 10 gr,2.88
2025-07-18,195070,Maggi Κύβοι Ζωμού Βοδινού 6 x 10 gr,1.05
2025-07-18,3421,Maggi Κύβοι Ζωμού Για Ζυμαρικά 12 x 11 gr,2.4
2025-07-18,3423,Maggi Κύβοι Ζωμού Κότας 12 x 11 gr,2.48
2025-07-18,144120,Maggi Κύβοι Ζωμού Κότας 16 x 11 gr,3.16
2025-07-18,3420,Maggi Κύβοι Ζωμού Κότας 6 x 11 gr,1.15
2025-07-18,56285,Maggi Κύβοι Ζωμού Λαχανικών 12 x 11 gr,2.48
2025-07-18,58371,Maggi Κύβοι Ζωμού Λαχανικών 6 x 11 gr,1.15
2025-07-18,198085,Maggi Κύβοι Ζωμού Λαχανικών Με Λιγότερο Αλάτι 80 gr,1.75
2025-07-18,6287,Maggi Νοστιμιά Λαχανικά &amp; Μπαχαρικά Σε Σκόνη 130 gr,2.52
2025-07-18,199702,Fytro Πουρές Φάβας Με Πατάτα Vegan 116 gr,1.98
2025-07-18,42688,Knorr Πουρές Πατάτας Με Γάλα 291 gr ,3.65
2025-07-18,3335,Knorr Πουρές Πατάτας Χωρίς Γλουτένη 250 gr,3.35
2025-07-18,202211,Mousline Πουρές Πατάτας Χωρίς Γλουτένη 125 gr,1.49
2025-07-18,202209,Mousline Πουρές Πατάτας Χωρίς Γλουτένη 2 x 125 gr,2.86
2025-07-18,203466,Γιώτης Πουρές Πατάτας Vegan 2 x 125 gr,2.46
2025-07-18,189101,Γιώτης Πουρές Πατάτας Με Γλυκοπατάτα &amp; Καρότο Vegan 125 gr,2.6
2025-07-18,197310,3Αλφα Έτοιμα Σπιτικά Σούπα Μινεστρόνε Vegan Χωρίς Γλουτένη 300 gr,1.58
2025-07-18,197311,3Αλφα Έτοιμα Σπιτικά Σούπα Οσπρίων Με Δημητριακά &amp; Λαχανικά Vegan 300 gr,1.58
2025-07-18,197312,3Αλφα Έτοιμα Σπιτικά Σούπα Οσπρίων Με Ζυμαρικά Vegan 300 gr,1.58
2025-07-18,184105,Knorr Quick Κοτόσουπα 3 x 17 gr,2.02
2025-07-18,183737,Knorr Quick Σούπα Λαχανικών 3 x 17 gr,2.02
2025-07-18,183185,Knorr Quick Σούπα Μανιταριών 3 x 15 gr,2.02
2025-07-18,183387,Knorr Quick Σούπα Τομάτα 3 x 20 gr,2.02
2025-07-18,182468,Knorr Βελουτέ Μανιταρόσουπα 85 gr,2.23
2025-07-18,183580,Knorr Βελουτέ Τοματόσουπα Με Μοτσαρέλα 96 gr,2.23
2025-07-18,183089,Knorr Σουπα Με Φιδέ &amp; Κοτόπουλο 69 gr,2.15
2025-07-18,183008,Knorr Σούπα Με Ζυμαρικά ABC &amp; Λαχανικά Vegan 82 gr,2.15
2025-07-18,160563,Nutria Αραβοσιτέλαιο 1 lt,2.9
2025-07-18,160564,Nutria Αραβοσιτέλαιο 2 lt,5.75
2025-07-18,194420,Αρετή Αραβοσιτέλαιο Σε Φιάλη 1 lt,2.68
2025-07-18,132961,Μαράτα Αραβοσιτέλαιο 1 lt,2.25
2025-07-18,132962,Μαράτα Αραβοσιτέλαιο 2 lt,4.48
2025-07-18,132963,Μαράτα Αραβοσιτέλαιο 5 lt,11.1
2025-07-18,5955,Φλώρα Αραβοσιτέλαιο 1 lt,4.85
2025-07-18,160561,Nutria Ηλιέλαιο 1 lt,2.42
2025-07-18,160562,Nutria Ηλιέλαιο 2 lt,4.82
2025-07-18,5952,Sol Ηλιέλαιο 1 lt ,4.85
2025-07-18,189235,Αρετή Ηλιέλαιο 1 lt,2.1
2025-07-18,196097,Αρετή Ηλιέλαιο Σε Φιάλη 2 lt,3.95
2025-07-18,132958,Μαράτα Ηλιέλαιο 1 lt,1.97
2025-07-18,132959,Μαράτα Ηλιέλαιο 2 lt,3.85
2025-07-18,132960,Μαράτα Ηλιέλαιο 5 lt,9.52
2025-07-18,5964,Μινέρβα Ηλιέλαιο 1 lt,2.99
2025-07-18,163704,Αφοί Χαΐτογλου Σησαμέλαιο 500 ml,6.25
2025-07-18,2942,Fytro Κιμάς Από Σόγια Vegan 400 gr,3.06
2025-07-18,2943,Fytro Σόγια Κεμπάπ Vegan 400 gr,3.06
2025-07-18,202711,Agromonte Τοματίνι Passata 520 gr,2.88
2025-07-18,113352,Bio Farma Τομάτα Passata Βιολογική 680 gr ,2.58
2025-07-18,25245,Pummaro Κλασικό Ελαφρά Συμπυκνωμένος Χυμός Τομάτας 3 x 250 gr,1.45
2025-07-18,3068,Pummaro Κλασικό Ελαφρά Συμπυκνωμένος Χυμός Τομάτας 500 gr,0.67
2025-07-18,3042,Pummaro Κλασικό Ελαφρά Συμπυκνωμένος Χυμός Τομάτας Με Κρεμμύδι 520 gr,0.96
2025-07-18,3021,Pummaro Πιο Συμπυκνωμένος Χυμός Τομάτας 520 gr,0.86
2025-07-18,128848,Pummaro Σπιτική Τομάτα Τριμμένη 2 x 370 gr,1.82
2025-07-18,65533,Pummaro Σπιτική Τομάτα Τριμμένη 500 gr,1.38
2025-07-18,29569,Pummaro Σπιτική Τομάτα Τριμμένη 680 gr,2.46
2025-07-18,35362,Pummaro Το Κτήμα Passata Τομάτα Βιολογική 500 gr,1.58
2025-07-18,3031,Κύκνος Ελαφρά Συμπυκνωμένος Χυμός Τομάτας 500 gr,1.04
2025-07-18,174919,Κύκνος Πασσάτα Ελαφρά Συμπυκνωμένος Χυμός Τομάτας 3 x 250 gr,1.3
2025-07-18,182188,Κύκνος Τομάτα Πασσάτα Περαστή Στο Μύλο 3 x 250 gr,1.41
2025-07-18,178343,Κύκνος Τομάτα Περαστή Στο Μύλο 500 gr,0.73
2025-07-18,178344,Κύκνος Τομάτα Περαστή Στο Μύλο 700 gr,2.3
2025-07-18,183787,Κύκνος Τριμμένη Τομάτα 3 x 250 gr,1.56
2025-07-18,105703,Κύκνος Τριμμένη Τομάτα 500 gr,1.3
2025-07-18,152552,Κύκνος Τριμμένη Τομάτα 680 gr,2.32
2025-07-18,132679,Μαράτα Ελαφρά Συμπυκνωμένος Χυμός Ντομάτας 500 gr,0.52
2025-07-18,152140,Μαράτα Τριμμένη Ντομάτα 500 gr,0.78
2025-07-18,177879,Χωριό Τομάτα Τριμμένη 500 gr,0.98
2025-07-18,71224,Bio Farma Τοματοπολτός Βιολογικός 360 gr,3.18
2025-07-18,23556,Pummaro Πελτές Διπλής Συμπύκνωσης 200 gr,0.97
2025-07-18,23557,Pummaro Πελτές Διπλής Συμπύκνωσης 410 gr,1.73
2025-07-18,3047,Κύκνος Τοματοπολτός Διπλής Συμπύκνωσης 28% 200 gr,1.54
2025-07-18,3046,Κύκνος Τοματοπολτός Διπλής Συμπύκνωσης 28% 410 gr,1.68
2025-07-18,59239,Κύκνος Τοματοπολτός Διπλής Συμπύκνωσης 28% 70 gr,0.68
2025-07-18,3056,Κύκνος Τοματοπολτός Διπλής Συμπύκνωσης 28% 860 gr,4.78
2025-07-18,45816,Κύκνος Τοματοπολτός Διπλής Συμπύκνωσης Σε Χάρτινη Συσκευασία 28% Χωρίς Γλουτένη 70 gr,0.7
2025-07-18,148713,Μαράτα Τοματοπολτός Διπλής Συμπύκνωσης 200 gr,0.74
2025-07-18,177880,Χωριό Πελτές Διπλής Συμπύκνωσης 410 gr,1.98
2025-07-18,71223,Bio Farma Τοματάκι Ψιλοκομμένο Βιολογικό 400 gr,1.59
2025-07-18,156920,Bio Farma Τοματάκι Ψιλοκομμένο Βιολογικό 500 gr,1.85
2025-07-18,190895,Pummaro Τοματάκι Ψιλοκομμένο 370 gr,0.9
2025-07-18,3032,Pummaro Τοματάκι Ψιλοκομμένο 400 gr,0.98
2025-07-18,3020,Pummaro Τοματάκι Ψιλοκομμένο Με Κρεμμύδι 400 gr,1.05
2025-07-18,202338,Γκρέκα Polpa Ψίχα Τομάτας Τριμμένη 400 gr,0.98
2025-07-18,180802,Γκρέκα Ψιλοκομμένες Τομάτες 400 gr,1.31
2025-07-18,3033,Κύκνος Ολόκληρα Τοματάκια 400 gr,1.35
2025-07-18,24102,Κύκνος Ψιλοκομμένες Τομάτες 370 gr,0.77
2025-07-18,3034,Κύκνος Ψιλοκομμένο Τοματάκι 400 gr ,1.4
2025-07-18,132680,Μαράτα Ψιλοκομμένη Ντομάτα 280 gr,0.54
2025-07-18,177878,Χωριό Ψιλοκομμένες Τομάτες 400 gr ,0.97
2025-07-18,2405,Γιώτης Ανθός Αραβοσίτου Βανίλια 160 gr,1.32
2025-07-18,2401,Γιώτης Ανθός Αραβοσίτου Βανίλια 43 gr,0.47
2025-07-18,2400,Γιώτης Ανθός Αραβοσίτου Σοκολάτα 48 gr,0.54
2025-07-18,2409,Γιώτης Ανθός Αραβοσίτου Στιγμής Βανίλια 62 gr,1.07
2025-07-18,2407,Γιώτης Ανθός Αραβοσίτου Στιγμής Σοκολάτα 78 gr,1.15
2025-07-18,105623,Asolo Σφολιατίνια 200 gr,1.7
2025-07-18,1253,Bonomi Savoiardi 200 gr,2.35
2025-07-18,1255,Bonomi Σφολιατίνια Με Ζάχαρη 200 gr,2.6
2025-07-18,180642,Delicate Σαβαγιάρ 200 gr,1.7
2025-07-18,199380,Gourmet Selection Βέλγικη Βάφλα 220 gr,2.47
2025-07-18,49192,I Dolci Di Montagna Σφολιατίνια Με Ζάχαρη 200 gr,2.18
2025-07-18,145369,Γιώτης Βάση Τούρτας Βανίλια 400 gr,4.65
2025-07-18,145368,Γιώτης Βάση Τούρτας Σοκολάτα 400 gr,4.75
2025-07-18,2038,Γιώτης Γλυκό Μιλφέιγ 532 gr,6.98
2025-07-18,171244,Γιώτης Μίγμα Για Τούρτα Σοκολατίνα 580 gr,7.55
2025-07-18,117075,Γιώτης Μίγμα Για Τσηζκέικ Κεράσι 525 gr,7.25
2025-07-18,73658,Alsa Βανιλέτα Με Άρωμα Βανίλια 6 x 7-5 gr,1.14
2025-07-18,64183,Captain&#039;s Βανίλια 42 x 0-3 gr,4.78
2025-07-18,6189,Captain&#039;s Βανίλια 5 x 0-3 gr,0.58
2025-07-18,143074,Cretan Nectar Πετιμέζι 250 ml,3.4
2025-07-18,204037,Evergreen Σόδα 200 gr,2.63
2025-07-18,87210,Mac Magic Ξηρή Μαγιά 3 x 9 gr,0.87
2025-07-18,185944,Vahine Άρωμα Βανίλιας 200 ml,4.78
2025-07-18,201757,Vahine Άρωμα Πορτοκάλι 200 ml,3.68
2025-07-18,89101,Vahine Βανίλια Ολόκληρη 3 gr ,8.06
2025-07-18,97921,Vahine Ζάχαρη Με Φυσικό Εκχύλισμα Βανίλιας 5 x 7-5 gr,2.38
2025-07-18,89097,Vahine Φυσικό Άρωμα Βανίλιας 20 ml,4.08
2025-07-18,89098,Vahine Χρώμα Ζαχαροπλαστικής Σε Διάλυμα 3 x 6 ml,3.88
2025-07-18,6226,Ήλιος Αμμωνία 30 gr,0.36
2025-07-18,45655,Ήλιος Βανίλια 30 x 0-3 gr,3.9
2025-07-18,6224,Ήλιος Βανίλια 5 x 0-3 gr,0.46
2025-07-18,46356,Ήλιος Μαστίχα 5 gr,2.85
2025-07-18,6257,Ήλιος Μαχλέπι 8 gr,1.32
2025-07-18,6202,Ήλιος Ξυνό Κιτρικό Οξύ Κουτί 60 gr,2.2
2025-07-18,6323,Ήλιος Σόδα 1 kg,2.52
2025-07-18,6225,Ήλιος Σόδα 20 gr,0.3
2025-07-18,6227,Ήλιος Σόδα 350 gr,2.5
2025-07-18,205160,Αλλατίνη Baking Powder 3 x 20 gr,0.47
2025-07-18,179547,Ανατολή Βανιλίνη 5 x 0-3 gr,0.63
2025-07-18,179441,Ανατολή Μαχλέπι Τριμμένο 8 gr,1.98
2025-07-18,118197,Ανθός Νισεστές 400 gr,1.47
2025-07-18,174364,Γιώτης Ζελατίνη Σε Σκόνη 3 x 10 gr,1.95
2025-07-18,58613,Γιώτης Ζελατίνη Σε Φύλλα Χωρίς Γλουτένη 10 gr,1.39
2025-07-18,2404,Γιώτης Κορν Φλάουρ Vegan 200 gr,1.1
2025-07-18,143666,Γιώτης Μαγιά Νωπή Χωρίς Γλουτένη 2 x 25 gr,0.72
2025-07-18,2395,Γιώτης Μαγιά Ξηρή Στιγμής 3 x 8 gr,0.93
2025-07-18,44639,Γιώτης Μπεϊκιν Πάουντερ 200 gr,1.5
2025-07-18,203750,Γιώτης Μπεϊκιν Πάουντερ 3 x 20 gr ,0.44
2025-07-18,189232,Καγιά Βανίλια 30 x 0-3 gr,4.55
2025-07-18,189226,Καγιά Βανίλια 5 x 0-3 gr,0.6
2025-07-18,189221,Καγιά Μαχλέπι Τριμμένο 5 gr,1.25
2025-07-18,189227,Καγιά Σόδα 100 gr,0.99
2025-07-18,76609,Μαστίχα Χίου Medium 10 gr,2.36
2025-07-18,200398,Μαστίχα Χίου Σε Σκόνη Με Μαλτοδεξτρίνη 3 x 2 gr,1.8
2025-07-18,188864,Σαμούρη Κας Κας Glitter Χρωματιστά 80 gr,1.65
2025-07-18,194776,Σαμούρη Κρέμα Ζαχαροπλαστικής Βανίλια Μαγαδασκάρης 120 gr ,1.42
2025-07-18,194774,Σαμούρη Κρέμα Ζαχαροπλαστικής Λεύκη Πραλίνα 130 gr,1.28
2025-07-18,194775,Σαμούρη Κρέμα Ζαχαροπλαστικής Μιλφέιγ 170 gr,1.62
2025-07-18,206004,Σαμούρη Σταγόνες Απομίμησης Σοκολάτας Υγείας 90 gr,1.2
2025-07-18,194779,Σαμούρη Τρούφα Σοκολάτα Γάλακτος 90 gr,1.74
2025-07-18,194778,Σαμούρη Τρούφα Χρωματιστά Ζαχαρωτά 90 gr,1.55
2025-07-18,178709,Σαμούρη Υγρό Άρωμα Ζαχαροπλαστικής Βανίλια 28 ml ,1.95
2025-07-18,194777,Σαμούρη Υγρό Χρώμα Ζαχαροπλαστικής Πράσινο 28 ml,2.15
2025-07-18,188863,Σαμούρη Χρώμα Ζαχαροπλαστικής Κόκκινο 28 ml,2.15
2025-07-18,101245,Ωμέγα Νισεστές 425 gr,1.27
2025-07-18,118891,Γιωτης Sweet &amp; Balance Ζελέ Κεράσι Χωρίς Ζάχαρη 20 gr ,1.77
2025-07-18,118812,Γιωτης Sweet &amp; Balance Ζελέ Φράουλα Χωρίς Ζάχαρη 20 gr ,1.77
2025-07-18,86401,Γιωτης Sweet &amp; Balance Μίγμα Για Κρέμα Καραμελέ Χωρίς Ζάχαρη 114 gr,1.9
2025-07-18,180200,Γιώτης Sweet &amp; Balance Φρουί Ζελέ Φράουλα 2 x 150 gr,1.5
2025-07-18,2408,Γιώτης Κρέμα Καραμελέ 112 gr,1.48
2025-07-18,2451,Γιώτης Φρουί Ζελέ Ανανάς 2 x 100 gr,1.26
2025-07-18,2458,Γιώτης Φρουί Ζελέ Κεράσι 2 x 100 gr,1.26
2025-07-18,2463,Γιώτης Φρουί Ζελέ Κεράσι Χωρίς Ζάχαρη 14-5 gr,1.37
2025-07-18,2453,Γιώτης Φρουί Ζελέ Λεμόνι 2 x 100 gr,1.26
2025-07-18,2457,Γιώτης Φρουί Ζελέ Μπανάνα 2 x 100 gr,1.26
2025-07-18,198738,Γιώτης Φρουί Ζελέ Ροδάκινο 2 x 100 gr,1.26
2025-07-18,199314,Γιώτης Φρουί Ζελέ Ροδάκινο 2 x 165 gr,1.55
2025-07-18,204906,Γιώτης Φρουί Ζελέ Ροδάκινο Χωρίς Ζάχαρη 14-5 gr,1.38
2025-07-18,2452,Γιώτης Φρουί Ζελέ Φράουλα 2 x 100 gr,1.26
2025-07-18,2464,Γιώτης Φρουί Ζελέ Φράουλα Χωρίς Ζάχαρη 14-5 gr,1.37
2025-07-18,131568,ION Κουβερτούρα Γάλακτος 125 gr,1.94
2025-07-18,131566,ION Κουβερτούρα Κλασική 125 gr,1.95
2025-07-18,199811,ION Κουβερτούρα Κλασική 2 x 125 gr,3.5
2025-07-18,100837,ION Κουβερτούρα Κλασική Σε Σταγόνες 100 gr,2.14
2025-07-18,131569,ION Κουβερτούρα Λευκή 125 gr,2.05
2025-07-18,192851,Nestle Dessert Κουβερτούρα 65% Κακάο Χωρίς Γλουτένη 170 gr,3.38
2025-07-18,163640,Nestle Dessert Κουβερτούρα Γάλακτος Με Καραμέλα 170 gr,3.38
2025-07-18,57993,Nestle Dessert Κουβερτούρα Γάλακτος Χωρίς Γλουτένη 170 gr,3.25
2025-07-18,199146,Nestle Dessert Κουβερτούρα Λευκή 170 gr,3.38
2025-07-18,192852,Nestle Dessert Κουβερτούρα Χωρίς Γλουτένη 170 gr,2.85
2025-07-18,161176,Viap Mentel Τρούφα Διακοσμητική 100 gr,1.68
2025-07-18,161175,Viap Mentel Τρούφα Σοκολάτα Υγείας 100 gr,2.02
2025-07-18,204748,Γιώτης Classic Pastry Σε Σταγόνες Χωρίς Γλουτένη 100 gr,1.33
2025-07-18,201663,Γιώτης Classic Pastry Χωρίς Γλουτένη 125 gr,1.13
2025-07-18,204749,Γιώτης Milky Pastry Χωρίς Γλουτένη 125 gr,1.13
2025-07-18,71456,Γιώτης Κουβερτούρα 54% Κακάο 125 gr,1.94
2025-07-18,115773,Γιώτης Κουβερτούρα Γάλακτος 125 gr,1.94
2025-07-18,66136,Γιώτης Κουβερτούρα Γάλακτος Σε Σταγόνες 100 gr,2.18
2025-07-18,115776,Γιώτης Κουβερτούρα Λευκή Σε Σταγόνες 100 gr,2.35
2025-07-18,156295,Γιώτης Κουβερτούρα Με Στέβια 54% Κακάο Χωρίς Γλουτένη 125 gr,2.39
2025-07-18,2439,Γιώτης Κουβερτούρα Σε Νιφάδες 100 gr,2.24
2025-07-18,2438,Γιώτης Κουβερτούρα Σε Σταγόνες 100 gr,2.24
2025-07-18,2440,Γιώτης Τρούφα Σοκολάτα 100 gr,2.25
2025-07-18,195188,Γιώτης Τρούφα Σοκολάτα Γάλακτος 100 gr,2.25
2025-07-18,127907,Παυλίδης Κουβερτούρα Κλασική 125 gr,2.4
2025-07-18,199752,Παυλίδης Κουβερτούρα Κλασική 3 x 125 gr,6.2
2025-07-18,188862,Σαμούρη Κουβερτούρα Σε Σταγόνες Υγείας 90 gr,2.2
2025-07-18,171044,Σηφάκης Διακοσμητική Τρούφα Ζαχαροπλαστικής 270 gr,2.8
2025-07-18,58397,Ermol Ello Κρέμα Για Σαντιγύ 250 gr,1.98
2025-07-18,2414,Morfat Κρέμα Για Σαντιγύ 250 gr,2.2
2025-07-18,145370,Γιώτης Creme Υποκατάστατο Σαντιγί 250 gr,2.15
2025-07-18,121762,Γιώτης Garni Κρέμα Ζαχαροπλαστικής Βανίλια 2 x 100 gr,2.68
2025-07-18,121226,Γιώτης Garni Κρέμα Ζαχαροπλαστικής Σοκολάτα 2 x 100 gr,2.98
2025-07-18,35549,Γιώτης Panna Cotta Με Σιρόπι Βύσσινο 200 gr,2.68
2025-07-18,122735,Γιώτης Κρέμα Ζαχαροπλαστικής Στιγμής Με Γεύση Βανίλια 117 gr,1.44
2025-07-18,66138,Γιώτης Κρέμα Ζαχαροπλαστικής Στιγμής Με Γεύση Μιλφέιγ 170 gr,1.58
2025-07-18,122740,Γιώτης Κρέμα Ζαχαροπλαστικής Στιγμής Με Γεύση Σοκολάτα 200 gr,1.65
2025-07-18,194792,Γιώτης Κρέμα Ζαχαροπλαστικής Στιγμής Με Γεύση Τιραμισού 150 gr,1.68
2025-07-18,2397,Γιώτης Μίγμα Για Κρέπες Vegan 300 gr,1.85
2025-07-18,118252,Γιώτης Μίγμα Για Παγωτό Cookies &amp; Cream 497 gr,3.97
2025-07-18,106249,Γιώτης Μίγμα Για Παγωτό Βανίλια 428 gr,3.65
2025-07-18,118256,Γιώτης Μίγμα Για Παγωτό Καϊμάκι 508 gr,3.65
2025-07-18,106250,Γιώτης Μίγμα Για Παγωτό Παρφέ 463 gr,4.05
2025-07-18,123203,Γιώτης Μπεσαμέλ 162 gr,1.74
2025-07-18,176866,Μύλοι Αγίου Γεωργίου Μείγμα Για Μπεσαμέλ 162 gr,1.58
2025-07-18,206289,Mississippi Belle Σιρόπι Για Pancakes 710 ml,9.78
2025-07-18,149361,Evergreen Σιρόπι Σφένδαμου Βιολογικό Χωρίς Γλουτένη 250 ml,8.87
2025-07-18,134827,Vertmont Σιρόπι Σφενδάμου Βιολογικό 187 ml,6.48
2025-07-18,120571,Γεύσεις Γιαγιάς Πετιμέζι 250 ml,5.24
2025-07-18,114023,Γιώτης Σιρόπι Καραμέλα 350 gr,2.63
2025-07-18,118258,Γιώτης Σιρόπι Σοκολάτα 350 gr,2.58
2025-07-18,134851,Γιώτης Σιρόπι Φράουλα 350 gr,2.63
2025-07-18,158011,Κτήματα Αγριμανάκης Πετιμέζι Σουλτανίνα Βιολογικό 250 ml,5.75
2025-07-18,145378,Gelatomania Κουπάκια Παγωτού 18 Τεμάχια 75 gr,3.05
2025-07-18,160890,Gelatomania Κώνοι Βάφλας 15 Τεμάχια 60 gr,2.28
2025-07-18,190533,Gelatomania Κώνοι Παγωτού 10 Τεμάχια 104 gr,2.47
2025-07-18,145379,Gelatomania Χωνάκια Παγωτού Βάφλας 19 Τεμάχια 72 gr,1.79
2025-07-18,185546,Pagotomania Κυπελάκια Παγωτού Χρωματιστά 15 Τεμάχια 68 gr,2.55
2025-07-18,204017,Pagotomania Κώνοι Παγωτού 24 Τεμάχια 91 gr,2.68
2025-07-18,190535,Pagotomania Χωνάκια Παγωτού Extra 16 Τεμάχια 80 gr,2.26
2025-07-18,173301,Pagotomania Χωνάκια Παγωτού Χρωματιστά 16 Τεμάχια 68 gr,2.7
2025-07-18,74947,Serkova Βότκα 1 lt,16.85
2025-07-18,175579,Hendrick&#039;s Τζιν 700 ml,35.05
2025-07-18,186408,Bacardi Anejo Cuatro 700 ml,22.7
2025-07-18,481,Boutari Νάουσα Κρασί Ερυθρό 750 ml,8.24
2025-07-18,76105,Henkell Trocken Αφρώδης Οίνος Halbtrocken Demi Sec 750 ml,10.38
2025-07-18,758,Henkell Trocken Αφρώδης Οίνος Ξηρός 750 ml,9.98
2025-07-18,76778,Kaiser Μπίρα Pils Κουτί 4 x 500 ml,5.4
2025-07-18,77476,Maison Perrier Φυσικό Μεταλλικό Ανθρακούχο Νερό Lemon 6 x 500 ml,3.86
2025-07-18,107435,Skyy Βότκα 700 ml,15.58
2025-07-18,128307,Wyborowa Βότκα 700 ml,12.58
2025-07-18,206098,Espolon Τεκίλα Blanco 700 ml,29.6
2025-07-18,42732,Mythos Μπίρα Lager Κουτί 4 x 500 ml,4.62
2025-07-18,103797,Perrier Φυσικό Μεταλλικό Ανθρακούχο Νερό 6 x 200 ml,3.28
2025-07-18,856,Metaxa 7* Κονιάκ 700 ml,21.9
2025-07-18,167559,San Pellegrino Ανθρακούχο Νερό 6 x 500 ml,4.95
2025-07-18,761,Freixenet Carta Nevada Αφρώδης Οίνος Λευκός 750 ml,8.48
2025-07-18,869,Southern Comfort Λικέρ 700 ml,18.45
2025-07-18,206049,Lyrarakis Κρασί Κοτσιφάλι Ροζέ Vegan 750 ml,8.42
2025-07-18,206050,Lyrarakis Κρασί Μοσχάτο Σπίνας Λευκό Vegan 750 ml,8.42
2025-07-18,197690,Maison Perrier Φυσικό Μεταλλικό Ανθρακούχο Νερό Forever Lemon 4 x 330 ml,2.73
2025-07-18,197692,Maison Perrier Φυσικό Μεταλλικό Ανθρακούχο Νερό Forever Lime 4 x 330 ml,2.73
2025-07-18,62042,Perrier Φυσικό Μεταλλικό Ανθρακούχο Νερό 4 x 330 ml,2.57
2025-07-18,167805,Σουρωτή Ανθρακούχο Νερό Με Λεμόνι 6 x 330 ml,3.83
2025-07-18,205164,Lagunitas Μπίρα Ipa Φιάλη 330 ml,2.15
2025-07-18,68931,Erdinger Μπίρα Weiss Φιάλη 500 ml,2.05
2025-07-18,117297,Martini Bianco Απεριτίφ 1 lt,10.65
2025-07-18,31663,Jagermeister Λικέρ 700 ml,18.5
2025-07-18,937,Μίνι Ούζο 700 ml,10.3
2025-07-18,793,Captain Morgan Μαύρο Ρούμι 700 ml,18.6
2025-07-18,183541,Olmeca Τεκίλα Reposado 700 ml,22.9
2025-07-18,184102,Olmeca Τεκίλα Silver 700 ml,21.85
2025-07-18,58994,Sprite Αναψυκτικό Lemon Lime 4 x 500 ml,3.42
2025-07-18,58995,Fanta Πορτοκαλάδα Αναψυκτικό Με Ανθρακικό 4 x 500 ml ,3.23
2025-07-18,191243,Corona Μπίρα Lager Φιάλη 330 ml,1.95
2025-07-18,198091,Λούξ Λεμονάδα Αναψυκτικό 6 x 330 ml ,3.55
2025-07-18,198090,Λούξ Πορτοκαλάδα Αναψυκτικό 6 x 330 ml,3.55
2025-07-18,199369,Corona Μπίρα Cero Χωρίς Αλκοόλ Φιάλη 330 ml,1.97
2025-07-18,198011,Plantation Ρούμι Original Dark 700 ml,21.55
2025-07-18,175337,Μάμος Μπίρα Pils Φιάλη 500 ml,1.25
2025-07-18,197688,Maison Perrier Φυσικό Μεταλλικό Ανθρακούχο Νερό Forever Lemon 330 ml,0.68
2025-07-18,197691,Maison Perrier Φυσικό Μεταλλικό Ανθρακούχο Νερό Forever Lime 330 ml,0.68
2025-07-18,205444,Paulander Μπίρα Weiss Φιάλη 500 ml,2.05
2025-07-18,34020,Perrier Φυσικό Μεταλλικό Ανθρακούχο Νερό Lemon 500 ml,0.64
2025-07-18,40288,San Pellegrino Ανθρακούχο Νερό 1 lt,1.07
2025-07-18,203655,Τζούλια Γεωργιάδη Κρασί Ερυθρό Syrah Αγιωργίτικο 500 ml,3.06
2025-07-18,203656,Τζούλια Γεωργιάδη Κρασί Λευκό Μαλαγουζία Ασύρτικο 500 ml,3.06
2025-07-18,82834,Χαλκιαδάκης Φυσικό Επιτραπέζιο Νερό 6 x 2 lt,1.5
2025-07-18,15,Fanta Λεμονάδα Αναψυκτικό 1-5 lt,1.66
2025-07-18,16,Fanta Πορτοκαλάδα Αναψυκτικό Με Ανθρακικό 1-5 lt,1.66
2025-07-18,88146,Fanta Πορτοκαλάδα Χωρίς Ανθρακικό 1-5 lt,1.66
2025-07-18,153413,Βεργίνα Μπίρα Weiss Φιάλη 500 ml,1.81
2025-07-18,103798,Perrier Φυσικό Μεταλλικό Ανθρακούχο Νερό 200 ml,0.55
2025-07-18,17,Sprite Αναψυκτικό Lemon Lime 1-5 lt,1.55
2025-07-18,167558,San Pellegrino Ανθρακούχο Νερό 500 ml,0.83
2025-07-18,198429,Tanqueray Gin &amp; Tonic 250 ml,2.35
2025-07-18,198430,Tanqueray Gin &amp; Tonic Alcohol Free 250 ml,2.35
2025-07-18,132520,Perrier Φυσικό Μεταλλικό Ανθρακούχο Νερό Κουτί 250 ml,0.44
2025-07-18,153412,Βεργίνα Μπίρα Lager Φιάλη 500 ml,1.31
2025-07-18,34106,Σουρωτή Ανθρακούχο Νερό Με Λεμόνι 330 ml,0.64
2025-07-18,206057,Amita Φρουτοποτό Λεμόνι Grapefruit 330 ml,0.84
2025-07-18,206056,Amita Φρουτοποτό Λεμόνι Μαστίχα 330 ml,0.84
2025-07-18,206055,Amita Φρουτοποτό Λεμόνι Μέντα 330 ml,0.84
2025-07-18,439,Σουρωτή Ανθρακούχο Νερό 330 ml,0.62
2025-07-18,33643,Μίνι Ούζο 200 ml,3.6
2025-07-18,134781,Χαλκιαδάκης Φυσικό Επιτραπέζιο Νερό 6 x 1-5 lt,1.35
2025-07-18,198015,Mg Spirit Gin Tonic 275 ml,1.95
2025-07-18,198014,Mg Spirit Mojito 275 ml,1.95
2025-07-18,199131,Mg Spirit Vodka Orange 275 ml,1.95
2025-07-18,198016,Mg Spirit Vodka Passion 275 ml,1.95
2025-07-18,106354,Χαλκιαδάκης Λεμονάδα Αναψυκτικό 330 ml,0.41
2025-07-18,106355,Χαλκιαδάκης Γκαζόζα Αναψυκτικό 330 ml,0.41
2025-07-18,106356,Χαλκιαδάκης Μπυράλ Αναψυκτικό 330 ml,0.41
2025-07-18,106357,Χαλκιαδάκης Πορτοκαλάδα Αναψυκτικό 330 ml,0.41
2025-07-18,106358,Χαλκιαδάκης Σόδα Αναψυκτικό 330 ml,0.33
2025-07-18,68574,Bolero Στιγμιαίο Κρύο Τσάι Μαύρο Με Λεμόνι Σε Σκόνη Χωρίς Ζάχαρη 8 gr,0.6
2025-07-18,68575,Bolero Στιγμιαίο Κρύο Τσάι Μαύρο Με Ροδάκινο Σε Σκόνη Χωρίς Ζάχαρη 8 gr,0.6
2025-07-18,170840,Bolero Στιγμιαίο Κρύο Τσάι Με Φρούτα Του Πάθους Σε Σκόνη Χωρίς Ζάχαρη 8 gr,0.6
2025-07-18,205438,Bolero Στιγμιαίο Κρύο Τσάι Πράσινο Με Λεμόνι 8 gr,0.63
2025-07-18,206017,Fuzetea Ice Tea Πράσινο Τσάι Lime Mint 500 ml,0.92
2025-07-18,191877,Fuzetea Ice Tea Τσάι Καρπούζι Μέντα Χωρίς Ζάχαρη 500 ml ,1.07
2025-07-18,157634,Fuzetea Ice Tea Τσάι Λεμόνι Με Λουίζα 500 ml,0.92
2025-07-18,161459,Fuzetea Ice Tea Τσάι Με Passionfruit Χωρίς Ζάχαρη 500 ml,1.07
2025-07-18,157636,Fuzetea Ice Tea Τσάι Ροδάκινο Με Ιβίσκο 500 ml,0.92
2025-07-18,157639,Fuzetea Ice Tea Τσάι Ροδάκινο Με Τριαντάφυλλο Χωρίς Ζάχαρη 500 ml,1.07
2025-07-18,197280,Life Tsai Earl Gray Ice Tea Λεμόνι Χωρίς Ζάχαρη 1-5 lt,1.49
2025-07-18,173870,Life Tsai Earl Gray Ice Tea Λεμόνι Χωρίς Ζάχαρη 500 ml,0.75
2025-07-18,173864,Life Tsai Herbal Ice Tea Ιβίσκος Κράνμπερι 500 ml,0.75
2025-07-18,173868,Life Tsai Green Ice Tea Λεμόνι Τζίντζερ 500 ml,0.75
2025-07-18,173867,Life Tsai Green &amp; Matcha Ice Tea Πράσινο Μήλο Δυόσμος 500 ml,0.75
2025-07-18,186325,Life Tsai Herbal Ice Tea Φράουλα Ιβίσκος Ginseng 500 ml,0.75
2025-07-18,197279,Life Tsai Ceylon Ice Tea Ροδάκινο Χωρίς Ζάχαρη 1-5 lt,1.49
2025-07-18,173869,Life Tsai Ceylon Ice Tea Ροδάκινο Χωρίς Ζάχαρη 500 ml,0.75
2025-07-18,205663,Lipton Ice Tea Κρύο Τσάι Raspberry Χωρίς Ζάχαρη 500 ml,1.17
2025-07-18,21772,Lipton Ice Tea Κρύο Τσάι Λεμόνι 1-5 lt,2.02
2025-07-18,27267,Lipton Ice Tea Κρύο Τσάι Λεμόνι 500 ml,1.04
2025-07-18,103715,Lipton Ice Tea Κρύο Τσάι Λεμόνι Χωρίς Ζάχαρη 500 ml,1.17
2025-07-18,75850,Lipton Ice Tea Κρύο Τσάι Πράσινο Λεμόνι 1-5 lt,2.02
2025-07-18,47176,Lipton Ice Tea Κρύο Τσάι Πράσινο Λεμόνι 500 ml,1.04
2025-07-18,103714,Lipton Ice Tea Κρύο Τσάι Πράσινο Λεμόνι Χωρίς Ζάχαρη 1.5 lt,2.28
2025-07-18,103716,Lipton Ice Tea Κρύο Τσάι Πράσινο Λεμόνι Χωρίς Ζάχαρη 500 ml,1.17
2025-07-18,21773,Lipton Ice Tea Κρύο Τσάι Ροδάκινο 1.5 lt,2.02
2025-07-18,27268,Lipton Ice Tea Κρύο Τσάι Ροδάκινο 500 ml,1.04
2025-07-18,118142,Lipton Ice Tea Κρύο Τσάι Ροδάκινο Χωρίς Ζάχαρη 1-5 lt,2.28
2025-07-18,118141,Lipton Ice Tea Κρύο Τσάι Ροδάκινο Χωρίς Ζάχαρη 500 ml,1.17
2025-07-18,336,Lipton Ice Tea Τσάι Λεμόνι Σε Σκόνη 125 gr,1.73
2025-07-18,153097,Lipton Ice Tea Τσάι Λεμόνι Σε Σκόνη 2 x 125 gr + 1 Δώρο,3.46
2025-07-18,337,Lipton Ice Tea Τσάι Ροδάκινο Σε Σκόνη 125 gr,1.73
2025-07-18,153096,Lipton Ice Tea Τσάι Ροδάκινο Σε Σκόνη 2 x 125 gr + 1 Δώρο,3.46
2025-07-18,191530,Lipton Ice tea Ανθρακούχο Λεμόνι 6 x 330 ml,4.86
2025-07-18,191531,Lipton Ice tea Ανθρακούχο Λεμόνι Χωρίς Ζάχαρη 6 x 330 ml,4.86
2025-07-18,191532,Lipton Ice tea Ανθρακούχο Ροδάκινο 6 x 330 ml,4.86
2025-07-18,205995,Mediterra Ice Tea Με Μαστίχα &amp; Μαύρο Τσαί Σε Σκόνη 2 x 40 gr,1.6
2025-07-18,192034,Thamma Ice Tea Τσάι Pink Grapefruit Βιολογικό Vegan Χωρίς Γλουτένη 300 ml,2.24
2025-07-18,192033,Thamma Ice Tea Τσάι Πράσινο Με Λεμόνι Βιολογικό Vegan Χωρίς Γλουτένη 300 ml,2.24
2025-07-18,192035,Thamma Ice Tea Τσάι Ροδάκινο Βιολογικό Vegan Χωρίς Γλουτένη 300 ml,2.24
2025-07-18,192032,Thamma Ice Tea Τσάι Του Βουνού Με Λεμόνι Βιολογικό 300 ml,2.24
2025-07-18,205993,Xixo Ice Tea Τσάι Ροδάκινο 250 ml,0.59
2025-07-18,205994,Xixo Ice Tea Τσάι Φράουλα 250 ml,0.59
2025-07-18,186961,Όλυμπος Ice Tea Τσάι Πράσινo Με Λεμόνι Χωρίς Ζάχαρη 500 ml,0.74
2025-07-18,187379,Όλυμπος Ice Tea Τσάι Πράσινο Με Φράουλα Δυόσμο &amp; Ιβίσκο Χωρίς Ζάχαρη 500 ml,0.74
2025-07-18,168495,Όλυμπος Ice Tea Τσάι Του Βουνού Ροδάκινο 500 ml,0.74
2025-07-18,146523,Φήμη Ice Tea Τσάι Με Λεμόνι 500 ml,0.66
2025-07-18,146521,Φήμη Ice Tea Τσάι Με Ροδάκινο 500 ml,0.66
2025-07-18,95377,Coca Cola Light Αναψυκτικό 1 lt,1.48
2025-07-18,19,Coca Cola Light Αναψυκτικό 1-5 lt,1.9
2025-07-18,32791,Coca Cola Light Αναψυκτικό 2 x 1-5 lt,3.8
2025-07-18,157609,Coca Cola Light Αναψυκτικό 330 ml,0.88
2025-07-18,116423,Coca Cola Light Αναψυκτικό 4 x 500 ml,4.52
2025-07-18,79,Coca Cola Light Αναψυκτικό 500 ml,1.13
2025-07-18,157595,Coca Cola Light Αναψυκτικό 6 x 330 ml,5.28
2025-07-18,157612,Coca Cola Stevia Αναψυκτικό 330 ml,0.88
2025-07-18,157597,Coca Cola Stevia Αναψυκτικό 6 x 330 ml,5.28
2025-07-18,166149,Coca Cola Zero Lemon Αναψυκτικό 330 ml,0.86
2025-07-18,182149,Coca Cola Zero Lemon Αναψυκτικό 6 x 330 ml,5.16
2025-07-18,95376,Coca Cola Zero Αναψυκτικό 1 lt,1.45
2025-07-18,66972,Coca Cola Zero Αναψυκτικό 1-5 lt,1.95
2025-07-18,130086,Coca Cola Zero Αναψυκτικό 150 ml,0.73
2025-07-18,69237,Coca Cola Zero Αναψυκτικό 2 x 1-5 lt ,3.3
2025-07-18,157610,Coca Cola Zero Αναψυκτικό 330 ml,0.88
2025-07-18,116424,Coca Cola Zero Αναψυκτικό 4 x 500 ml,4.52
2025-07-18,158678,Coca Cola Zero Αναψυκτικό 5 x 330 ml + 1 Δώρο,3.95
2025-07-18,66978,Coca Cola Zero Αναψυκτικό 500 ml,1.13
2025-07-18,163763,Coca Cola Zero Αναψυκτικό 6 x 150 ml,4.38
2025-07-18,203193,Coca Cola Zero Αναψυκτικό 8 x 330 ml,5.03
2025-07-18,206014,Coca Cola Zero Αναψυκτικό Caffeine Free 1.5 lt,1.95
2025-07-18,157614,Coca Cola Zero Αναψυκτικό Caffeine Free 330 ml,0.85
2025-07-18,157598,Coca Cola Zero Αναψυκτικό Caffeine Free 6 x 330 ml,5.1
2025-07-18,95378,Coca Cola Αναψυκτικό 1 lt,1.45
2025-07-18,18,Coca Cola Αναψυκτικό 1-5 lt,1.95
2025-07-18,113473,Coca Cola Αναψυκτικό 150 ml,0.73
2025-07-18,32790,Coca Cola Αναψυκτικό 2 x 1-5 lt,3.3
2025-07-18,157607,Coca Cola Αναψυκτικό 330 ml,0.88
2025-07-18,116422,Coca Cola Αναψυκτικό 4 x 500 ml,4.52
2025-07-18,158674,Coca Cola Αναψυκτικό 5 x 330 ml + 1 Δώρο,3.95
2025-07-18,193,Coca Cola Αναψυκτικό 500 ml,1.13
2025-07-18,163764,Coca Cola Αναψυκτικό 6 x 150 ml,4.38
2025-07-18,203192,Coca Cola Αναψυκτικό 8 x 330 ml,5.03
2025-07-18,168718,Green Cola 0% Αναψυκτικό 330 ml,0.68
2025-07-18,134505,Green Cola 0% Αναψυκτικό 4 x 500 ml,2.0
2025-07-18,168720,Green Cola 0% Αναψυκτικό 6 x 330 ml,4.08
2025-07-18,150657,Green Cola Αναψυκτικό 1 lt,0.6
2025-07-18,134504,Green Cola Αναψυκτικό 1-5 lt,1.55
2025-07-18,39,Pepsi Cola Αναψυκτικό 1-5 lt,1.29
2025-07-18,174512,Pepsi Cola Αναψυκτικό 330 ml,0.85
2025-07-18,31,Pepsi Cola Αναψυκτικό 500 ml,1.06
2025-07-18,174511,Pepsi Cola Αναψυκτικό 6 x 330 ml,3.32
2025-07-18,203661,Pepsi Electric Blue Χωρίς Ζάχαρη 500 ml,0.8
2025-07-18,32377,Pepsi Twist Cola Αναψυκτικό Με Λεμόνι 1-5 lt,1.29
2025-07-18,206270,Pepsi Twist Cola Αναψυκτικό Με Λεμόνι Χωρίς Ζάχαρη 6 x 330 ml,3.39
2025-07-18,206271,Pepsi Twist Cola Αναψυκτικό Με Λεμόνι Χωρίς Ζάχαρη 330 ml,0.87
2025-07-18,173571,Pepsi Twist Cola Αναψυκτικό Με Λεμόνι 330 ml,0.85
2025-07-18,173570,Pepsi Twist Cola Αναψυκτικό Με Λεμόνι 6 x 330 ml,3.32
2025-07-18,174328,Pepsi Zero Cola Αναψυκτικό Με Λάιμ Χωρίς Ζάχαρη 330 ml,0.87
2025-07-18,174327,Pepsi Zero Cola Αναψυκτικό Με Λάιμ Χωρίς Ζάχαρη 6 x 330 ml,3.39
2025-07-18,206,Pepsi Zero Cola Αναψυκτικό Χωρίς Ζάχαρη 1-5 lt,1.35
2025-07-18,173275,Pepsi Zero Cola Αναψυκτικό Χωρίς Ζάχαρη 330 ml,0.87
2025-07-18,205,Pepsi Zero Cola Αναψυκτικό Χωρίς Ζάχαρη 500 ml,1.08
2025-07-18,173274,Pepsi Zero Cola Αναψυκτικό Χωρίς Ζάχαρη 6 x 330 ml,3.39
2025-07-18,197505,Βίκος Cola Zero Αναψυκτικό 1.5 lt ,1.13
2025-07-18,191920,Βίκος Cola Zero Αναψυκτικό 330 ml,0.62
2025-07-18,204477,Βίκος Cola Zero Αναψυκτικό 6 x 330 ml ,2.79
2025-07-18,191957,Βίκος Cola Zero Αναψυκτικό Κουτί 330 ml,0.68
2025-07-18,191956,Βίκος Cola Zero Αναψυκτικό Κουτί 4 x 330 ml,1.36
2025-07-18,197504,Βίκος Cola Αναψυκτικό 1.5 lt ,1.09
2025-07-18,157060,Βίκος Cola Αναψυκτικό 330 ml,0.59
2025-07-18,204476,Βίκος Cola Αναψυκτικό 6 x 330 ml ,2.66
2025-07-18,191955,Βίκος Cola Αναψυκτικό Κουτί 330 ml,0.64
2025-07-18,191954,Βίκος Cola Αναψυκτικό Κουτί 4 x 330 ml,1.28
2025-07-18,189293,Φήμη Cola Zero Αναψυκτικό 1-5 lt,0.96
2025-07-18,124233,Φήμη Cola Αναψυκτικό 1-5 lt,0.96
2025-07-18,123588,Φήμη Cola Αναψυκτικό 330 ml,0.46
2025-07-18,157062,Βίκος Αναψυκτικό Βυσσινάδα 330 ml,0.98
2025-07-18,204161,Βίκος Αναψυκτικό Βυσσινάδα 6 x 330 ml ,4.41
2025-07-18,205991,Xixo Αναψυκτικό Tutti Fruiti &amp; Apple 250 ml,0.59
2025-07-18,205992,Xixo Αναψυκτικό Tutti Fruiti 250 ml,0.59
2025-07-18,185480,7 Up Free Αναψυκτικό 1-5 lt,1.49
2025-07-18,185776,7 Up Free Αναψυκτικό 330 ml ,0.78
2025-07-18,192080,7 Up Free Αναψυκτικό 500 ml ,1.02
2025-07-18,185777,7 Up Free Αναψυκτικό 6 x 330 ml ,3.5
2025-07-18,40,7 Up Αναψυκτικό 1-5 lt,1.46
2025-07-18,191876,Sprite Zero Αναψυκτικό Lemon Lime 330 ml,0.72
2025-07-18,157604,Sprite Αναψυκτικό Lemon Lime 330 ml,0.79
2025-07-18,8,Sprite Αναψυκτικό Lemon Lime 500 ml,1.07
2025-07-18,157591,Sprite Αναψυκτικό Lemon Lime 6 x 330 ml,4.74
2025-07-18,72,Γεράνι Γκαζόζα Αναψυκτικό 1-5 lt,1.88
2025-07-18,63,Γεράνι Γκαζόζα Αναψυκτικό 250 ml ,0.79
2025-07-18,21441,Γεράνι Γκαζόζα Αναψυκτικό 500 ml ,0.85
2025-07-18,239,Φήμη Γκαζόζα Αναψυκτικό 1-5 lt,0.96
2025-07-18,21319,Φήμη Γκαζόζα Αναψυκτικό 330 ml,0.46
2025-07-18,203669,Fanta Exotic Αναψυκτικό Zero 500 ml,1.01
2025-07-18,206022,Green Mocktails Αναψυκτικό Bitter Orange Spritz Χωρίς Ζάχαρη 330 ml,0.7
2025-07-18,206021,Green Mocktails Αναψυκτικό Bitter Orange Spritz Χωρίς Ζάχαρη 4 x 330 ml,1.4
2025-07-18,206025,Green Mocktails Αναψυκτικό Passion Fruit Χωρίς Ζάχαρη 330 ml,0.7
2025-07-18,206024,Green Mocktails Αναψυκτικό Passion Fruit Χωρίς Ζάχαρη 4 x 330 ml,1.4
2025-07-18,192202,Green Mocktails Αναψυκτικό Pink Grapefruit Χωρίς Ζάχαρη 330 ml,0.7
2025-07-18,206023,Green Mocktails Αναψυκτικό Pink Grapefruit Χωρίς Ζάχαρη 4 x 330 ml,1.4
2025-07-18,157606,Fanta Λεμονάδα Αναψυκτικό 330 ml,0.74
2025-07-18,300,Fanta Λεμονάδα Αναψυκτικό 500 ml,1.1
2025-07-18,191789,Fanta Λεμονάδα Αναψυκτικό 6 x 330 ml,4.44
2025-07-18,166328,Mastiqua Λεμονάδα Αναψυκτικό Με Μαστιχόνερο &amp; Ανθρακικό 330 ml,1.58
2025-07-18,167,Ήβη Λεμονάδα Αναψυκτικό 1-5 lt,1.49
2025-07-18,174508,Ήβη Λεμονάδα Αναψυκτικό 330 ml,0.75
2025-07-18,174507,Ήβη Λεμονάδα Αναψυκτικό 6 x 330 ml,3.38
2025-07-18,83299,Αρκάδι Λεμονάδα Αναψυκτικό Γυάλινη Φιάλη 250 ml,1.08
2025-07-18,197507,Βίκος Αναψυκτικό Λεμονάδα 1.5 lt ,1.16
2025-07-18,157059,Βίκος Αναψυκτικό Λεμονάδα 330 ml,0.59
2025-07-18,204872,Βίκος Αναψυκτικό Λεμονάδα 6 x 330 ml,2.66
2025-07-18,69,Γεράνι Λεμονάδα Αναψυκτικό 1-5 lt,1.88
2025-07-18,64,Γεράνι Λεμονάδα Αναψυκτικό 250 ml ,0.79
2025-07-18,21493,Γεράνι Λεμονάδα Αναψυκτικό 500 ml ,0.85
2025-07-18,185340,Κλιάφα Αναψυκτικό Λεμονάδα 330 ml,0.66
2025-07-18,186845,Κλιάφα Αναψυκτικό Λεμονάδα 5 x 330 ml + 1 Δώρο,3.3
2025-07-18,120033,Λούξ Λεμονάδα Αναψυκτικό 330 ml ,0.71
2025-07-18,273,Φήμη Λεμονάδα Αναψυκτικό 1-5 lt,0.96
2025-07-18,23100,Φήμη Λεμονάδα Αναψυκτικό 330 ml,0.46
2025-07-18,130991,Φήμη Λεμονάδα Αναψυκτικό 6 x 330 ml,2.69
2025-07-18,103506,Φήμη Λεμονάδα Αναψυκτικό Γυάλινη Φιάλη 250 ml,0.58
2025-07-18,74235,Φήμη Μανταρινάδα Αναψυκτικό 330 ml,0.46
2025-07-18,83301,Αρκάδι Μπυράλ Αναψυκτικό 1.5 lt,2.08
2025-07-18,83297,Αρκάδι Μπυράλ Αναψυκτικό Γυάλινη Φιάλη 250 ml,1.14
2025-07-18,135729,Αρκάδι Μπυράλ Αναψυκτικό Χωρίς Ζάχαρη Γυάλινη Φιάλη 250 ml,1.18
2025-07-18,70,Γεράνι Μπυράλ Αναψυκτικό 1-5 lt,1.88
2025-07-18,21442,Γεράνι Μπυράλ Αναψυκτικό 500 ml,0.85
2025-07-18,325,Φήμη Μπυράλ Αναψυκτικό 1-5 lt,0.96
2025-07-18,21320,Φήμη Μπυράλ Αναψυκτικό 330 ml,0.46
2025-07-18,192767,Fanta Πορτοκαλάδα Zero 330 ml ,0.76
2025-07-18,192766,Fanta Πορτοκαλάδα Zero 6 x 330 ml ,4.56
2025-07-18,157605,Fanta Πορτοκαλάδα Αναψυκτικό Με Ανθρακικό 330 ml,0.8
2025-07-18,211,Fanta Πορτοκαλάδα Αναψυκτικό Με Ανθρακικό 500 ml ,1.01
2025-07-18,157592,Fanta Πορτοκαλάδα Αναψυκτικό Με Ανθρακικό 6 x 330 ml,4.8
2025-07-18,157623,Fanta Πορτοκαλάδα Χωρίς Ανθρακικό 330 ml,0.8
2025-07-18,192364,Fanta Πορτοκαλάδα Χωρίς Ανθρακικό 6 x 330 ml ,4.8
2025-07-18,35,Ήβη Πορτοκαλάδα Αναψυκτικό Με Ανθρακικό 1-5 lt,1.49
2025-07-18,174931,Ήβη Πορτοκαλάδα Αναψυκτικό Με Ανθρακικό 330 ml ,0.75
2025-07-18,174930,Ήβη Πορτοκαλάδα Αναψυκτικό Με Ανθρακικό 6 x 330 ml ,3.38
2025-07-18,86394,Ήβη Πορτοκαλάδα Αναψυκτικό Χωρίς Ανθρακικό 1-5 lt,1.49
2025-07-18,174933,Ήβη Πορτοκαλάδα Αναψυκτικό Χωρίς Ανθρακικό 330 ml,0.75
2025-07-18,174932,Ήβη Πορτοκαλάδα Αναψυκτικό Χωρίς Ανθρακικό 6 x 330 ml  ,3.38
2025-07-18,157061,Βίκος Αναψυκτικό Πορτοκαλάδα 330 ml,0.7
2025-07-18,204160,Βίκος Αναψυκτικό Πορτοκαλάδα 6 x 330 ml ,3.15
2025-07-18,68,Γεράνι Πορτοκαλάδα Αναψυκτικό 1-5 lt,1.88
2025-07-18,185339,Κλιάφα Αναψυκτικό Πορτοκαλάδα 330 ml,0.66
2025-07-18,190621,Κλιάφα Αναψυκτικό Πορτοκαλάδα 5 x 330 ml + 1 Δώρο,3.3
2025-07-18,185338,Κλιάφα Αναψυκτικό Πορτοκαλάδα Χωρίς Ανθρακικό 330 ml,0.66
2025-07-18,190620,Κλιάφα Αναψυκτικό Πορτοκαλάδα Χωρίς Ανθρακικό 5 x 330 ml + 1 Δώρο,3.3
2025-07-18,120032,Λούξ Πορτοκαλάδα Αναψυκτικό 330 ml,0.71
2025-07-18,120039,Λούξ Πορτοκαλάδα Χωρίς Ανθρακικό 330 ml,0.7
2025-07-18,274,Φήμη Πορτοκαλάδα Αναψυκτικό 1-5 lt,0.96
2025-07-18,21318,Φήμη Πορτοκαλάδα Αναψυκτικό 330 ml,0.46
2025-07-18,103504,Φήμη Πορτοκαλάδα Αναψυκτικό Γυάλινη Φιάλη 250 ml,0.58
2025-07-18,156814,Φήμη Πορτοκαλάδα Αναψυκτικό Χωρίς Ανθρακικό 1-5 lt,0.96
2025-07-18,144844,Φήμη Πορτοκαλάδα Αναψυκτικό Χωρίς Ανθρακικό 330 ml,0.46
2025-07-18,161825,Φήμη Πορτοκαλάδα Αναψυκτικό Χωρίς Ανθρακικό Γυάλινη Φιάλη 250 ml,0.58
2025-07-18,157601,Schweppes Αναψυκτικό Biter Lemon 330 ml,0.78
2025-07-18,191515,Schweppes Αναψυκτικό Biter Lemon 6 x 330 ml,3.74
2025-07-18,157602,Schweppes Αναψυκτικό Ginger Ale 330 ml,0.78
2025-07-18,191874,Schweppes Αναψυκτικό Ginger Ale 6 x 330 ml,3.74
2025-07-18,157603,Schweppes Αναψυκτικό Indian Tonic 330 ml,0.74
2025-07-18,189954,Schweppes Αναψυκτικό Indian Tonic 6 x 330 ml,3.55
2025-07-18,177226,Schweppes Αναψυκτικό Mojito 330 ml,0.78
2025-07-18,190678,Schweppes Αναψυκτικό Mojito 6 x 330 ml,3.74
2025-07-18,166896,Schweppes Αναψυκτικό Pink Grapefruit 330 ml,0.81
2025-07-18,177496,Schweppes Αναψυκτικό Pink Grapefruit 6 x 330 ml,3.89
2025-07-18,205045,Schweppes Αναψυκτικό Tropical Fusion 330 ml,0.87
2025-07-18,205039,Schweppes Αναψυκτικό Tropical Fusion 6 x 330 ml,3.92
2025-07-18,166895,Schweppes Αναψυκτικό Λεμόνι Περγαμόντο &amp; Ιβίσκος Χωρίς Ζάχαρη 330 ml,0.87
2025-07-18,177497,Schweppes Αναψυκτικό Λεμόνι Περγαμόντο &amp; Ιβίσκος Χωρίς Ζάχαρη 6 x 330 ml,4.18
2025-07-18,166894,Schweppes Αναψυκτικό Πορτοκαλάδα Με Ανθρακικό Χωρίς Ζάχαρη 330 ml,0.87
2025-07-18,177268,Schweppes Αναψυκτικό Πορτοκαλάδα Με Ανθρακικό Χωρίς Ζάχαρη 6 x 330 ml,4.18
2025-07-18,183110,Schweppes Αναψυκτικό Ρόδι 330 ml,0.87
2025-07-18,183109,Schweppes Αναψυκτικό Ρόδι 6 x 330 ml,4.18
2025-07-18,157600,Schweppes Σοδα Water 330 ml,0.53
2025-07-18,157587,Schweppes Σοδα Water 6 x 330 ml,2.54
2025-07-18,162224,Schweppes Σόδα Λεμόνι 330 ml,0.73
2025-07-18,161453,Schweppes Σόδα Λεμόνι 6 x 330 ml ,3.5
2025-07-18,154070,Three Cents Σόδα Ginger Beer 200 ml,1.68
2025-07-18,154079,Three Cents Σόδα Pink Grapefruit 200 ml,1.68
2025-07-18,180467,Three Cents Σόδα Pink Grapefruit Χωρίς Ζάχαρη 200 ml,1.68
2025-07-18,172652,Three Cents Σόδα Μανταρίνι &amp; Περγαμόντο 200 ml,1.68
2025-07-18,197131,Tuborg Mixer Αναψυκτικό Mango Passfruit 330 ml,0.66
2025-07-18,197130,Tuborg Mixer Αναψυκτικό Mango Passfruit 4 x 330 ml,1.98
2025-07-18,184506,Tuborg Mixer Αναψυκτικό Pink Grapefruit &amp; Σαγκουίνι 330 ml,0.66
2025-07-18,204885,Tuborg Mixer Αναψυκτικό Pink Grapefruit &amp; Σαγκουίνι 5 x 330 ml + 1 Δώρο,3.3
2025-07-18,185186,Tuborg Mixer Αναψυκτικό Ανανάς Λάιμ Δυόσμος 330 ml,0.66
2025-07-18,185185,Tuborg Mixer Αναψυκτικό Ανανάς Λάιμ Δυόσμος 4 x 330 ml,1.98
2025-07-18,166284,Tuborg Σόδα Lemon Αναψυκτικό 330 ml ,0.62
2025-07-18,166283,Tuborg Σόδα Lemon Αναψυκτικό 5 x 330 ml + 1 Δώρο,3.1
2025-07-18,166288,Tuborg Σόδα Αναψυκτικό 330 ml ,0.46
2025-07-18,149,Tuborg Σόδα Αναψυκτικό 4 x 500 ml ,2.8
2025-07-18,166287,Tuborg Σόδα Αναψυκτικό 5 x 330 ml + 1 Δώρο,2.3
2025-07-18,78,Tuborg Σόδα Αναψυκτικό 500 ml ,0.7
2025-07-18,166282,Tuborg Τόνικ Αναψυκτικό 330 ml,0.65
2025-07-18,198687,Tuborg Τόνικ Αναψυκτικό 5 x 330 ml + 1 Δώρο,2.76
2025-07-18,191164,Ήβη Pink Grapefruit Αναψυκτικό 330 ml,0.75
2025-07-18,205470,Ήβη Pink Grapefruit Αναψυκτικό 6 x 330 ml ,3.38
2025-07-18,174795,Ήβη Σόδα Αναψυκτικό Sleek 330 ml,0.61
2025-07-18,174794,Ήβη Σόδα Αναψυκτικό Sleek 6 x 330 ml,2.75
2025-07-18,174510,Ήβη Σόδα Λεμόνι Αναψυκτικό Sleek 330 ml,0.68
2025-07-18,174509,Ήβη Σόδα Λεμόνι Αναψυκτικό Sleek 6 x 330 ml,3.06
2025-07-18,192692,Βίκος Αναψυκτικό Pink Grapefruit 330 ml,0.7
2025-07-18,192691,Βίκος Αναψυκτικό Pink Grapefruit 6 x 330 ml,3.15
2025-07-18,157063,Βίκος Σόδα Αναψυκτικό 330 ml,0.58
2025-07-18,192690,Βίκος Σόδα Αναψυκτικό 4 x 330 ml + 2 Δώρο,1.74
2025-07-18,202947,Φήμη Pink Grapefruit 330 ml,0.46
2025-07-18,205011,Φήμη Pink Grapefruit 6 x 330 ml,2.69
2025-07-18,170304,Φήμη Pink Grapefruit Γυάλινη Φιάλη 250 ml ,0.72
2025-07-18,21317,Φήμη Σόδα Αναψυκτικό 330 ml,0.38
2025-07-18,133280,Atlas Ενεργειακό Ποτό 250 ml,0.63
2025-07-18,203638,Hell Ice Coffee Freddo 250 ml,1.2
2025-07-18,174033,Hell Ice Coffee Ρόφημα Καφέ Cappuccino 250 ml,1.2
2025-07-18,194854,Hell Ice Coffee Ρόφημα Καφέ Salted Caramel Χωρίς Λακτόζη 250 ml,1.2
2025-07-18,120780,Hell Ενεργειακό Ποτό 250 ml,0.67
2025-07-18,198657,Hell Ενεργειακό Ποτό 4 x 250 ml,2.52
2025-07-18,128089,Hell Ενεργειακό Ποτό 500 ml,1.05
2025-07-18,126659,Hell Ενεργειακό Ποτό Apple 250 ml,0.67
2025-07-18,203149,Hell Ενεργειακό Ποτό Black Cherry 250 ml,0.67
2025-07-18,197484,Hell Ενεργειακό Ποτό Black Cherry 500 ml,1.05
2025-07-18,202263,Hell Ενεργειακό Ποτό Green Apple 500 ml,1.05
2025-07-18,197483,Hell Ενεργειακό Ποτό Peach Lemon 500 ml,1.05
2025-07-18,120779,Hell Ενεργειακό Ποτό Red Grape 250 ml,0.67
2025-07-18,206011,Hell Ενεργειακό Ποτό Strawberry Banana 500 ml,1.05
2025-07-18,186282,Hell Ενεργειακό Ποτό Watermelon 250 ml,0.67
2025-07-18,180745,Hell Ενεργειακό Ποτό Zero 250 ml,0.67
2025-07-18,190754,Hell Ενεργειακό Ποτό Zero 500 ml,1.05
2025-07-18,206010,Hell Ενεργειακό Ποτό Zero Berry 250 ml,0.67
2025-07-18,205582,Hell Ενεργειακό Ποτό Zero White Peach 250 ml,0.67
2025-07-18,98125,Monster Energy Ενεργειακό Ποτό 500 ml,1.06
2025-07-18,206276,Monster Energy Ενεργειακό Ποτό Juiced Bad Apple 500 ml,1.52
2025-07-18,206277,Monster Energy Ενεργειακό Ποτό Rio Punch 500 ml,1.52
2025-07-18,109222,Monster Energy Ενεργειακό Ποτό Absolutely Zero 500 ml,1.06
2025-07-18,191244,Monster Energy Ενεργειακό Ποτό Lewis Hamilton Zero 500 ml,1.06
2025-07-18,168441,Monster Energy Ενεργειακό Ποτό Mango Loco 500 ml,1.06
2025-07-18,180692,Monster Energy Ενεργειακό Ποτό Pacific Punch 500 ml,1.06
2025-07-18,198467,Monster Energy Ενεργειακό Ποτό Ultra Gold Χωρίς Ζάχαρη 500 ml,1.06
2025-07-18,203970,Monster Energy Ενεργειακό Ποτό Ultra Strawberry Dreams 500 ml,1.06
2025-07-18,198263,Monster Energy Ενεργειακό Ποτό Χωρίς Ζάχαρη 500 ml,1.06
2025-07-18,145790,Monster Ultra Ενεργειακό Ποτό Ultra Χωρίς Ζάχαρη 500 ml,1.06
2025-07-18,324,Red Bull Ενεργειακό Ποτό 250 ml,0.99
2025-07-18,85372,Red Bull Ενεργειακό Ποτό 355 ml,1.8
2025-07-18,62158,Red Bull Ενεργειακό Ποτό 4 x 250 ml,3.9
2025-07-18,173528,Red Bull Ενεργειακό Ποτό Zero 250 ml,0.99
2025-07-18,204981,Red Bull Ενεργειακό Ποτό Βερίκοκο &amp; Φράουλα 250 ml,0.99
2025-07-18,186668,Red Bull Ενεργειακό Ποτό Καρπούζι 250 ml,0.99
2025-07-18,40032,Red Bull Ενεργειακό Ποτό Χωρίς Ζάχαρη 250 ml,0.99
2025-07-18,204982,Red Bull Ενεργειακό Ποτό Χωρίς Ζάχαρη 355 ml,1.8
2025-07-18,180751,Red Bull Ενεργειακό Ποτό Χωρίς Ζάχαρη 4 x 250 ml,3.9
2025-07-18,104565,Lucozade Ισοτονικό Ποτό Orange 500 ml,1.55
2025-07-18,206016,Powerade Ισοτονικό Ποτό Blood Orange 500 ml,1.18
2025-07-18,206015,Powerade Ισοτονικό Ποτό Mountain Blast 4 x 500 ml,5.76
2025-07-18,26551,Powerade Ισοτονικό Ποτό Mountain Blast 500 ml,1.18
2025-07-18,194287,Powerade Ισοτονικό Ποτό Mountain Blast Zero 500 ml,1.18
2025-07-18,26550,Powerade Ισοτονικό Ποτό Orange 500 ml,1.18
2025-07-18,198660,Prime Ισοτονικό Ποτό Blue Ράσμπερι 500 ml,2.28
2025-07-18,198659,Prime Ισοτονικό Ποτό Ice Pop 500 ml,2.28
2025-07-18,124742,Acquesi Brachetto D&#039;Acqui Αφρώδης Οίνος Ροζέ 750 ml,10.1
2025-07-18,148740,Acquesi Moscato D&#039;Asti Αφρώδης Οίνος Casarito 375 ml,5.8
2025-07-18,124741,Acquesi Moscato D&#039;Asti Αφρώδης Οίνος Casarito 750 ml,9.15
2025-07-18,104706,Araldica Moscato D&#039;Asti Αφρώδης Οίνος Dolce 750 ml,7.74
2025-07-18,167862,Bel Colle Moscato D&#039;Asti Αφρώδης Οίνος 750 ml,6.68
2025-07-18,174655,Brilla Prosecco Αφρώδης Οίνος Λευκό 750 ml,10.45
2025-07-18,177232,Brilla Prosecco Αφρώδης Οίνος Ροζέ 750 ml,10.55
2025-07-18,762,CAIR Brut Αφρώδης Οίνος 750 ml,10.85
2025-07-18,763,CAIR Demi Sec Αφρώδης Οίνος 750 ml,10.85
2025-07-18,137016,Claudio Sangria Αφρώδης Οίνος 1.5 lt,4.85
2025-07-18,115925,Gioia Αφρώδης Οίνος Prosecco 750 ml,6.75
2025-07-18,170209,Henkell Trocken Αφρώδης Οίνος Dry Rose Sec 750 ml,12.94
2025-07-18,120387,Henkell Trocken Αφρώδης Οίνος Ξηρός 3 x 200 ml,9.68
2025-07-18,154697,La Farra Αφρωδης Οίνος Prosecco Treviso Extra Dry 200 ml,4.35
2025-07-18,154698,La Farra Αφρώδης Οίνος Prosecco Treviso Extra Dry 750 ml,9.67
2025-07-18,194128,Lambrusco Αφρώδης Οίνος Ροζέ Ημίγλυκο 750 ml,5.28
2025-07-18,132229,Lyrarakis Zazazu Αφρώδης Οίνος Vegan 750 ml,9.92
2025-07-18,70853,Mini Chic Αφρώδης Οίνος Ράσμπερι 200 ml,2.42
2025-07-18,153180,Riondo Αφρώδης Οίνος Prosecco Extra Dry Λευκός 750 ml,7.08
2025-07-18,206052,Rivani Αφρώδης Οίνος Χωρίς Αλκοόλ Λευκός 750 ml,6.3
2025-07-18,165839,Alexakis Sail Κρασί Ερυθρό 750 ml,3.49
2025-07-18,126901,Alexakis Καρίκι Κρασί Ερυθρό Ξηρό 750 ml,4.52
2025-07-18,88970,Alexakis Κρασί Κοτσιφάλι Syrah Ερυθρό Ξηρό 750 ml ,8.3
2025-07-18,183788,Alexakis Κρασί Κοτσιφάλι Ερυθρό Ξηρό 750 ml,5.94
2025-07-18,202004,Astrale Κρασί Ερυθρό Montepulciano D&#039;abruzzo 750 ml,4.89
2025-07-18,136824,Boutari Cabernet Sauvignon Κρασί Ερυθρό 750 ml,14.15
2025-07-18,106579,Boutari Merlot Κρασί 750 ml,10.49
2025-07-18,106580,Boutari Syrah Κρασί Ερυθρό 750 ml,14.15
2025-07-18,23530,Boutari Αγιωρίτικο Κρασί Ερυθρό 750 ml,7.0
2025-07-18,159694,Costa Lazaridi Αμέθυστος Κρασί Ερυθρό 750 ml,18.44
2025-07-18,161150,Cruzares Sangria Κρασί 1 lt,3.08
2025-07-18,33507,Lato Κρασί Ερυθρό Ημίγλυκο 750 ml,3.75
2025-07-18,27275,Lato Παραδοσιακό Κρασί Ερυθρό Ξηρό 5 lt,13.95
2025-07-18,201999,Les Ormes De Cambras Κρασί Ερυθρό Merlot 750 ml,4.9
2025-07-18,616,Lyrarakis Κρασί Ερυθρό Κοτσιφάλι Syrah Vegan 750 ml,11.78
2025-07-18,191158,Lyrarakis Κρασί Κοτσιφάλι Ερυθρό Vegan 750 ml,9.9
2025-07-18,190868,Lyrarakis Κρασί Λιάτικο Ερυθρό Vegan 750 ml,8.42
2025-07-18,127507,Maragakis Winery Symphonia Κρασί Syrah Ερυθρό 750 ml,6.9
2025-07-18,96494,Nico Lazaridi Μαύρο Πρόβατο Κρασί Ερυθρό 750 ml,13.2
2025-07-18,24152,Paterianakis Μελισσινός Κρασί Ερυθρό Ξηρό Βιολογικό 750 ml,18.32
2025-07-18,141106,Paterianakis Μελισσόκηπος Κρασί Ερυθρό Βιολογικό 750 ml,12.0
2025-07-18,100794,Vinobon Κρασί Κοτσιφάλι Syrah Ερυθρό 1-5 lt,3.8
2025-07-18,23746,Ένωση Ηρακλείου Κρητικό Κονάκι Κρασί Ερυθρό 5 lt,15.82
2025-07-18,41425,Ένωση Πεζών Το Κρασί Της Παρέας Ερυθρό 1 lt,3.54
2025-07-18,172858,Δασκαλάκη Τιτομιχελάκη Κρασί Ερυθρό Ξηρό 3 lt,9.73
2025-07-18,53346,Δουλουφάκης Alargo Κρασί Syrah Ερυθρό Ξηρό 750 ml,12.9
2025-07-18,575,Δουλουφάκης Άσπρος Λαγός Κρασί Cabernet Sauvignon Ερυθρό Ξηρό 750 ml,16.28
2025-07-18,177260,Ινάτι Κρασί Ερυθρό Ασκός 3 lt,11.13
2025-07-18,589,Κρητικός Vin De Crete Κρασί Ερυθρό Ξηρό 750 ml,3.88
2025-07-18,46390,Κτήμα Βιβλία Χώρα Κρασί Ερυθρό 750 ml,19.98
2025-07-18,51490,Κτήμα Μιχαλάκη Κρασί Gold Cuvee Ερυθρό 750 ml,12.28
2025-07-18,588,Κτήμα Μιχαλάκη Κρασί Κοτσιφάλι Ερυθρό Ξηρό 750 ml,6.45
2025-07-18,156102,Κτήμα Μιχαλάκη Κρασί Μαντηλάρι Ερυθρό 750 ml,6.45
2025-07-18,649,Κτήμα Χατζημιχάλη Cabernet Sauvignon Κρασί Ερυθρό 750 ml,17.07
2025-07-18,489,Κτήμα Χατζημιχάλη Πολυποικιλιακός Κρασί Ερυθρό 750 ml,11.2
2025-07-18,183404,Μ2 Στο Τετράγωνο Κρασί Ερυθρό Ημίγλυκο 750 ml,5.61
2025-07-18,172903,Μ3 Στον Κύβο Κρασί Ερυθρό 750 ml,5.6
2025-07-18,163978,Μ3 Στον Κύβο Κρασί Ερυθρό Ξηρό 3 lt,15.38
2025-07-18,81862,Μιχαλάκη Αγιωργίτικο Κρασί Ερυθρό 750 ml,5.78
2025-07-18,33504,Μιχαλάκη Μαυροδάφνη Κρασί 375 ml,3.4
2025-07-18,33505,Μιχαλάκη Μαυροδάφνη Κρασί 750 ml,5.95
2025-07-18,172962,Μονή Τοπλού Κρασί Ερυθρό Βιολογικό 750 ml,9.48
2025-07-18,151603,Νάμα Κρασί Ερυθρό Γλυκό 375 ml,3.5
2025-07-18,122682,Ντουράκης Ριζίτης Κρασί Ερυθρό Grenache - Merlot 750 ml ,6.98
2025-07-18,152094,Οινοποιείο Ιερωνυμάκη Porfyra Κρασί Ερυθρό Βιολογικό 750 ml,11.28
2025-07-18,165837,Alexakis Sail Κρασί Λευκό 750 ml,3.26
2025-07-18,126900,Alexakis Καρίκι Κρασί Λευκό Ξηρό 750 ml,4.24
2025-07-18,88971,Alexakis Κρασί Βιδιανό Λευκό Ξηρό 750 ml,7.11
2025-07-18,173093,Alexakis Κρασί Μοσχάτο Σπίνας Λευκό Ξηρό 750 ml,7.84
2025-07-18,173092,Alexakis Κρασί Χατίρι Λευκό Ξηρό 750 ml,7.95
2025-07-18,202003,Astrale Κρασί Λευκό Pinot Grigio 750 ml,5.0
2025-07-18,106583,Boutari Chardonnay Κρασί Λευκό 750 ml,10.13
2025-07-18,454,Boutari Κρητικός Κρασί Λευκό 750 ml,6.55
2025-07-18,667,Boutari Μοσχοφίλερο Κρασί Λευκό 750 ml,6.53
2025-07-18,159692,Costa Lazaridi Αμέθυστος Κρασί Λευκό 750 ml,13.95
2025-07-18,20769,Domenico Βιδιανό Κρασί Λευκό 750 ml,9.15
2025-07-18,20768,Domenico Θραψαθήρι Κρασί Λευκό 750 ml,7.78
2025-07-18,33506,Lato Κρασί Λευκό Ημίγλυκο 750 ml,3.75
2025-07-18,27274,Lato Παραδοσιακό Κρασί Λευκό Ξηρό 5 lt,13.95
2025-07-18,201998,Les Ormes De Cambras Κρασί Λευκό Sauvignon 750 ml,4.9
2025-07-18,191159,Lyrarakis Κρασί Βηλάνα Λευκό Vegan 750 ml,9.9
2025-07-18,618,Lyrarakis Κρασί Μοσχάτο Σπίνας Βιδιανό Λευκό Vegan 750 ml,8.86
2025-07-18,127506,Maragakis Winery Symphonia Κρασί Malvazia Λευκό 750 ml,6.9
2025-07-18,147501,Nico Lazaridi Μαύρο Πρόβατο Κρασί Λευκό 750 ml,11.3
2025-07-18,155353,Piccolo Mondo Κρασί Λευκό 750 ml,8.48
2025-07-18,124327,Riva D&#039;Oro Pinot Grigio Κρασί Λευκό Ξηρό 750 ml,5.73
2025-07-18,202002,Roche Mazet Κρασί Λευκό Viognier 750 ml,7.35
2025-07-18,670,Samos Vin Doux Κρασί Λευκό 750 ml,8.06
2025-07-18,100830,Strataridakis Κρασί Ασκός Του Νότου Λευκό 5 lt,14.65
2025-07-18,99009,Strataridakis Μοσχάτο Σπίνας Κρασί Λευκό 750 ml,12.4
2025-07-18,100792,Vinobon Κρασί Βιδιανό Μοσχάτο Σπίνας Λευκό 1-5 lt,3.55
2025-07-18,23743,Ένωση Ηρακλείου Κρητικό Κονάκι Κρασί Λευκό 5 lt,13.82
2025-07-18,41424,Ένωση Πεζών Το Κρασί Της Παρέας Λευκό 1 lt,3.38
2025-07-18,51348,Ένωση Πεζών Το Κρασί Της Παρέας Λευκό 3 lt,10.48
2025-07-18,197999,Ένωση Πεζών Το Κρασί Της Παρέας Λευκό Ημίγλυκο 1 lt,4.35
2025-07-18,576,Δουλουφάκης Sauvignon Blanc Κρασί Λευκό Ξηρό 750 ml,10.28
2025-07-18,177261,Ινάτι Κρασί Λευκό Ασκός 3 lt,11.13
2025-07-18,650,Κρητικός Vin De Crete Κρασί Λευκό Ξηρό 750 ml,3.79
2025-07-18,46388,Κτήμα Βιβλία Χώρα Κρασί Λευκό 750 ml,16.9
2025-07-18,36385,Κτήμα Γεροβασιλείου Κρασί Λευκό 750 ml,16.8
2025-07-18,51489,Κτήμα Μιχαλάκη Κρασί Gold Cuvee Λευκό 750 ml,11.98
2025-07-18,156099,Κτήμα Μιχαλάκη Κρασί Ασύρτικο Λευκό 750 ml,5.9
2025-07-18,587,Κτήμα Μιχαλάκη Κρασί Βηλάνα Λευκό Ξηρό 750 ml,5.9
2025-07-18,156101,Κτήμα Μιχαλάκη Κρασί Βιδιανό Λευκό 750 ml,5.9
2025-07-18,156100,Κτήμα Μιχαλάκη Κρασί Μοσχάτο Σπίνας Λευκό 750 ml,5.9
2025-07-18,183264,Μ2 Στο Τετράγωνο Κρασί Λευκό Ημίγλυκο 750 ml,5.61
2025-07-18,172905,Μ3 Στον Κύβο Κρασί Λευκό 750 ml,5.6
2025-07-18,163977,Μ3 Στον Κύβο Κρασί Λευκό Ξηρό 3 lt,15.38
2025-07-18,81815,Μιχαλάκη Μοσχοφίλερο Κρασί Λευκό 750 ml,5.78
2025-07-18,172960,Μονή Τοπλού Κρασί Λευκό Βιολογικό 750 ml,9.48
2025-07-18,122681,Ντουράκης Ριζίτης Κρασί Λευκό Βιλάνα 750 ml ,6.98
2025-07-18,152092,Οινοποιείο Ιερωνυμάκη Lykios Κρασί Λευκό Βιολογικό 750 ml,9.8
2025-07-18,182262,Οινοποιείο Μεταξάρη Metaxari Κρασί Λευκό Ασύρτικο Βιδιανό 750 ml,7.68
2025-07-18,203657,Vosporos Ρετσίνα Canteen 750 ml,9.8
2025-07-18,458,Εκάβη Ρετσίνα 1-5 lt,7.0
2025-07-18,455,Εκάβη Ρετσίνα 500 ml,2.19
2025-07-18,665,Κεντρική Ένωση Χανίων Ρετσίνα 500 ml,1.95
2025-07-18,101362,Κεχρής Κεχριμπάρι Ρετσίνα 500 ml,3.55
2025-07-18,152502,Μαλαματίνα Ρετσίνα 3 lt,9.98
2025-07-18,124369,Μαλαματίνα Ρετσίνα 500 ml,2.15
2025-07-18,26636,Φίνα Ρετσίνα 500 ml,2.12
2025-07-18,165838,Alexakis Sail Κρασί Rose 750 ml,3.39
2025-07-18,190755,Alexakis Καρίκι Κρασί Λιάτικο Ροζέ 750 ml,4.47
2025-07-18,202005,Astrale Κρασί Ροζέ Ξηρό 750 ml,5.65
2025-07-18,159693,Costa Lazaridi Αμέθυστος Κρασί Ροζέ 750 ml,13.95
2025-07-18,202001,Les Ormes De Cambras Κρασί Ροζέ Grenache 750 ml,4.9
2025-07-18,192050,Maison Castel Cotes De Provence Κρασί Ροζέ 750 ml,11.95
2025-07-18,25836,Paterianakis Μελισσινός Κρασί Ροζέ Βιολογικό 750 ml,17.1
2025-07-18,195223,Piccolo Mondo Κρασί Ροζέ Ημίγλυκο 750 ml,8.48
2025-07-18,180986,Sans Pretention Κρασί Ροζέ Luberon 750 ml,8.42
2025-07-18,199222,Valestrel Cotes De Provence Κρασί Ροζέ 750ml,10.2
2025-07-18,100793,Vinobon Κρασί Κοτσιφάλι Ροζέ 1-5 lt,3.75
2025-07-18,23745,Ένωση Ηρακλείου Κρητικό Κονάκι Κρασί Ροζέ 5 lt,14.35
2025-07-18,181001,Ερωφίλη Κρασί Ημίξηρο Ροζέ Λιάτικο 750 ml,9.75
2025-07-18,23983,Κρητικός Vin De Crete Κρασί Ροζέ Ξηρό 750 ml,3.88
2025-07-18,190839,Κτήμα Μιχαλάκη Κρασί Μαντηλάρι Ροζέ 750 ml,6.45
2025-07-18,153066,Κτήμα Χατζημιχάλη Alfega Κρασί Ροζέ 750 ml,12.98
2025-07-18,173575,Μ2 Στο Τετράγωνο Κρασί Ροζέ Γλυκό 500 ml,4.42
2025-07-18,183265,Μ2 Στο Τετράγωνο Κρασί Ροζέ Ημίγλυκο 750 ml,5.61
2025-07-18,183403,Μ3 Στον Κύβο Κρασί Ροζέ 750 ml,5.6
2025-07-18,172961,Μονή Τοπλού Κρασί Ροζέ Βιολογικό 750 ml,8.06
2025-07-18,122683,Ντουράκης Ριζίτης Κρασί Ροζέ Grenache Rouge 750 ml ,6.98
2025-07-18,190456,Heineken 0.0 Μπίρα Χωρίς Αλκοόλ Κουτί 3 x 330 ml + 1 Δώρο,3.27
2025-07-18,166510,Heineken 0.0 Μπίρα Χωρίς Αλκοόλ Κουτί 330 ml,1.09
2025-07-18,203702,Mythos 0-0% Μπίρα Χωρίς Αλκοόλ Κουτί 330 ml,1.0
2025-07-18,203701,Mythos 0-0% Μπίρα Χωρίς Αλκοόλ Κουτί 5 x 330 ml + 1 Δώρο,3.5
2025-07-18,166518,Άλφα Μπίρα Χωρίς Αλκοόλ Κουτί 330 ml,0.85
2025-07-18,204897,Άλφα Μπίρα Χωρίς Αλκοόλ Φιάλη 330 ml,0.67
2025-07-18,191799,Άλφα Μπίρα Χωρίς Αλκοόλ Κουτί 4 x 330 ml + 2 Δώρο,3.1
2025-07-18,155022,Άμστελ Free Μπίρα Κουτί 330 ml,0.85
2025-07-18,161545,Άμστελ Free Μπίρα Κουτί 5 x 330 ml + 1 Δώρο,2.0
2025-07-18,190490,Άμστελ Free Μπίρα Λεμόνι Κουτί 3 x 330 ml + 1 Δώρο,2.79
2025-07-18,191246,Άμστελ Free Μπίρα Λεμόνι Κουτί 330 ml ,0.93
2025-07-18,150702,Φιξ Ελλάς Άνευ Μπίρα Χωρίς Αλκοόλ Κουτί 330 ml ,0.87
2025-07-18,150623,Φιξ Ελλάς Άνευ Μπίρα Χωρίς Αλκοόλ Κουτί 5 x 330 ml + 1 Δώρο,4.35
2025-07-18,191156,Φιξ Ελλάς Άνευ Μπίρα Χωρίς Αλκοόλ Με Λεμόνι Κουτί 3 x 330 ml + 1 Δώρο,2.16
2025-07-18,191157,Φιξ Ελλάς Άνευ Μπίρα Χωρίς Αλκοόλ Με Λεμόνι Κουτί 330 ml,0.9
2025-07-18,203703,Φιξ Ελλάς Άνευ Μπίρα Χωρίς Αλκοόλ Με Σαγκουίνι 3 x 330 ml + 1 Δώρο,1.9
2025-07-18,203706,Φιξ Ελλάς Άνευ Μπίρα Χωρίς Αλκοόλ Με Σαγκουίνι 330 ml,0.98
2025-07-18,107116,Bud Μπίρα Lager Φιάλη 330 ml,1.56
2025-07-18,173603,Candia Μπίρα Lager Κουτί 330 ml,1.12
2025-07-18,173604,Candia Μπίρα Lager Κουτί 4 x 500 ml + 2 Δώρο,5.6
2025-07-18,173602,Candia Μπίρα Lager Κουτί 5 x 330 ml + 1 Δώρο,4.48
2025-07-18,173605,Candia Μπίρα Lager Κουτί 500 ml,1.75
2025-07-18,202447,Candia Μπίρα Lager Φιάλη 750 ml,1.96
2025-07-18,382,Carlsberg Μπίρα Lager Κουτί 330 ml,1.24
2025-07-18,203776,Carlsberg Μπίρα Lager Κουτί 4 x 330 ml + 2 Δώρο,4.96
2025-07-18,199344,Corona Μπίρα Cero Χωρίς Αλκοόλ Φιάλη 4 x 330 ml,10.48
2025-07-18,153628,Estrella Damm Barcelona Μπίρα Φιάλη 330 ml,1.85
2025-07-18,179125,Heineken Μπίρα Lager Κουτί 330 ml,1.26
2025-07-18,62034,Heineken Μπίρα Lager Κουτί 4 x 500 ml,7.04
2025-07-18,118712,Heineken Μπίρα Lager Κουτί 5 x 330 ml + 1 Δώρο,5.0
2025-07-18,369,Heineken Μπίρα Lager Κουτί 500 ml,1.76
2025-07-18,368,Heineken Μπίρα Lager Φιάλη 500 ml,2.0
2025-07-18,385,Henninger Μπίρα Lager Κουτί 330 ml,0.88
2025-07-18,134645,Henninger Μπίρα Lager Κουτί 4 x 500 ml,4.92
2025-07-18,123658,Henninger Μπίρα Lager Κουτί 5 x 330 ml + 1 Δώρο,3.75
2025-07-18,172588,Mythos Ice Μπίρα Lager Φιάλη 330 ml,1.09
2025-07-18,404,Mythos Μπίρα Lager Κουτί 330 ml,1.13
2025-07-18,393,Mythos Μπίρα Lager Κουτί 500 ml,1.65
2025-07-18,57104,Mythos Μπίρα Lager Κουτί 6 x 330 ml + 2 Δώρο,5.98
2025-07-18,26597,Mythos Μπίρα Lager Φιάλη 4 x 500 ml,7.28
2025-07-18,403,Mythos Μπίρα Lager Φιάλη 500 ml,1.82
2025-07-18,174887,Notos Μπίρα Lager Φιάλη 330 ml,2.11
2025-07-18,186139,Sol Μπίρα Lager Φιάλη 2 x 330 ml + 1 Δώρο ,5.2
2025-07-18,186138,Sol Μπίρα Lager Φιάλη 330 ml,1.43
2025-07-18,81363,Stella Artois Μπίρα Lager Κουτί 330 ml,1.33
2025-07-18,98482,Stella Artois Μπίρα Lager Κουτί 6 x 330 ml,5.98
2025-07-18,62718,Stella Artois Μπίρα Lager Φιάλη 330 ml,1.6
2025-07-18,127615,Άλφα Strong Μπίρα Lager Κουτί 500 ml,1.45
2025-07-18,21502,Άλφα Μπίρα Lager Κουτί 330 ml,1.04
2025-07-18,89990,Άλφα Μπίρα Lager Κουτί 4 x 500 ml,5.76
2025-07-18,47045,Άλφα Μπίρα Lager Κουτί 5 x 330 ml + 1 Δώρο,5.2
2025-07-18,21501,Άλφα Μπίρα Lager Κουτί 500 ml,1.44
2025-07-18,161621,Άλφα Μπίρα Lager Κουτί 9 x 330 ml + 3 Δώρο,7.95
2025-07-18,173606,Άλφα Μπίρα Lager Φιάλη 12 x 250 ml,6.95
2025-07-18,21499,Άλφα Μπίρα Lager Φιάλη 500 ml,1.59
2025-07-18,197128,Άλφα Μπίρα Με Θαλασσινό Αλάτι 330 ml,1.15
2025-07-18,197127,Άλφα Μπίρα Με Θαλασσινό Αλάτι 5 x 330 ml + 1 Δώρο,4.4
2025-07-18,151391,Άμστελ Μπίρα Lager Dark Κουτί 330 ml,1.33
2025-07-18,199144,Άμστελ Μπίρα Lager Dark Φιάλη 330 ml,1.46
2025-07-18,371,Άμστελ Μπίρα Lager Κουτί 330 ml,1.05
2025-07-18,62033,Άμστελ Μπίρα Lager Κουτί 4 x 500 ml,5.96
2025-07-18,96667,Άμστελ Μπίρα Lager Κουτί 5 x 330 ml + 1 Δώρο,3.94
2025-07-18,372,Άμστελ Μπίρα Lager Κουτί 500 ml,1.49
2025-07-18,48586,Άμστελ Μπίρα Lager Κουτί 8 x 330 ml + 4 Δώρο,8.4
2025-07-18,204458,Άμστελ Μπίρα Lager Φιάλη 330 ml,0.85
2025-07-18,367,Άμστελ Μπίρα Lager Φιάλη 500 ml,2.02
2025-07-18,204457,Άμστελ Μπίρα Lager Φιάλη 6 x 330 ml,5.46
2025-07-18,157415,Έζα Μπίρα Lager Κουτί 330 ml,1.2
2025-07-18,179578,Έζα Μπίρα Lager Κουτί 4 x 330 ml + 2 Δώρο,3.6
2025-07-18,166898,Έζα Μπίρα Lager Φιάλη 500 ml,1.07
2025-07-18,153411,Βεργίνα Μπίρα Lager Κουτί 330 ml ,1.05
2025-07-18,203532,Βεργίνα Μπίρα Lager Κουτί 4 x 500 ml ,6.24
2025-07-18,153410,Βεργίνα Μπίρα Lager Κουτί 5 x 330 ml + 1 Δώρο,4.45
2025-07-18,173987,Βεργίνα Μπίρα Lager Κουτί 500 ml,1.56
2025-07-18,153328,Νήσος Μπίρα Lager All Day Φιάλη Βιολογική 330 ml,2.68
2025-07-18,185142,Νύμφη Μπίρα Lager Κουτί 330 ml,1.15
2025-07-18,185143,Νύμφη Μπίρα Lager Κουτί 5 x 330 ml + 1 Δώρο,5.75
2025-07-18,203826,Σόλο Μπίρα Cretan Craft Lager Φιάλη 330 ml,2.11
2025-07-18,191596,Φιξ Ελλάς Μαύρη Μπίρα Lager Φιάλη 330 ml,1.86
2025-07-18,128370,Φιξ Ελλάς Μπίρα Lager Κουτί 3 x 500 ml + 1 Δώρο,4.32
2025-07-18,29618,Φιξ Ελλάς Μπίρα Lager Κουτί 330 ml,1.05
2025-07-18,48104,Φιξ Ελλάς Μπίρα Lager Κουτί 5 x 330 ml + 1 Δώρο,4.2
2025-07-18,88998,Φιξ Ελλάς Μπίρα Lager Κουτί 500 ml,1.44
2025-07-18,153779,Φιξ Ελλάς Μπίρα Lager Κουτί 8 x 330 ml + 4 Δώρο,8.4
2025-07-18,29626,Φιξ Ελλάς Μπίρα Lager Φιάλη 500 ml,1.63
2025-07-18,389,Fischer Μπίρα Pils Φιάλη 500 ml,2.08
2025-07-18,196979,Fischer Μπίρα Pilsener 330 ml,1.36
2025-07-18,196978,Fischer Μπίρα Pilsener 4 x 330 ml + 2 Δώρο,5.44
2025-07-18,61366,Kaiser Μπίρα Pils Κουτί 330 ml,1.38
2025-07-18,105392,Kaiser Μπίρα Pils Κουτί 5 x 330 ml + 1 Δώρο,6.1
2025-07-18,82223,Kaiser Μπίρα Pils Κουτί 500 ml,1.93
2025-07-18,387,Kaiser Μπίρα Pils Φιάλη 500 ml,2.26
2025-07-18,174886,Notos Μπίρα Pilsner Φιάλη 330 ml,2.18
2025-07-18,152722,Pils Hellas Μπίρα Pilsener Κουτί 330 ml,0.96
2025-07-18,198092,Pils Hellas Μπίρα Pilsener Κουτί 4 x 500 ml,3.75
2025-07-18,152339,Pils Hellas Μπίρα Pilsener Κουτί 5 x 330 ml + 1 Δώρο,4.0
2025-07-18,198093,Pils Hellas Μπίρα Pilsener Κουτί 500 ml,1.25
2025-07-18,152727,Έζα Μπίρα Pilsener Κουτί 330 ml ,1.25
2025-07-18,204475,Έζα Μπίρα Pilsener Κουτί 5 x 330 ml + 1 Δώρο,5.25
2025-07-18,166897,Έζα Μπίρα Pilsener Φιάλη 500 ml,1.29
2025-07-18,166512,Μάμος Μπίρα Pils Κουτί 330 ml ,1.16
2025-07-18,191247,Μάμος Μπίρα Αφιλτράριστη Ρετρό Φιάλη 330 ml,1.04
2025-07-18,166511,Μάμος Μπίρα Pils Κουτί 5 x 330 ml + 1 Δώρο,5.8
2025-07-18,204010,Μάμος Μπίρα Pils Κουτί 9 x 330 ml + 3 Δώρο,10.44
2025-07-18,204536,Μάμος Μπίρα Pils Ρετρό Φιάλη 330 ml,1.03
2025-07-18,204535,Μάμος Μπίρα Pils Ρετρό Φιάλη 6 x 330 ml,6.17
2025-07-18,203711,Νήσος Μπίρα Easy Ipa Φιάλη 330 ml,3.2
2025-07-18,197126,Νήσος Μπίρα Pils Κουτί 330 ml ,1.3
2025-07-18,197125,Νήσος Μπίρα Pils Κουτί 5 x 330 ml + 1 Δώρο,5.7
2025-07-18,153327,Νήσος Μπίρα Pils Φιάλη 330 ml,1.44
2025-07-18,56658,Brink&#039;s Μπίρα Μαύρη Βιολογική Φιάλη 330 ml,2.08
2025-07-18,46675,Brink&#039;s Μπίρα Ξανθιά Βιολογική Φιάλη 330 ml,2.08
2025-07-18,172959,Guinness Μπίρα IPA Κουτί 440 ml ,3.1
2025-07-18,69934,Guinness Μπίρα Κουτί 4 x 440 ml,12.4
2025-07-18,32741,Guinness Μπίρα Κουτί 440 ml,3.1
2025-07-18,61494,McFarland Μπίρα Red Ale Φιάλη 330 ml,2.48
2025-07-18,68932,Murphy&#039;s Μπίρα Irish Κουτί 500 ml,2.75
2025-07-18,166279,Mythos Radler Μπίρα Με Λεμόνι Κουτί 3 x 330 ml + 1 Δώρο,3.36
2025-07-18,166280,Mythos Radler Μπίρα Με Λεμόνι Κουτί 330 ml ,1.12
2025-07-18,128938,Mythos Radler Μπίρα Με Λεμόνι Φιάλη 330 ml,1.29
2025-07-18,174888,Notos Μπίρα She&#039;s A Pirate Blonde Ale Φιάλη 330 ml,2.25
2025-07-18,153214,Septem Μπίρα 8η Μέρα IPA Φιάλη 330 ml,2.75
2025-07-18,205445,Septem Μπίρα Friday&#039;s Pale Ale Φιάλη 330 ml,2.54
2025-07-18,153213,Septem Μπίρα Sunday’s Honey Golden Ale Φιάλη 330 ml,2.75
2025-07-18,190458,Άμστελ Radler Μπίρα Lemon Κουτί 3 x 330 ml + 1 Δώρο,3.21
2025-07-18,134638,Άμστελ Radler Μπίρα Lemon Κουτί 330 ml,1.07
2025-07-18,117145,Άμστελ Radler Μπίρα Lemon Φιάλη 500 ml,1.67
2025-07-18,145828,Σόλο Μπίρα Cretan Craft Classic IPA Φιάλη 330 ml,2.62
2025-07-18,145829,Σόλο Μπίρα Cretan Craft Imperial IPA Φιάλη 330 ml,3.02
2025-07-18,145826,Σόλο Μπίρα Cretan Craft Pale Ale Φιάλη 330 ml,2.44
2025-07-18,145825,Σόλο Μπίρα Cretan Craft Saison Φιάλη 330 ml,2.34
2025-07-18,147838,Mastih2o Ανθρακούχο Ποτό Με Μαστιχόνερο Σε Γιάλινη Φιάλη 330 ml,1.64
2025-07-18,117460,Mastiqua Ανθρακούχο Νερό Με Μαστιχόνερο 330 ml,1.48
2025-07-18,198462,Okf Sparkling Ανθρακούχο Νερό Καρπούζι 350 ml,0.87
2025-07-18,198463,Okf Sparkling Ανθρακούχο Νερό Λεμόνι 350 ml,0.87
2025-07-18,198464,Okf Sparkling Ανθρακούχο Νερό Πεπόνι 350 ml,0.87
2025-07-18,198465,Okf Sparkling Ανθρακούχο Νερό Φράουλα 350 ml,0.87
2025-07-18,206419,Βίκος Ανθρακούχο Νερό Λεμόνι 330 ml,0.6
2025-07-18,206420,Βίκος Ανθρακούχο Νερό Λεμόνι 4 x 330 ml,2.4
2025-07-18,127233,Zaro&#039;s Sparkling Ανθρακούχο Μεταλλικό Νερό 1 lt,0.47
2025-07-18,171001,Zaro&#039;s Sparkling Ανθρακούχο Μεταλλικό Νερό 330 ml,0.3
2025-07-18,171000,Zaro&#039;s Sparkling Ανθρακούχο Μεταλλικό Νερό 6 x 330 ml,1.8
2025-07-18,201367,Zaro&#039;s Sparkling Ανθρακούχο Μεταλλικό Νερό Grapefruit Yuzu 330 ml,0.53
2025-07-18,201366,Zaro&#039;s Sparkling Ανθρακούχο Μεταλλικό Νερό Grapefruit Yuzu 6 x 330 ml,3.18
2025-07-18,170999,Zaro&#039;s Sparkling Ανθρακούχο Μεταλλικό Νερό Λεμόνι 330 ml,0.35
2025-07-18,170998,Zaro&#039;s Sparkling Ανθρακούχο Μεταλλικό Νερό Λεμόνι 6 x 330 ml,2.1
2025-07-18,89998,Zaro&#039;s Sparkling Ανθρακούχο Μεταλλικό Νερό Σε Γιάλινη Φιάλη 6 x 330 ml,2.64
2025-07-18,170243,Ζαγόρι Ανθρακούχο Νερό 4 x 500 ml,0.89
2025-07-18,187049,Ζαγόρι Ανθρακούχο Νερό Λεμόνι 330 ml,0.6
2025-07-18,187048,Ζαγόρι Ανθρακούχο Νερό Λεμόνι 6 x 330 ml,3.6
2025-07-18,177073,Ζαγόρι Ανθρακούχο Νερό Με Λεμόνι 4 x 500 ml,1.76
2025-07-18,175030,Ζαγόρι Ανθρακούχο Νερό Με Λεμόνι 500 ml,0.44
2025-07-18,149053,Ξυνό Νερό Φλώρινας Ανθρακούχο Σε Γιάλινη Φιάλη 1 lt,1.6
2025-07-18,149055,Ξυνό Νερό Φλώρινας Ανθρακούχο Σε Γιάλινη Φιάλη 250 ml,0.88
2025-07-18,418,Σουρωτή Ανθρακούχο Νερό Σε Γιάλινη Φιάλη 250 ml,0.76
2025-07-18,189301,Φήμη Ανθρακούχο Μεταλλικό Νερό 330 ml,0.22
2025-07-18,189300,Φήμη Ανθρακούχο Νερό 6 x 330 ml,1.3
2025-07-18,189299,Φήμη Ανθρακούχο Νερό Με Γεύση Μαστίχα 330 ml,0.61
2025-07-18,189303,Φήμη Ανθρακούχο Νερό Με Λεμόνι 330 ml,0.23
2025-07-18,189302,Φήμη Ανθρακούχο Νερό Με Λεμόνι 6 x 330 ml,1.37
2025-07-18,179204,Aqua Carptica Νερό Φυσικό Μεταλλικό 1-5 lt,0.94
2025-07-18,419,Samaria Φυσικό Επιτραπέζιο Νερό 1-5 lt,0.31
2025-07-18,89280,Samaria Φυσικό Επιτραπέζιο Νερό 10 lt,2.95
2025-07-18,205454,Samaria Φυσικό Επιτραπέζιο Νερό 12 x 500 ml ,1.82
2025-07-18,22979,Samaria Φυσικό Επιτραπέζιο Νερό 500 ml,0.19
2025-07-18,62211,Samaria Φυσικό Επιτραπέζιο Νερό 6 x 1-5 lt ,1.49
2025-07-18,52973,Zaro&#039;s Φυσικό Μεταλλικό Νερό 10 lt,2.15
2025-07-18,205938,Zaro&#039;s Φυσικό Μεταλλικό Νερό 10 x 500 ml + 2 Τεμάχια Δώρο,1.9
2025-07-18,21520,Zaro&#039;s Φυσικό Μεταλλικό Νερό 500 ml,0.19
2025-07-18,84903,Zaro&#039;s Φυσικό Μεταλλικό Νερό 6 x 1-5 lt,1.98
2025-07-18,69346,Zaro&#039;s Φυσικό Μεταλλικό Νερό Sport 750 ml,0.28
2025-07-18,53155,Zaro&#039;s Φυσικό Μεταλλικό Νερό Για Ψύκτη 10 lt ,2.65
2025-07-18,124364,Ζαγόρι Go Green Athletic Νερό Φυσικό Μεταλλικό 750 ml,0.46
2025-07-18,124363,Ζαγόρι Φυσικό Μεταλλικό Νερό 1 lt,1.35
2025-07-18,124555,Ζαγόρι Φυσικό Μεταλλικό Νερό 1-5 lt ,0.32
2025-07-18,158275,Ζαγόρι Φυσικό Μεταλλικό Νερό 12 x 500 ml,2.4
2025-07-18,124365,Ζαγόρι Φυσικό Μεταλλικό Νερό 500 ml,0.2
2025-07-18,205313,Ζαγόρι Φυσικό Μεταλλικό Νερό 6 x 1-5 lt,1.92
2025-07-18,23838,Ρούβας Φυσικό Επιτραπέζιο Νερό 500 ml,0.2
2025-07-18,447,Ρούβας Φυσικό Επιτραπέζιο Νερό 6 x 1-5 lt,1.96
2025-07-18,89983,Ρούβας Φυσικό Επιτραπέζιο Νερό Sport 500 ml,0.23
2025-07-18,86456,Σεληνάρι Φυσικό Επιτραπέζιο Νερό 6 x 1-5 lt,1.44
2025-07-18,98409,Χαλκιαδάκης Φυσικό Επιτραπέζιο Νερό 12 x 500 ml,1.63
2025-07-18,97739,Χαλκιαδάκης Φυσικό Επιτραπέζιο Νερό 12 x 750 ml,1.94
2025-07-18,204898,Bacardi Breezer Passion Fruit &amp; Mango 275 ml,2.0
2025-07-18,180769,Bacardi Mojito 250 ml,2.33
2025-07-18,186410,Bombay Sapphire Gin Tonic 250 ml,2.45
2025-07-18,31750,Bacardi Breezer Καρπούζι 275 ml,2.0
2025-07-18,31748,Bacardi Breezer Λεμόνι 275 ml,2.0
2025-07-18,31749,Bacardi Breezer Πορτοκάλι 275 ml,2.0
2025-07-18,201660,Gordon&#039;s Space Με Λεμόνι &amp; Ginseng 250 ml,2.18
2025-07-18,206225,Metaxa Greek Cocktails Ginger &amp; Lime 250 ml,2.0
2025-07-18,206226,Metaxa Greek Cocktails Peach 250 ml,2.0
2025-07-18,201661,Smirnoff Ice Original 250 ml,1.92
2025-07-18,191419,Tails Cocktails Gin Gimlet 500 ml,11.28
2025-07-18,191417,Tails Cocktails Whisky Sour 500 ml,11.28
2025-07-18,192695,Aperol Spritz 3 x 200 ml,8.95
2025-07-18,120040,Aperol Απεριτίφ 700 ml,15.95
2025-07-18,951,Campari Bitter Απεριτίφ 700 ml,20.55
2025-07-18,196615,Campari Soda 5 x 98 ml,5.59
2025-07-18,203671,Crodino Απεριτίφ Χωρίς Αλκοόλ 3 x 175 ml,5.7
2025-07-18,773,Martini Asti Απεριτίφ 750 ml,11.2
2025-07-18,79495,Martini Rosato Απεριτίφ 1 lt ,13.0
2025-07-18,186407,Martini Sparkling Prosecco 750 ml,9.2
2025-07-18,22706,Absolut Βότκα 1 lt,25.43
2025-07-18,790,Absolut Βότκα 700 ml,18.35
2025-07-18,784,Beefeater Gin 700 ml,19.98
2025-07-18,83028,Beluga Βότκα 700 ml,52.65
2025-07-18,159586,Belvedere Pure Βότκα 700 ml,47.8
2025-07-18,55283,Bombay Sapphire Gin 700 ml,21.75
2025-07-18,178321,Ciroc Βότκα 700 ml,45.0
2025-07-18,101864,Finlandia Βότκα 700 ml,14.18
2025-07-18,197052,Gold Forest Βότκα 700 ml,30.3
2025-07-18,96565,Gordon&#039;s Gin 700 ml,15.25
2025-07-18,163461,Gordon&#039;s Gin Pink 700 ml,17.58
2025-07-18,127443,Grey Goose Βότκα 700 ml,48.9
2025-07-18,198059,Larios Gin 700 ml,14.6
2025-07-18,201742,Rumours Gin London dry 700 ml,18.9
2025-07-18,166508,Serkova Crystal Pure Βότκα 700 ml,21.1
2025-07-18,791,Serkova Βότκα 700 ml,14.98
2025-07-18,198151,Smirnoff North Βότκα 700 ml,16.38
2025-07-18,96566,Smirnoff Red Βότκα 1 lt,24.98
2025-07-18,93086,Smirnoff Red Βότκα 700 ml,15.2
2025-07-18,98996,Stolichnaya Βότκα 1 lt,25.3
2025-07-18,786,Stolichnaya Βότκα 700 ml,17.25
2025-07-18,126802,Tanqueray Gin 700 ml,21.7
2025-07-18,186283,Tanqueray Gin Alcohol Free 700 ml,21.4
2025-07-18,180638,Tanqueray Gin Flor De Sevilla 700 ml,23.55
2025-07-18,180639,Tanqueray Gin Rangpur Lime 700 ml,24.64
2025-07-18,204899,Tito&#039;s Βότκα Handmade 40% 700 ml,22.9
2025-07-18,197946,Votanikon Gin 700 ml,21.9
2025-07-18,198060,Zubrowka Biala Βότκα 700 ml,14.5
2025-07-18,68237,Alexandrion 5* Κονιάκ 700 ml,14.74
2025-07-18,166361,Metaxa 3* Κονιάκ 2 lt,36.9
2025-07-18,167381,Metaxa 3* Κονιάκ 350 ml,7.2
2025-07-18,167380,Metaxa 3* Κονιάκ 700 ml,13.9
2025-07-18,31657,Metaxa 5* Κονιάκ 1 lt,23.68
2025-07-18,31656,Metaxa 5* Κονιάκ 200 ml,5.28
2025-07-18,855,Metaxa 5* Κονιάκ 700 ml,17.2
2025-07-18,197167,Metaxa Private Reserve Orama Κονιάκ 700 ml,69.87
2025-07-18,900,Baileys Λικέρ 700 ml,18.35
2025-07-18,127821,Disaronno Amaretto Λικέρ 350 ml,11.15
2025-07-18,901,Disaronno Amaretto Λικέρ 700 ml,17.6
2025-07-18,198445,Disaronno Amaretto Λικέρ Velvet 700 ml,17.8
2025-07-18,902,Drambuie Λικέρ 700 ml,29.9
2025-07-18,141578,Jack Daniel&#039;s Tennessy Honey Λικέρ 700 ml ,27.4
2025-07-18,118247,Jagermeister Λικέρ 350 ml,10.35
2025-07-18,185837,Kahlua Λικέρ Coffee 700 ml,18.6
2025-07-18,898,Malibu Λικέρ 700 ml,16.5
2025-07-18,198078,Mavrakis Λικέρ Amaretto 500 ml,9.8
2025-07-18,198077,Mavrakis Λικέρ Limoncello 500 ml,9.2
2025-07-18,198079,Mavrakis Λικέρ Μαστίχα 500 ml,9.48
2025-07-18,23447,Passoa Λικέρ 700 ml,15.98
2025-07-18,183437,Rossi D&#039;asiago Λικέρ Limoncello 700 ml,16.94
2025-07-18,87460,Skinos Λικέρ 700 ml,16.95
2025-07-18,186539,Stichion Λικέρ Μαστίχα 700 ml,18.4
2025-07-18,170923,Ψυχής Λικέρ Μαστίχα Χίου 500 ml,19.35
2025-07-18,120235,Somersby Μηλίτης Apple 330 ml,1.09
2025-07-18,184507,Somersby Μηλίτης Mango &amp; Lime 330 ml,1.09
2025-07-18,160136,Somersby Μηλίτης Watermelon 330 ml,1.09
2025-07-18,192118,Somersby Μηλίτης Φράουλα &amp; Λάϊμ 0% Αλκοόλ 330 ml,0.94
2025-07-18,824,Ballantine&#039;s Finest Ουίσκι 700 ml,16.4
2025-07-18,832,Cardhu 12 Ετών Ουίσκι 700 ml,40.45
2025-07-18,149218,Chivas Regal Extra Ουίσκι 700 ml,35.36
2025-07-18,821,Chivas Regal Ουίσκι 12ετών 700 ml,32.85
2025-07-18,818,Cutty Sark Ουίσκι 700 ml,19.8
2025-07-18,825,Dewar&#039;s Ουίσκι White Label 700 ml,16.8
2025-07-18,141379,Dimple Ουίσκι Golden Selection 700 ml,35.9
2025-07-18,812,Famous Grouse Ουίσκι 700 ml,17.98
2025-07-18,43645,Glenfiddich 12 Ετών Ουίσκι 700 ml,43.55
2025-07-18,815,Grant&#039;s Ουίσκι 700 ml,18.98
2025-07-18,823,Haig Ουίσκι 700 ml,20.85
2025-07-18,827,Jack Daniel&#039;s Ουίσκι 700 ml,25.3
2025-07-18,165215,Jameson Black Barrel Ουίσκι 700 ml,34.24
2025-07-18,809,Jameson Ουίσκι 700 ml,20.98
2025-07-18,198082,Jim Beam Bourbon Ουίσκι 700 ml,21.5
2025-07-18,826,Johnnie Walker Black Label Ουίσκι 700 ml,33.4
2025-07-18,104180,Johnnie Walker Double Black 700 ml,38.3
2025-07-18,171050,Johnnie Walker Gold Reserve 700 ml,48.85
2025-07-18,29462,Johnnie Walker Red Label Ουίσκι 1 lt,27.6
2025-07-18,820,Johnnie Walker Red Label Ουίσκι 700 ml,17.18
2025-07-18,198083,Talisker Skye Ουίσκι 700 ml,42.9
2025-07-18,841,Tullamore Dew Ουίσκι 700 ml,21.65
2025-07-18,29624,Vat 69 Ουίσκι 700 ml,15.65
2025-07-18,107009,Βαρβαγιάννη Μπλέ Ούζο 200 ml,3.95
2025-07-18,48154,Βαρβαγιάννη Μπλέ Ούζο 700 ml,12.38
2025-07-18,107010,Βαρβαγιάννη Πράσινο Ούζο 200 ml,3.5
2025-07-18,107008,Βαρβαγιάννη Πράσινο Ούζο 700 ml,11.78
2025-07-18,31664,Ισιδώρου Αρβανίτου Ούζο Πλωμαρίου 200 ml,4.05
2025-07-18,26105,Ισιδώρου Αρβανίτου Ούζο Πλωμαρίου 700 ml,11.2
2025-07-18,48756,Μίνι Ούζο 350 ml,5.75
2025-07-18,919,Ούζο 12 1 lt,14.05
2025-07-18,98773,Ούζο 12 200 ml,3.38
2025-07-18,920,Ούζο 12 700 ml,9.9
2025-07-18,134675,Strongbow Ποτό Gold Apple 330 ml,1.45
2025-07-18,134678,Strongbow Ποτό Red Berries 330 ml,1.45
2025-07-18,174447,Μηλοκλέφτης Ποτό Bloody Cherry Φιάλη 330 ml,0.92
2025-07-18,153347,Μηλοκλέφτης Ποτό Forbidden Apple Φιάλη 330 ml,0.92
2025-07-18,197943,Μηλοκλέφτης Ποτό Grapefruit Twist Φιάλη 330 ml,0.92
2025-07-18,191145,Μηλοκλέφτης Ποτό Tropical Crush Φιάλη 330 ml,0.92
2025-07-18,206564,Bacardi Ρούμι Spiced 700 ml,19.85
2025-07-18,785,Bacardi Ρούμι 1 lt,25.7
2025-07-18,808,Bacardi Ρούμι 700 ml,18.2
2025-07-18,164002,Havana Club Ρούμι 3 Ετών 700 ml,19.2
2025-07-18,91221,Havana Club Ρούμι 7 Ετών 700 ml,27.9
2025-07-18,197067,Havana Club Ρούμι Especial 700 ml,20.98
2025-07-18,205014,Jose Cuervo Τεκίλα Especial Reposado 700 ml,25.95
2025-07-18,204983,Jose Cuervo Τεκίλα Especial Silver 700 ml,24.65
2025-07-18,156573,Olmeca Τεκίλα Dark Chocolate 700 ml,16.4
2025-07-18,798,Sierra Τεκίλα Blanco Λευκή 700 ml,20.85
2025-07-18,204984,Sierra Τεκίλα Reposado 700 ml,21.45
2025-07-18,198076,Athivoli Τσικουδιά 500 ml,14.76
2025-07-18,50788,Haraki Τσικουδιά Κρήτης 500 ml,13.3
2025-07-18,918,Haraki Τσικουδιά Κρήτης 700 ml,17.15
2025-07-18,50791,Haraki Τσικουδιά Κρήτης Honey 500 ml,15.5
2025-07-18,38995,Kretaraki Τσικουδιά Κρήτης 350 ml,8.75
2025-07-18,38993,Kretaraki Τσικουδιά Κρήτης 500 ml,13.2
2025-07-18,38992,Kretaraki Τσικουδιά Κρήτης 700 ml,16.35
2025-07-18,97412,Αποστολάκης Τσίπουρο Χωρίς Γλυκάνισο 200 ml,4.8
2025-07-18,97413,Αποστολάκης Τσίπουρο Χωρίς Γλυκάνισο 700 ml,14.7
2025-07-18,122066,Δεκαράκι Τσίπουρο 200 ml,4.5
2025-07-18,186538,Καλαϊτζή Τσίπουρο Χωρίς Γλυκάνισο 200 ml,4.2
2025-07-18,175887,Κτήμα Μιχαλάκη Τσικουδιά Μοσχάτο Σπίνας 200 ml,6.6
2025-07-18,179207,Τσιλιλή Τσίπουρο Χωρίς Γλυκάνισο 700 ml,13.95
2025-07-18,199434,Amita Free Φρουτοποτό Detox 1 lt,1.68
2025-07-18,199628,Amita Free Φρουτοποτό Detox 330 ml,1.05
2025-07-18,199609,Amita Free Φρουτοποτό Energy 1 lt,1.68
2025-07-18,199433,Amita Free Φρουτοποτό Immunity 1 lt,1.68
2025-07-18,104,Amita Φρουτοποτό Βύσσινο 1 lt,1.58
2025-07-18,49167,Amita Φρουτοποτό Βύσσινο 1-5 lt,2.53
2025-07-18,93323,Amita Φρουτοποτό Πορτοκάλι Μήλο Βερίκοκο 1 lt,1.08
2025-07-18,93324,Amita Φρουτοποτό Πορτοκάλι Μήλο Βερίκοκο 1-5 lt,1.88
2025-07-18,93325,Amita Φρουτοποτό Πορτοκάλι Μήλο Βερίκοκο 250 ml,0.76
2025-07-18,27,Amita Φρουτοποτό Ροδάκινο 1 lt,1.57
2025-07-18,104547,Amita Χυμός Φυσικός Μήλο Πορτοκάλι Καρότο 1 lt,2.57
2025-07-18,192229,Bolero Στιγμιαίο Φρουτοποτό Καρπούζι Σε Σκόνη Χωρίς Ζάχαρη Χωρίς Γλουτένη Vegan 9 gr,0.6
2025-07-18,206142,Bolero Στιγμιαίο Φρουτοποτό Πορτοκάλι Sport Χωρίς Ζάχαρη Χωρίς Γλουτένη Vegan 9 gr,0.6
2025-07-18,275,Creta Fresh Φρουτοποτό Πορτοκάλι Μήλο Βερίκοκο 1 lt,1.62
2025-07-18,38345,Creta Fresh Χυμός Λεμόνι 1 lt,1.82
2025-07-18,198313,Life Joy Φρουτοποτό Βύσσινο 1 lt,1.02
2025-07-18,198311,Life Joy Φρουτοποτό Πορτοκάλι Μήλο Βερίκοκο 1 lt,0.75
2025-07-18,199261,Life Joy Φρουτοποτό Πορτοκάλι Μήλο Βερίκοκο 250 ml,0.67
2025-07-18,199262,Life Joy Φυσικός Χυμός Με 9 Φρούτα &amp; 7 Βιταμίνες 250 ml,0.96
2025-07-18,198794,Life Joy Φυσικός Χυμός Ροδάκινο 1 lt,1.02
2025-07-18,191842,Viva Way Φυσικός Χυμός 9 Φρούτα 1 lt,1.89
2025-07-18,197954,Viva Φρουτοποτό Βύσσινο 1 lt,1.63
2025-07-18,202275,Viva Φρουτοποτό Νέκταρ Ανανάς 1 lt,1.75
2025-07-18,199859,Viva Φρουτοποτό Ροδάκινο Μήλο Πορτοκάλι 1 lt,1.18
2025-07-18,203534,Viva Φρουτοποτό Ροδάκινο Μήλο Πορτοκάλι 250 ml,0.47
2025-07-18,199860,Viva Φρουτοποτό Ροδάκινο Μήλο Πορτοκάλι  5 x 250 ml + 1 x 250 ml Δώρο,2.35
2025-07-18,191840,Viva Φυσικός Χυμός Μήλο Πορτοκάλι Καρότο 1 lt,1.85
2025-07-18,95,Ήβη Φρουτοποτό Energy Blue 1 lt,1.64
2025-07-18,32221,Ήβη Φρουτοποτό Energy Red 1 lt,1.64
2025-07-18,130,Ήβη Φρουτοποτό Βύσσινο 1 lt,1.36
2025-07-18,260,Ήβη Φρουτοποτό Μπανάνα 1 lt,1.44
2025-07-18,117931,Ήβη Φρουτοποτό Ροδάκινο 1 lt,1.41
2025-07-18,33,Ήβη Χυμός Νέκταρ Πορτοκάλι Μήλο Βερίκοκο 1 lt,1.41
2025-07-18,132942,Μαράτα Φρουτοποτό Βύσσινο 1 lt,1.07
2025-07-18,132941,Μαράτα Φρουτοποτό Ροδάκινο 1 lt,0.85
2025-07-18,132943,Μαράτα Χυμός Action 9 Φρούτα 1 lt,1.34
2025-07-18,132938,Μαράτα Χυμός Action 9 Φρούτα 250 ml,0.43
2025-07-18,132940,Μαράτα Χυμός Νέκταρ Πορτοκάλι Μήλο Βερίκοκο 1 lt,0.89
2025-07-18,132937,Μαράτα Χυμός Νέκταρ Πορτοκάλι Μήλο Βερίκοκο 250 ml,0.35
2025-07-18,100568,Amita Fun Φρουτοποτό Φράουλα Σταφύλι Μήλο 250 ml,0.69
2025-07-18,161891,Amita Fun Φρουτοποτό Φράουλα Σταφύλι Μήλο 5 x 250 ml + 1 x 250 ml Δώρο,3.45
2025-07-18,100567,Amita Fun Χυμός Μήλο Πορτοκάλι Βερίκοκο Αχλάδι 250 ml,0.69
2025-07-18,161890,Amita Fun Χυμός Μήλο Πορτοκάλι Βερίκοκο Αχλάδι 5 x 250 ml + 1 x 250 ml Δώρο,3.45
2025-07-18,191400,Nutri Valley Minions Φυσικός Χυμός Exotic 9 Φρούτα 250 ml,0.54
2025-07-18,199289,Nutri Valley Minions Φυσικός Χυμός Exotic 9 Φρούτα 6 x 250 ml ,2.8
2025-07-18,202318,Nutri Valley Peppa Pig Φρουτοποτό Φράουλα Μήλο Σταφύλι 250 ml,0.54
2025-07-18,204014,Nutri Valley Peppa Pig Φρουτοποτό Φράουλα Μήλο Σταφύλι 6 x 250 ml,2.8
2025-07-18,191401,Nutri Valley Peppa Φυσικός Χυμός Μήλο Πορτοκάλι Ροδάκινο Βερίκοκο 250 ml,0.54
2025-07-18,199290,Nutri Valley Peppa Φυσικός Χυμός Μήλο Πορτοκάλι Ροδάκινο Βερίκοκο 6 x 250 ml,2.8
2025-07-18,191402,Nutri Valley Pj Masks Φυσικός Χυμός Μήλο Πορτοκάλι Αχλάδι 250 ml,0.54
2025-07-18,199291,Nutri Valley Pj Masks Φυσικός Χυμός Μήλο Πορτοκάλι Αχλάδι 6 x 250 ml ,2.8
2025-07-18,202146,Nutri Valley Pj Masks Φυσικός Χυμός Φράουλα Μήλο Σταφύλι 250 ml,0.54
2025-07-18,200987,Nutri Valley Scooby Doo Χυμός Φυσικός 9 Φρούτα 250 ml,0.54
2025-07-18,200986,Nutri Valley Scooby Doo Χυμός Φυσικός Red Fruits 250 ml,0.54
2025-07-18,94230,Ήβη Go Φρουτοποτό Red 250 ml,0.72
2025-07-18,57570,Ήβη Go Φρουτοποτό Red 6 x 250 ml,3.02
2025-07-18,94233,Ήβη Go Φρουτοποτό Yellow 250 ml,0.66
2025-07-18,94232,Ήβη Go Φυσικός Χυμός Blue 250 ml,0.72
2025-07-18,57569,Ήβη Go Φυσικός Χυμός Blue 6 x 250 ml,3.02
2025-07-18,59,Βιοχύμ Συμπυκνωμένος Ζαχαρούχος Χυμός Πορτοκάλι 1850 ml,5.65
2025-07-18,52,Βιοχύμ Συμπυκνωμένος Ζαχαρούχος Χυμός Πορτοκάλι 840 ml,3.17
2025-07-18,167977,Φήμη Συμπυκνωμένος Χυμός Πορτοκαλάδα 1 lt,3.24
2025-07-18,115399,Φλωράλ Κανελάδα 800 ml,3.44
2025-07-18,126,Amita Motion Φυσικός Χυμός 1 lt,2.04
2025-07-18,30474,Amita Motion Φυσικός Χυμός 1-5 lt,3.36
2025-07-18,158,Amita Motion Φυσικός Χυμός 330 ml,1.17
2025-07-18,22922,Amita Motion Φυσικός Χυμός 5 x 330 ml + 1 x 330 ml Δώρο,5.85
2025-07-18,205606,Amita Φρουτοποτό Πράσινο Μήλο 1 lt,1.38
2025-07-18,23,Amita Χυμός Πορτοκάλι 100% Φυσικός 1 lt,1.9
2025-07-18,19769,Amita Χυμός Πορτοκάλι 100% Φυσικός 330 ml,1.28
2025-07-18,113668,Creta Fresh Φυσικός Χυμός 10 Φρούτα &amp; 7 Βιταμίνες 1 lt,1.94
2025-07-18,176,Creta Fresh Φυσικός Χυμός Πορτοκάλι 1 lt,2.25
2025-07-18,180,Creta Fresh Φυσικός Χυμός Πορτοκάλι 250 ml,0.84
2025-07-18,118721,Fontana Φυσικός Χυμός Τομάτας 1 lt,1.35
2025-07-18,198312,Life Joy Φυσικός Χυμός Με 9 Φρούτα &amp; 7 Βιταμίνες 1 lt,1.37
2025-07-18,198310,Life Joy Φυσικός Χυμός Πορτοκάλι 1 lt,1.18
2025-07-18,199260,Life Joy Φυσικός Χυμός Πορτοκάλι 250 ml,0.82
2025-07-18,97379,Ocean Spray Χυμός Cranberry 1 lt ,3.58
2025-07-18,132946,Viva Φυσικός Χυμός Μήλο 1 lt,1.68
2025-07-18,46,Ήβη Φυσικός Χυμός Ανανά 1 lt,1.74
2025-07-18,117927,Ήβη Φυσικός Χυμός Πορτοκάλι 1 lt,1.55
2025-07-18,145373,Το Ελληνικό Ρόδι Φυσικός Χυμός Ρόδι 100% 1 lt,5.99
2025-07-18,120626,Το Ελληνικό Ρόδι Φυσικός Χυμός Ρόδι 100% 250 ml,1.86
2025-07-18,6661,Friskies 5 Promises Ξηρά Τροφή Για Σκύλους Active Με Βοδινό 4 kg,11.26
2025-07-18,23855,Friskies 5 Promises Ξηρά Τροφή Για Σκύλους Balance Με Κοτόπουλο Βοδινό &amp; Λαχανικά 4 kg,11.26
2025-07-18,122488,Friskies 5 Promises Ξηρά Τροφή Για Σκύλους Mini Menu Βοδινό 1-5 kg,5.46
2025-07-18,6718,Friskies 5 Promises Ξηρά Τροφή Για Σκύλους Junior Με Κοτόπουλο &amp; Λαχανικά 1-5 kg,5.18
2025-07-18,6660,Friskies 5 Promises Ξηρά Τροφή Για Σκύλους Active Με Βοδινό 1-5 kg,4.54
2025-07-18,6657,Friskies 5 Promises Ξηρά Τροφή Για Σκύλους Balance Με Κοτόπουλο Βοδινό &amp; Λαχανικά 1-5 kg,4.54
2025-07-18,189545,Whiskas Duo Υγρή Τροφή Για Γάτες Mix Κρεάτων Σε Ζελέ 4 x 85 gr,1.95
2025-07-18,189785,Whiskas Duo Υγρή Τροφή Για Γάτες Στεριά &amp; Θάλασσα Σε Ζελέ 4 x 85 gr,1.95
2025-07-18,189393,Whiskas Pure Delight Υγρή Τροφή Για Γάτες Με Επιλεγμένα Πουλερικά Σε Ζελέ 4 x 85 gr,1.95
2025-07-18,189391,Whiskas Υγρή Τροφή Για Γάτες Κλασικό Γεύμα Σε Σάλτσα 4 x 85 gr,1.95
2025-07-18,189392,Whiskas Υγρή Τροφή Για Γάτες Με Επιλεγμένα Πουλερικά Σε Σάλτσα 4 x 85 gr,1.95
2025-07-18,189390,Whiskas Υγρή Τροφή Για Γάτες Με Επιλεγμένο Ψάρι Σε Ζελέ 4 x 85 gr,1.95
2025-07-18,183637,Pet Natura Shampoo &amp; Condiotioner Για Σκύλους 3 Σε 1 500 ml,3.78
2025-07-18,199613,Rispet Σαμπουάν Κατοικιδίων Coconut &amp; Keratin Για Μακρύτριχα 370 ml,2.93
2025-07-18,183638,Vitakraft Σαμπουάν Ζώων Θρέψης Με Έλαια 400 ml,3.72
2025-07-18,197611,Cats Collection Κολάρο Γάτας Ανακλαστικό,2.23
2025-07-18,199641,Cats Collection Κολάρο Γάτας Με Διαμαντάκι &amp; Κουδουνάκι,2.9
2025-07-18,199635,Cats Collection Παιχνίδι Για Γάτες 8 Τεμάχια,5.18
2025-07-18,199701,Dogs Collection Κολάρο &amp; Λουράκι Σκύλου 120 cm,6.2
2025-07-18,199638,Dogs Collection Κολάρο Σκύλου 40 cm,5.18
2025-07-18,199637,Dogs Collection Παιχνίδι Για Σκύλους Κόκκαλο 15 cm,5.18
2025-07-18,199636,Dogs Collection Παιχνίδι Για Σκύλους Κότα,3.52
2025-07-18,197614,Dogs Collection Παιχνίδι Για Σκύλους Λαστιχένιο Κόκκαλο,2.23
2025-07-18,197618,Dogs Collection Παιχνίδι Για Σκύλους Πάπια,3.55
2025-07-18,197631,Dogs Collection Παιχνίδι Για Σκύλους Σε 2 Σχέδια,5.95
2025-07-18,197625,Dogs Collection Πτυσσόμενος Οδηγός Σκύλου 4m Έως 20 kg,6.9
2025-07-18,197616,Dogs Collection Σαμαράκι Επιστίθιο,8.48
2025-07-18,184287,Flexi Πτυσσόμενος Οδηγός Κόκκινο 5m Έως 25 Kg,13.4
2025-07-18,183635,Flexi Πτυσσόμενος Οδηγός Μαύρο 5m Έως 25 Kg,13.4
2025-07-18,184288,Flexi Πτυσσόμενος Οδηγός Μπλε 5m Έως 25 Kg,13.4
2025-07-18,191958,Pet Natura Βούρτσα Διπλής Όψεως,7.3
2025-07-18,197567,Pet Natura Γάντι Περιποιήσης Διπλής Όψεως,3.7
2025-07-18,206134,Vitakraft Παιχνίδι Για Γάτες Με Catnip,5.5
2025-07-18,206130,Vitakraft Παιχνίδι Για Σκύλους Μπάλα Λαστιχένια,5.35
2025-07-18,199634,Μπωλ Σκύλου Ατσάλινο 21 cm ,2.68
2025-07-18,199700,Μπωλ Σκύλου Μελαμίνης 14 cm ,2.05
2025-07-18,197613,Μπωλ Σκύλου Μελαμίνης 25 cm ,3.7
2025-07-18,195559,Catsan Hygiene Άμμος Υγιεινής Για Γάτες 4-42 kg,8.48
2025-07-18,195627,Pet Natura Smelly Cat Άμμος Υγιεινής Με Άρωμα Για Γατες 5 kg,3.54
2025-07-18,183645,Pet Natura Αντιπαρασιτικές Αμπούλες Για Σκύλους &amp; Γάτες 3 x 1-5 ml Εώς 15 kg,6.8
2025-07-18,197566,Pet Natura Φτυαράκι Για Άμμο Γάτας,1.3
2025-07-18,197636,Pets Collection Ρολό Καθαρισμού Κατοικιδίων,2.96
2025-07-18,199610,Rispet Επιδαπέδια Στρωματάκια Για Κατοικίδια 60 x 90 cm 14 Τεμάχια,5.04
2025-07-18,199611,Rispet Υγρά Μαντηλάκια Για Κατοικίδια Με Άρωμα Καρύδας 54 Τεμάχια,1.88
2025-07-18,192568,Septona Pet Me Επιδαπέδιες Πάνες Για Κατοικίδια 60 x 60 cm 15 Τεμάχια,4.34
2025-07-18,192569,Septona Pet Me Υγρα Μαντηλάκια Για Κατοικίδια Χωρίς Άρωμα 60 Τεμάχια,1.74
2025-07-18,149943,Terracat Άμμος Υγιεινής Για Γάτες 7 kg,3.98
2025-07-18,149944,Terracat Άμμος Υγιεινής Για Γάτες Με Άρωμα Πορτοκάλι 7 kg,3.98
2025-07-18,189567,Vitakraft Σακουλάκια Συλλογής Περιττωμάτων 3 x 15 Τεμάχια,5.9
2025-07-18,189896,Σακουλάκια Συλλογής Περιττωμάτων 3 x 20 Τεμάχια,1.6
2025-07-18,143977,Catisfactions Σνακ Γάτας Με Κοτόπουλο 60 gr,1.98
2025-07-18,143974,Catisfactions Σνακ Γάτας Με Τυρί 60 gr,1.98
2025-07-18,173264,Barron Ξηρά Τροφή Για Γάτες Με Κοτόπουλο Μοσχάρι &amp; Δημητριακά 2 kg,3.6
2025-07-18,71425,Friskies 5 Promises Ξηρά Τροφή Για Γάτες Junior Με Κοτόπουλο Γαλοπούλα Γάλα &amp; Λαχανικά 1-5 kg,8.8
2025-07-18,6871,Friskies 5 Promises Ξηρά Τροφή Για Γάτες Με Βοδινό Κοτόπουλο &amp; Λαχανικά 2 kg,9.98
2025-07-18,197165,Friskies 5 Promises Ξηρά Τροφή Για Γάτες Με Βοδινό Κοτόπουλο &amp; Λαχανικά 400 gr,2.58
2025-07-18,6874,Friskies 5 Promises Ξηρά Τροφή Για Γάτες Με Κοτόπουλο Γαλοπούλα &amp; Λαχανικά 2 kg,9.98
2025-07-18,6888,Friskies 5 Promises Ξηρά Τροφή Για Γάτες Με Κουνέλι Κοτόπουλο &amp; Λαχανικά 2 kg,9.98
2025-07-18,149432,Friskies 5 Promises Ξηρά Τροφή Για Στειρωμένες Γάτες Με Κοτόπουλο Γαλοπούλα &amp; Λαχανικά 375 gr,2.62
2025-07-18,95275,Friskies 5 Promises Ξηρά Τροφή Στειρωμένες Γάτες Με Κοτόπουλο Γαλοπούλα &amp; Λαχανικά 1-5 kg,8.8
2025-07-18,117899,Jump Ξηρά Τροφή Για Γάτες Με Ψάρια 2 kg,5.53
2025-07-18,183227,Le Chef Ξηρά Τροφή Για Γάτες Με Μοσχάρι Συκώτι &amp; Λαχανικά 2 kg,7.05
2025-07-18,175506,Nativa Ξηρά Τροφή Για Γάτες Adult Excellence 2 kg,3.77
2025-07-18,173410,Nativa Ξηρά Τροφή Για Γάτες Adult Mix 2 kg,3.77
2025-07-18,204005,Purina One Active Ξηρά Τροφή Για Σκύλους Κοτόπουλο &amp; Ρύζι 2.5 kg,14.78
2025-07-18,145434,Purina One Adult Ξηρά Τροφή Για Γάτες Με Κοτόπουλο &amp; Δημητριακά Ολικής Άλεσης 1-5 kg,10.95
2025-07-18,204004,Purina One Adult Ξηρά Τροφή Για Σκύλους Βοδινό &amp; Ρύζι 2.5 kg,14.78
2025-07-18,204006,Purina One Bifensis Senior Ξηρά Τροφή Για Γάτες Κοτόπουλο 1.5 kg,10.95
2025-07-18,85086,Purina One Sterilcat Ξηρά Τροφή Για Στειρωμένες Γάτες Με Βοδινό &amp; Σιτάρι 800 gr,6.98
2025-07-18,206133,Vitakraft Cat Stick Γαλοπούλα &amp; Αρνί Classic 3 Τεμάχια,2.45
2025-07-18,202507,Whiskas Dentabites Σνακ Γάτας Με Κοτόπουλο 40 gr,1.75
2025-07-18,190112,Whiskas Ξηρά Τροφή Για Γάτες Adult Γεμιστές Με Κοτόπουλο 300 gr,2.38
2025-07-18,189388,Whiskas Ξηρά Τροφή Για Γάτες Junior Με Κοτόπουλο 300 gr,2.38
2025-07-18,189395,Whiskas Ξηρά Τροφή Για Γάτες Με Κοτόπουλο 1-9 kg,10.98
2025-07-18,189421,Whiskas Ξηρά Τροφή Για Γάτες Με Μοσχάρι 1-9 kg,10.98
2025-07-18,189387,Whiskas Ξηρά Τροφή Για Γάτες Με Μοσχάρι 300 gr,2.38
2025-07-18,190113,Whiskas Ξηρά Τροφή Για Γάτες Με Τόνο 1-9 kg,10.98
2025-07-18,187833,Barron Υγρή Τροφή Για Γάτες Με 4 Γεύσεις Σε Σάλτσα 12 x 100 gr,4.5
2025-07-18,187834,Barron Υγρή Τροφή Για Γάτες Μπουκίτσες Με Κοτόπουλο 400 gr,0.62
2025-07-18,132386,Barron Υγρή Τροφή Για Γάτες Μπουκίτσες Με Μοσχάρι 400 gr,0.62
2025-07-18,132385,Barron Υγρή Τροφή Για Γάτες Μπουκίτσες Με Ψάρι 400 gr,0.62
2025-07-18,157670,Barron Υγρή Τροφή Για Γάτες Πατέ Με Κοτόπουλο &amp; Λαχανικά 400 gr,0.98
2025-07-18,187828,Barron Υγρή Τροφή Για Γάτες Πατέ Με Κοτόπουλο 100 gr,0.37
2025-07-18,187831,Barron Υγρή Τροφή Για Γάτες Πατέ Με Κυνήγι 100 gr,0.35
2025-07-18,132374,Barron Υγρή Τροφή Για Γάτες Πατέ Με Μοσχάρι &amp; Λαχανικά 400 gr,0.98
2025-07-18,187829,Barron Υγρή Τροφή Για Γάτες Πατέ Με Μοσχάρι 100 gr,0.37
2025-07-18,187830,Barron Υγρή Τροφή Για Γάτες Πατέ Με Σολομό 100 gr,0.37
2025-07-18,183667,Felix Υγρή Τροφή Για Γάτες Με Βοδινό &amp; Κοτόπουλο Σε Ζελέ 4 x 85 gr,2.75
2025-07-18,183653,Felix Υγρή Τροφή Για Γάτες Με Βοδινό Σε Ζέλε 85 gr,0.77
2025-07-18,183665,Felix Υγρή Τροφή Για Γάτες Με Κοτόπουλο &amp; Τομάτα Σε Ζελέ (2) &amp; Βοδινό &amp; Καρότο Σε Ζελέ (2) 4 x 85 gr,2.75
2025-07-18,183664,Felix Υγρή Τροφή Για Γάτες Με Κοτόπουλο Σε Ζελέ 85 gr,0.77
2025-07-18,183666,Felix Υγρή Τροφή Για Γάτες Με Σολομό &amp; Τόνος Σε Ζελέ 4 x 85 gr,2.75
2025-07-18,197582,Felix Υγρή Τροφή Για Γάτες Ποικιλία Εξοχής Με Βοδινό &amp; Κοτόπουλο 4 x 80 gr,2.75
2025-07-18,171266,Friskies 5 Promises Υγρή Τροφή Για Γάτες Με Θαλασσινά Σε Σάλτσα 4 x 85 gr,2.28
2025-07-18,91971,Gourmet Gold Υγρή Τροφή Για Γάτες Βοδινό &amp; Κοτόπουλο 85 gr,0.89
2025-07-18,145499,Gourmet Gold Υγρή Τροφή Για Γάτες Βοδινό &amp; Κοτόπουλο Ταρτάρ 4 x 85 gr,3.48
2025-07-18,91968,Gourmet Gold Υγρή Τροφή Για Γάτες Με Βοδινό Μους 85 gr,0.89
2025-07-18,98036,Gourmet Gold Υγρή Τροφή Για Γάτες Με Κοτόπουλο Μους 85 gr,0.89
2025-07-18,91970,Gourmet Gold Υγρή Τροφή Για Γάτες Με Κουνέλι Πατέ 85 gr,0.89
2025-07-18,191659,Gourmet Gold Υγρή Τροφή Για Γάτες Με Σολομό &amp; Ψάρια Ωκεανού 4 x 85 gr,3.48
2025-07-18,91972,Gourmet Gold Υγρή Τροφή Για Γάτες Με Ψάρια Ωκεανού Μους 85 gr,0.89
2025-07-18,100561,Gourmet Gold Υγρή Τροφή Για Γάτες Μους Με Μοσχάρι 85 gr,0.89
2025-07-18,168895,Gourmet Gold Υγρή Τροφή Για Γάτες Σε Σάλτσα Με Βοδινό &amp; Κοτόπουλο 4 x 85 gr,3.48
2025-07-18,145498,Gourmet Gold Υγρή Τροφή Για Γάτες Τόνος &amp; Σολομός Ταρτάρ 4 x 85 gr,3.48
2025-07-18,191661,Gourmet Nature&#039;s Creations Υγρή Τροφή Για Γάτες Με Ψάρια Γαρνιρισμένο Με Σπανάκι &amp; Ρύζι 85 gr,1.16
2025-07-18,191660,Gourmet Nature’s Creations Υγρή Τροφή Για Γάτες Με Κοτόπουλο Γαρνιρισμένο Με Σπανάκι &amp; Τομάτες 85 gr,1.16
2025-07-18,197467,Gourmet Revelations Υγρή Τροφή Μους Με Βοδινό 4 x 57 gr ,3.68
2025-07-18,197466,Gourmet Revelations Υγρή Τροφή Μους Με Κοτόπουλο 4 x 57 gr ,3.68
2025-07-18,197529,Gourmet Revelations Υγρή Τροφή Μους Με Ψάρια Ωκεανού 4 x 57 gr ,3.68
2025-07-18,203998,Kitekat Υγρή Τροφή Για Γάτες Ανάμεικτο Μενού Σε Σάλτσα 12 x 85 gr,5.98
2025-07-18,192711,Kitekat Υγρή Τροφή Για Γάτες Κοτόπουλο Σε Σάλτσα 85 gr,0.66
2025-07-18,192710,Kitekat Υγρή Τροφή Για Γάτες Σολομό Σε Σάλτσα 85 gr,0.66
2025-07-18,189237,Perfect Fit Sterile Ξηρά Τροφή Για Στειρωμένες Γάτες 1+ Ετών Με Κοτόπουλο 750 gr,6.55
2025-07-18,189238,Perfect Fit Sterile Ξηρά Τροφή Για Στειρωμένες Γάτες 1+ Ετών Με Μοσχάρι 750 gr,6.55
2025-07-18,183629,Prima Cat Υγρή Τροφή Για Γάτες Βοδινό Σε Ζελέ 85 gr,0.99
2025-07-18,183628,Prima Cat Υγρή Τροφή Για Γάτες Κοτόπουλο Σε Σάλτσα 85 gr,0.99
2025-07-18,206131,Prima Cat Υγρή Τροφή Για Στειρωμένες Γάτες Με Γαλοπούλα Σε Σάλτσα 85 gr,0.99
2025-07-18,204000,Sheba Filets Υγρή Τροφή Γάτας Κοτόπουλο Με Τόνο 60 gr,1.18
2025-07-18,203999,Sheba Filets Υγρή Τροφή Γάτας Κοτόπουλο Σε Κομματάκια 60 gr,1.18
2025-07-18,204001,Sheba Filets Υγρή Τροφή Γάτας Λευκό Ψάρι 60 gr,1.18
2025-07-18,154716,Sheba Select Slices Υγρή Τροφή Γάτας Με Κοτόπουλο Σε Σάλτσα 85 gr,0.88
2025-07-18,154718,Sheba Selection Υγρή Τροφή Γάτας Με Σολομό Σε Σάλτσα 85 gr,0.88
2025-07-18,192729,Vitakraft Cat Yums Γεμιστές Λιχουδιές Με Σολομό 40 gr,3.45
2025-07-18,189389,Whiskas Pure Delight Υγρή Τροφή Για Γάτες Junior Με Κοτόπουλο Σε Ζελέ 85 gr,0.79
2025-07-18,189394,Whiskas Pure Delight Υγρή Τροφή Για Γάτες Με Κοτόπουλο Σε Ζελέ 85 gr,0.79
2025-07-18,6776,Whiskas Υγρή Τροφή Για Γάτες Με Κοτόπουλο Πατέ 400 gr,2.22
2025-07-18,6775,Whiskas Υγρή Τροφή Για Γάτες Με Μοσχάρι Πατέ 400 gr,2.22
2025-07-18,189544,Whiskas Υγρή Τροφή Για Γάτες Με Μοσχάρι Σε Σάλτσα 85 gr,0.79
2025-07-18,189422,Whiskas Υγρή Τροφή Για Γάτες Με Τόνο Σε Ζελέ 85 gr,0.79
2025-07-18,183633,Vitakraft Κράκερ Duo Για Καναρίνια Με Βερύκοκο &amp; Σύκο 2 Τεμάχια 60 gr ,1.88
2025-07-18,127837,Ήλιος Βιταμίνη Για Πουλιά 100 gr,1.2
2025-07-18,127839,Ήλιος Καναβούρι 250 gr,2.55
2025-07-18,107080,Ήλιος Κελαϊδίνη 250 gr,1.5
2025-07-18,127841,Ήλιος Παπαγαλίνη 250 gr,1.52
2025-07-18,199553,Barron Dental Sticks Maxi Σνακ Για Σκύλους Χωρίς Προσθήκη Ζάχαρης 270 gr,1.9
2025-07-18,199552,Barron Dental Sticks Mini Σνακ Για Σκύλους Χωρίς Προσθήκη Ζάχαρης 180 gr,1.35
2025-07-18,199554,Barron Sticks Σνακ Για Σκύλους Με Κοτόπουλο 8 x 11 gr,2.3
2025-07-18,199555,Barron Strips Σνακ Για Σκύλους Με Βοδινό 200 gr,0.98
2025-07-18,206121,Dr. Zoo Παγωτό Με Κρέμα Για Σκύλους 50 gr,1.9
2025-07-18,135550,Friskies Picnic Σνακ Για Σκύλους Με Βοδινό 5 Τεμάχια 42 gr,0.97
2025-07-18,47216,Friskies Shapes Μπισκότα Για Σκύλους 400 gr ,3.25
2025-07-18,203630,Golden Dog Λουκάνικο Για Σκύλους Μοσχάρι 1 kg,3.7
2025-07-18,6666,Pedigree Biscrok Μπισκότα Για Σκύλους Original 500 gr,3.86
2025-07-18,192558,Pedigree Dentastix Σνακ Για Σκύλους Large 4 Τεμάχια 154 gr,2.98
2025-07-18,192559,Pedigree Dentastix Σνακ Για Σκύλους Medium 28 Τεμάχια 4 x 180 gr,10.98
2025-07-18,192555,Pedigree Dentastix Σνακ Για Σκύλους Medium 5 Τεμάχια 128 gr,3.28
2025-07-18,192557,Pedigree Dentastix Σνακ Για Σκύλους Medium 5 Τεμάχια 128 gr,2.98
2025-07-18,192556,Pedigree Dentastix Σνακ Για Σκύλους Small 7 Τεμάχια 110 gr,2.98
2025-07-18,6653,Pedigree Markies Μπισκότα Για Σκύλους Original 500 gr,3.98
2025-07-18,191287,Pedigree Rodeo Duos Σνακ Για Σκύλους Με Κοτόπουλο &amp; Μπέικον 7 Τεμάχια 123 gr,2.98
2025-07-18,172737,Pedigree Rodeo Duos Σνακ Για Σκύλους Με Μοσχάρι &amp; Τυρί 7 Τεμάχια 123 gr,2.98
2025-07-18,23737,Pedigree Rodeo Σνακ Για Σκύλους Με Μοσχάρι 4 Τεμάχια 70 gr,2.28
2025-07-18,172451,Pedigree Schmackos Σνακ Για Σκύλους 5 Τεμάχια 36 gr,1.48
2025-07-18,160905,Pedigree Tasty Minis Κοτόπουλο &amp; Πάπια 130 gr,2.28
2025-07-18,160904,Pedigree Tasty Minis Σνακ Για Σκύλους Με Τυρί &amp; Μοσχάρι 140 gr,2.28
2025-07-18,183644,Pet Natura Σνακ Για Σκύλους Πουράκια Στριφτά 10 Τεμάχια 80 - 100 gr,2.02
2025-07-18,183646,Pet Natura Σνακ Για Σκύλους Πουράκια Χρωματιστά 10 Τεμάχια 80 - 100 gr,1.0
2025-07-18,199551,Prima Dog Bars Σνακ Για Σκύλους Με Γεύση Πάπια &amp; Ρέγγα 80 gr,3.55
2025-07-18,197697,Sweeties Ολόκληρο Κόκκαλο Από Προσούτο 1 Τεμάχιο 275 gr ,2.4
2025-07-18,197564,Κόκκαλο Sticks Συμπαγές 4 Τεμάχια 11 - 13 cm 30 gr,2.2
2025-07-18,197565,Κόκκαλο Συμπαγές 2 Τεμάχια 10 - 12 cm 45 gr,1.6
2025-07-18,187494,Barron Τραγανές Κροκέτες Για Σκύλους Με Κοτόπουλο 3 kg,4.5
2025-07-18,187495,Barron Τραγανές Κροκέτες Για Σκύλους Με Μοσχάρι 10 kg,12.6
2025-07-18,187493,Barron Τραγανές Κροκέτες Για Σκύλους Με Μοσχάρι 3 kg,4.5
2025-07-18,156396,Jump Ξηρά Τροφή Για Σκύλους Adult Mix 10 kg,12.08
2025-07-18,183228,Le Chef Ξηρά Τροφή Για Σκύλους Με Μοσχάρι Αρνί &amp; Κοτόπουλο 4 kg,11.68
2025-07-18,173408,Nativa Ξηρά Τροφή Για Σκύλους Adult Mix 10 kg,12.65
2025-07-18,173409,Nativa Ξηρά Τροφή Για Σκύλους Adult Mix 3 kg,4.23
2025-07-18,173430,Nativa Ξηρά Τροφή Για Σκύλους Puppy 3 kg,5.44
2025-07-18,195016,Pedigree Adult Mini Ξηρά Τροφή Για Σκύλους Με Μοσχάρι &amp; Λαχανικά 1-4 kg,7.78
2025-07-18,194953,Pedigree Adult Ξηρά Τροφή Για Σκύλους Μοσχάρι &amp; Λαχανικά 1-4 kg,7.78
2025-07-18,186920,Pedigree Junior Ξηρά Τροφή Για Σκύλους Με Κοτόπουλο &amp; Ρύζι 2 kg,9.95
2025-07-18,195011,Pedigree Ξηρά Τροφή Για Σκύλους Με Μοσχάρι &amp; Λαχανικά 2-6 kg,12.95
2025-07-18,195012,Pedigree Ξηρά Τροφή Για Σκύλους Με Πουλερικά &amp; Λαχανικά 1-4 kg,7.78
2025-07-18,197583,Purina One Ξηρά Τροφή Για Σκύλους Mini Με Σολομό &amp; Ρύζι 800 gr,5.58
2025-07-18,132390,Barron Υγρή Τροφή Για Σκύλους Μπουκίτσες Κοτόπουλο &amp; Γαλοπούλα 400 gr,0.64
2025-07-18,132388,Barron Υγρή Τροφή Για Σκύλους Μπουκίτσες Με Κοτόπουλο &amp; Γαλοπούλα 1230 gr,1.67
2025-07-18,132387,Barron Υγρή Τροφή Για Σκύλους Μπουκίτσες Με Μοσχάρι 1230 gr,1.69
2025-07-18,132389,Barron Υγρή Τροφή Για Σκύλους Μπουκίτσες Με Μοσχάρι 400 gr,0.64
2025-07-18,187832,Barron Υγρή Τροφή Για Σκύλους Πατέ Με Μοσχάρι 1200 gr,2.6
2025-07-18,158953,Barron Υγρή Τροφή Για Σκύλους Πατέ Με Μοσχάρι 400 gr,1.0
2025-07-18,64230,Cesar Υγρή Τροφή Για Σκύλους Με Κοτόπουλο &amp; Ρύζι 150 gr,1.63
2025-07-18,204002,Cesar Υγρή Τροφή Σκύλου Με Βοδινό &amp; Λαχανικά 150 gr,1.68
2025-07-18,33106,Cesar Υγρή Τροφή Σκύλου Με Συκώτι &amp; Μοσχάρι 150 gr,1.63
2025-07-18,202508,Pedigree Adult Υγρή Τροφή Σκύλου Με Μοσχάρι Αρνί &amp; Γαλοπούλα Σε Σάλτσα 4 x 100 gr,2.98
2025-07-18,118400,Pedigree Υγρή Τροφή Για Σκύλους Γαλοπούλα &amp; Κοτόπουλο Πατέ 300 gr,2.32
2025-07-18,23144,Pedigree Υγρή Τροφή Για Σκύλους Με Μοσχάρι &amp; Κοτόπουλο Πατέ 300 gr,2.32
2025-07-18,6669,Pedigree Υγρή Τροφή Για Σκύλους Με Μοσχάρι &amp; Συκώτι Πατέ 300 gr,2.32
2025-07-18,172603,Pedigree Υγρή Τροφή Για Σκύλους Με Μοσχάρι Κοτόπουλο &amp; Λαχανικά Σε Σάλτσα 4 x 100 gr,2.98
2025-07-18,6768,Pedigree Υγρή Τροφή Για Σκύλους Με Μοσχάρι Πατέ 400 gr,2.5
2025-07-18,183626,Prima Dog Υγρή Τροφή Για Σκύλους Γεύμα Με Βοδινό 260 gr,2.45
2025-07-18,192727,Prima Dog Υγρή Τροφή Για Σκύλους Με Αρνί 260 gr,2.45
2025-07-18,192726,Prima Dog Υγρή Τροφή Για Σκύλους Με Κοτόπουλο 260 gr,2.45
2025-07-18,189239,Prima Dog Υγρή Τροφή Για Σκύλους Με Σολομό 260 gr,2.45
2025-07-18,189895,Pet Natura Θήκη &amp; Σακουλάκια Συλλογής Περιττωμάτων 20 Τεμάχια,1.8
2025-07-18,206105,Agnotis Μωρομάντηλα Νερού 3 x 40 Τεμάχια,2.98
2025-07-18,171241,Pampers Active Baby Πάνες Βρεφών Ν5 11-16 kg 64 Τεμάχια,15.28
2025-07-18,172052,Pampers Active Baby Πάνες Βρεφών Ν6 13-18 kg 56 Τεμάχια,15.28
2025-07-18,164378,Pampers Active Baby Πάνες Βρεφών Ν7 15+ kg 40 Τεμάχια,12.73
2025-07-18,3505,Γιώτης Βρεφική Κρέμα Δημητριακών 6+ Μηνών 300 gr,4.13
2025-07-18,3496,Γιώτης Βρεφική Φρουτόκρεμα 5 Φρούτα 6+ Μηνών 300 gr ,4.09
2025-07-18,206256,Babycare Μωρομάντηλα Water 3 x 72 Τεμάχια,2.54
2025-07-18,22598,Γιώτης Βρεφική Μπισκοτόκρεμα 6+ Μηνών 300 gr ,3.78
2025-07-18,91117,Γιώτης Βρεφική Κρέμα Βανίλια 4+ Μηνών 300 gr,3.71
2025-07-18,135300,Γιώτης Βρεφική Φρουτόκρεμα 3 Φρούτα 6+ Μηνών 300 gr,3.68
2025-07-18,84010,Γιώτης Βρεφική Κρέμα Φαρίν Λακτέ Με Μπισκότο 6+ Μηνών 300 gr ,3.07
2025-07-18,167026,Γιώτης Βρεφική Κρέμα Φαρίν Λακτέ Με Βρώμη 6+ Μηνών 300 gr,3.05
2025-07-18,101275,Γιώτης Βρεφική Κρέμα Φαρίν Λακτέ Με Μήλο &amp; Αχλάδι 6+ Μηνών 300 gr ,2.94
2025-07-18,3495,Γιώτης Άνθος Ορύζης 4+ Μηνών Χωρίς Γλουτένη 150 gr,2.56
2025-07-18,3493,Γιώτης Βρεφική Κρέμα Φαρίν Λακτέ 6+ Μηνών 300 gr ,2.42
2025-07-18,55228,Nestle Επιδόρπιο Γάλακτος Βανίλια 6+ Μηνών Χωρίς Γλουτένη 4 x 100 gr,2.9
2025-07-18,174622,Σφουγγάρι Μπάνιου Παιδικό Με Ήρωες,3.83
2025-07-18,174627,Σφουγγάρι Μπάνιου Baby Soft 2 Τεμάχια ,3.15
2025-07-18,174667,Nestle Έτοιμο Βρεφικό Γεύμα Μήλο &amp; Αχλάδι 5+ Μηνών Χωρίς Γλουτένη 2 x 125 gr,1.96
2025-07-18,174659,Nestle Έτοιμο Βρεφικό Γεύμα Μήλο Βερίκοκο &amp; Μπανάνα 5+ Μηνών Χωρίς Γλουτένη 2 x 125 gr,1.88
2025-07-18,112799,Nutricia Almiron Growing Up Ρόφημα Γάλακτος Για Νήπια Από 1+ Ετών 1 lt,1.85
2025-07-18,112801,Nutricia Almiron Growing Up Ρόφημα Γάλακτος Για Νήπια Από 2+ Ετών 1 lt,1.85
2025-07-18,193234,Gerber Grain &amp; Grow Μπουκίτσες Δημητριακών Καρότο &amp; Τομάτα 10+ Μηνών Βιολογικές 35 gr,2.55
2025-07-18,193233,Gerber Grain &amp; Grow Μπουκίτσες Δημητριακών Μπανάνα &amp; Σμέουρο 8+ Μηνών Βιολογικές 35 gr,2.55
2025-07-18,189124,Gerber Έτοιμο Βρεφικό Γεύμα Γλυκοπατάτας &amp; Κολοκύθας Με Κοτόπουλο 8+ Μηνών Βιολογικό Χωρίς Γλουτένη 190 gr,4.18
2025-07-18,189125,Gerber Έτοιμο Βρεφικό Γεύμα Λαχανικά &amp; Μοσχάρι 6+ Μηνών Βιολογικό Χωρίς Γλουτένη 190 gr,4.18
2025-07-18,193424,Gerber Φρουτοπουρές Με Μήλο Μπανάνα Μύρτιλο &amp; Βατόμουρο 6+ Μηνών Βιολογικός Χωρίς Γλουτένη 90 gr,2.35
2025-07-18,192108,Hipp Hippis Βρεφικός Φρουτοπολτός Με Φράουλα Μπανάνα &amp; Μήλο 1+ Ετών Βιολογικό Χωρίς Γλουτένη 100 gr,2.14
2025-07-18,192107,Hipp Hippis Βρεφικός Φρουτοπολτός Με Φρούτα Του Δάσους Μήλο &amp; Ροδάκινο 1+ Ετών Βιολογικό 100 gr,2.14
2025-07-18,192106,Hipp Βρεφική Φρουτόκρεμα Με Μήλο Μπανάνα &amp; Βρεφικό Μπισκότο 5+ Μηνών Βιολογικό 190 gr,3.17
2025-07-18,187873,Hipp Βρεφικό Γεύμα Καλαμπόκι Με Πατάτες &amp; Βιολογική Γαλοπούλα 5+ Μηνών Χωρίς Γλουτένη 190 gr,3.17
2025-07-18,187872,Hipp Βρεφικό Γεύμα Με Ποικιλία Μεσογειακών Λαχανικών 5+ Μηνών Βιολογικό Χωρίς Γλουτένη 190 gr,3.17
2025-07-18,204481,Hipp Βρεφικός Φρουτοπολτός Μήλο Μπανάνα Βρεφικό Μπισκότο 5+ Μηνών Χωρίς Προσθήκη Ζάχαρης Βιολογικός 4 χ 90 gr,6.32
2025-07-18,174665,Nestle Έτοιμο Βρεφικό Γεύμα Γαλοπούλα Με Τομάτα &amp; Λαχανικά 7+ Μηνών Χωρίς Γλουτένη 190 gr,2.36
2025-07-18,174658,Nestle Έτοιμο Βρεφικό Γεύμα Κοτόπουλο Με Λαχανικά 7+ Μηνών Χωρίς Γλουτένη 190 gr,2.36
2025-07-18,174666,Nestle Έτοιμο Βρεφικό Γεύμα Μοσχάρι Με Λαχανικά 6+ Μηνών Χωρίς Γλουτένη 190 gr,2.37
2025-07-18,178611,Frisogrow Γάλα Easy N3 3ης Βρεφικής Ηλικίας 1-3 Ετών 400 gr,10.57
2025-07-18,178016,Frisogrow Γάλα Easy N3 3ης Βρεφικής Ηλικίας 1-3 Ετών 800 gr,20.25
2025-07-18,83103,Frisogrow Γάλα Plus+ N4 4ης Βρεφικής Ηλικίας 3+ Ετών Σε Σκόνη 400 gr,10.65
2025-07-18,186376,Frisogrow Γάλα Plus+ N4 4ης Βρεφικής Ηλικίας 3+ Ετών Σε Σκόνη 800 gr,20.26
2025-07-18,120219,Frisolac Γάλα N1 1ης Βρεφικής Ηλικίας 0-6 Μηνών Σε Σκόνη 400 gr,12.2
2025-07-18,120165,Frisolac Γάλα N1 1ης Βρεφικής Ηλικίας 0-6 Μηνών Σε Σκόνη 800 gr,22.65
2025-07-18,121256,Frisomel Γάλα N2 2ης Βρεφικής Ηλικίας 6+ Μηνών Σε Σκόνη 400 gr,9.98
2025-07-18,119399,Frisomel Γάλα N2 2ης Βρεφικής Ηλικίας 6+ Μηνών Σε Σκόνη 800 gr,18.15
2025-07-18,185178,Milupa Aptamil Γάλα Ν1 1ης Βρεφικής Ηλικίας 0-6 Μηνών Σε Σκόνη 400 gr,10.91
2025-07-18,185044,Milupa Aptamil Γάλα Ν2 2ης Βρεφικής Ηλικίας 6-12 Μηνών Σε Σκόνη 400 gr,8.97
2025-07-18,183496,Milupa Aptamil Γάλα Ν3 3ης Βρεφικής Ηλικίας 1-2 Ετών Σε Σκόνη 400 gr,9.3
2025-07-18,182592,Nan Expert Pro HA Γάλα 1ης Βρεφικής Ηλικίας 0+ Μηνών Σε Σκόνη 400 gr,14.27
2025-07-18,167793,Nan Γάλα Bio N1 1ης Βρεφικής Ηλικίας 0+ Μηνών Σε Σκόνη Βιολογικό 400 gr,13.17
2025-07-18,167794,Nan Γάλα Bio N2 1ης Βρεφικής Ηλικίας 6+ Μηνών Σε Σκόνη Βιολογικό 400 gr,12.33
2025-07-18,167795,Nan Γάλα Bio N3 3ης Βρεφικής Ηλικίας 12+ Μηνών Σε Σκόνη Βιολογικό 400 gr,11.65
2025-07-18,102667,Nan Γάλα Optipro N1 1ης Βρεφικής Ηλικίας 0+ Μηνών Σε Σκόνη 400 gr,12.2
2025-07-18,116679,Nan Γάλα Optipro N1 1ης Βρεφικής Ηλικίας 0+ Μηνών Σε Σκόνη 800 gr,22.87
2025-07-18,146500,Nan Γάλα Optipro N2 2ης Βρεφικής Ηλικίας 6+ Μηνών Σε Σκόνη 400 gr,10.25
2025-07-18,157066,Nan Γάλα Optipro N2 2ης Βρεφικής Ηλικίας 6+ Μηνών Σε Σκόνη 800 gr,18.87
2025-07-18,145745,Nan Γάλα Optipro N3 3ης Βρεφικής Ηλικίας 12+ Μηνών Σε Σκόνη 400 gr,11.2
2025-07-18,149316,Nan Γάλα Optipro N3 3ης Βρεφικής Ηλικίας 12+ Μηνών Σε Σκόνη 800 gr,21.34
2025-07-18,133367,Nan Γάλα Optipro Ν4 3ης Βρεφικής Ηλικίας 2+ Ετών Σε Σκόνη 400 gr,10.55
2025-07-18,176975,Nan Γάλα Optipro Ν4 3ης Βρεφικής Ηλικίας 2+ Ετών Σε Σκόνη 800 gr,21.25
2025-07-18,176976,Nan Γάλα Optipro Ν5 3ης Βρεφικής Ηλικίας 3+ Ετών Σε Σκόνη 400 gr,9.66
2025-07-18,198654,Nan Γάλα Supreme Pro Ν1 1ης Βρεφικής Ηλικίας 0+ Μηνών Σε Σκόνη 400 gr,14.73
2025-07-18,198653,Nan Γάλα Supreme Pro Ν2 2ης Βρεφικής Ηλικίας 6+ Μηνών Σε Σκόνη 400 gr,12.68
2025-07-18,198655,Nan Γάλα Supreme Pro Ν3 3ης Βρεφικής Ηλικίας 12+ Μηνών Σε Σκόνη 800 gr,23.48
2025-07-18,190867,Nan Ρόφημα Γάλακτος Optipro 1+ Junior Χωρίς Προσθήκη Ζάχαρης 1 lt,2.6
2025-07-18,200599,Nutricia Almiron Profutura Duo Biotik Γάλα N1 1ης Βρεφικής Ηλικίας 0-6 Μηνών Σε Σκόνη 800 gr,28.9
2025-07-18,200600,Nutricia Almiron Profutura Duo Biotik Γάλα N2 2ης Βρεφικής Ηλικίας 6-12 Μηνών Σε Σκόνη 800 gr,26.6
2025-07-18,105897,Nutricia Almiron Γάλα N1 1ης Βρεφικής Ηλικίας 0-6 Μηνών Σε Σκόνη Easypack 800 gr,24.82
2025-07-18,105900,Nutricia Almiron Γάλα Ν2 2ης Βρεφικής Ηλικίας 6-12 Μηνών Σε Σκόνη Easypack 800 gr,20.03
2025-07-18,166178,Nutricia Almiron Γάλα Ν3 Νηπιακό Ρόφημα Γάλακτος 1-2 Ετών Σε Σκόνη 1200 gr,28.6
2025-07-18,113775,Nutricia Almiron Γάλα Ν3 Νηπιακό Ρόφημα Γάλακτος 1-2 Ετών Σε Σκόνη Easypack 800 gr,21.2
2025-07-18,166179,Nutricia Almiron Γάλα Ν4 Νηπιακό Ρόφημα Γάλακτος 2-3 Ετών Σε Σκόνη Easypack 800 gr,21.12
2025-07-18,166177,Nutricia Almiron Γάλα Ν5 Νηπιακό Ρόφημα Γάλακτος 3+ Ετών Σε Σκόνη Easypack 800 gr,21.12
2025-07-18,198893,Sanilac Γάλα Ac Για Βρέφη 0+ Μηνών Σε Σκόνη 400 gr,13.79
2025-07-18,21198,Sanilac Γάλα Ν1 1ης Βρεφικής Ηλικίας 0-6 Μηνών Σε Σκόνη 400 gr,12.62
2025-07-18,185267,Sanilac Γάλα Ν1 1ης Βρεφικής Ηλικίας 0-6 Μηνών Σε Σκόνη 800 gr,22.7
2025-07-18,78262,Sanilac Γάλα Ν2 2ης Βρεφικής Ηλικίας 6+ Μηνών Σε Σκόνη 400 gr,10.07
2025-07-18,185268,Sanilac Γάλα Ν2 2ης Βρεφικής Ηλικίας 6+ Μηνών Σε Σκόνη 800 gr,18.72
2025-07-18,83406,Sanilac Γάλα Ν3 3ης Βρεφικής Ηλικίας 12+ Μηνών Σε Σκόνη 400 gr,10.35
2025-07-18,185269,Sanilac Γάλα Ν3 3ης Βρεφικής Ηλικίας 12+ Μηνών Σε Σκόνη 800 gr,19.7
2025-07-18,190752,Gerber Grain &amp; Grow Κρέμα Με Σιτάρι &amp; Βρώμη Με Γεύση Βανίλια 6+ Μηνών Βιολογική 200 gr,4.76
2025-07-18,189740,Gerber Grain &amp; Grow Κρέμα Με Σιτάρι &amp; Βρώμη Με Γεύση Μπισκότο 6+ Μηνών Βιολογική 200 gr,4.76
2025-07-18,164381,Nutricia Βρεφική Κρέμα Βανίλια Ρυζάλευρο 5+ Μηνών Χωρίς Γλουτένη 250 gr,2.83
2025-07-18,164385,Nutricia Βρεφική Κρέμα Πολυδημητριακά 6+ Μηνών 250 gr ,3.02
2025-07-18,164380,Nutricia Βρεφική Κρέμα Φαρίν Λακτέ 6+ Μηνών Χωρίς Προσθήκη Ζάχαρης 250 gr,1.75
2025-07-18,164382,Nutricia Βρεφική Μπισκοτόκρεμα 6+ Μηνών 250 gr ,2.66
2025-07-18,192642,Γιώτης Βρεφική Κρέμα Με 4 Δημητριακά Μήλο &amp; Αχλάδι 6+ Μηνών Βιολογική 200 gr,4.92
2025-07-18,189103,Γιώτης Βρεφική Κρέμα Ρυζάλευρο Βανίλια 4+ Μηνών Χωρίς Ζάχαρη Βιολογική 200 gr,4.58
2025-07-18,189104,Γιώτης Βρεφική Κρέμα Φαρίν Λακτέ Με Βρώμη &amp; Σιτάρι Ολικής Άλεσης 6+ Μηνών Χωρίς Ζάχαρη Βιολογική 200 gr,3.63
2025-07-18,76822,Νουνού Βρεφική Κρέμα 7 Δημητριακά 6+ Μηνών 300 gr,6.1
2025-07-18,115784,Νουνού Βρεφική Κρέμα Βανίλια 4+ Μηνών Χωρίς Γλουτένη 350 gr,6.12
2025-07-18,3511,Νουνού Βρεφική Κρέμα Φαρίν Λακτέ 6+ Μηνών 300 gr,3.73
2025-07-18,167816,Νουνού Βρεφική Κρέμα Φαρίν Λακτέ Μπισκότο 6+ Μηνών 300 gr,4.55
2025-07-18,3529,Νουνού Βρεφική Μπισκοτόκρεμα 6+ Μηνών 300 gr,5.97
2025-07-18,3539,Νουνού Βρεφική Φρουτόκρεμα 3 Φρούτα 6+ Μηνών 300 gr,5.7
2025-07-18,3540,Νουνού Βρεφική Φρουτόκρεμα 5 Φρούτα 6+ Μηνών 300 gr,6.1
2025-07-18,204356,Gerber Κράκερ Με Καρότο Βιολογικά 12+ Μηνών 100 gr,2.98
2025-07-18,204355,Gerber Κράκερ Με Τομάτα Βιολογικά 12+ Μηνών 100 gr,2.98
2025-07-18,187875,Hipp Δημητριακά Μούσλι Με Φρούτα 10+ Μηνών Βιολογικά 200 gr,4.28
2025-07-18,187867,Hipp Παιδικά Μπισκότα Βανίλιας 8+ Μηνών Βιολογικά 4 x 45 gr,4.07
2025-07-18,187870,Hipp Παιδικά Ρυζογκοφρετάκια Βατόμουρου 8+ Μηνών Βιολογικά Χωρίς Γλουτένη 30 gr,3.07
2025-07-18,187869,Hipp Παιδικά Ρυζογκοφρετάκια Μήλου 8+ Μηνών Βιολογικά Χωρίς Γλουτένη 30 gr,3.07
2025-07-18,187871,Hipp Παιδικά Σνακ Αστεράκια Με Φρούτα 1-3 Χρονών Βιολογικά 30 gr,2.99
2025-07-18,205363,Hipp Παιδικά Σνακ Δεινοσαυράκια Δημητριακά Με Φρούτα 1+ Ετών Βιολογικά 30 gr,2.99
2025-07-18,187874,Hipp Παιδικές Μπάρες Βρώμης Με Ροδάκινο 1+ Χρονών Βιολογικές 5 x 20 gr ,6.68
2025-07-18,198598,Hipp Παιδική Μπάρα Μπισκότου Με Μήλο &amp; Βανίλια 1+ Ετών Βιολογική 20 gr ,1.4
2025-07-18,198597,Hipp Παιδική Μπάρα Φρούτων Με Μήλο Μπανάνα &amp; Βρώμη 1+ Ετών Βιολογική 23 gr ,1.4
2025-07-18,31816,Nutricia Μπισκότα Biskotti 6+ Μηνών 180 gr,1.76
2025-07-18,153158,Nutricia Μπισκότα Biskotti Ζωάκια 180 gr,1.93
2025-07-18,153157,Nutricia Μπισκότα Biskotti Κακάο 12+ Μηνών 180 gr,1.93
2025-07-18,204310,Agnotis Μωρομάντηλα 3 x 70 Τεμάχια,2.75
2025-07-18,185953,Agnotis Μωρομάντηλα 70 Τεμάχια,1.37
2025-07-18,192671,Babycare Μωρομάντηλα 0% Perfume 54 Τεμάχια,1.96
2025-07-18,203944,Babycare Μωρομάντηλα Bath Fresh 3 x 54 Τεμάχια,3.71
2025-07-18,203942,Babycare Μωρομάντηλα Calming 3 x 72 Τεμάχια,3.38
2025-07-18,203943,Babycare Μωρομάντηλα For All 3 x 54 Τεμάχια,2.68
2025-07-18,203004,Babycare Μωρομάντηλα For All Mini 2 x 20 Τεμάχια,1.44
2025-07-18,206255,Babycare Μωρομάντηλα Water 2 x 20 Τεμάχια,1.36
2025-07-18,203947,Babycare Μωρομάντηλα Natura 3 x 54 Τεμάχια ,3.56
2025-07-18,205197,Babycare Μωρομάντηλα Sensitive Plus 3 x 54 Τεμάχια ,2.2
2025-07-18,56939,Babycare Μωρομάντηλα Χαμομήλι 3 x 72 Τεμάχια,3.15
2025-07-18,203003,Babycare Μωρομάντηλα Χαμομήλι Mini 2 x 20 Τεμάχια ,1.44
2025-07-18,203945,Babylino Μωρομάντηλα 0% Perfume 2 x 54 Τεμάχια ,4.13
2025-07-18,203946,Babylino Μωρομάντηλα Sensitive 3 x 54 Τεμάχια,3.74
2025-07-18,193539,Pampers Μωρομάντηλα Sensitive 2 x 52 Τεμάχια + 1 x 52 Τεμάχια Δώρο,2.98
2025-07-18,168530,Pampers Μωρομάντηλα Sensitive 52 Τεμάχια,1.49
2025-07-18,203864,Septona Baby Μωρομάντηλα Calm N&#039; Care Αλόη 3 x 60 Τεμάχια,2.99
2025-07-18,203865,Septona Baby Μωρομάντηλα Calm N&#039; Care Χαμομήλι 3 x 80 Τεμάχια,3.57
2025-07-18,183391,Septona Baby Μωρομάντηλα Calm N&#039; Care Χαμομήλι 80 Τεμάχια ,1.98
2025-07-18,203863,Septona Calm N&#039; Care Μωρομάντηλα Χαμομήλι 2 x 20 Τεμάχια,1.38
2025-07-18,204162,Septona Sensitive Μωρομάντηλα Calm N&#039; Care 0-12 Μηνών 3 x 60 Τεμάχια,3.67
2025-07-18,184042,Septona Μωρομάντηλα Dermasoft Χαμομήλι 100 Τεμάχια,1.74
2025-07-18,202451,Septona Μωρομάντηλα Dermasoft Χαμομήλι 3 x 100 Τεμάχια,4.28
2025-07-18,204163,Septona Μωρομάντηλα Eco Life 3 x 60 Τεμάχια,3.89
2025-07-18,176400,Agnotis Πάνα Βρεφική Βρακάκι Ν4 9-15 kg 40 Τεμάχια,9.8
2025-07-18,176399,Agnotis Πάνα Βρεφική Βρακάκι Ν5 13-17 kg 36 Τεμάχια,9.08
2025-07-18,176395,Agnotis Πάνα Βρεφική Ν3 4-9 kg 50 Τεμάχια ,8.5
2025-07-18,176396,Agnotis Πάνα Βρεφική Ν4 7-18 kg 44 Τεμάχια,8.18
2025-07-18,176397,Agnotis Πάνα Βρεφική Ν5 11-25 kg 40 Τεμάχια,8.32
2025-07-18,176403,Agnotis Πάνα Βρεφική Ν6 16-30 kg 36 Τεμάχια,8.32
2025-07-18,205202,Babylino Premium Pants Πάνες Βρεφών Ν5 Junior 10-16 kg 34 Τεμάχια,10.68
2025-07-18,205203,Babylino Premium Pants Πάνες Βρεφών Ν6 13-18 kg 31 Τεμάχια,10.68
2025-07-18,205204,Babylino Premium Pants Πάνες Βρεφών Ν7 Extra Large Plus 28 Τεμάχια,10.68
2025-07-18,205205,Babylino Premium Pants Πάνες Βρεφών Ν8 XXL 20+ kg 26 Τεμάχια,10.68
2025-07-18,205199,Babylino Premium Πάνες Βρεφών Ν1 Newborn 2-5 kg 68 Τεμάχια,15.35
2025-07-18,205200,Babylino Premium Πάνες Βρεφών Ν2 Mini 3-6 kg 64 Τεμάχια,15.53
2025-07-18,205201,Babylino Premium Πάνες Βρεφών Ν3 Midi 4-9 kg 56 Τεμάχια,16.55
2025-07-18,194757,Babylino Sensitive Pants Πάνες Βρακάκι Ν4 Maxi 7-13 kg 38 Τεμάχια,8.85
2025-07-18,194756,Babylino Sensitive Pants Πάνες Βρακάκι Ν5 Junior 10-16 kg 34 Τεμάχια,8.85
2025-07-18,194646,Babylino Sensitive Pants Πάνες Βρακάκι Ν6 Extra Large 13-18 kg 31 Τεμάχια,8.85
2025-07-18,194785,Babylino Sensitive Pants Πάνες Βρακάκι Ν7 Extra Large Plus 15-25 kg 28 Τεμάχια,8.85
2025-07-18,195520,Babylino Sensitive Pants Πάνες Βρακάκι Ν8 XXL 20+ kg 26 Τεμάχια,8.85
2025-07-18,199046,Babylino Sensitive Swim Pants Πάνες Μαγιό Ν4-5 9-15 kg 14 Τεμάχια,5.08
2025-07-18,199107,Babylino Sensitive Swim Pants Πάνες Μαγιό Ν5-6 14+kg 14 Τεμάχια,5.5
2025-07-18,205207,Babylino Sensitive Πάνες Βρεφών Ν1 Newborn 2-5 kg 68 Τεμάχια,7.4
2025-07-18,205206,Babylino Sensitive Πάνες Βρεφών Ν2 Mini 3-6 kg 64 Τεμάχια,7.45
2025-07-18,96544,Babylino Sensitive Πάνες Βρεφών Ν3 Midi 4-9 kg 56 Τεμάχια,10.0
2025-07-18,96545,Babylino Sensitive Πάνες Βρεφών Ν4 Maxi 8-13 kg 50 Τεμάχια,10.0
2025-07-18,96546,Babylino Sensitive Πάνες Βρεφών Ν4+ Maxi Plus 10-15 kg 46 Τεμάχια,10.0
2025-07-18,96547,Babylino Sensitive Πάνες Βρεφών Ν5 Junior 11-16 kg 44 Τεμάχια,10.0
2025-07-18,132235,Babylino Sensitive Πάνες Βρεφών Ν5+ Junior Plus 12-17 kg 42 Τεμάχια,10.0
2025-07-18,187147,Babylino Sensitive Πάνες Βρεφών Ν6 Extra Large 13-18 kg 38 Τεμάχια,9.63
2025-07-18,187148,Babylino Sensitive Πάνες Βρεφών Ν7 Extra Large Plus 15+ kg 36 Τεμάχια,9.63
2025-07-18,206257,Libero Swimpants Πάνες - Μαγιό 7-12 kg 12 Τεμάχια,7.18
2025-07-18,193307,Pampers Pants Πάνες Βρεφών Ν4 9-15 kg 30 Τεμάχια,7.72
2025-07-18,180019,Pampers Pants Πάνες Βρεφών Ν4 9-15 kg 66 Τεμάχια,16.35
2025-07-18,193306,Pampers Pants Πάνες Βρεφών Ν5 12-17 kg 28 Τεμάχια,7.72
2025-07-18,175080,Pampers Pants Πάνες Βρεφών Ν5 12-17 kg 56 Τεμάχια,14.2
2025-07-18,193308,Pampers Pants Πάνες Βρεφών Ν6 14-19 kg 25 Τεμάχια,7.72
2025-07-18,179192,Pampers Pants Πάνες Βρεφών Ν6 15+ kg 48 Τεμάχια,14.2
2025-07-18,199076,Pampers Pants Πάνες Βρεφών Ν7 17+ kg 22 Τεμάχια,7.72
2025-07-18,167528,Pampers Premium Care Pants Πάνες Βρεφών Ν3 6-11 kg 48 Τεμάχια,12.09
2025-07-18,167529,Pampers Premium Care Pants Πάνες Βρεφών Ν4 9-15 kg 38 Τεμάχια,12.09
2025-07-18,167530,Pampers Premium Care Pants Πάνες Βρεφών Ν5 12-17 kg 34 Τεμάχια,12.09
2025-07-18,201891,Pampers Premium Care Pants Πάνες Βρεφών Ν5 12-17 kg 52 Τεμάχια,16.89
2025-07-18,167531,Pampers Premium Care Pants Πάνες Βρεφών Ν6 15+ kg 31 Τεμάχια,11.63
2025-07-18,201890,Pampers Premium Care Pants Πάνες Βρεφών Ν6 15+ kg 42 Τεμάχια,14.79
2025-07-18,191763,Pampers Premium Care Pants Πάνες Βρεφών Ν7 15+ kg 27 Τεμάχια,11.63
2025-07-18,191856,Pampers Premium Care Πάνες Βρεφών Ν1 2-5 kg 50 Τεμάχια,10.44
2025-07-18,166834,Pampers Premium Care Πάνες Βρεφών Ν2 4-8 kg 46 Τεμάχια,10.44
2025-07-18,153121,Pampers Premium Care Πάνες Βρεφών Ν3 6-10 kg 60 Τεμάχια,13.63
2025-07-18,153123,Pampers Premium Care Πάνες Βρεφών Ν4 9-14 kg 52 Τεμάχια,13.63
2025-07-18,201889,Pampers Premium Care Πάνες Βρεφών Ν4 9-14 kg 68 Τεμάχια,16.89
2025-07-18,153124,Pampers Premium Care Πάνες Βρεφών Ν5 11-16 kg 44 Τεμάχια,13.63
2025-07-18,201888,Pampers Premium Care Πάνες Βρεφών Ν5 11-16 kg 58 Τεμάχια,16.89
2025-07-18,171408,Pampers Premium Care Πάνες Βρεφών Ν6 13+ kg 38 Τεμάχια,13.63
2025-07-18,199106,Septona Calm N&#039; Care Πάνες Βρεφών Extra Large Ν6 13-20 kg 38 Τεμάχια,8.9
2025-07-18,199097,Septona Calm N&#039; Care Πάνες Βρεφών Junior Ν5 10-16 kg 42 Τεμάχια,9.9
2025-07-18,199105,Septona Calm N&#039; Care Πάνες Βρεφών Junior Ν5 11-16 kg 44 Τεμάχια,8.9
2025-07-18,199096,Septona Calm N&#039; Care Πάνες Βρεφών Maxi Ν4 7-13 kg 48 Τεμάχια,9.9
2025-07-18,199104,Septona Calm N&#039; Care Πάνες Βρεφών Maxi Ν4 8-13 kg 52 Τεμάχια,8.9
2025-07-18,199101,Septona Calm N&#039; Care Πάνες Βρεφών Midi Ν3 4-9 kg 28 Τεμάχια,5.98
2025-07-18,206273,Adelco Kids Spray Μαλλιών Για Εύκολο Χτένισμα &amp; Κρέμα μαλλιών 200 ml,3.3
2025-07-18,165661,Johnson&#039;s Baby Βρεφικό Λάδι Aloe Vera 300 ml,2.97
2025-07-18,165663,Johnson&#039;s Baby Βρεφικό Λάδι Bedtime 300 ml,2.97
2025-07-18,165664,Johnson&#039;s Baby Βρεφικό Λάδι Regular 300 ml,2.97
2025-07-18,205436,Johnson&#039;s Baby Κρέμα Συγκάματος 100 ml,2.97
2025-07-18,193841,Johnson&#039;s Baby Πούδρα Με Aloe &amp; Vitamine E 100 gr,1.98
2025-07-18,174628,Lifoplus Σφουγγάρι Μπάνιου Για Μωρά Σε Διάφορα Ζωάκια,4.32
2025-07-18,161287,Otrisalin Παιδικός Φυσιολογικός Ορός Παιδικός 18 x 5 ml,4.46
2025-07-18,147897,Septona Baby Calm N&#039; Care Βρεφικό Λάδι Βάλσαμο &amp; Ελαιόλαδο 200 ml,2.45
2025-07-18,170263,Septona Kids Calm N&#039; Care Μαλακτική Για Κορίτσια 3+ Ετών 200 ml,3.1
2025-07-18,165657,Johnson&#039;s Baby Shiny Drops Conditioner Spray 200 ml,2.68
2025-07-18,165656,Johnson&#039;s Baby Κρέμα Shiny Drops 500 ml,3.0
2025-07-18,165676,Johnson&#039;s Baby Λοσιόν Bed Time 300 ml,2.58
2025-07-18,165678,Johnson&#039;s Baby Λοσιόν Soft Pink 300 ml,2.58
2025-07-18,130029,Septona Baby Calm N&#039; Care Ενυδατική Κρέμα Βάλσαμο &amp; Λεβάντα 150 ml,3.74
2025-07-18,130027,Septona Baby Calm N&#039; Care Κρέμα Συγκάματος Βάλσαμο &amp; Πανθενόλη 100 ml,3.49
2025-07-18,178584,Septona Baby Calm N&#039; Care Κρέμα Συγκάματος Βάλσαμο &amp; Πανθενόλη 250 ml,6.74
2025-07-18,176402,Agnotis Αφρόλουτρο Παιδικό 400 ml,3.63
2025-07-18,165670,Johnson&#039;s Baby Αφρόλουτρο Bedtime 500 ml,2.5
2025-07-18,165671,Johnson&#039;s Baby Αφρόλουτρο Blue 750 ml,2.86
2025-07-18,174294,Johnson&#039;s Baby Αφρόλουτρο Bubble 750 ml,2.86
2025-07-18,165650,Johnson&#039;s Baby Σαμπουάν Bedtime 500 ml,2.3
2025-07-18,165643,Johnson&#039;s Baby Σαμπουάν Gold 300 ml,1.63
2025-07-18,165644,Johnson&#039;s Baby Σαμπουάν Gold 500 ml,2.3
2025-07-18,165645,Johnson&#039;s Baby Σαμπουάν Gold 750 ml ,2.54
2025-07-18,165649,Johnson&#039;s Baby Σαμπουάν No More Tangles 500 ml,2.3
2025-07-18,165651,Johnson&#039;s Baby Σαμπουάν Shiny Drops 500 ml,2.3
2025-07-18,165646,Johnson&#039;s Baby Σαμπουάν Χαμομήλι 300 ml,1.63
2025-07-18,165648,Johnson&#039;s Baby Σαμπουάν Χαμομήλι 750 ml,2.54
2025-07-18,205464,Palmolive Kids Αφρόλουτρο Sea Creatures 750 ml,2.65
2025-07-18,130252,Palmolive Αφρόλουτρο Για Παιδιά Με Αντλία Vegan 750 ml,2.39
2025-07-18,135435,Proderm Kids Σαμπουάν 500 ml ,5.48
2025-07-18,135234,Proderm Σαμπουάν &amp; Αφρόλουτρο 0-12 Μηνών 400 ml,4.31
2025-07-18,135307,Proderm Σαμπουάν &amp; Αφρόλουτρο 1 - 3 Ετών 400 ml,4.31
2025-07-18,135440,Proderm Σαμπουάν &amp; Αφρόλουτρο 3+ Ετών 700 ml,5.14
2025-07-18,179512,Sanex Αφρόλουτρο Zero% Παιδικό Vegan 475 ml,2.55
2025-07-18,179598,Sanex Αφρόλουτρο Παιδικό Vegan 475 ml,2.55
2025-07-18,172911,Sanex Αφρόλουτρο Παιδικό Με Αντλία Vegan 750 ml,3.25
2025-07-18,178585,Septona Baby Calm N&#039; Care Αφρόλουτρο Με Βάλσαμο &amp; Πανθενόλη 500 ml ,3.04
2025-07-18,130030,Septona Baby Calm N&#039; Care Σαμπουάν &amp; Αφρόλουτρο Βάλσαμο &amp; Αλόη 500 ml,3.49
2025-07-18,130028,Septona Baby Calm N&#039; Care Σαμπουάν &amp; Αφρόλουτρο Βάλσαμο &amp; Λεβάντα 500 ml,3.5
2025-07-18,178586,Septona Baby Calm N&#039; Care Σαμπουάν &amp; Αφρόλουτρο Βάλσαμο &amp; Χαμομήλι 500 ml,3.5
2025-07-18,170264,Septona Kids Calm N&#039; Care Αφρόλουτρο Για Κορίτσια 3+ Ετών 750 ml,3.21
2025-07-18,173818,Septona Kids Calm N&#039; Care Σαμπουάν &amp; Αφρόλουτρο Για Αγόρια &amp; Κορίτσια 3+ Ετών 750 ml,3.34
2025-07-18,170262,Septona Kids Calm N&#039; Care Σαμπουάν &amp; Αφρόλουτρο Για Αγόρια 3+ Ετών 750 ml,3.86
2025-07-18,170265,Septona Kids Calm N&#039; Care Σαμπουάν Για Κορίτσια 3+ Ετών 500 ml,3.58
2025-07-18,193168,L&#039;oreal Men Expert Κρέμα Προσώπου Power Age 50 ml,10.62
2025-07-18,197563,L&#039;oreal Men Expert Barber Club Κρέμα Ενυδάτωσης 50 ml,8.37
2025-07-18,174836,L&#039;oreal Men Expert Κρέμα Προσώπου Hydra Energetic 50 ml,7.11
2025-07-18,165931,Str8 Ahead Eau De Toilette 100 ml,9.73
2025-07-18,178534,Str8 Fr34k Eau De Toilette 100 ml,9.73
2025-07-18,191131,Str8 Game Eau De Toilette 100 ml,9.73
2025-07-18,165928,Str8 Original Eau De Toilette 100 ml,9.73
2025-07-18,165929,Str8 Red Code Eau De Toilette 100 ml,9.73
2025-07-18,165933,Str8 Rise Eau De Toilette 100 ml,9.73
2025-07-18,174838,L&#039;oreal Men Expert Barber Club Καθαρισμός 3 Σε 1 200 ml,5.46
2025-07-18,199790,Tesori D&#039;Oriente Κρέμα Σώματος Hammam 300 ml,6.85
2025-07-18,121743,Tesori D&#039;Oriente Κρέμα Σώματος White Musk 300 ml,6.85
2025-07-18,165936,Str8 After Shave Ahead Lotion 100 ml,6.65
2025-07-18,191132,Str8 After Shave Game Lotion 100 ml,6.65
2025-07-18,165934,Str8 After Shave Original Lotion 100 ml,6.65
2025-07-18,149382,Durex Προφυλακτικά Πολύ Λεπτά Sensitive 18 Τεμάχια,14.43
2025-07-18,88692,Veet Pure Κρέμα Αποτρίχωσης Για Ευαίσθητες Επιδερμίδες 400 ml,9.58
2025-07-18,193073,Oral B Professional Οδοντόκρεμα Densify Daily White 65 ml,2.34
2025-07-18,193072,Oral B Professional Οδοντόκρεμα Densify Gentle White 65 ml,2.34
2025-07-18,182862,Oral B Οδοντόκρεμα Calm Original 75 ml,2.34
2025-07-18,178690,Oral B Οδοντόκρεμα Gum &amp; Enamel Gentle Whitening 75 ml ,2.34
2025-07-18,178689,Oral B Οδοντόκρεμα Gum &amp; Enamel Original 75 ml,2.34
2025-07-18,143895,Durex Προφυλακτικά Invisible Extra Sensitive 12 Τεμάχια,12.73
2025-07-18,9676,Strep Αποτριχωτικές Ταινίες Σώματος Crystal 20 Τεμάχια,6.68
2025-07-18,160150,Tesori D&#039;Oriente Byzantium Perfume 100 ml,8.76
2025-07-18,199789,Tesori D&#039;Oriente Dragon Flower Perfume 100 ml,8.76
2025-07-18,199788,Tesori D&#039;Oriente Royal Oud Perfume 100 ml,8.76
2025-07-18,121747,Tesori D&#039;Oriente White Musk Perfume 100 ml,8.76
2025-07-18,199787,Tesori D&#039;Oriente Άρωμα Karma 100 ml,8.76
2025-07-18,180774,Durex Προφυλακτικά Classic 18 Τεμάχια,11.88
2025-07-18,112360,Durex Προφυλακτικά Με Επιβραδυντικό Τζελ Extended Pleasure 12 Τεμάχια,11.56
2025-07-18,117944,Durex Προφυλακτικά Με Κουκκίδες Ραβδώσεις Και Επιβραδυντικό Τζελ Performax Intense 12 Τεμάχια,11.56
2025-07-18,191111,Veet Men Αποτριχωτικό Κιτ Για Ευαίσθητη Επιδερμίδα 150 ml,7.98
2025-07-18,192142,Durex Προφυλακτικά Classic Άνετη Εφαρμογή 12 Τεμάχια,11.03
2025-07-18,192143,Durex Προφυλακτικά Sensitive Άνετη Εφαρμογή 12 Τεμάχια,11.03
2025-07-18,192141,Durex Προφυλακτικά Sensitive Στενή Εφαρμογή 12 Τεμάχια,11.03
2025-07-18,69106,Durex Προφυλακτικά Με Κουκιδες &amp; Ραβδώσεις Pleasure Max 12 Τεμάχια,11.03
2025-07-18,10397,Durex Προφυλακτικά Πολύ Λεπτά Sensitive 12 Τεμάχια,11.03
2025-07-18,112362,Durex Προφυλακτικά Πολύ Λεπτά Total Contact 12 Τεμάχια,11.03
2025-07-18,190257,Wash &amp; Go Σαμπουάν 2 In 1 Classic 650 ml,4.23
2025-07-18,190256,Wash &amp; Go Σαμπουάν Κανονικά Μαλλιά 650 ml,4.23
2025-07-18,178483,Veet Expert Ταινίες Αποτρίχωσης Για Πόδια &amp; Σώμα 20 Τεμάχια ,7.18
2025-07-18,174834,Veet Ταινίες Αποτρίχωσης Ποδιών Κρύο Κερί 16 Τεμάχια,7.18
2025-07-18,9631,Veet Ταινίες Αποτρίχωσης Ποδιών Κρύο Κερί Για Κανονικές Επιδερμίδες 20 Τεμάχια,7.18
2025-07-18,39983,Strep Αποτριχωτικές Ταινίες Προσώπου Crystal 20 Τεμάχια,5.1
2025-07-18,158668,Oral B Οδοντόκρεμα 3D White Arctic Fresh 75 ml ,1.69
2025-07-18,198810,Oral B Οδοντόκρεμα Pro Expert Professional 75 ml,1.69
2025-07-18,193100,Durex Προφυλακτικά Στενή Εφαρμογή 12 Τεμάχια,9.33
2025-07-18,33436,Durex Προφυλακτικά Classic 12 Τεμάχια,9.16
2025-07-18,182877,Periogard Στοματικό Διάλυμα Προστασία Ούλων 400 ml,4.49
2025-07-18,9619,Veet Ταινίες Αποτρίχωσης Προσώπου Κρύο Κερί Για Κανονικές Επιδερμίδες 20 Τεμάχια,5.52
2025-07-18,88918,Veet Ταινίες Αποτρίχωσης Για Ευαίσθητες Επιδερμίδες 16 Τεμάχια,5.34
2025-07-18,199140,Παπουτσάνης Aromatics Αφρόλουτρο Coconut Crush &amp; Warm Vanilla Vegan 600 ml,3.96
2025-07-18,199141,Παπουτσάνης Aromatics Αφρόλουτρο Luminous Argan Oil Vegan 600 ml,3.96
2025-07-18,153092,Veet Pure Κρέμα Αποτρίχωσης Για Ευαίσθητες Επιδερμίδες 100 ml,4.4
2025-07-18,173394,Veet Pure Κρέμα Αποτρίχωσης Για Κανονικές Επιδερμίδες 100 ml,4.4
2025-07-18,193074,Parodontax Οδοντόκρεμα Active Gum Repair Fresh Mint 75 ml,3.6
2025-07-18,163866,Parodontax Οδοντόκρεμα Complete Protection Extra Fresh 75 ml,3.6
2025-07-18,172550,Parodontax Οδοντόκρεμα Complete Protection Original 75 ml,3.6
2025-07-18,163867,Parodontax Οδοντόκρεμα Complete Protection Whitening 75 ml,3.6
2025-07-18,184224,Parodontax Οδοντόκρεμα Gum &amp; Breath Original 75 ml,3.6
2025-07-18,204883,Parodontax Οδοντόκρεμα Gum Strengthen &amp; Protect Fresh Mint 75 ml,3.6
2025-07-18,187227,Periogard Οδοντόκρεμα Προστασία Ούλων &amp; Ευαισθησία 75 ml,3.57
2025-07-18,182880,Periogard Οδοντόκρεμα Προστασία Ούλων &amp; Λεύκανση 75 ml,3.57
2025-07-18,182879,Periogard Οδοντόκρεμα Προστασία Ούλων 75 ml,3.57
2025-07-18,197848,Oral B Οδοντόκρεμα Παιδική 6 - 12 Ετών 75 ml,0.85
2025-07-18,163868,Parodontax Οδοντόκρεμα Extra Fresh 75 ml,3.22
2025-07-18,188010,Oral B Οδοντόκρεμα Protect &amp; Clean 75 ml,0.7
2025-07-18,174625,Σφουγγάρι Μπάνιου Mousse,3.91
2025-07-18,114720,Oral B Οδοντόκρεμα 1-2-3 75 ml,0.6
2025-07-18,202744,Σφουγγαράκι Καθαρισμού Προσώπου,2.72
2025-07-18,174623,Σφουγγάρι Μπάνιου Με Μικροϊνες,2.42
2025-07-18,182016,Puravita Αφρόλουτρο Aloe Vera 750 ml,1.87
2025-07-18,182014,Puravita Αφρόλουτρο Βανίλια &amp; Argan Oil 750 ml,1.87
2025-07-18,182017,Puravita Αφρόλουτρο Καραμέλα 750 ml,1.87
2025-07-18,182018,Puravita Αφρόλουτρο Μανόλια 750 ml,1.87
2025-07-18,104745,Carroten Protect &amp; Shine Αντηλιακό Spray Μαλλιών Vegan 150 ml,7.48
2025-07-18,206460,Pantene Pro V Αντηλιακό Spray Μαλλιών Sunkiss Glow 200 ml,6.59
2025-07-18,190702,Ambre Solaire Kids Αντηλιακό Γαλάκτωμα SPF 50+ 175 ml,9.4
2025-07-18,190706,Ambre Solaire Sensitive Advanced Trigger Αντηλιακό Spray SPF 50 270 ml,12.35
2025-07-18,190715,Carroten Kids Face &amp; Body Αντηλιακό Γαλάκτωμα Spray SPF 50 Vegan 200 ml,9.73
2025-07-18,190724,Carroten Kids Protect Plus Face &amp; Body Αντηλιακό Γαλάκτωμα Spray SPF 30 Vegan 270 ml,10.73
2025-07-18,190720,Carroten Kids Protect Plus Face &amp; Body Αντηλιακό Γαλάκτωμα Spray SPF 50 Vegan 270 ml,11.23
2025-07-18,190721,Carroten Kids Sensitive Face &amp; Body Αντηλιακό Γαλάκτωμα Spray SPF 50+ Vegan 270 ml,11.48
2025-07-18,185264,Nivea Sun Babies &amp; Kids Sensitive Protect Αντηλιακή Λοσιόν SPF 50+ 200 ml,10.68
2025-07-18,185262,Nivea Sun Babies &amp; Kids Sensitive Protect Αντηλιακό Spray SPF 50+ 270 ml,12.45
2025-07-18,159577,Nivea Sun Kids Protect &amp; Care Αντηλιακή Λοσιόν SPF 50+ 200 ml,10.28
2025-07-18,173211,Nivea Sun Kids Protect &amp; Care Αντηλιακό Roll On SPF 50+ 50 ml,5.3
2025-07-18,81784,Nivea Sun Kids Protect &amp; Care Αντηλιακό Spray SPF 50+ 200 ml,10.85
2025-07-18,185266,Nivea Sun Kids Protect &amp; Care Αντηλιακό Spray SPF 50+ 270 ml,11.9
2025-07-18,204159,Carroten Illuminating UV Fluid Αντηλιακή Λοσιόν Προσώπου SPF 50+ 50 ml,8.98
2025-07-18,185219,Carroten Anti Age Spot Αντηλιακή Κρέμα Προσώπου SPF 50 50 ml,8.48
2025-07-18,133333,Carroten CC Αντηλιακή Κρέμα Προσώπου SPF50 50 ml,8.48
2025-07-18,133342,Carroten Sensitive Αντηλιακή Κρέμα Προσώπου SPF 50+ 50 ml,8.48
2025-07-18,96635,Carroten Νερό Προσώπου Spray 150 ml,4.48
2025-07-18,204480,Liposan Ενυδατικό Χειλιών Sun Protect SPF 50,4.15
2025-07-18,159572,Nivea Sun Anti Age Αντηλιακή Κρέμα Προσώπου Q10 Κανονική/Ξηρή Επιδερμίδα SPF 50 50 ml,8.99
2025-07-18,159570,Nivea Sun Mat Look Αντηλιακή Κρέμα Προσώπου SPF 50 50 ml,8.24
2025-07-18,190601,Nivea Sun Mat Look Αντηλιακή Κρέμα Προσώπου Κανονική/Μικτή Επιδερμίδα SPF 50 50 ml,8.39
2025-07-18,190602,Nivea Sun Spot Control Luminous 630 Αντηλιακή Κρέμα Προσώπου SPF 50+ 40 ml ,9.79
2025-07-18,166399,Piz Buin Sensitive Αντηλιακή Κρέμα Προσώπου SPF 50+ 50 ml,7.33
2025-07-18,185234,Ambre Solaire Αντηλιακό Λάδι Προστασίας SPF 30 150 ml,9.98
2025-07-18,46813,Ambre Solaire Αντηλιακό Λάδι Προστασίας Τροπικό Μαύρισμα SPF 2 200 ml,6.53
2025-07-18,179198,Carroten Coconut Dreams Αντηλιακό Διάφανο Spray SPF30 Vegan 200 ml,9.48
2025-07-18,179199,Carroten Coconut Dreams Αντηλιακό Διάφανο Spray SPF50 Vegan 200 ml,10.23
2025-07-18,173198,Carroten Coconut Dreams Αντηλιακό Λάδι Spray SPF 30 Vegan 150 ml,9.48
2025-07-18,190722,Carroten Family Face &amp; Body Αντηλιακό Γαλάκτωμα Spray SPF 30 Vegan 270 ml,10.23
2025-07-18,190717,Carroten Family Face &amp; Body Αντηλιακό Γαλάκτωμα Spray SPF 50 Vegan 270 ml,10.73
2025-07-18,159591,Carroten Gold Intensive Taning Gel Για Πολύ Έντονο Μαύρισμα SPF 0 Vegan 150 ml,11.48
2025-07-18,159582,Carroten Intense Tan Αντηλιακό Λάδι Καρύδας Spray SPF 0 Vegan 200 ml,7.48
2025-07-18,159583,Carroten Intense Tan Αντηλιακό Λάδι Καρύδας Spray SPF 6 Vegan 200 ml,7.48
2025-07-18,159592,Carroten Intensive Taning Gel Για Πολύ Έντονο Μαύρισμα SPF 0 150 ml,11.48
2025-07-18,204158,Carroten Protect &amp; Tan Αντηλιακό Γαλάκτωμα Spray SPF 50 270 ml,11.23
2025-07-18,159605,Carroten Protect &amp; Hydrate Αντηλιακό Γαλάκτωμα SPF 30 Vegan 200 ml,8.98
2025-07-18,190713,Carroten Protect &amp; Hydrate Αντηλιακό Γαλάκτωμα SPF 50 Vegan 200 ml,9.48
2025-07-18,87813,Carroten Protect &amp; Hydrate Αντηλιακό Γαλάκτωμα Spray SPF 30 Vegan 200 ml,9.48
2025-07-18,144527,Carroten Protect &amp; Tan Αντηλιακό Γαλάκτωμα Spray SPF 30 Vegan 200 ml,9.73
2025-07-18,190716,Carroten Protect &amp; Tan Αντηλιακό Γαλάκτωμα Spray SPF 30 Vegan 270 ml,10.73
2025-07-18,190718,Carroten Protect &amp; Tan Αντηλιακό Λάδι Spray SPF 20 Vegan 150 ml,8.98
2025-07-18,190719,Carroten Protect &amp; Tan Αντηλιακό Λάδι Spray SPF 30 Vegan 150 ml,9.48
2025-07-18,166197,Carroten Sensitive Αντηλιακό Γαλάκτωμα SPF 50+ Vegan 200 ml,9.73
2025-07-18,133337,Carroten Sensitive Αντηλιακό Γαλάκτωμα Spray SPF 50+ Vegan 200 ml,10.23
2025-07-18,177568,Nivea Cellular Luminous 630 Κρέμα Ημέρας Κατά Των Κηλίδων SPF 50 40 ml,14.66
2025-07-18,75242,Nivea Sun Intense Bronze Αντηλιακή Λοσιόν Με Καροτίνη SPF 6 200 ml,7.09
2025-07-18,144514,Nivea Sun Intense Bronze Λάδι Με Καροτίνη Spray SPF 0 200 ml,7.38
2025-07-18,144513,Nivea Sun Intense Bronze Λάδι Με Καροτίνη Spray SPF 6 200 ml,7.38
2025-07-18,185259,Nivea Sun Protect &amp; Bronze Αντηλιακό Spray SPF 20 270 ml,10.6
2025-07-18,104657,Nivea Sun Protect &amp; Bronze Αντηλιακό Spray SPF 30 200 ml,10.39
2025-07-18,185260,Nivea Sun Protect &amp; Bronze Αντηλιακό Spray SPF 30 270 ml,11.18
2025-07-18,190599,Nivea Sun Protect &amp; Bronze Αντηλιακό Spray SPF 50 270 ml,11.59
2025-07-18,132866,Nivea Sun Protect &amp; Bronze Αντηλιακό Λάδι SPF 20 200 ml,9.0
2025-07-18,132867,Nivea Sun Protect &amp; Bronze Λάδι Spray SPF 30 200 ml,9.6
2025-07-18,173208,Nivea Sun Protect &amp; Dry Touch Αντηλιακό Sport Spray SPF 50 200 ml,10.85
2025-07-18,159573,Nivea Sun Protect &amp; Dry Touch Αντηλιακό Spray SPF 50 200 ml,10.85
2025-07-18,15877,Nivea Sun Protect &amp; Moisture Αντηλιακή Λοσιόν SPF 20 200 ml,9.19
2025-07-18,81785,Nivea Sun Protect &amp; Moisture Αντηλιακή Λοσιόν SPF 30 200 ml,9.73
2025-07-18,81786,Nivea Sun Protect &amp; Moisture Αντηλιακή Λοσιόν SPF 50+ 200 ml,10.25
2025-07-18,25463,Nivea Sun Protect &amp; Moisture Αντηλιακό Spray SPF 30 200 ml,10.25
2025-07-18,185257,Nivea Sun Protect &amp; Moisture Αντηλιακό Spray SPF 30 270 ml,10.83
2025-07-18,60808,Nivea Sun Protect &amp; Moisture Αντηλιακό Spray SPF 50+ 200 ml,10.84
2025-07-18,185258,Nivea Sun Protect &amp; Moisture Αντηλιακό Spray SPF 50+ 270 ml,11.34
2025-07-18,185261,Nivea Sun Sensitive Immediate Protect Αντηλιακό Spray SPF 50+ 200 ml,10.9
2025-07-18,75538,Piz Buin Moisturising Αντηλιακή Λοσιόν SPF 15 200 ml,8.08
2025-07-18,75539,Piz Buin Moisturising Αντηλιακή Λοσιόν SPF 30 200 ml,8.65
2025-07-18,166400,Piz Buin Moisturising Αντηλιακή Λοσιόν SPF 50+ 200 ml,9.18
2025-07-18,166397,Piz Buin Sensitive Αντηλιακό Γαλάκτωμα SPF 50+ 200 ml,9.18
2025-07-18,185232,Piz Buin Tan &amp; Protect Αντηλιακό Για Ενίσχυση Μαυρίσματος Spray SPF 15 150 ml,7.99
2025-07-18,160104,Piz Buin Tan &amp; Protect Αντηλιακό Για Ενίσχυση Μαυρίσματος Spray SPF 30 150 ml,8.49
2025-07-18,133318,Piz Buin Tan &amp; Protect Λάδι Για Ενίσχυση Μαυρίσματος Spray SPF 15 150 ml,8.29
2025-07-18,133319,Piz Buin Tan &amp; Protect Λάδι Για Ενίσχυση Μαυρίσματος Spray SPF 30 150 ml,8.79
2025-07-18,173209,Nivea Sun After Sun Sensitive Λοσιόν 175 ml,7.14
2025-07-18,132868,Nivea Sun After Sun Bronze Λοσιόν 200 ml,7.24
2025-07-18,15882,Nivea Sun After Sun Moisture Λοσιόν 200 ml,7.14
2025-07-18,173200,Carroten After Sun Μάσκα Προσώπου Με Hyaluronic Acid &amp; Aloe Vera 20 ml,1.43
2025-07-18,173421,Carroten After Sun Cooling Gel Με Panthenol &amp; Aloe Vera Vegan 200 ml,6.98
2025-07-18,190714,Carroten After Sun Ενυδατικό Γαλάκτωμα Με Hyaluronic Acid &amp; Aloe Vera Vegan 200 ml,6.98
2025-07-18,160105,Piz Buin After Sun Intant Relief Mist Λοσιόν Spray 200 ml,6.55
2025-07-18,75545,Piz Buin After Sun Tan Ενυδατικό Γαλάκτωμα Για Ενίσχυση Μαυρίσματος 200 ml,6.28
2025-07-18,71448,Diana Boxer 403,8.9
2025-07-18,71450,Diana T-Shirt 405,7.9
2025-07-18,71447,Diana Σλίπ 402 Βαμβακερό Ελαστικό,6.8
2025-07-18,71449,Diana Φανέλα 404,5.98
2025-07-18,20812,Diana Σλίπ Easy Mini Small/Medium/Large/XLarge,6.1
2025-07-18,20813,Diana Σλίπ Easy Tai Small/Medium/Large/XLarge,6.1
2025-07-18,129692,Bic Amelia Γυναικεία Κάλτσα Πουα 2 Τεμάχια,3.9
2025-07-18,129695,Bic Anzio Ανδρική Κάλτσα Black 42-43,3.15
2025-07-18,129696,Bic Anzio Ανδρική Κάλτσα Black 44-46,3.15
2025-07-18,120024,Bic Avigliano Κάλτσα Μικτή 39-42,3.55
2025-07-18,120025,Bic Avigliano Κάλτσα Μικτή 43-46,3.55
2025-07-18,114549,Bic Azola Κάλτσα One Size Basic,4.75
2025-07-18,114550,Bic Azola Κάλτσα One Size Διάφορα Χρώματα,4.75
2025-07-18,114562,Bic Livorno Ανδρική Κάλτσα Black 39-42 2 Τεμάχια,3.35
2025-07-18,114563,Bic Livorno Ανδρική Κάλτσα Black 43-46 2 Τεμάχια,3.35
2025-07-18,114565,Bic Livorno Ανδρική Κάλτσα Black 43-46 2 Τεμάχια,3.35
2025-07-18,114564,Bic Livorno Ανδρική Κάλτσα White 39-42 2 Τεμάχια,3.35
2025-07-18,129693,Bic Σοσόνι Ανδρικό Black 39-42 2 Τεμάχια,3.55
2025-07-18,129694,Bic Σοσόνι Ανδρικό Black 43-46 2 Τεμάχια,3.55
2025-07-18,157095,Κάλτσα Unisex Κοντή 3 Τεμάχια,3.7
2025-07-18,114143,Κάλτσα Ανδρική 2 Τεμάχια,3.7
2025-07-18,178446,Κάλτσα Παιδική Για Αγόρια &amp; Κορίτσια 3 Τεμάχια,3.7
2025-07-18,199826,Πιτζάμα Γυναικεία Γκρι,13.95
2025-07-18,199827,Πιτζάμα Γυναικεία Μπλε,13.95
2025-07-18,199828,Πιτζάμα Γυναικεία Ροζ,13.95
2025-07-18,199823,Ρομπά Flannel Super Soft Γκρι,12.9
2025-07-18,199825,Ρομπά Flannel Super Soft Καφέ,12.9
2025-07-18,199824,Ρομπά Flannel Super Soft Σάπιο Μήλο,12.9
2025-07-18,84531,Diana Βαμβακερό Σορτς 30045 2 Τεμάχια,9.45
2025-07-18,9258,Best Ασετόν 100 ml,0.93
2025-07-18,120481,Maybelline Express Manicure Ξεβαφτικό Νυχιών Με Έλαιο Αβοκάντο 125 ml,5.0
2025-07-18,120482,Maybelline Express Manicure Ξεβαφτικό Νυχιών Με Έλαιο Αμυγδάλου 125 ml,5.0
2025-07-18,59085,Tai Ασετόν 85% 140 ml,1.35
2025-07-18,189528,Tai Ασετόν 85% Με Βαλβίδα Pump 200 ml,2.88
2025-07-18,59086,Tai Ασετόν Oil 85% 140 ml,1.33
2025-07-18,189529,Tai Ασετόν Oil Με Βαλβίδα Pump 200 ml,2.88
2025-07-18,180388,Maybelline Κραγιόν Super Stay Matte Ink No10 Dreamer 5 ml,14.1
2025-07-18,171969,Maybelline Κραγιόν Super Stay Matte Ink No10 Dreamer Blister 5 ml,14.55
2025-07-18,171964,Maybelline Κραγιόν Super Stay Matte Ink No118 Dancer 5 ml,14.55
2025-07-18,171963,Maybelline Κραγιόν Super Stay Matte Ink No120 Artist 5 ml,14.55
2025-07-18,180392,Maybelline Κραγιόν Super Stay Matte Ink No125 Inspiper 5 ml,14.1
2025-07-18,171962,Maybelline Κραγιόν Super Stay Matte Ink No125 Inspiper Blister 5 ml,14.55
2025-07-18,180389,Maybelline Κραγιόν Super Stay Matte Ink No15 Lover 5 ml,14.1
2025-07-18,171968,Maybelline Κραγιόν Super Stay Matte Ink No15 Lover Blister 5 ml,14.55
2025-07-18,171966,Maybelline Κραγιόν Super Stay Matte Ink No35 Creator 5 ml,14.55
2025-07-18,171967,Maybelline Κραγιόν Super Stay Matte Ink No65 Pioneer 5 ml,14.55
2025-07-18,180390,Maybelline Κραγιόν Super Stay Matte Ink No65 Pioneer Blister 5 ml,14.1
2025-07-18,180391,Maybelline Κραγιόν Super Stay Matte Ink No65 Seductres 5 ml,14.1
2025-07-18,171965,Maybelline Κραγιόν Super Stay Matte Ink No65 Seductres Blister 5 ml,14.55
2025-07-18,156985,Maybelline Κονσίλερ Instant Age Rewind Light 6 ml,13.7
2025-07-18,156986,Maybelline Κονσίλερ Instant Age Rewind Medium 6 ml,13.7
2025-07-18,180393,Maybelline Κονσίλερ Instant Anti Age Eraser Nude 6 ml,13.58
2025-07-18,180394,Maybelline Κονσίλερ Instant Antin Age Eraser Light 6 ml,13.58
2025-07-18,180398,Maybelline Μάσκαρα Colossal 100% Black,11.28
2025-07-18,85871,Maybelline Μάσκαρα Colossal 100% Black ,12.07
2025-07-18,184172,Maybelline Μάσκαρα Colossal 36h Αδιάβροχη Για Όγκο Black ,11.28
2025-07-18,184708,Maybelline Μάσκαρα Colossal Curl Bounce Black ,15.78
2025-07-18,129251,Maybelline Μάσκαρα Colossal Go Extreme Black ,12.07
2025-07-18,80280,Maybelline Μάσκαρα Colossal Volume Express ,12.07
2025-07-18,180396,Maybelline Μάσκαρα Colossal Volume Express Black ,9.18
2025-07-18,94658,Maybelline Μάσκαρα Falsies Black Drama,15.75
2025-07-18,173433,Maybelline Μάσκαρα Falsies Lash Lift ,14.98
2025-07-18,191965,Maybelline Μάσκαρα Falsies Surreal Blister,17.15
2025-07-18,139306,Maybelline Μάσκαρα Lash Sensational Black,14.2
2025-07-18,180184,Maybelline Μάσκαρα Lash Sensational Sky High Για Μήκος &amp; Όγκο ,15.78
2025-07-18,10491,Maybelline Μάσκαρα Volum Express Για Όγκο,9.82
2025-07-18,113320,Maybelline Μολύβι Ματιών Expression Kajal Black ,3.7
2025-07-18,180395,Maybelline Μολύβι Ματιών Tattoo Liner Gel Για Μεγάλη Διάρκεια ,7.45
2025-07-18,203104,Syoss Brow Tint Βαφή Φρυδιών Καστανό Ανοιχτό,7.9
2025-07-18,203103,Syoss Brow Tint Βαφή Φρυδιών Καστανό Σκούρο,7.9
2025-07-18,203105,Syoss Brow Tint Βαφή Φρυδιών Μαύρο,7.9
2025-07-18,10119,Axe After Shave Africa 100 ml,9.25
2025-07-18,94637,Axe After Shave Dark Temptation 100 ml,9.25
2025-07-18,174943,Gillette After Shave Cool Wave Sensitive Protection Balm 100 ml,7.98
2025-07-18,160908,Nivea Men After Shave Deep Comfort Lotion 100 ml,5.73
2025-07-18,180585,Nivea Men After Shave Fresh Kick 100 ml,5.86
2025-07-18,9960,Nivea Men After Shave Protect &amp; Care Balm 100 ml,5.62
2025-07-18,10189,Nivea Men After Shave Sensitive Balm 100 ml,5.33
2025-07-18,205134,Nivea Men After Shave Κατά των Ρυτίδων Anti-Age Hyaluron 100 ml,6.33
2025-07-18,206252,Old Spice After Shave Captain 100 ml,11.98
2025-07-18,151922,Old Spice After Shave Whitewater 100 ml,11.98
2025-07-18,48335,Bic 1 Ξυραφάκια Μιας Χρήσης Classic 10 Τεμάχια,2.72
2025-07-18,9604,Bic 2 Ξυραφάκια Μιας Χρήσης Sensitive 5 Τεμάχια,1.84
2025-07-18,204369,Bic 3 Ξυραφάκια Μιας Χρήσης Sensitive 6 Τεμάχια ,3.48
2025-07-18,9685,Bic Astor Stainless Ξυραφάκια Λεπίδες 5 Τεμάχια,1.75
2025-07-18,143182,Bic Flex 3 Ξυραφάκια Μιας Χρήσης 3 Τεμάχια,4.32
2025-07-18,204453,Bic Flex 3 Ξυραφάκια Μιας Χρήσης Classic 4 Τεμάχια,3.6
2025-07-18,103216,Bic Flex 4 Ξυραφάκια Μιας Χρήσης 3 Τεμάχια,5.02
2025-07-18,204166,Bic Flex 5 Sensitive Ξυραφάκια Μιας Χρήσης 3 Τεμάχια,7.55
2025-07-18,164424,Bic Flex 5 Ξυραφάκια Μιας Χρήσης 3 Τεμάχια,7.55
2025-07-18,204165,Bic Hybrid Flex 5 Sensitive Ανταλλακτικές Κεφαλές 4 Τεμάχια,9.98
2025-07-18,204164,Bic Hybrid Flex 5 Sensitive Ξυριστική Μηχανή + 2 Ανταλλακτικές Κεφαλές,6.95
2025-07-18,186471,Bic Hybrid Flex 5 Ανταλλακτικές Κεφαλές 4 Τεμάχια,9.98
2025-07-18,186470,Bic Hybrid Flex 5 Ξυριστική Μηχανή + 2 Ανταλλακτικές Κεφαλές ,6.95
2025-07-18,9575,Bic Twin Ξυραφάκια Μιας Χρήσης Easy 5 Τεμάχια,2.38
2025-07-18,48336,Bic Ξυραφάκια Μιας Χρήσης Metal 10 Τεμάχια,4.4
2025-07-18,9588,Gillette Blue 2 Ξυραφάκια Μιας Χρήσης 5 Τεμάχια,2.98
2025-07-18,24565,Gillette Blue 2 Ξυραφάκια Μιας Χρήσης Plus Slalom 5 Τεμάχια,4.98
2025-07-18,9585,Gillette Blue 2 Ξυραφάκια Μιας Χρήσης Slalom 5 Τεμάχια,3.98
2025-07-18,191765,Gillette Blue 3 Plus Ξυραφάκια Μιας Χρήσης Comfort 3 Τεμάχια,2.74
2025-07-18,191764,Gillette Blue 3 Plus Ξυραφάκια Μιας Χρήσης Sensitive 6 Τεμάχια,4.49
2025-07-18,192144,Gillette Blue 3 Ξυραφάκια Μιας Χρήσης Plus Red 3 Τεμάχια,2.49
2025-07-18,206090,Gillette Blue 3 Ξυραφάκια Μιας Χρήσης Smooth 6 Τεμάχια,2.74
2025-07-18,66059,Gillette Fusion 5 Power Ανταλλακτικές Κεφαλές 4 Τεμάχια,20.98
2025-07-18,66058,Gillette Fusion 5 Ανταλλακτικές Κεφαλές 4 Τεμάχια,17.48
2025-07-18,175278,Gillette Mach 3 Turbo Ανταλλακτικές Κεφαλές 5 Τεμάχια,16.98
2025-07-18,188008,Gillette Mach 3 Ανταλλακτικές Κεφαλές 5 Τεμάχια,14.98
2025-07-18,170631,Gillette Mach 3 Ξυριστική Μηχανή + 2 Ανταλλακτικά,7.14
2025-07-18,183005,Gillette Proglide Power Ανταλλακτικές Κεφαλές 4 Τεμάχια,22.98
2025-07-18,183006,Gillette Proglide Ανταλλακτικές Κεφαλές 4 Τεμάχια,19.48
2025-07-18,175354,Gillette Ξυριστική Μηχανή Proglide + 2 Ανταλλακτικά,10.44
2025-07-18,131803,Gillette Ξυριστική Μηχανή Proglide Power + 1 Ανταλλακτικό,11.48
2025-07-18,121088,Strep Αποτριχωτικές Ταινίες Προσώπου Με Argan Oil 20 Τεμάχια,6.8
2025-07-18,9678,Strep Κρέμα Αποτρίχωσης Face &amp; Bikini 75 ml,5.55
2025-07-18,187094,Gillette Fusion Series Gel Ξυρίσματος Με Αμυγδαλέλαιο 200 ml,3.34
2025-07-18,88729,Gillette Satin Care Γυναικείο Gel Ξυρίσματος Sensitive 200 ml,3.19
2025-07-18,145493,Gillette Series Gel Ξυρίσματος Moisturizing 200 ml ,3.19
2025-07-18,192530,Gillette Series Αφρός Ξυρίσματος Conditioning 200 ml,2.84
2025-07-18,188009,Gillette Αφρός Gel Ξυρίσματος Sensitive Aloe 75 ml,1.64
2025-07-18,9661,Nivea Men Gel Ξυρίσματος Fresh Kick 200 ml,3.48
2025-07-18,9617,Nivea Men Gel Ξυρίσματος Sensitive 200 ml,3.47
2025-07-18,195262,Nivea Men Αφρός Ξυρίσματος Protect &amp; Care Με Αλόη 200 ml,2.39
2025-07-18,195260,Nivea Men Αφρός Ξυρίσματος Sensitive 200 ml,2.58
2025-07-18,69437,Nivea Men Αφρός Ξυρίσματος Sensitive 250 ml,3.06
2025-07-18,101038,Nivea Men Κρέμα Ξυρίσματος Sensitive 100 ml,1.68
2025-07-18,44810,Nivea Men Κρέμα Ξυρίσματος Απαλή 100 ml,1.68
2025-07-18,9642,Noxzema Men Αφρός Ξυρίσματος Sensitive 300 ml,5.3
2025-07-18,9643,Noxzema Αφρός Ξυρίσματος Classic 300 ml,5.3
2025-07-18,178172,Bic Click Soleil 3 Ανταλλακτικές Κεφαλές Sensitive 4 Τεμάχια,4.1
2025-07-18,178171,Bic Click Soleil 3 Ξυριστική Μηχανή Sensitive + 2 Ανταλλακτικές Κεφαλές ,2.72
2025-07-18,103215,Bic Miss Soleil Ξυραφάκια Μιας Χρήσης 4 Τεμάχια,2.84
2025-07-18,160826,Bic Miss Soleil Ξυραφάκια Μιας Χρήσης Colour Collection 4 Τεμάχια,2.86
2025-07-18,196982,Bic Miss Soleil Ξυραφάκια Μιας Χρήσης Escape 3 Τεμάχια,3.22
2025-07-18,166989,Bic Miss Soleil Ξυραφάκια Μιας Χρήσης Sensitive 3 Τεμάχια,2.67
2025-07-18,174300,Bic Miss Soleil Ξυραφάκια Μιας Χρήσης Sensitive Aqua Colours 3 Τεμάχια,2.67
2025-07-18,203717,Bic Pure 3 Ξυραφάκια Μιας Χρήσης Lady 6 Τεμάχια ,2.51
2025-07-18,34229,Bic Twin Ξυραφάκια Μιας Χρήσης Lady 5 Τεμάχια,2.58
2025-07-18,204532,Gillette Simply Venus 2 Ξυραφάκια Μιας Χρήσης 4 Τεμάχια ,2.37
2025-07-18,89332,Gillette Simply Venus 3 Plus Ξυραφάκια Μιας Χρήσης 4 Τεμάχια,3.24
2025-07-18,204533,Gillette Simply Venus 3 Ξυραφάκια Μιας Χρήσης 4 Τεμάχια,1.99
2025-07-18,185854,Gillette Venus 3 Ξυραφάκια Μιας Χρήσης Dragonfruit 4 Τεμάχια,3.59
2025-07-18,96783,Gillette Venus Comfortglide Spa Breeze Ανταλλακτικές Κεφαλές 4 Τεμάχια,14.68
2025-07-18,25435,Gillette Venus Smooth Ανταλλακτικές Κεφαλές 4 Τεμάχια,12.48
2025-07-18,63880,Gillette Venus Smooth Ξυριστική Μηχανή + 2 Ανταλλακτικά,6.04
2025-07-18,96782,Gillette Venus Ξυριστική Μηχανή Comfortglide Spa Breeze + 2 Ανταλλακτικά,7.14
2025-07-18,106380,Activel Αντισηπτικό Gel Χεριών 500 ml,2.7
2025-07-18,164824,Activel Αντισηπτικό Gel Χεριών 80 ml,0.77
2025-07-18,173429,Activel Λοσιόν Καθαρισμού Χεριών 4000 ml,11.97
2025-07-18,176100,Best Αντισηπτικό Gel 70% Αιθυλική Αλκοόλη 1 lt,6.15
2025-07-18,176099,Best Αντισηπτικό Gel 70% Αιθυλική Αλκοόλη 500 ml ,3.5
2025-07-18,85834,Dettol Αντισηπτικό Gel Για Τα Χέρια 50 ml,1.95
2025-07-18,178254,Septona Αντισηπτικό Spray Λοσιόν 70° 80 ml,1.49
2025-07-18,180073,Παπουτσάνης Natura Αντισηπτικό Spray Χεριών 100 ml,1.21
2025-07-18,176512,Septona Οργανικό Βαμβάκι Ecolife 100 gr,1.7
2025-07-18,132369,Sette Βαμβάκι 100 gr,0.8
2025-07-18,132370,Sette Βαμβάκι 200 gr,1.4
2025-07-18,26881,Μέγα Βαμβάκι 100 gr,1.38
2025-07-18,26882,Μέγα Βαμβάκι 200 gr,2.72
2025-07-18,179259,Hansaplast Elastic Επιδεσμικά 20 Τεμάχια,3.05
2025-07-18,206459,Hansaplast Soft Compress Αποστειρωμένες Γάζες 7.5 x 7.5 cm 10 Τεμάχια,1.74
2025-07-18,10400,Hansaplast Επιδεσμικά Aqua Protect 20 Τεμάχια,3.84
2025-07-18,156809,Hansaplast Επιδεσμικά Junior Mickey &amp; Friends 20 Τεμάχια,3.25
2025-07-18,192764,Hansaplast Επιδεσμικά Sensitive Animals 20 Τεμάχια,3.54
2025-07-18,24846,Hansaplast Επιδεσμικά Universal 20 Τεμάχια,2.7
2025-07-18,24847,Hansaplast Επιδεσμικά Universal 40 Τεμάχια,3.95
2025-07-18,69461,Hansaplast Επιδεσμικά Υποαλλεργικά 20 Τεμάχια,3.32
2025-07-18,49242,Hansaplast Επιδεσμική Ταινία Classic 1-25 cm x 5 m,2.25
2025-07-18,160914,Best Αλκοολούχος Λοσιόν 70° 420 ml,1.66
2025-07-18,117750,Best Αλκοολούχος Λοσιόν 95° 420 ml,2.23
2025-07-18,90770,Ποσειδών Οινόπνευμα Καθαρό 95° 245 ml,9.85
2025-07-18,90771,Ποσειδών Οινόπνευμα Φωτιστικό 93° 245 ml,1.0
2025-07-18,8025,Ποσειδών Οινόπνευμα Φωτιστικό 93° 430 ml,1.37
2025-07-18,133922,Duo Προφυλακτικά Extra Thin 12 Τεμάχια,8.96
2025-07-18,159612,Duo Προφυλακτικά Extra Thin 18 Τεμάχια,12.88
2025-07-18,133924,Duo Προφυλακτικά G Pleasure 12 Τεμάχια,9.8
2025-07-18,133921,Duo Προφυλακτικά Natural 12 Τεμάχια,7.72
2025-07-18,133926,Duo Προφυλακτικά Retarding 12 Τεμάχια,9.8
2025-07-18,89535,Durex Λιπαντικό Gel Για Μασάζ Με Αλόη 200 ml,10.98
2025-07-18,205153,Septona Υγρομάντηλα Kids On The Go 4 x 15 Τεμάχια,1.33
2025-07-18,177864,Septona Υγρομάντηλα Αντιβακτηριακά 75% Οινόπνευμα Με Καπάκι 60 Τεμάχια,1.98
2025-07-18,205151,Septona Υγρομάντηλα Αντιβακτηριακά Ανθός Πορτοκαλιού 4 x 15 Τεμάχια,1.33
2025-07-18,176515,Septona Υγρομάντηλα Αντιβακτηριακά Λεμόνι 15 Τεμάχια,0.47
2025-07-18,205150,Septona Υγρομάντηλα Αντιβακτηριακά Λεμόνι 4 x 15 Τεμάχια,1.33
2025-07-18,176516,Septona Υγρομάντηλα Αντιβακτηριακά Λεμόνι 60 Τεμάχια,1.6
2025-07-18,77685,Septona Υγρομάντηλα Αντιβακτηριακά Πράσινο Μήλο 15 Τεμάχια,0.47
2025-07-18,205152,Septona Υγρομάντηλα Αντιβακτηριακά Πράσινο Μήλο 4 x 15 Τεμάχια,1.33
2025-07-18,116106,Septona Υγρομάντηλα Αντιβακτηριακά Πράσινο Μήλο 60 Τεμάχια,1.61
2025-07-18,205154,Septona Υγρομάντηλα Αντιβακτηριδιακά 75% Οινόπνευμα 4 x 15 Τεμάχια,1.72
2025-07-18,188886,Septona Υγρομάντηλα Καθαρισμού Ενηλίκων Dermasoft 60 Τεμάχια,1.81
2025-07-18,51853,Wet Hankies Υγρομάντηλα Antibacterial 15 Τεμάχια,0.6
2025-07-18,204820,Wet Hankies Υγρομάντηλα Antibacterial 4 x 15 Τεμάχια,1.19
2025-07-18,80503,Wet Hankies Υγρομάντηλα Antibacterial 72 Τεμάχια,1.82
2025-07-18,205064,Wet Hankies Υγρομάντηλα Extra Safe 4 x 12 Τεμάχια,1.33
2025-07-18,177082,Wet Hankies Υγρομάντηλα Extra Safe 63 Τεμάχια,1.9
2025-07-18,205065,Wet Hankies Υγρομάντηλα Extra Safe XL 4 x 12 Τεμάχια,1.67
2025-07-18,203643,Wet Hankies Υγρομάντηλα Green Apple 4 x 15 Τεμάχια ,1.19
2025-07-18,55555,Wet Hankies Υγρομάντηλα Lemon 15 Τεμάχια,0.6
2025-07-18,204482,Wet Hankies Υγρομάντηλα Lemon 4 x 15 Τεμάχια ,1.19
2025-07-18,81079,Wet Hankies Υγρομάντηλα Lemon 72 Τεμάχια,1.82
2025-07-18,204483,Wet Hankies Υγρομάντηλα Lemon XL 4 x 15 Τεμάχια ,1.6
2025-07-18,205063,Wet Hankies Υγρομάντηλα Orange 4 x 15 Τεμάχια,1.19
2025-07-18,61363,Hansaplast Ωτοκαθαριστές 200 Τεμάχια,2.32
2025-07-18,180727,Johnson&#039;s Ωτοκαθαριστές 100 Τεμάχια,0.86
2025-07-18,165256,Johnson&#039;s Ωτοκαθαριστές 200 Τεμάχια,1.42
2025-07-18,180663,Septona Baby Calm N&#039; Care Παιδικοί Ωτοκαθαριστές Βιοδιασπώμενοι 50 Τεμάχια,1.71
2025-07-18,176511,Septona Ωτοκαθαριστές Eco Life 100 Τεμάχια,1.05
2025-07-18,173413,Septona Ωτοκαθαριστές Βιοδιασπώμενοι 100 Τεμάχια,0.99
2025-07-18,180661,Septona Ωτοκαθαριστές Βιοδιασπώμενοι 160 Τεμάχια,1.58
2025-07-18,180662,Septona Ωτοκαθαριστές Βιοδιασπώμενοι 200 Τεμάχια,1.25
2025-07-18,182921,Sette Ωτοκαθαριστές 100 Τεμάχια,0.58
2025-07-18,182922,Sette Ωτοκαθαριστές 200 Τεμάχια,1.06
2025-07-18,182923,Sette Ωτοκαθαριστές 300 Τεμάχια,1.67
2025-07-18,180495,Tipers Ωτοκαθαριστές Natura Vegan 100 Τεμάχια ,0.88
2025-07-18,203640,Tipers Ωτοκαθαριστές Natura Vegan 300 Τεμάχια,1.78
2025-07-18,170910,Bioten Hyaluronic Gold Αντιρυτιδική Κρέμα Νύχτας 50 ml,10.7
2025-07-18,192217,Bioten Hydro X-Cell Κρέμα Προσώπου Ημέρας Vegan 50 ml,6.19
2025-07-18,97628,Bioten Κρέμα Ημέρας Skin Moisture Για Κανονικές Μικτές Επιδερμίδες Vegan 50 ml,4.07
2025-07-18,192218,Bioten Κρέμα Ματιών Hydro X Cell Για Μείωση Μαύρων Κύκλων 15 ml ,6.19
2025-07-18,199325,Bioten Κρέμα Προσώπου Ημέρας SPF 15 Glow Expert 4D 50 ml,10.7
2025-07-18,151570,Diadermine Κρέμα Ημέρας Expert Rejuvenation 50 ml,20.35
2025-07-18,166506,Diadermine Κρέμα Ματιών Lift + Super Filler 15 ml,18.1
2025-07-18,151571,Diadermine Κρέμα Νύχτας Expert Rejuvenation 50 ml,20.35
2025-07-18,191065,Garnier Skin Active Κρέμα Ματιών Vitamine C 15 ml,11.88
2025-07-18,33190,L&#039;oreal Paris Dermo Expertise Κρέμα Ημέρας Age Perfect 50 ml,11.55
2025-07-18,9443,L&#039;oreal Paris Dermo Expertise Κρέμα Ημέρας Revitalift 50 ml,11.49
2025-07-18,116506,L&#039;oreal Paris Dermo Expertise Κρέμα Ημέρας Revitalift Laser 50 ml,16.59
2025-07-18,160533,L&#039;oreal Paris Revitalift Laser Κρέμα Ημέρας SPF 25 50 ml,16.59
2025-07-18,133464,L&#039;oreal Paris Revitalift Κρέμα Ημέρας SPF 30 50 ml,11.49
2025-07-18,9269,L&#039;oreal Paris Revitalift Κρέμα Ματιών 15 ml,11.49
2025-07-18,9268,L&#039;oreal Paris Revitalift Κρέμα Νύχτας 50 ml,11.49
2025-07-18,205146,L&#039;oreal Paris Revitalift Κρέμα Προσώπου Vitamin C 50 ml,16.65
2025-07-18,153849,L&#039;oreal Paris Wrinkle Expert 45+ Κρέμα Ημέρας 50 ml,7.02
2025-07-18,197562,L&#039;oreal Paris Κρέμα Προσώπου Bright Reveal 50 ml,12.59
2025-07-18,170911,Bioten Hyaluronic Gold Ορός Αναδιαμόρφωσης Με Πέρλες 30 ml,10.7
2025-07-18,192216,Bioten Hydro X-Cell Ενυδατικός Ορός Προσώπου 30 ml,6.19
2025-07-18,189684,Bioten Nutri Calcium Κρέμα Προσώπου Ημέρας SPF 10 50 ml,10.7
2025-07-18,199324,Bioten Μάσκα Ματιών Glow Expert 4D 15 ml,10.7
2025-07-18,195796,Bioten Μάσκα Ματιών Hydro X Cell,1.68
2025-07-18,199111,Bioten Μάσκα Προσώπου Hyaluronic Gold 1 Τεμάχιο,2.33
2025-07-18,190838,Bioten Μάσκα Προσώπου Hyaluronic Gold 25 ml,1.68
2025-07-18,181135,Bioten Μάσκα Προσώπου Tissue Collagen 20 ml,1.55
2025-07-18,181721,Bioten Μάσκα Προσώπου Tissue Hyaluronic 20 ml,1.55
2025-07-18,190570,Diadermine Lift + Super Filler Αντιγηραντικός Ορός Προσώπου 30 ml ,19.88
2025-07-18,149074,Diadermine Κρέμα Ημέρας Hidratante Ματ Ενυδατική 50 ml,7.95
2025-07-18,178600,Garnier Skin Active Μάσκα Προσώπου Hydra Bomb Υφασμάτινη Vegan 28 gr,2.68
2025-07-18,147673,Garnier Skin Active Μάσκα Προσώπου Moisture Bomb Υφασμάτινη Vegan 32 gr,2.68
2025-07-18,158044,Garnier Skin Active Μάσκα Προσώπου Pure Charcoal BlackΥφασμάτινη Vegan 28 gr,2.68
2025-07-18,178612,Garnier Skin Naturals Hyaluronic Aloe Jelly Ενυδατική Κρέμα Για Κανονική Επιδερμίδα 50 ml,8.28
2025-07-18,183574,Garnier Skin Naturals Hyaluronic Aloe Super Serum Ορός Προσώπου 30 ml,11.75
2025-07-18,89664,Johnson&#039;s Face Care Καθαρισμός &amp; Απολέπιση Daily Essentials 150 ml,3.52
2025-07-18,197561,L&#039;oreal Paris Bright Reveal Ορός Προσώπου Niacinamide 30 ml,16.79
2025-07-18,191063,L&#039;oreal Paris Revitalift Clinical Ορός Προσώπου 12% Καθαρή Βιτάμινη C 30 ml,16.65
2025-07-18,172971,L&#039;oreal Paris Revitalift Filler Ορός Προσώπου 30 ml,16.59
2025-07-18,191064,L&#039;oreal Paris Κρέμα Προσώπου Ημέρας Revitalift 50 ml,16.59
2025-07-18,191911,Le Petit Marseillais Ενυδατικό Stick Χειλιών Θρέψης Καριτέ- Γλυκό Αμύγδαλο &amp; Έλαιο Argan 4-9 gr,2.98
2025-07-18,198743,Liposan Ενυδατικό Χειλιών Caring Beauty Nude Pink 4.8 gr,3.92
2025-07-18,190527,Liposan Ενυδατικό Χειλιών Soft Rose 4-8 gr,3.2
2025-07-18,193268,Liposan Ενυδατικό Χειλιών Βατόμουρο Vegan 4-8 gr,3.2
2025-07-18,9406,Liposan Ενυδατικό Χειλιών Κεράσι Vegan 4-8 gr,3.2
2025-07-18,9407,Liposan Ενυδατικό Χειλιών Λευκό 4-8 gr,3.2
2025-07-18,122838,Nivea Cellular Filler Κρέμα Ημέρας SPF 15 50 ml,11.72
2025-07-18,177245,Nivea Cellular Luminous 630 Ορός Κατά Των Κηλίδων 30 ml,14.9
2025-07-18,205131,Nivea Cellular Ορός Λάμψης Expert Filler Με Βιταμίνη C 30 ml,12.53
2025-07-18,198603,Nivea Luminous 630 Ορός Προσώπου Anti Strech 100 ml,8.53
2025-07-18,197292,Nivea Men Κρέμα Gel Προσώπου Sensitive 50 ml,7.08
2025-07-18,205135,Nivea Men Κρεμα Προσώπου Anti Age 2 in 1 SPF30 50 ml,11.58
2025-07-18,198604,Nivea Men Ορός Προσώπου Anti Age 30 ml,13.02
2025-07-18,177246,Nivea Q10 Energy Μάσκα Προσώπου Υφασμάτινη Για Αναπλήρωση Ενέργειας ,1.75
2025-07-18,201469,Nivea Q10 Power Κρέμα Προσώπου Ημέρας Αντιρυτιδική SPF 15 50 ml ,10.09
2025-07-18,201838,Nivea Q10 Power Κρέμα Προσώπου Νύχτας Αντιρυτιδική 50 ml ,10.09
2025-07-18,201781,Nivea Q10 Ορός Γεμίσματος Anti Wrinkle Expert Filler Κατά Των Ρυτίδων 15 ml,10.5
2025-07-18,198745,Nivea Q10 Ορός Διπλής Δράσης Anti Wrinkle Expert Dual Action Κατά Των Ρυτίδων 30 ml,11.55
2025-07-18,91559,Nivea Ενυδατική Κρέμα Ημέρας SPF 15 50 ml,4.5
2025-07-18,178682,Nivea Μάσκα Προσώπου Υφασμάτινη Για Αναπλήρωση Όγκου,1.9
2025-07-18,178684,Nivea Υφασμάτινη Μάσκα Προσώπου Skin Detox 10 Λεπτών,1.58
2025-07-18,191756,Pantene Pro V Miracles Ορός Μαλλιών Ενυδάτωση &amp; Λάμψη 70 ml,6.59
2025-07-18,170932,Bioten Micellar Gel Καθαρισμού Προσώπου Detox Για Κανονική/Λιπαρή Επιδερμίδα Vegan 200 ml,3.27
2025-07-18,171188,Bioten Skin Moisture Micellar Gel Καθαρισμού Κανονική/Μεικτή Επιδερμίδα Vegan 200 ml,3.27
2025-07-18,103324,Bioten Απολεπιστική Κρέμα Προσώπου Skin Moisture Για Κανονικές Μικτές Επιδερμίδες 150 ml,3.05
2025-07-18,190840,Bioten Νερό Καθαρισμού Προσώπου Hyaluronic Gold 400 ml,3.82
2025-07-18,189144,Bioten Νερό Καθαρισμού Προσώπου Skin Moisture Για Ξηρή Επιδερμίδα Vegan 400 ml,3.82
2025-07-18,173199,Carroten Coconut Dreams Body Fragrance Mist 200 ml,6.48
2025-07-18,136119,Demakup Expert Δίσκοι Ντεμακιγιάζ Οβάλ 50 Τεμάχια,2.37
2025-07-18,163852,Diadermine Gel Micellar Καθαρισμού Προσώπου Soothing 150 ml,6.2
2025-07-18,169015,Diadermine Micellar Νερό Καθαρισμού Προσώπου Caring 400 ml,8.68
2025-07-18,149076,Diadermine Micellar Νερό Καθαρισμού Προσώπου Hydrating 400 ml,8.68
2025-07-18,119629,Farcom Τονωτική Λοσιόν Καθαρισμού Προσώπου Ροδόνερο 300 ml,1.37
2025-07-18,158260,Garnier Skin Active Διφασικό Micellaire Όλα σε 1 Ντεμακιγιάζ 100 ml,2.82
2025-07-18,178613,Garnier Skin Naturals Gel Καθαρισμού Προσώπου Hyaluronic Aloe Vegan 200 ml,6.4
2025-07-18,150317,Garnier Νερό Διφασικό Ντεμακιγιάζ Micellaire Όλα Σε 1 400 ml,7.75
2025-07-18,155428,Garnier Νερό Ντεμακιγιάζ Micellaire 100 ml,2.82
2025-07-18,172973,Garnier Νερό Ντεμακιγιάζ Micellaire Με Ροδόνερο 400 ml,7.75
2025-07-18,124078,Garnier Νερό Ντεμακιγιάζ Micellar 400 ml,7.75
2025-07-18,89656,Johnson&#039;s Daily Essentials Μαντηλάκια Καθαρισμού Κανονική Επιδερμίδα 25 Τεμάχια,2.25
2025-07-18,89658,Johnson&#039;s Face Care Gel Καθαρισμού Προσώπου Daily Essentials 150 ml,3.52
2025-07-18,197559,L&#039;oreal Paris Bright Reveal Καθαρισμός Προσώπου Soft Fading 150 ml ,4.35
2025-07-18,152377,L&#039;oreal Paris Fine Flowers Gel Καθαρισμού Για Ξηρό/Ευαίσθητο Δέρμα 150 ml ,3.72
2025-07-18,203954,L&#039;oreal Paris Revitalift Filler Gel Καθαρισμού Προσώπου 150 ml,4.36
2025-07-18,184496,L&#039;oreal Paris Revitalift Gel Καθαρισμού Προσώπου Απολέπισης 150 ml ,3.26
2025-07-18,184495,L&#039;oreal Paris Revitalift Καθαρισμού Προσώπου 180 ml,6.19
2025-07-18,197560,L&#039;oreal Paris Revitalift Καθαρισμός Προσώπου Vitamine C 150 ml,4.35
2025-07-18,48377,L&#039;oreal Paris Υγρό Αδιάβροχο Ντεμακιγιάζ Ματιών &amp; Χειλιών 125 ml,4.11
2025-07-18,73471,Nivea Clear Up Strips Ταινίες Καθαρισμού 6 Τεμάχια,4.03
2025-07-18,192219,Nivea Derma Skin Clear Gel Καθαρισμού Προσώπου Κατά Των Πόρων 150 ml,3.32
2025-07-18,184394,Nivea Gel Βαθύ Καθαρισμού Προσώπου Άλγη Ωκεανού Μικτή/Λιπαρή Επιδερμίδα 150 ml,3.49
2025-07-18,73460,Nivea Gel Βαθύ Καθαρισμού Προσώπου Άνθος Λωτού Κανονική/Μικτή Επιδερμίδα 150 ml,3.49
2025-07-18,198749,Nivea Micellar Νερο Καθαρισμού Skin Glow 400 ml,3.88
2025-07-18,173660,Nivea Micellar Νερο Καθαρισμού Με Ροδόνερο 2 Φάσεων 400 ml,3.88
2025-07-18,73475,Nivea Γαλάκτωμα Καθαρισμού Lotus Flower Κανονική Επιδερμίδα 200 ml,3.19
2025-07-18,203642,Pom Pon Δίσκοι Ντεμακιγιάζ 100 Τεμάχια,1.16
2025-07-18,203641,Pom Pon Δίσκοι Ντεμακιγιάζ Μεγάλοι 40 Τεμάχια,1.03
2025-07-18,203639,Pom Pon Υγρομάντηλα Ντεμακιγιάζ 2 x 20 Τεμάχια,2.98
2025-07-18,204119,Pom Pon Υγρομάντηλα Ντεμακιγιάζ Intensive Skincare 2 χ 20 Τεμάχια,2.98
2025-07-18,204488,Pom Pon Υγρομάντηλα Ντεμακιγιάζ Micellaire 2 χ 20 Τεμάχια,2.98
2025-07-18,205598,Pom Pon Υγρομάντηλα Ντεμακιγιάζ Natural 2 χ 20 Τεμάχια,3.3
2025-07-18,204485,Pom Pon Υγρομάντηλα Ντεμακιγιάζ Sensitive 2 χ 20 Τεμάχια,2.98
2025-07-18,205157,Septona Dermasoft Μαντηλάκια Ντεμακιγιάζ Με Hyaluronic Acid &amp; Pearl 2 x 20 Τεμάχια,2.48
2025-07-18,205155,Septona Dermasoft Μαντηλάκια Ντεμακιγιάζ Με Vitamin C &amp; Micellar 2 x 20 Τεμάχια,2.61
2025-07-18,203867,Septona Δίσκοι Ντεμακιγιάζ Οβάλ 65 Τεμάχια,1.94
2025-07-18,203866,Septona Δίσκοι Ντεμακιγιάζ Στρογγυλοί 120 Τεμάχια,1.67
2025-07-18,205156,Septona Υγρά Μαντηλάκια Ντεμακιγιάζ Ορχιδέα Για Όλες Τις Επιδερμίδες 2 x 20 Τεμάχια ,2.61
2025-07-18,172397,Always Discreet Boutique Πάνες Ακράτειας Large 8 Τεμάχια,7.34
2025-07-18,172398,Always Discreet Boutique Πάνες Ακράτειας Medium 9 Τεμάχια,7.34
2025-07-18,172393,Always Discreet Σερβιέτες Ακράτειας Long 10 Τεμάχια,3.24
2025-07-18,172396,Always Discreet Σερβιέτες Ακράτειας Long Plus 8 Τεμάχια,3.24
2025-07-18,172392,Always Discreet Σερβιέτες Ακράτειας Normal 12 Τεμάχια,3.24
2025-07-18,199699,Sani Lady Fresh Σερβιέτες Ακράτειας N5 Super 20 Τεμάχια,5.28
2025-07-18,200052,Sani Lady Night Σερβιέτες Ακράτειας N4 Extra 12 Τεμάχια,3.8
2025-07-18,200051,Sani Lady Sensitive Σερβιέτες Ακράτειας N4+ Maxi 12 Τεμάχια,3.18
2025-07-18,199590,Sani Sensitive Fresh Pants Εσώρουχα Ακράτειας N2 Medium 14 Τεμάχια,8.4
2025-07-18,199589,Sani Sensitive Fresh Pants Εσώρουχα Ακράτειας N3 Large 14 Τεμάχια,9.98
2025-07-18,200050,Sani Sensitive Fresh Pants Εσώρουχα Ακράτειας N4 Extra Large 14 Τεμάχια,11.75
2025-07-18,158029,Sani Sensitive Fresh Υποσέντονα Maxi Plus 90 x 60 15 Τεμάχια,4.27
2025-07-18,172948,Sani Sensitive Lady Discreet Cotton Σερβιέτες Ακράτειας N4 Extra 16 Τεμάχια,3.66
2025-07-18,71361,Sani Sensitive Lady Discreet Cotton Σερβιέτες Ακράτειας N5 Super 10 Τεμάχια,2.79
2025-07-18,197698,Sani Sensitive Lady Discreet Cotton Σερβιέτες Ακράτειας N5 Super 20 Τεμάχια,5.08
2025-07-18,100734,Sani Sensitive Lady Discreet Cotton Σερβιέτες Ακράτειας N6 Extra Large 10 Τεμάχια,3.83
2025-07-18,199812,Sani Sensitive Lady Σερβιέτες Ακράτειας Ν3 Normal 20 Τεμάχια,4.0
2025-07-18,197699,Sani Sensitive Men Απορροφητικό Προστατευτικό Level 3 Super 10 Τεμάχια,3.39
2025-07-18,197882,Sani Sensitive Men Επίθεμα Ακράτειας Ν2 Medium 10 Τεμάχια,2.83
2025-07-18,184159,Sani Sensitive Pants Premium Εσώρουχα Ακράτειας N2 Medium 12 Τεμάχια,6.9
2025-07-18,184160,Sani Sensitive Pants Premium Εσώρουχα Ακράτειας N3 Large 12 Τεμάχια,7.85
2025-07-18,184161,Sani Sensitive Pants Premium Εσώρουχα Ακράτειας N4 Extra Large 12 Τεμάχια,9.49
2025-07-18,118158,Sani Sensitive Pants Εσώρουχα Ακράτειας N1 Small 14 Τεμάχια,6.48
2025-07-18,118159,Sani Sensitive Pants Εσώρουχα Ακράτειας N2 Medium 14 Τεμάχια,7.68
2025-07-18,194623,Sani Sensitive Pants Εσώρουχα Ακράτειας N2 Medium 24 Τεμάχια,12.67
2025-07-18,118160,Sani Sensitive Pants Εσώρουχα Ακράτειας N3 Large 14 Τεμάχια,8.99
2025-07-18,194624,Sani Sensitive Pants Εσώρουχα Ακράτειας N3 Large 24 Τεμάχια,15.1
2025-07-18,185779,Sani Sensitive Pants Εσώρουχα Ακράτειας N4 Extra Large 14 Τεμάχια,10.98
2025-07-18,199047,Sani Sensitive Pants Εσώρουχα Ακράτειας N5 N5 XXL 14 Τεμάχια,13.0
2025-07-18,47911,Sani Sensitive Πάνες Ακράτειας Ν2 Medium 15 Τεμάχια,7.18
2025-07-18,47910,Sani Sensitive Πάνες Ακράτειας Ν3 Large 12 Τεμάχια,7.18
2025-07-18,95364,Sani Sensitive Πάνες Ακράτειας Ν4 Extra Large 10 Τεμάχια,7.18
2025-07-18,127555,Sani Sensitive Υποσέντονα Χωρίς Άρωμα Maxi Plus 90 x 60 15 Τεμάχια,3.36
2025-07-18,161780,Septona Υποσέντονα Dry Plus 90 x 60 15 Τεμάχια,4.28
2025-07-18,165613,Septona Υποσέντονα Dry Plus Με Άρωμα 90 x 60 15 Τεμάχια,3.95
2025-07-18,183795,Sette Comfort Pants Εσώρουχα Ακράτειας Νο2 Medium 14 Τεμάχια,6.45
2025-07-18,183796,Sette Comfort Pants Εσώρουχα Ακράτειας Νο3 Large 14 Τεμάχια,6.6
2025-07-18,183753,Sette Comfort Slip Πάνες Ακράτειας Νο2 Medium 15 Τεμάχια,6.45
2025-07-18,183754,Sette Comfort Slip Πάνες Ακράτειας Νο3 Large 12 Τεμάχια,6.45
2025-07-18,183755,Sette Comfort Slip Πάνες Ακράτειας Νο4 Extra Large 10 Τεμάχια,6.45
2025-07-18,183794,Sette Lady Σερβιέτες Ακράτειας Extra 10 Τεμάχια,2.28
2025-07-18,183792,Sette Lady Σερβιέτες Ακράτειας Normal 10 Τεμάχια,1.55
2025-07-18,183793,Sette Lady Σερβιέτες Ακράτειας Super 10 Τεμάχια,2.18
2025-07-18,168791,Sette Υποσέντονα Comfort 60 x 90 15 Τεμάχια,3.6
2025-07-18,168792,Sette Υποσέντονα Comfort 90 x 180 15 Τεμάχια,6.55
2025-07-18,121217,Tena Discreet Protect+ Σερβιέτες Ακράτειας Maxi 12 Τεμάχια,4.45
2025-07-18,105281,Tena Discreet Protect+ Σερβιέτες Ακράτειας Maxi Night 12 Τεμάχια,4.56
2025-07-18,156286,Tena Discreet Ultra Σερβιέτες Ακράτειας Normal 16 Τεμάχια,2.68
2025-07-18,61379,Tena Discreet Σερβιέτες Ακράτειας Extra 20 Τεμάχια,4.83
2025-07-18,201606,Tena Discreet Σερβιέτες Ακράτειας Extra Plus 16 Τεμάχια,4.83
2025-07-18,171532,Tena Discreet Σερβιέτες Ακράτειας Mini 20 Τεμάχια,2.69
2025-07-18,156284,Tena Discreet Σερβιέτες Ακράτειας Normal 24 Τεμάχια,4.64
2025-07-18,62014,Tena Lady Σερβιέτες Ακράτειας Super 15 Τεμάχια,3.92
2025-07-18,181180,Tena Lights Sensitive Σερβιέτες Ακράτειας Liners Long 20 Τεμάχια,2.02
2025-07-18,155681,Tena Men Active Fit Pants Εσώρουχα Ακράτειας Plus Large - Extra Large 8 Τεμάχια,6.09
2025-07-18,162675,Tena Men Active Fit Pants Εσώρουχα Ακράτειας Plus Small - Medium 9 Τεμάχια,6.09
2025-07-18,116088,Tena Men Active Fit Επιθέματα Ακράτειας Absorbent Protector Level 2 10 Τεμάχια,3.19
2025-07-18,172384,Tena Men Active Fit Επιθέματα Ακράτειας Absorbent Protector Level 3 8 Τεμάχια,3.19
2025-07-18,146679,Tena Pants Culottes Πάνες Ακράτειας Plus Night Large 12 Τεμάχια,9.69
2025-07-18,146678,Tena Pants Culottes Πάνες Ακράτειας Plus Night Medium 12 Τεμάχια,8.58
2025-07-18,179735,Tena Pants Original Πάνες Ακράτειας Normal Large 30 Τεμάχια,16.84
2025-07-18,179736,Tena Pants Original Πάνες Ακράτειας Normal Medium 30 Τεμάχια,14.54
2025-07-18,69366,Tena Pants Πάνες Ακράτειας Plus Extra Large 12 Τεμάχια,9.74
2025-07-18,98615,Tena Pants Πάνες Ακράτειας Plus Large 14 Τεμάχια,9.43
2025-07-18,191879,Tena Pants Πάνες Ακράτειας Plus Large 24 Τεμάχια,15.35
2025-07-18,141382,Tena Pants Πάνες Ακράτειας Plus Medium 14 Τεμάχια,8.36
2025-07-18,191878,Tena Pants Πάνες Ακράτειας Plus Medium 24 Τεμάχια,13.6
2025-07-18,69153,Tena Pants Πάνες Ακράτειας Plus Small 14 Τεμάχια,7.4
2025-07-18,47614,Tena Slip Πάνες Ακράτειας Super Large 25 Τεμάχια,24.45
2025-07-18,47654,Tena Slip Πάνες Ακράτειας Super Medium 25 Τεμάχια,20.95
2025-07-18,166063,Always Maxi Night Σερβιέτες Profresh 9 Τεμάχια,3.57
2025-07-18,166062,Always Maxi Σερβιέτες Long 12 Τεμάχια,3.57
2025-07-18,153633,Always Platinum Σερβιέτες Day &amp; Night 12 Τεμάχια,2.42
2025-07-18,194820,Always Platinum Σερβιέτες Day &amp; Night 22 Τεμάχια,4.78
2025-07-18,153638,Always Platinum Σερβιέτες Day &amp; Night 6 Τεμάχια,1.79
2025-07-18,153631,Always Platinum Σερβιέτες Normal 16 Τεμάχια,2.42
2025-07-18,179968,Always Platinum Σερβιέτες Secure Night 10 Τεμάχια,2.42
2025-07-18,179969,Always Platinum Σερβιέτες Secure Night 5 Τεμάχια,1.79
2025-07-18,153632,Always Platinum Σερβιέτες Super 14 Τεμάχια,2.42
2025-07-18,153637,Always Platinum Σερβιέτες Super 7 Τεμάχια,1.79
2025-07-18,194821,Always Platinum Σερβιέτες Ultra Long 26 Τεμάχια,4.78
2025-07-18,194056,Always Ultra Day Σερβιέτες Super 18 Τεμάχια,2.42
2025-07-18,194057,Always Ultra Day Σερβιέτες Super 36 Τεμάχια,4.78
2025-07-18,140978,Always Ultra Σερβιέτες Long 8 Τεμάχια,1.79
2025-07-18,193910,Always Ultra Σερβιέτες Normal 20 Τεμάχια,2.42
2025-07-18,194822,Always Ultra Σερβιέτες Normal 40 Τεμάχια,4.78
2025-07-18,179970,Always Ultra Σερβιέτες Secure Night 12 Τεμάχια,2.42
2025-07-18,179967,Always Ultra Σερβιέτες Secure Night 6 Τεμάχια,1.79
2025-07-18,205576,Always Ultra Day Σερβιέτες Super Extra 16 Τεμάχια,2.42
2025-07-18,206159,Always Ultra Day Σερβιέτες Super Extra 32 Τεμάχια,4.78
2025-07-18,171522,Everyday Double Dry Σερβιέτες Ultra Plus Extra Long 16 Τεμάχια,3.47
2025-07-18,171524,Everyday Double Dry Σερβιέτες Ultra Plus Maxi Night 16 Τεμάχια,2.89
2025-07-18,122199,Everyday Fresh Σερβιέτες Ultra Plus Maxi Night 18 Τεμάχια,2.57
2025-07-18,69376,Everyday Fresh Σερβιέτες Ultra Plus Normal 10 Τεμάχια,1.79
2025-07-18,122200,Everyday Fresh Σερβιέτες Ultra Plus Normal 18 Τεμάχια,2.57
2025-07-18,108954,Everyday Fresh Σερβιέτες Ultra Plus Super 18 Τεμάχια,2.57
2025-07-18,8387,Everyday Hyperdry Σερβιέτες Super Ultra Plus 10 Τεμάχια,1.79
2025-07-18,104150,Everyday Hyperdry Σερβιέτες Super Ultra Plus 18 Τεμάχια,2.26
2025-07-18,179078,Everyday Hyperdry Σερβιέτες Ultra Extra Long 18 Τεμάχια,3.12
2025-07-18,45832,Everyday Hyperdry Σερβιέτες Ultra Plus Extra Long 10 Τεμάχια,2.12
2025-07-18,203772,Everyday Hyperdry Σερβιέτες Ultra Plus Maxi Night 30 Τεμάχια,3.03
2025-07-18,104151,Everyday Hyperdry Σερβιέτες Ultra Plus Night 18 Τεμάχια,2.26
2025-07-18,104152,Everyday Hyperdry Σερβιέτες Ultra Plus Normal 18 Τεμάχια,2.26
2025-07-18,203770,Everyday Hyperdry Σερβιέτες Ultra Plus Normal 30 Τεμάχια,3.03
2025-07-18,203771,Everyday Hyperdry Σερβιέτες Ultra Plus Super 30 Τεμάχια,3.03
2025-07-18,164406,Everyday Sensitive Σερβιέτες Ultra Plus Extra Long 18 Τεμάχια,3.23
2025-07-18,130287,Everyday Sensitive Σερβιέτες Ultra Plus Maxi Night 18 Τεμάχια,2.57
2025-07-18,203775,Everyday Sensitive Σερβιέτες Ultra Plus Maxi Night 30 Τεμάχια,3.36
2025-07-18,168432,Everyday Sensitive Σερβιέτες Ultra Plus Mini 18 Τεμάχια,2.3
2025-07-18,8411,Everyday Sensitive Σερβιέτες Ultra Plus Normal 10 Τεμάχια,1.79
2025-07-18,130289,Everyday Sensitive Σερβιέτες Ultra Plus Normal 18 Τεμάχια,2.57
2025-07-18,203773,Everyday Sensitive Σερβιέτες Ultra Plus Normal 30 Τεμάχια,3.36
2025-07-18,130288,Everyday Sensitive Σερβιέτες Ultra Plus Super 18 Τεμάχια,2.57
2025-07-18,203774,Everyday Sensitive Σερβιέτες Ultra Plus Super 30 Τεμάχια,3.36
2025-07-18,183022,Libresse Σερβιέτες Goodnight Ultra Large Με Φτερά 16 Τεμάχια,2.47
2025-07-18,8358,Libresse Σερβιέτες Maxi Goodnight+ Με Φτερά 10 Τεμάχια,1.58
2025-07-18,149163,Libresse Σερβιέτες Ultra Long+ Με Φτερά 16 Τεμάχια,2.33
2025-07-18,154590,Libresse Σερβιέτες Ultra+ Regular Με Φτερά 10 Τεμάχια,1.21
2025-07-18,149159,Libresse Σερβιέτες Ultra+ Regular Με Φτερά 20 Τεμάχια,2.33
2025-07-18,179971,Always Dailies Σερβιετάκια Cotton Protection Large 32 Τεμάχια ,2.99
2025-07-18,179972,Always Dailies Σερβιετάκια Cotton Protection Normal 38 Τεμάχια ,2.99
2025-07-18,116619,Always Daily Σερβιετάκια Fresh Normal 20 Τεμάχια,1.39
2025-07-18,116620,Always Daily Σερβιετάκια Fresh Normal 30 Τεμάχια ,1.99
2025-07-18,204410,Always Daily Σερβιετάκια Fresh Normal 60 Τεμάχια,3.65
2025-07-18,160284,Always Daily Σερβιετάκια Normal To Go 20 Τεμάχια,1.39
2025-07-18,204409,Always Daily Σερβιετάκια Protect Extra Long 44 Τεμάχια,3.65
2025-07-18,204408,Always Daily Σερβιετάκια Protect Long 52 Τεμάχια,3.65
2025-07-18,204758,Carefree Σερβιετάκια Cotton Feel Fresh 20 Τεμάχια,1.51
2025-07-18,203380,Carefree Σερβιετάκια Cotton Fresh 56 Τεμάχια ,2.39
2025-07-18,203375,Carefree Σερβιετάκια Flexi Fresh 56 Τεμάχια ,2.69
2025-07-18,32659,Carefree Σερβιετάκια Flexiform White 30 Τεμάχια,1.73
2025-07-18,203384,Carefree Σερβιετάκια Flexiform Με Εκχύλισμα Βαμβακιού Χωρίς Άρωμα 56 Τεμάχια ,2.69
2025-07-18,203387,Carefree Σερβιετάκια Long 40 Τεμάχια ,2.57
2025-07-18,197321,Carefree Σερβιετάκια Normal Με Αλόε Βέρα 30 Τεμάχια ,1.53
2025-07-18,188504,Carefree Σερβιετάκια Organic Normal 30 Τεμάχια,1.6
2025-07-18,203379,Carefree Σερβιετάκια Με Αλόη Βέρα 56 Τεμάχια ,2.39
2025-07-18,48610,Everyday All Cotton Σερβιετάκια Extra Long 24 Τεμάχια,2.34
2025-07-18,87390,Everyday All Cotton Σερβιετάκια Extra Long 44 Τεμάχια,4.57
2025-07-18,19755,Everyday All Cotton Σερβιετάκια Large 30 Τεμάχια,2.34
2025-07-18,68536,Everyday All Cotton Σερβιετάκια Large 50 Τεμάχια ,4.12
2025-07-18,8393,Everyday All Cotton Σερβιετάκια Normal 20 Τεμάχια,1.13
2025-07-18,129460,Everyday All Cotton Σερβιετάκια Normal 30 Τεμάχια,2.07
2025-07-18,31783,Everyday All Cotton Σερβιετάκια Normal 60 Τεμάχια ,3.94
2025-07-18,203949,Everyday Extra Dry Σερβιετάκια Extra Long 44 Τεμάχια,4.14
2025-07-18,19754,Everyday Extra Dry Σερβιετάκια Large 30 Τεμάχια,2.23
2025-07-18,203948,Everyday Extra Dry Σερβιετάκια Large 50 Τεμάχια,3.84
2025-07-18,127597,Everyday Extra Dry Σερβιετάκια Normal 30 Τεμάχια,1.92
2025-07-18,31782,Everyday Extra Dry Σερβιετάκια Normal 60 Τεμάχια,3.78
2025-07-18,8386,Everyday Extra Dry Σερβιετάκια Normal Χαμομήλι 20 Τεμάχια,1.26
2025-07-18,185765,Everyday Σερβιετάκια Normal Fresh 20 Τεμάχια ,1.29
2025-07-18,190516,Libresse Σερβιετάκια Long 50 Τεμάχια ,2.77
2025-07-18,190517,Libresse Σερβιετάκια Regular 64 Τεμάχια,2.86
2025-07-18,8379,O.B. Pro Comfort Ταμπόν Mini 16 Τεμάχια,2.66
2025-07-18,53646,O.B. Pro Comfort Ταμπόν Normal 16 Τεμάχια,3.42
2025-07-18,171934,O.B. Pro Comfort Ταμπόν Normal 8 Τεμάχια,2.24
2025-07-18,53647,O.B. Pro Comfort Ταμπόν Super 16 Τεμάχια,3.44
2025-07-18,8326,O.B. Pro Comfort Ταμπόν Super 16 Τεμάχια,3.42
2025-07-18,171935,O.B. Pro Comfort Ταμπόν Super Plus 16 Τεμάχια,3.42
2025-07-18,8325,O.B. Ταμπόν Normal 16 Τεμάχια,3.42
2025-07-18,168746,Tampax Compak Ταμπόν Regural 16 Τεμάχια,3.29
2025-07-18,171361,Tampax Compak Ταμπόν Super 16 Τεμάχια,3.96
2025-07-18,171360,Tampax Compak Ταμπόν Super Plus 16 Τεμάχια,3.29
2025-07-18,169177,Carefree Wash Green Tea &amp; Aloe Αφρός 200 ml,1.91
2025-07-18,205599,Everyday Chamomile Care Υγρά Μαντηλάκια Καθαρισμού Περιοχής 15 Τεμάχια ,1.42
2025-07-18,194088,Everyday Chamomile Care Υγρό Καθαρισμού Ευαίσθητης Περιοχής 250 ml,1.92
2025-07-18,194090,Everyday Fresh Care Υγρό Καθαρισμού Ευαίσθητης Περιοχής 250 ml,1.92
2025-07-18,161427,Lactacyd Intimate Wipes Υγρά Μαντηλάκια Καθαρισμού Ευαίσθητης Περιοχής 15 Τεμάχια,2.96
2025-07-18,159030,Lactacyd Υγρό Καθαρισμού Ευαίσθητης Περιοχής 200 ml,3.64
2025-07-18,145684,Sanex Intimate Care Sensitive Υγρό Καθαρισμού Για Την Ευαίσθητη Περιοχή 250 ml,1.96
2025-07-18,146245,Best Χαρτοβάμβακας 50 Φύλλα 320 gr,3.06
2025-07-18,9947,Oral B Οδοντικό Νήμα Κηρωμένο 50 m,1.99
2025-07-18,205209,Aim Οδοντόβουρτσα Anti Plaque Μέτρια 2 Τεμάχια,1.09
2025-07-18,95395,Aim Οδοντόβουρτσα Ultra Reach Μέτρια,2.49
2025-07-18,116635,Aim Οδοντόβουρτσα Vertical Expert Μαλακή,2.06
2025-07-18,155718,Aim Οδοντόβουρτσα White Now Carbon &amp; Correct Μέτρια,2.49
2025-07-18,181332,Aim Οδοντόβουρτσα White Now Shiny Μαλακή,2.49
2025-07-18,175518,Aim Οδοντόβουρτσα White Now Smile Detox Μαλακή,2.49
2025-07-18,98389,Aim Οδοντόβουρτσα White Now Ultra Reach Μέτρια,2.49
2025-07-18,24789,Aim Οδοντόβουρτσα White System Μέτρια,2.04
2025-07-18,199917,Aim Παιδική Οδοντόβουρτσα 0 - 6 Ετών,1.75
2025-07-18,200946,Aim Παιδική Οδοντόβουρτσα 6+ Ετών,1.89
2025-07-18,51494,Colgate Οδοντόβουρτσα 360 Medium 1 Τεμάχιο ,2.46
2025-07-18,96604,Colgate Οδοντόβουρτσα Extra Clean Medium 2 Τεμάχια,1.96
2025-07-18,202008,Colgate Οδοντόβουρτσα Max White Medium 2 Τεμάχια,2.15
2025-07-18,191279,Colgate Οδοντόβουρτσα Max White Ultra Charcoal Μαλακή ,2.69
2025-07-18,128860,Colgate Οδοντόβουρτσα Slim Soft Charcoal Μαλακή ,1.99
2025-07-18,121141,Colgate Οδοντόβουρτσα Slim Soft Ultra Compact Head,1.99
2025-07-18,192561,Colgate Οδοντόβουρτσα Twister Soft 4 Τεμάχια,2.99
2025-07-18,186296,Colgate Οδοντόβουρτσα Zig Zag Charcoal Medium 3 Τεμάχια,2.79
2025-07-18,96607,Colgate Οδοντόβουρτσα Zig Zag Μέτρια 2 Τεμάχια,2.09
2025-07-18,64510,Colgate Οδοντόβουρτσα Παιδική 6+ Ετών Μαλακή ,1.75
2025-07-18,173478,Oral B Ανταλλακτκά Οδοντόβουρτσας Cross Action Black 4 Τεμάχια,17.98
2025-07-18,197849,Oral B Ανταλλακτκά Οδοντόβουρτσας Kids Spiderman 2 Τεμάχια,9.99
2025-07-18,30690,Oral B Ανταλλακτκά Οδοντόβουρτσας Precision Clean 2 Τεμάχια,8.78
2025-07-18,193301,Oral B Ηλεκτρική Οδοντόβουρτσα Black Hanger,35.99
2025-07-18,9911,Oral B Οδοντόβουρτσα 1 2 3 Indicator Oval,0.74
2025-07-18,193303,Oral B Οδοντόβουρτσα Ηλεκτρική Vitality Pro Black,23.99
2025-07-18,195242,Oral B Οδοντόβουρτσα Ηλεκτρική Vitality Pro Kids Spinderman 3+ Ετών,23.99
2025-07-18,122892,Sensodyne Οδοντόβουρτσα Complete Protection Μαλακή,3.9
2025-07-18,201911,Aim Οδοντόκρεμα Complete &amp; Actions Complete Protection 75 ml,1.73
2025-07-18,26855,Aim Οδοντόκρεμα Crystal Gel 75 ml,1.54
2025-07-18,41947,Aim Οδοντόκρεμα Family Protection Herbal 75 ml,1.3
2025-07-18,76447,Aim Οδοντόκρεμα White Now 75 ml,1.93
2025-07-18,174244,Aim Οδοντόκρεμα White Now Forever White 75 ml,2.81
2025-07-18,191411,Aim Οδοντόκρεμα White Now Gold 75 ml,2.75
2025-07-18,91542,Aim Οδοντόκρεμα White Now Ice Cool 75 ml,1.93
2025-07-18,174029,Aim Οδοντόκρεμα White Now Smile Detox Charcoal 75 ml,2.52
2025-07-18,194711,Aim Οδοντόκρεμα White Now Time Correct 75 ml,2.81
2025-07-18,204871,Aim Οδοντόκρεμα White System 2 x 75 ml,2.45
2025-07-18,21706,Aim Οδοντόκρεμα White System 75 ml,1.69
2025-07-18,198536,Aim Οδοντόκρεμα White System Charcoal 75 ml,1.86
2025-07-18,199918,Aim Οδοντόκρεμα Παιδική 0 - 6 Ετών 75 ml,1.79
2025-07-18,200945,Aim Παιδική Οδοντόκρεμα 6 - 13 Ετών 75 ml,1.73
2025-07-18,124452,Aloe Natura Οδοντόκρεμα Aloe Vera Propoline 75 ml,4.35
2025-07-18,200401,Colgate Οδοντόκρεμα Advanced White 75 ml ,1.86
2025-07-18,162431,Colgate Οδοντόκρεμα Family Action 100 ml,1.37
2025-07-18,198007,Colgate Οδοντόκρεμα Herbal Original 2 x 75 ml,2.88
2025-07-18,198008,Colgate Οδοντόκρεμα Herbal White 2 x 75 ml,2.88
2025-07-18,201833,Colgate Οδοντόκρεμα Max Fresh Blue 75 ml,1.6
2025-07-18,206393,Colgate Οδοντόκρεμα Max White Expert Purifying Power 75 ml,2.49
2025-07-18,204712,Colgate Οδοντόκρεμα Max Fresh Fruit Fusion 75 ml,2.19
2025-07-18,74438,Colgate Οδοντόκρεμα Max White 75 ml ,1.6
2025-07-18,168892,Colgate Οδοντόκρεμα Max White Charcoal 75 ml,2.19
2025-07-18,136885,Colgate Οδοντόκρεμα Max White Expert Original Vegan 75 ml,2.49
2025-07-18,90767,Colgate Οδοντόκρεμα Max White One 75 ml,1.92
2025-07-18,130290,Colgate Οδοντόκρεμα Max White Optic 75 ml,1.92
2025-07-18,192560,Colgate Οδοντόκρεμα Max White Purple 75 ml,2.19
2025-07-18,199545,Colgate Οδοντόκρεμα Max White Superior Clean 75 ml,2.19
2025-07-18,186488,Colgate Οδοντόκρεμα Max White Ultra Active Foam 75 ml,3.2
2025-07-18,186489,Colgate Οδοντόκρεμα Max White Ultra Freshness Pearls 75 ml,3.2
2025-07-18,204434,Colgate Οδοντόκρεμα Protection Caries 2 x 100 ml,2.99
2025-07-18,204445,Colgate Οδοντόκρεμα Sensation White 2 x 75 ml,2.74
2025-07-18,9927,Colgate Οδοντόκρεμα Sensation White 75 ml,1.6
2025-07-18,179079,Colgate Οδοντόκρεμα Sensitive Instant Relief Daily Protection 75 ml,2.66
2025-07-18,179347,Colgate Οδοντόκρεμα Sensitive Instant Relief Multi Protection 75 ml,2.66
2025-07-18,179417,Colgate Οδοντόκρεμα Sensitive Instant Relief Whitening 75 ml,2.66
2025-07-18,202362,Colgate Οδοντόκρεμα Total Active Prevention Deep Clean 75 ml,2.39
2025-07-18,202364,Colgate Οδοντόκρεμα Total Active Prevention Enamel Strength 75 ml,2.39
2025-07-18,202365,Colgate Οδοντόκρεμα Total Active Prevention Fresh Mint 75 ml,2.15
2025-07-18,202555,Colgate Οδοντόκρεμα Total Active Prevention Gum Care 75 ml,2.39
2025-07-18,202360,Colgate Οδοντόκρεμα Total Active Prevention Original 75 ml,2.15
2025-07-18,202363,Colgate Οδοντόκρεμα Total Active Prevention Sensitive Care 75 ml,2.39
2025-07-18,202361,Colgate Οδοντόκρεμα Total Active Prevention Whitening 75 ml,2.15
2025-07-18,198727,Colgate Οδοντόκρεμα Total Plaque Fresh 75 ml,2.39
2025-07-18,199669,Colgate Οδοντόκρεμα Total White Plaque 75 ml,2.39
2025-07-18,204429,Colgate Οδοντόκρεμα Triple Action 100 ml,1.79
2025-07-18,168284,Colgate Οδοντόκρεμα Παιδική 6-9 Ετών 50 ml,1.44
2025-07-18,195074,Colgate Οδοντόκρεμα Παιδική First Smiles 0-5 Ετών 50 ml,1.44
2025-07-18,198977,Sensodyne Οδοντόκρεμα Clinical Repair Active Clean 75 ml,4.4
2025-07-18,201593,Sensodyne Οδοντόκρεμα Clinical Repair Active White 75 ml,4.68
2025-07-18,121086,Sensodyne Οδοντόκρεμα Complete Protection Cool Mint 75 ml,3.42
2025-07-18,167899,Sensodyne Οδοντόκρεμα Extra Fresh 75 ml,2.79
2025-07-18,148381,Sensodyne Οδοντόκρεμα Gentle Whitening 75 ml,2.84
2025-07-18,153207,Sensodyne Οδοντόκρεμα Rapid Relief Mint 75 ml,3.42
2025-07-18,94522,Sensodyne Οδοντόκρεμα Repair &amp; Protect Cool Mint 75 ml,3.5
2025-07-18,122891,Sensodyne Οδοντόκρεμα Repair &amp; Protect Extra Fresh 75 ml,3.5
2025-07-18,105356,Sensodyne Οδοντόκρεμα Repair &amp; Protect Whitening 75 ml,3.5
2025-07-18,168263,Sensodyne Οδοντόκρεμα Sensitivity &amp; Gum Caring Mint 75 ml,3.42
2025-07-18,172549,Sensodyne Οδοντόκρεμα Sensitivity &amp; Gum Whitening 75 ml,3.42
2025-07-18,106003,Corega Καθαριστικά Δισκία 3 Minutes Για Οδοντοστοιχίες 48 Τεμάχια,7.1
2025-07-18,166992,Corega Καθαριστικά Δισκία Whitening Για Οδοντοστοιχίες 48 Τεμάχια,7.55
2025-07-18,191027,Corega Κρέμα Στήριξης Οδοντοστοιχιών Max Seal 70 gr,9.18
2025-07-18,106004,Corega Κρέμα Στήριξης Οδοντοστοιχιών Neutral 70 gr,7.98
2025-07-18,115812,Corega Κρέμα Στήριξης Οδοντοστοιχιών Super 70 gr,7.98
2025-07-18,199543,Colgate Στοματικό Διάλυμα Max Fresh 500 ml,3.48
2025-07-18,9825,Colgate Στοματικό Διάλυμα Plax Original 250 ml,2.28
2025-07-18,46875,Colgate Στοματικό Διάλυμα Plax Original 500 ml,3.64
2025-07-18,196692,Colgate Στοματικό Διάλυμα Triple Action 500 ml,3.48
2025-07-18,161160,Listerine Smart Rinse Στοματικό Διάλυμα Mild Berry Για Παιδιά 6+ Ετών 250 ml ,2.47
2025-07-18,23209,Listerine Στοματικό Διάλυμα Advanced Tartar Control 250 ml,2.74
2025-07-18,177334,Listerine Στοματικό Διάλυμα Advanced White 500 ml,3.9
2025-07-18,20745,Listerine Στοματικό Διάλυμα Cool Mint 250 ml,2.47
2025-07-18,99401,Listerine Στοματικό Διάλυμα Cool Mint 250 ml ,2.47
2025-07-18,99400,Listerine Στοματικό Διάλυμα Cool Mint 500 ml,3.9
2025-07-18,161158,Listerine Στοματικό Διάλυμα Teeth &amp; Gum Defence 500 ml ,3.9
2025-07-18,50980,Listerine Στοματικό Διάλυμα Teeth &amp; Gum Defence 500 ml,3.9
2025-07-18,94562,Listerine Στοματικό Διάλυμα Total Care 250 ml ,2.74
2025-07-18,76686,Listerine Στοματικό Διάλυμα Total Care 500 ml,4.0
2025-07-18,170718,Listerine Στοματικό Διάλυμα Total Care Mild Taste 500 ml,4.0
2025-07-18,26955,Listerine Στοματικό Διάλυμα Total Care Tartar Protect 500 ml ,3.99
2025-07-18,86986,Oral B Στοματικό Διάλυμα 500 ml,3.34
2025-07-18,146799,Oral B Στοματικό Διάλυμα Pro Expert Professional Protection 500 ml,3.89
2025-07-18,199238,Parodontax Στοματικό Διάλυμα Active Gum Extra Fresh 500 ml,3.85
2025-07-18,199318,Parodontax Στοματικό Διάλυμα Active Gum Health Fresh Mint 500 ml,3.85
2025-07-18,92781,Elnett Λακ Extra Δυνατό Κράτημα 400 ml,9.74
2025-07-18,93884,Elnett Λακ Satin Κανονικά Μαλλιά 200 ml,6.85
2025-07-18,93885,Elnett Λακ Satin Κανονικά Μαλλιά 400 ml,9.74
2025-07-18,178536,Elvive Αφρός Μαλλιών Dream Long 200 ml,4.26
2025-07-18,196865,Elvive Ζελέ Μαλλιών Dream Long Curls 400 ml,5.95
2025-07-18,196863,Elvive Σπρέι Μαλλιών Dream Long Για Προστασία Κατά Της Θερμότητας 150 ml,5.18
2025-07-18,8835,Ermina Ζελέ Μαλλιών Ultra Strong 250 ml,2.82
2025-07-18,33407,Fructis Κερί Μαλλιών Για Δυνατό Κράτημα 75 ml,6.73
2025-07-18,145480,Got 2 B Gentleman Molding Paste Vegan 100 ml,5.73
2025-07-18,189559,Got 2 B Glued Gel Για Τα Φρύδια 4Brows &amp; Edges Vegan 16 ml ,6.76
2025-07-18,58703,Got 2 B Αφρός Μαλλιών Curling Mousse Vegan 250 ml,5.64
2025-07-18,59017,Got 2 B Λακ Μαλλιών Spray Glued Vegan 300 ml,5.59
2025-07-18,149051,New Wave Ζελέ Μαλλιών Rock &amp; Hold 200 ml,3.93
2025-07-18,65445,New Wave Κρέμα Ινώδης 75 ml,3.93
2025-07-18,191032,Pantene Pro V Miracle 5 Σε 1 Σπρέι Για Προστασία Από Τη Θερμότητα 200 ml,5.39
2025-07-18,191039,Pantene Pro V Αφρός Μαλλιών Perfect Waves 200 ml,3.95
2025-07-18,191038,Pantene Pro V Αφρός Μαλλιών Για Πλούσιο Όγκο 200 ml,3.95
2025-07-18,191034,Pantene Pro V Λακ Έξτρα Κράτημα 250 ml,3.95
2025-07-18,191035,Pantene Pro V Λακ Απαλό Κράτημα 250 ml,3.95
2025-07-18,191036,Pantene Pro V Λακ Πλούσιος Όγκος 250 ml,3.95
2025-07-18,200975,Splash Ζελέ Μαλλιών Πολύ Δυνατό Κράτημα 250 ml,1.7
2025-07-18,21311,Studio Line Ζελέ Μαλλιών Invisi Fix Extra Δυνατά Κράτημα 150 ml ,3.7
2025-07-18,9059,Studio Line Ζελέ Μαλλιών Invisi Fix Πολύ Δυνατό Κράτημα 150 ml,3.7
2025-07-18,100584,Syoss Gel Μαλλιών Max Hold 250 ml,4.54
2025-07-18,100583,Syoss Gel Μαλλιών Power Hold 250 ml,4.54
2025-07-18,92279,Syoss Αφρός Μαλλιών Curl Mousse 250 ml,4.4
2025-07-18,92282,Syoss Αφρός Μαλλιών Max Hold Mousse 250 ml,4.4
2025-07-18,92280,Syoss Αφρός Μαλλιών Volume Mousse 250 ml,4.4
2025-07-18,124328,Syoss Λακ Μαλλιών Keratin 400 ml,4.92
2025-07-18,206063,Syoss Λακ Μαλλιών Keratin 75 ml,2.05
2025-07-18,92284,Syoss Λακ Μαλλιών Max Hold 400 ml,4.92
2025-07-18,92281,Syoss Λακ Μαλλιών Volume 400 ml,4.92
2025-07-18,159542,Syoss Πάστα Μαλλιών Invisible 100 ml,4.39
2025-07-18,204367,Syoss Πηλός Μαλλιών Molding Paste 100 ml,4.39
2025-07-18,195082,Taft Αφρός Μαλλιών Curl 3 Long Lasting Curls 200 ml,4.2
2025-07-18,195086,Taft Αφρός Μαλλιών Power 5 Cashmere - Like Suppleness 200 ml,4.2
2025-07-18,195085,Taft Αφρός Μαλλιών Shine 4 200 ml,4.2
2025-07-18,195083,Taft Αφρός Μαλλιών Ultra 4 Strength 200 ml,4.2
2025-07-18,195084,Taft Αφρός Μαλλιών Volume 4 For Fine Hair 200 ml,4.2
2025-07-18,104043,Taft Ζελέ Μαλλιών Maxx Power N8 Vegan 300 ml,4.65
2025-07-18,195798,Taft Ζελέ Μαλλιών Power 150 ml,3.3
2025-07-18,129417,Taft Ζελέ Μαλλιών Super Glue Vegan 150 ml,3.3
2025-07-18,62574,Taft Ζελέ Μαλλιών Titanium Vegan 250 ml,4.31
2025-07-18,189561,Taft Ζελέ Μαλλιών Ultra Vegan 150 ml,3.3
2025-07-18,104044,Taft Ζελέ Μαλλιών V12 Vegan 250 ml,4.31
2025-07-18,195079,Taft Λακ Μαλλιών Power 5 Cashmere - Like Suppleness 250 ml,4.2
2025-07-18,195080,Taft Λακ Μαλλιών Power 5 Hold Up To 72h 250 ml,4.2
2025-07-18,195078,Taft Λακ Μαλλιών Ultimate 5+ Hold &amp; Crystal Shine 250 ml ,4.2
2025-07-18,195081,Taft Λακ Μαλλιών Ultra 4 Strength 250 ml,4.2
2025-07-18,206146,Wellaflex Heat Protection Spray Κατά Της Θερμότητας 150 ml,4.44
2025-07-18,196124,Wellaflex Men Gel Spray Μαλλιών Full Boost 150 ml,4.79
2025-07-18,203715,Wellaflex Αφρός Μαλλιών 7-in-1 Για Μπούκλες 200 ml,4.97
2025-07-18,36776,Wellaflex Αφρός Μαλλιών Curls Definition 200 ml,3.84
2025-07-18,122352,Wellaflex Αφρός Μαλλιών Fullness Volume 200 ml,3.84
2025-07-18,87735,Wellaflex Αφρός Μαλλιών Heat Protection 200 ml,3.84
2025-07-18,8934,Wellaflex Αφρός Μαλλιών Invisible Hold 200 ml,3.84
2025-07-18,8882,Wellaflex Αφρός Μαλλιών Silk Finish &amp; Hold 200 ml,3.84
2025-07-18,160519,Wellaflex Αφρός Μαλλιών Smooth Volume 200 ml,3.84
2025-07-18,61272,Wellaflex Αφρός Μαλλιών Όγκος 2 Ημερών 200 ml,3.84
2025-07-18,8929,Wellaflex Λακ Invisible Hold 250 ml,3.69
2025-07-18,158580,Wellaflex Λακ Invisible Hold 75 ml,1.77
2025-07-18,8839,Wellaflex Λακ Silk Finish &amp; Hold 250 ml,3.69
2025-07-18,61271,Wellaflex Λακ Όγκος 2 Ημερών 250 ml,3.69
2025-07-18,153241,Wellaflex Λακ Μαλλιών Fullness Volume 250 ml,3.69
2025-07-18,184837,Wellaflex Λακ Μαλλιών Shine &amp; Hold 250 ml,3.69
2025-07-18,197071,Wellaflex Λακ Μαλλιών Shine &amp; Hold 400 ml,4.68
2025-07-18,198277,Wellaflex Λακ Μαλλιών Αόρατο Κράτημα 400 ml ,4.68
2025-07-18,198541,Excellence Creme Βαφή Μαλλιών 5U Καστανό Ανοιχτό,12.57
2025-07-18,198539,Excellence Creme Βαφή Μαλλιών 5UR Φυσικό Κόκκινο,12.57
2025-07-18,198538,Excellence Creme Βαφή Μαλλιών 6U Φυσικό Ξανθό Σκούρο,12.37
2025-07-18,198537,Excellence Creme Βαφή Μαλλιών 7U Φυσικό Ξανθό,12.57
2025-07-18,198540,Excellence Creme Βαφή Μαλλιών 7UR Φυσικό Χάλκινο,12.57
2025-07-18,36807,Excellence Creme Βαφή Μαλλιών N1 Μαύρο 48 ml ,11.57
2025-07-18,142194,Excellence Creme Βαφή Μαλλιών N10.21 Κατάξανθο Περλέ Σαντρέ 48 ml,11.57
2025-07-18,36808,Excellence Creme Βαφή Μαλλιών N5 Καστανό Ανοιχτό 48 ml,11.57
2025-07-18,36810,Excellence Creme Βαφή Μαλλιών N6 Ξανθό Σκούρο 48 ml,11.57
2025-07-18,114430,Excellence Creme Βαφή Μαλλιών N6.7 Σοκολατί 48 ml,11.57
2025-07-18,36811,Excellence Creme Βαφή Μαλλιών N7 Ξανθό 48 ml,11.57
2025-07-18,37414,Excellence Creme Βαφή Μαλλιών N7.1 Ξανθό Σαντρέ 48 ml,11.57
2025-07-18,199342,Excellence Creme Βαφή Μαλλιών N7.7 Καστανό Μελί 48 ml,11.57
2025-07-18,37769,Excellence Creme Βαφή Μαλλιών N8 Ξανθό Ανοιχτό 48 ml,11.57
2025-07-18,36973,Excellence Creme Βαφή Μαλλιών N8.1 Ξανθό Ανοιχτό Σαντρέ 48 ml,11.57
2025-07-18,36812,Excellence Creme Βαφή Μαλλιών N9 Ξανθό Πολύ Ανοιχτό 48 ml,11.57
2025-07-18,43513,Excellence Creme Βαφή Μαλλιών N9.1 Ξανθό Πολύ Ανοιχτό Σαντρέ 48 ml,11.57
2025-07-18,105412,Excellence Pure Blonde Βαφή Μαλλιών N1 Υπέρ Ξανθό Φυσικό 48 ml,11.57
2025-07-18,147651,Excellence Pure Blonde Βαφή Μαλλιών Ν3 Υπέρ Ξανθό Σαντρέ 48 ml,11.37
2025-07-18,202049,Farcom Βαφή Μαλλιών HD Color N NB Μαύρο Μπλε 60 ml,2.08
2025-07-18,202048,Farcom Βαφή Μαλλιών HD Color N1 Μαύρο 60 ml,2.08
2025-07-18,202038,Farcom Βαφή Μαλλιών HD Color N10 Κατάξανθο 60 ml,2.08
2025-07-18,202034,Farcom Βαφή Μαλλιών HD Color N10.1 Κατάξανθο Σαντρε 60 ml,2.08
2025-07-18,202047,Farcom Βαφή Μαλλιών HD Color N3 Καστανό Σκούρο 60 ml,2.08
2025-07-18,202046,Farcom Βαφή Μαλλιών HD Color N4 Καστανό 60 ml,2.08
2025-07-18,202035,Farcom Βαφή Μαλλιών HD Color N4.65 Καστανό Έντονο Κόκκινο 60 ml,2.08
2025-07-18,202045,Farcom Βαφή Μαλλιών HD Color N5 Καστανό Ανοικτό 60 ml,2.08
2025-07-18,202044,Farcom Βαφή Μαλλιών HD Color N6 Ξανθό Σκούρο 60 ml,2.08
2025-07-18,202036,Farcom Βαφή Μαλλιών HD Color N6.65 Ξανθό Σκούρο Έντονο Κόκκινο 60 ml,2.08
2025-07-18,202037,Farcom Βαφή Μαλλιών HD Color N6.88 Σοκολατί 60 ml,2.08
2025-07-18,202043,Farcom Βαφή Μαλλιών HD Color N7 Ξανθό 60 ml,2.08
2025-07-18,202042,Farcom Βαφή Μαλλιών HD Color N7.1 Ξανθό Σαντρε 60 ml,2.08
2025-07-18,202041,Farcom Βαφή Μαλλιών HD Color N8 Ξανθό Ανοικτό 60 ml,2.08
2025-07-18,202040,Farcom Βαφή Μαλλιών HD Color N8.1 Ξανθό Ανοικτό Σαντρέ 60 ml,2.08
2025-07-18,202039,Farcom Βαφή Μαλλιών HD Color N9 Ξανθό Πολυ Ανοικτό 60 ml,2.08
2025-07-18,103882,Garnier Color Sensation Βαφή Μαλλιών Ν1.0 Μαύρο Vegan 40 ml,6.38
2025-07-18,168240,Garnier Color Sensation Βαφή Μαλλιών Ν10.1 Κατάξανθο Σαντρέ Vegan 40 ml,6.38
2025-07-18,103892,Garnier Color Sensation Βαφή Μαλλιών Ν110 Κατάξανθο Φυσικό Vegan 40 ml,6.38
2025-07-18,188505,Garnier Color Sensation Βαφή Μαλλιών Ν2.10 Μαύρο Μπλε Vegan 40 ml,6.38
2025-07-18,103887,Garnier Color Sensation Βαφή Μαλλιών Ν3.0 Καστανό Σκούρο Vegan 40 ml,6.38
2025-07-18,103884,Garnier Color Sensation Βαφή Μαλλιών Ν4.0 Καστανό Vegan 40 ml,6.38
2025-07-18,103891,Garnier Color Sensation Βαφή Μαλλιών Ν4.15 Παγωμένο Σοκολατί Vegan 40 ml,6.38
2025-07-18,103886,Garnier Color Sensation Βαφή Μαλλιών Ν5.0 Φωτεινό Καστανό Ανοιχτό Vegan 40 ml,6.38
2025-07-18,103883,Garnier Color Sensation Βαφή Μαλλιών Ν6.0 Ξανθό Σκούρο Vegan 40 ml,6.38
2025-07-18,103889,Garnier Color Sensation Βαφή Μαλλιών Ν6.35 Ζεστό Καφέ Vegan 40 ml,6.38
2025-07-18,103890,Garnier Color Sensation Βαφή Μαλλιών Ν6.60 Έντονο Κόκκινο Vegan 40 ml,6.38
2025-07-18,103881,Garnier Color Sensation Βαφή Μαλλιών Ν7.0 Ξανθό Vegan 40 ml,6.38
2025-07-18,103885,Garnier Color Sensation Βαφή Μαλλιών Ν8.0 Φωτεινό Ξανθό Ανοιχτό Vegan 40 ml,5.98
2025-07-18,103888,Garnier Color Sensation Βαφή Μαλλιών Ν9.13 Κρυστάλλινο Ξανθό Vegan 40 ml,6.38
2025-07-18,78531,Koleston Σετ Κρέμα Βαφή Μαλλιών Ν10/0 Πλατινένιο 50 ml,5.94
2025-07-18,79151,Koleston Σετ Κρέμα Βαφή Μαλλιών Ν2/0 Μαύρο 50 ml,5.94
2025-07-18,78529,Koleston Σετ Κρέμα Βαφή Μαλλιών Ν2/8 Μαύρο Μπλε 50 ml,5.94
2025-07-18,171025,Koleston Σετ Κρέμα Βαφή Μαλλιών Ν3/0 Σκούρο Καστανό 50 ml,5.94
2025-07-18,78546,Koleston Σετ Κρέμα Βαφή Μαλλιών Ν4/0 Μεσαίο Καστανό 50 ml,5.94
2025-07-18,78545,Koleston Σετ Κρέμα Βαφή Μαλλιών Ν5/0 Ανοιχτό Καστανό 50 ml,5.94
2025-07-18,78542,Koleston Σετ Κρέμα Βαφή Μαλλιών Ν6/0 Σκούρο Ξανθό 50 ml,5.94
2025-07-18,78543,Koleston Σετ Κρέμα Βαφή Μαλλιών Ν6/7 Υπέροχο Σοκολατί 50 ml,5.94
2025-07-18,78540,Koleston Σετ Κρέμα Βαφή Μαλλιών Ν7/0 Μεσαίο Ξανθό 50 ml,5.94
2025-07-18,78539,Koleston Σετ Κρέμα Βαφή Μαλλιών Ν7/1 Μεσαίο Ξανθό Σαντρέ 50 ml,5.94
2025-07-18,78537,Koleston Σετ Κρέμα Βαφή Μαλλιών Ν7/77 Αρμονικό Καστανό 50 ml,5.94
2025-07-18,78536,Koleston Σετ Κρέμα Βαφή Μαλλιών Ν8/0 Ανοιχτό Ξανθό 50 ml,5.94
2025-07-18,78535,Koleston Σετ Κρέμα Βαφή Μαλλιών Ν8/1 Ανοιχτό Ξανθό Σαντρέ 50 ml,5.94
2025-07-18,78533,Koleston Σετ Κρέμα Βαφή Μαλλιών Ν9/0 Πολύ Ανοιχτό Ξανθό 50 ml,5.94
2025-07-18,142258,Magic Retouch Spray Κάλυψης Brown 75 ml,10.35
2025-07-18,142259,Magic Retouch Spray Κάλυψης Dark Blonde 75 ml,10.35
2025-07-18,142257,Magic Retouch Spray Κάλυψης Dark Brown 75 ml,10.35
2025-07-18,152527,Magic Retouch Spray Κάλυψης Mahogany Brown 75 ml,10.06
2025-07-18,142256,Magic Retouch Spray Κάλυψης Ρίζας Black 75 ml,10.35
2025-07-18,142260,Magic Retouch Spray Κάλυψης Ρίζας Blonde 75 ml,10.35
2025-07-18,178174,Palette Intensive Color Creme Βαφή Μαλλιών N10.19 Κατάξανθο Ψυχρέ Σαντρέ ,3.77
2025-07-18,163787,Palette Intensive Color Creme Βαφή Μαλλιών N10.2 Υπέρξανθο Φυμέ ,3.77
2025-07-18,191516,Palette Intensive Color Creme Βαφή Μαλλιών N12.21 Κατάξανθο Φυμέ Σαντρέ,3.77
2025-07-18,190565,Palette Intensive Color Creme Βαφή Μαλλιών N17.2 Ξανθό Φυμέ ,3.77
2025-07-18,149052,Palette Intensive Color Creme Βαφή Μαλλιών N3.76 Καστανό Σκούρο Σοκολατί ,3.77
2025-07-18,190567,Palette Intensive Color Creme Βαφή Μαλλιών N5.1 Καστανό Ανοιχτό Σαντρέ,3.77
2025-07-18,190566,Palette Intensive Color Creme Βαφή Μαλλιών N6.1 Ξανθό Σκούρο Σαντρέ,3.77
2025-07-18,147186,Palette Intensive Color Creme Βαφή Μαλλιών N6.60 Ξανθό Σκούρο Χρυσό Σοκολατί ,3.77
2025-07-18,133557,Palette Intensive Color Creme Βαφή Μαλλιών N7.65 Λαμπερή Μοκά ,3.77
2025-07-18,190564,Palette Intensive Color Creme Βαφή Μαλλιών N7.77 Ξανθό Έντονο Χάλκινο,3.77
2025-07-18,145787,Palette Intensive Color Creme Βαφή Μαλλιών N7.87 Έντονο Κόκκινο Χάλκινο ,3.77
2025-07-18,147188,Palette Intensive Color Creme Βαφή Μαλλιών N8.1 Ξανθό Ανοιχτό Σαντρέ ,3.77
2025-07-18,191383,Palette Intensive Color Creme Βαφή Μαλλιών N9.1 Ξανθό Πολύ Ανοιχτό Σαντρέ,3.77
2025-07-18,185352,Palette Intensive Color Creme Βαφή Μαλλιών N9.21 Ξανθό Πολύ Ανοιχτό Φυμέ Σαντρέ ,3.77
2025-07-18,62996,Palette Intensive Color Creme Βαφή Μαλλιών Ν1 Μαύρο Μπλε ,3.77
2025-07-18,72494,Palette Intensive Color Creme Βαφή Μαλλιών Ν10.1 Κατάξανθο Σαντρέ ,3.77
2025-07-18,118357,Palette Intensive Color Creme Βαφή Μαλλιών Ν2 Μαύρο,3.77
2025-07-18,76837,Palette Intensive Color Creme Βαφή Μαλλιών Ν3 Καστανό Σκούρο,3.77
2025-07-18,59005,Palette Intensive Color Creme Βαφή Μαλλιών Ν4 Καστανό,3.77
2025-07-18,105039,Palette Intensive Color Creme Βαφή Μαλλιών Ν4.26 Δαμασκηνί ,3.77
2025-07-18,105038,Palette Intensive Color Creme Βαφή Μαλλιών Ν4.66 Καστανό Έντονο Κόκκινο ,3.77
2025-07-18,59006,Palette Intensive Color Creme Βαφή Μαλλιών Ν5 Καστανό Ανοιχτό ,3.77
2025-07-18,72492,Palette Intensive Color Creme Βαφή Μαλλιών Ν5.76 Καστανό Ανοιχτό Σοκολατί ,3.77
2025-07-18,59007,Palette Intensive Color Creme Βαφή Μαλλιών Ν6 Ξανθό Σκούρο ,3.77
2025-07-18,90813,Palette Intensive Color Creme Βαφή Μαλλιών Ν6.65 Έντονο Κόκκινο ,3.77
2025-07-18,147190,Palette Intensive Color Creme Βαφή Μαλλιών Ν6.68 Εντυπωσιακό Σοκολατί ,3.77
2025-07-18,59008,Palette Intensive Color Creme Βαφή Μαλλιών Ν7 Ξανθό ,3.77
2025-07-18,59014,Palette Intensive Color Creme Βαφή Μαλλιών Ν7.1 Ξανθό Σαντρέ ,3.77
2025-07-18,59009,Palette Intensive Color Creme Βαφή Μαλλιών Ν8 Ξανθό Ανοιχτό ,3.77
2025-07-18,59010,Palette Intensive Color Creme Βαφή Μαλλιών Ν9 Ξανθό Πολύ Ανοιχτό ,3.77
2025-07-18,88925,Schwarzkopf Men Perfect Βαφή Μαλλιών Ν70 Φυσικό Καστανό Σκούρο 40 ml,8.95
2025-07-18,88926,Schwarzkopf Men Perfect Βαφή Μαλλιών Ν80 Φυσικό Μαύρο Καστανό 40 ml,8.95
2025-07-18,122070,Syoss Oleo Intense Βαφή Μαλλιών Ν1-10 Έντονο Μαύρο 50 ml,4.85
2025-07-18,122072,Syoss Oleo Intense Βαφή Μαλλιών Ν4-18 Καστανό Μαρόν 50 ml,4.85
2025-07-18,158566,Syoss Oleo Intense Βαφή Μαλλιών Ν4-60 Καστανό Χρυσό 50 ml,4.85
2025-07-18,185225,Syoss Oleo Intense Βαφή Μαλλιών Ν4-86 Καστανό Σοκολατί 50 ml,4.85
2025-07-18,122073,Syoss Oleo Intense Βαφή Μαλλιών Ν5-86 Μόκα 50 ml,4.85
2025-07-18,197587,Syoss Oleo Intense Βαφή Μαλλιών Ν5-92 Φωτεινό Κόκκινο 50 ml,4.85
2025-07-18,122074,Syoss Oleo Intense Βαφή Μαλλιών Ν6-10 Ξανθό Σκούρο 50 ml,4.85
2025-07-18,122075,Syoss Oleo Intense Βαφή Μαλλιών Ν7-10 Φυσικό Ξανθό 50 ml,4.85
2025-07-18,198608,Syoss Oleo Intense Βαφή Μαλλιών Ν7-56 Ξανθό Σαντρέ Μόκα 50 ml,4.85
2025-07-18,184729,Syoss Oleo Intense Βαφή Μαλλιών Ν7-77 Ξανθό Έντονο Χάλκινο 50 ml,4.85
2025-07-18,158567,Syoss Oleo Intense Βαφή Μαλλιών Ν8-60 Ανοιχτό Χρυσό 50 ml,4.85
2025-07-18,122076,Syoss Oleo Intense Βαφή Μαλλιών Ν9-10 Ξανθό Φωτεινό 50 ml,4.85
2025-07-18,204924,Syoss Root Retouch Spray Κάλυψης Ρίζας Καστανό 120 ml,5.89
2025-07-18,205148,Syoss Root Retouch Spray Κάλυψης Ρίζας Καστανό Σκούρο 120 ml,5.89
2025-07-18,205301,Syoss Root Retouch Spray Κάλυψης Ρίζας Μαύρο 120 ml,5.89
2025-07-18,205302,Syoss Root Retouch Spray Κάλυψης Ρίζας Ξανθό Σκούρο 120 ml,5.89
2025-07-18,96226,Syoss Βαφή Μαλλιών Ν4-2 Ακαζού ,4.49
2025-07-18,204916,Syoss Μόνιμη Βαφή Μαλλιών Ν10-13 Κατάξανθο Σαντρέ Χρυσό,4.49
2025-07-18,204918,Syoss Μόνιμη Βαφή Μαλλιών Ν3-3 Βιολετί Σκούρο,4.49
2025-07-18,204923,Syoss Μόνιμη Βαφή Μαλλιών Ν4-8 Σοκολατί,4.49
2025-07-18,204917,Syoss Μόνιμη Βαφή Μαλλιών Ν6-1 Ξανθό Σκούρο,4.49
2025-07-18,204921,Syoss Μόνιμη Βαφή Μαλλιών Ν8-7 Ξανθό Ανοιχτό Χάλκινο,4.49
2025-07-18,134001,Assim Βούρτσα Χτενίσματος 511,5.6
2025-07-18,25284,Zan Sot Αερόβουρτσα ,4.86
2025-07-18,105538,Elvive Extraordinary Oil Λάδι Μαλλιών Universal 100 ml,7.17
2025-07-18,105539,Elvive Extraordinary Oil Λάδι Μαλλιών Βαμμένα 100 ml,7.17
2025-07-18,180490,Elvive Κρέμα Μαλλιών Colorvive 300 ml,3.68
2025-07-18,165582,Elvive Κρέμα Μαλλιών Dream Long 180 ml,4.7
2025-07-18,180493,Elvive Κρέμα Μαλλιών Extraordinary Oil 300 ml,3.68
2025-07-18,180492,Elvive Κρέμα Μαλλιών Full Resist 300 ml,3.68
2025-07-18,180491,Elvive Κρέμα Μαλλιών Total Repair 300 ml,3.68
2025-07-18,180489,Elvive Κρέμα Μαλλιών Κατά Της Ψαλίδας 300 ml,3.68
2025-07-18,169342,Elvive Μάσκα Μαλλιών Color Vive Purple Mask 150 ml,6.2
2025-07-18,95671,Elvive Μάσκα Μαλλιών Colorvive 300 ml,6.4
2025-07-18,165584,Elvive Μάσκα Μαλλιών Dream Long 300 ml,6.4
2025-07-18,184503,Elvive Μάσκα Μαλλιών Dream Long Curls 680 ml,9.69
2025-07-18,133462,Elvive Μάσκα Μαλλιών Extraordinary Oil 300 ml,6.4
2025-07-18,172969,Elvive Μάσκα Μαλλιών Full Resist 680 ml,9.69
2025-07-18,184489,Elvive Μάσκα Μαλλιών Hyaluronic 300 ml,6.4
2025-07-18,184488,Elvive Μαλακτική Μαλλιών Hyaluronic 300 ml,3.68
2025-07-18,172968,Elvive Ορός Μαλλιών Dream Long Για Μακριά Μαλλιά Που Φριζάρουν 100 ml,6.64
2025-07-18,196864,Elvive Ορός Μαλλιών Extraordinary Oil Midnight Serum 100 ml,9.66
2025-07-18,204150,Elvive Ορός Μαλλιών Growth Booster 102 ml,9.66
2025-07-18,184504,Elvive Ορός Μαλλιών Hyaluronic 150 ml,6.64
2025-07-18,206258,Fructis Μάσκα Μαλλιών Hair Food 3 Σε 1 Aloe Vera Vegan 400 ml,8.56
2025-07-18,196866,Fructis Μάσκα Μαλλιών Hair Food 3 Σε 1 Banana Ξηρά Vegan 400 ml,8.56
2025-07-18,204153,Fructis Μάσκα Μαλλιών Keratin Sleek 370 ml,8.56
2025-07-18,204152,Fructis Μαλακτική Μαλλιών Keratin Sleek 200 ml,6.48
2025-07-18,176843,Garnier Botanic Therapy Κρέμα Μαλλιών Avocando Oil &amp; Shea Butter 200 ml,3.58
2025-07-18,191237,Garnier Botanic Therapy Κρέμα Μαλλιών Charcoal Vegan 200 ml,3.58
2025-07-18,145652,Garnier Botanic Therapy Κρέμα Μαλλιών Honey Treasures Για Φθαρμένα 200 ml,3.58
2025-07-18,196578,Garnier Botanic Therapy Κρέμα Μαλλιών Rice Water &amp; Strach Rituals 200 ml,3.58
2025-07-18,191239,Garnier Botanic Therapy Μάσκα Μαλλιών Charcoal Vegan 340 ml,6.78
2025-07-18,190655,Garnier Botanic Therapy Μάσκα Μαλλιών Επανόρθωσης 340 ml,6.78
2025-07-18,190657,Garnier Botanic Therapy Μάσκα Μαλλιών Θρέψη Vegan 340 ml,6.78
2025-07-18,185469,Garnier Ορός Λάμψης Με Vitamin C 30 ml,11.75
2025-07-18,69557,Gliss Κρέμα Μαλλιών Reflex Shine Treatment 150 ml,4.35
2025-07-18,196575,Gliss Κρέμα Μαλλιών Split Hair Miracle 200 ml,4.3
2025-07-18,199956,Gliss Κρέμα Μαλλιών Ultimate Repair 200 ml,4.3
2025-07-18,100075,Gliss Κρέμα Μαλλιών Για Λαμπερό Χρώμα Color Perfector 200 ml,2.08
2025-07-18,104514,Gliss Κρέμα Μαλλιών Ενδυνάμωσης Ultimate Repair 200 ml,2.08
2025-07-18,177027,Gliss Κρέμα Μαλλιών Με Ψαλίδα Split Hair Miracle 200 ml,2.08
2025-07-18,197213,Gliss Λάδι Μαλλιών Daily Elixir 75 ml,5.18
2025-07-18,190745,Gliss Λάδι Μαλλιών Night Elixir 100 ml,5.92
2025-07-18,196576,Gliss Μάσκα Μαλλιών Bond 4 Σε 1 Nourishment 400 ml,5.7
2025-07-18,195241,Gliss Μάσκα Μαλλιών Regeneration 4 Σε 1 400 ml,5.7
2025-07-18,194819,Gliss Μάσκα Μαλλιών Repair 4 Σε 1 400 ml,5.7
2025-07-18,158093,HD Spray Μαλλιών Keratin 9 Σε 1 150 ml,7.68
2025-07-18,158094,HD Λάδι Μαλλιών Keratin &amp; Argan Oil 100 ml,7.95
2025-07-18,205088,Le Petit Marseillais Κρέμα Μαλλιών Hydration Coconut 370 ml,4.32
2025-07-18,205086,Le Petit Marseillais Κρέμα Μαλλιών Nutrition Argan Oil 370 ml,4.32
2025-07-18,205089,Le Petit Marseillais Κρέμα Μαλλιών Nutrition Karite 370 ml,4.32
2025-07-18,175512,Le Petit Marseillais Κρέμα Μαλλιών Θρέψης Με Βιολογικό Μέλι &amp; Καριτέ 200 ml,2.29
2025-07-18,205087,Le Petit Marseillais Μάσκα Μαλλιών Αναδόμησης Jojoba 370 ml,4.32
2025-07-18,201246,Pantene Pro V 3 Minute Miracle Κρέμα Μαλλιών Αναδόμησης 220 ml,5.24
2025-07-18,201245,Pantene Pro V 3 Minute Miracle Κρέμα Μαλλιών Απαλά &amp; Μεταξένια 220 ml,5.24
2025-07-18,200925,Pantene Pro V Active Nutri Plex Κρέμα Μαλλιών Αναδόμησης 230 ml,3.74
2025-07-18,200926,Pantene Pro V Active Nutri Plex Κρέμα Μαλλιών Απαλά &amp; Μεταξένια 230 ml,3.74
2025-07-18,200927,Pantene Pro V Active Nutri Plex Κρέμα Μαλλιών Τέλιες Μπούκλες 230 ml,3.74
2025-07-18,201240,Pantene Pro V Active Nutri Plex Κρέμα Μαλλιών Χρώμα &amp; Προστασία 230 ml,3.74
2025-07-18,200923,Pantene Pro V Miracles Κρέμα Μαλλιών Γεμάτα &amp; Μακριά 160 ml,3.22
2025-07-18,201241,Pantene Pro V Miracles Κρέμα Μαλλιών Ενυδάτωση &amp; Λάμψη 160 ml,3.22
2025-07-18,201574,Pantene Pro V Miracles Κρέμα Μαλλιών Μοριακή Αναδόμηση 150 ml,6.22
2025-07-18,201573,Pantene Pro V Miracles Κρέμα Μαλλιών Μοριακή Αναδόμηση 160 ml,3.22
2025-07-18,200933,Pantene Pro V Miracles Λάδι Μαλλιών 7 Σε 1 Για Φριζάρισμα &amp; Ψαλίδα 145 ml,8.99
2025-07-18,201571,Pantene Pro V Miracles Μάσκα Μαλλιών Ενυδάτωση &amp; Λάμψη 300 ml,7.27
2025-07-18,201572,Pantene Pro V Miracles Μάσκα Μαλλιών Μοριακή Αναδόμηση 300 ml,7.27
2025-07-18,156779,Pantene Pro V Λάδι Μαλλιών Αναδόμησης &amp; Προστασίας 100 ml,6.59
2025-07-18,171781,Pantene Pro V Λάδι Μαλλιών Απαλά &amp; Μεταξένια 100 ml,6.59
2025-07-18,121945,Pantene Pro V Μάσκα Μαλλιών Αναδόμησης &amp; Προστασίας 300 ml,6.44
2025-07-18,156776,Pantene Pro V Μάσκα Μαλλιών Απαλά &amp; Μεταξένια 300 ml,6.44
2025-07-18,116014,Puravita Μαλακτική Για Κανονικά Ξηρά Μαλλιά 400 ml,2.05
2025-07-18,196761,Syoss Intense Plex Κρέμα Μαλακτικής Για Πολύ Ταλαιπωρημένα Μαλλιά 250 ml,3.12
2025-07-18,186190,Syoss Keratin Κρέμα Μαλακτικής Για Αδύναμα Μαλλιά 250 ml,3.12
2025-07-18,176036,Syoss Κρέμα Μαλλιών Color Vegan 440 ml,3.12
2025-07-18,105814,Syoss Λάδι Μαλλιών Beauty Elixir Absolute Oil Vegan 100 ml,5.67
2025-07-18,204368,Syoss Μάσκα Μαλλιών Intense Keratin 400 ml,5.07
2025-07-18,205549,Syoss Μάσκα Μαλλιών Repair 400 ml,5.07
2025-07-18,176035,Syoss Μαλακτική Μαλλιών Keratin 440 ml,3.12
2025-07-18,176037,Syoss Μαλακτική Μαλλιών Repair Vegan 440 ml,3.12
2025-07-18,198602,Syoss Ορός Μαλλιών Intense Plex 100 ml,5.82
2025-07-18,157779,Batiste Dry Spray Shampoo Blush 200 ml,5.88
2025-07-18,190691,Batiste Dry Spray Shampoo Blush 50 ml,2.95
2025-07-18,185360,Batiste Dry Spray Shampoo Fresh 200 ml,5.55
2025-07-18,185246,Batiste Dry Spray Shampoo Heavenly Volume 200 ml,5.55
2025-07-18,185248,Batiste Dry Spray Shampoo Medium Brunette 200 ml,5.88
2025-07-18,157781,Batiste Dry Spray Shampoo Original 200 ml,5.88
2025-07-18,170578,Batiste Dry Spray Shampoo Original 50 ml,2.95
2025-07-18,165585,Elvive Σαμπουάν Color Vive Purple 200 ml,3.8
2025-07-18,50753,Elvive Σαμπουάν Colorvive 400 ml,3.8
2025-07-18,156316,Elvive Σαμπουάν Colorvive 700 ml,4.95
2025-07-18,175874,Elvive Σαμπουάν Dream Long 700 ml,4.95
2025-07-18,133460,Elvive Σαμπουάν Extraordinary Oil 400 ml,3.8
2025-07-18,184491,Elvive Σαμπουάν Hyaluronic 700 ml,4.95
2025-07-18,184490,Elvive Σαμπουάν Hydra Hyaluronic 400 ml,3.8
2025-07-18,85853,Elvive Σαμπουάν Total Repair 400 ml,3.8
2025-07-18,101291,Elvive Σαμπουάν Ενδυνάμωσης Full Resist 400 ml,3.8
2025-07-18,159870,Elvive Σαμπουάν Επανασύστασης 400 ml,3.8
2025-07-18,191053,Elvive Σαμπουάν Μαλλιών Full Resist 700 ml,4.95
2025-07-18,158043,Fructis Σαμπουάν Aloe Hydra Bomb Vegan 400 ml,4.74
2025-07-18,204151,Fructis Σαμπουάν Keratin Sleek Vegan 200 ml,5.48
2025-07-18,151958,Fructis Σαμπουάν Δύναμη &amp; Λάμψη Vegan 400 ml,4.74
2025-07-18,151985,Fructis Σαμπουάν Εντατικής Επανόρθωσης Damage Eraser Vegan 400 ml,4.74
2025-07-18,185573,Fructis Σαμπουάν Μαλλιών Vitamine &amp; Strength Vegan 400 ml,4.74
2025-07-18,176842,Garnier Botanic Therapy Σαμπουάν Avocado Oil &amp; Shea Butter 400 ml,4.42
2025-07-18,191238,Garnier Botanic Therapy Σαμπουάν Charcoal Vegan 400 ml,4.42
2025-07-18,145651,Garnier Botanic Therapy Σαμπουάν Honey Treasures 400 ml,4.42
2025-07-18,153875,Garnier Botanic Therapy Σαμπουάν Maple Healer 400 ml,4.42
2025-07-18,196577,Garnier Botanic Therapy Σαμπουάν Rice Water &amp; Strach Rituals Vegan 400 ml,4.42
2025-07-18,205296,Garnier Botanic Therapy Σαμπουάν Λάμψης Χαμομήλι 400 ml,4.42
2025-07-18,204254,Gliss Σαμπουάν Για Αδύναμα Μαλλιά Full Hair Wonder 400 ml,2.62
2025-07-18,177026,Gliss Σαμπουάν Για Μαλλιά Με Ψαλίδα Split Hair Miracle 400 ml,2.62
2025-07-18,98298,Gliss Σαμπουάν Ενυδάτωσης Ultimate Repair 400 ml,2.62
2025-07-18,69553,Gliss Σαμπουάν Επανόρθωσης &amp; Προστασίας Color Perfector 400 ml,2.62
2025-07-18,158914,Gliss Σαμπουάν Προστασίας Supreme Length 400 ml,2.62
2025-07-18,172463,Got 2 B Σαμπουάν Dry Refresh Extra Volume Vegan 200 ml,3.71
2025-07-18,158087,HD Σαμπουάν Keratin Για Κάθε Τύπο 400 ml,3.6
2025-07-18,184609,Head&amp;Shoulders Derma X Pro Σαμπουάν Hydration 300 ml,3.47
2025-07-18,184616,Head&amp;Shoulders Derma X Pro Σαμπουάν Soothe 300 ml,3.47
2025-07-18,197006,Head&amp;Shoulders Men Ultra Σαμπουάν Κατά Της Τριχόπτωσης 330 ml,3.47
2025-07-18,196629,Head&amp;Shoulders Σαμπουάν Citrus Fresh 330 ml,3.47
2025-07-18,196626,Head&amp;Shoulders Σαμπουάν Classic Clean 330 ml,3.47
2025-07-18,196627,Head&amp;Shoulders Σαμπουάν Dry Scalp 330 ml,3.47
2025-07-18,197007,Head&amp;Shoulders Σαμπουάν Menthol Fresh 330 ml,3.47
2025-07-18,196628,Head&amp;Shoulders Σαμπουάν Καφεΐνη Κατά Της Τριχόπτωσης 330 ml,3.47
2025-07-18,186320,Karavaki Σαμπουάν Θρέψη &amp; Ενυδάτωση 600 ml,3.56
2025-07-18,186318,Karavaki Σαμπουάν Λάμψη &amp; Ζωντάνια 600 ml,3.56
2025-07-18,175509,Le Petit Marseillais Σαμπουάν Αναζωογόνησης Με Εκχύλισμα Βιολογικού Θυμαριού &amp; Πράσινο Τσάι 300 ml,2.4
2025-07-18,175510,Le Petit Marseillais Σαμπουάν Ενυδάτωσης Με Βιολογικό Νερό Καρύδας 300 ml,2.4
2025-07-18,175508,Le Petit Marseillais Σαμπουάν Εξισορρόπησης Λιπαρότητας Λευκός Άργιλος 300 ml,2.4
2025-07-18,175507,Le Petit Marseillais Σαμπουάν Θρέψης Με Βιολογικό Καριτέ &amp; Μέλι 300 ml,2.4
2025-07-18,182675,Orzene Σαμπουάν Για Βαμμένα Μαλλιά Vegan 750 ml,3.81
2025-07-18,155837,Orzene Σαμπουάν Για Κανονικά Μαλλιά Vegan 400 ml,2.58
2025-07-18,155484,Orzene Σαμπουάν Για Κανονικά Μαλλιά Vegan 750 ml,3.81
2025-07-18,155840,Orzene Σαμπουάν Για Λιπαρά Μαλλιά Vegan 400 ml,2.58
2025-07-18,155847,Orzene Σαμπουάν Για Λιπαρά Μαλλιά Vegan 750 ml,3.81
2025-07-18,155485,Orzene Σαμπουάν Για Ξηρά &amp; Ταλαιπωρημένα Μαλλιά Vegan 750 ml,3.81
2025-07-18,200929,Pantene Pro V Active Nutri Plex Σαμπουάν Classic Care 400 ml,3.74
2025-07-18,201578,Pantene Pro V Active Nutri Plex Σαμπουάν Αναδόμησης &amp; Προστασίας 800 ml,6.22
2025-07-18,201238,Pantene Pro V Active Nutri Plex Σαμπουάν Αναδόμησης 400 ml,3.74
2025-07-18,200930,Pantene Pro V Active Nutri Plex Σαμπουάν Απαλά &amp; Μεταξένια 400 ml,3.74
2025-07-18,201577,Pantene Pro V Active Nutri Plex Σαμπουάν Απαλά &amp; Μεταξένια 800 ml,6.22
2025-07-18,200928,Pantene Pro V Active Nutri Plex Σαμπουάν Τέλειες Μπούκλες 400 ml,3.74
2025-07-18,200931,Pantene Pro V Active Nutri Plex Σαμπουάν Χρώμα &amp; Προστασία 400 ml,3.74
2025-07-18,201247,Pantene Pro V Miracles Σαμπουάν Γεμάτα &amp; Μακριά 250 ml,3.62
2025-07-18,201579,Pantene Pro V Miracles Σαμπουάν Γεμάτα &amp; Μακριά 500 ml,5.24
2025-07-18,200932,Pantene Pro V Miracles Σαμπουάν Ενυδάτωση &amp; Λάμψη 250 ml,3.62
2025-07-18,201239,Pantene Pro V Miracles Σαμπουάν Μεταξένια &amp; Λαμπερά 250 ml,3.62
2025-07-18,201570,Pantene Pro V Miracles Σαμπουάν Μεταξένια &amp; Λαμπερά 500 ml,5.24
2025-07-18,201576,Pantene Pro V Miracles Σαμπουάν Μοριακή Αναδόμηση 1000 ml,7.49
2025-07-18,201575,Pantene Pro V Miracles Σαμπουάν Μοριακή Αναδόμηση 250 ml,3.62
2025-07-18,157386,Pantene Pro V Σαμπουάν Aqua Light 400 ml,3.74
2025-07-18,116012,Puravita Σαμπουάν Για Βαμμένα Μαλλιά 400 ml,2.06
2025-07-18,116011,Puravita Σαμπουάν Για Κανονικά Ξηρά Μαλλιά 400 ml,2.06
2025-07-18,116013,Puravita Σαμπουάν Για Λιπαρά Μαλλιά 400 ml,2.06
2025-07-18,114036,Puravita Σαμπουάν Οικογενειακό 750 ml,2.48
2025-07-18,176043,Syoss Men Σαμπουάν Μαλλιών Clean &amp; Cool 440 ml,2.68
2025-07-18,176044,Syoss Men Σαμπουάν Μαλλιών Power 440 ml,2.68
2025-07-18,196981,Syoss Σαμπουάν Μαλλιών Color Vegan 440 ml,2.68
2025-07-18,86592,Syoss Σαμπουάν Μαλλιών Color Vegan 750 ml,3.92
2025-07-18,196980,Syoss Σαμπουάν Μαλλιών Dry Anti Grease 200 ml,3.57
2025-07-18,199082,Syoss Σαμπουάν Μαλλιών Dry Volume Lift 200 ml,3.57
2025-07-18,196760,Syoss Σαμπουάν Μαλλιών Intense Plex 440 ml,2.68
2025-07-18,196757,Syoss Σαμπουάν Μαλλιών Keratin 440 ml,2.68
2025-07-18,124162,Syoss Σαμπουάν Μαλλιών Keratin 750 ml,3.92
2025-07-18,192378,Syoss Σαμπουάν Μαλλιών Oleo Intense Vegan 440 ml,2.68
2025-07-18,196758,Syoss Σαμπουάν Μαλλιών Repair Vegan 440 ml,2.68
2025-07-18,86594,Syoss Σαμπουάν Μαλλιών Repair Vegan 750 ml,3.92
2025-07-18,197478,Syoss Σαμπουάν Μαλλιών Volume Vegan 440 ml,2.68
2025-07-18,86593,Syoss Σαμπουάν Μαλλιών Volume Vegan 750 ml,3.92
2025-07-18,187666,Ultrex Men Σαμπουάν Active Clean 3 Σε 1 360 ml,3.37
2025-07-18,187665,Ultrex Men Σαμπουάν Active Cool 3 Σε 1 360 ml,3.37
2025-07-18,173441,Ultrex Men Σαμπουάν Legend Ronaldo 360 ml,3.23
2025-07-18,156964,Ultrex Men Σαμπουάν Αντιπιτυριδικό 24h Fresh 360 ml,3.23
2025-07-18,156960,Ultrex Men Σαμπουάν Αντιπιτυριδικό Anti Hair Fall Αδύναμα Μαλλιά 360 ml,3.23
2025-07-18,156961,Ultrex Men Σαμπουάν Αντιπιτυριδικό Cool Sport Menthol 360 ml,3.23
2025-07-18,193151,Ultrex Men Σαμπουάν Αντιπιτυριδικό Cool Sport Menthol Κανονικά Μαλλιά 610 ml,4.65
2025-07-18,199335,Ultrex Men Σαμπουάν Αντιπιτυριδικό Deep Clean Action Κανονικά Μαλλιά 225 ml,2.35
2025-07-18,156955,Ultrex Men Σαμπουάν Αντιπιτυριδικό Deep Clean Action Κανονικά Μαλλιά 360 ml,3.23
2025-07-18,156956,Ultrex Men Σαμπουάν Αντιπιτυριδικό Delicate Touch Ξηροδερμία 360 ml,3.23
2025-07-18,201912,Ultrex Men Σαμπουάν Αντιπιτυριδικό Oil Control Refresh Λιπαρά Μαλλιά 225 ml,2.35
2025-07-18,156957,Ultrex Men Σαμπουάν Αντιπιτυριδικό Oil Control Refresh Λιπαρά Μαλλιά 360 ml,3.23
2025-07-18,193149,Ultrex Men Σαμπουάν Αντιπιτυριδικό Oil Control Refresh Λιπαρά Μαλλιά 610 ml,4.65
2025-07-18,156967,Ultrex Women Σαμπουάν Αντιπιτυριδικό Ice Cool Menthol Κανονικά Μαλλιά 360 ml,3.23
2025-07-18,156958,Ultrex Women Σαμπουάν Αντιπιτυριδικό Intense Hydration Ξηροδερμία 360 ml,3.23
2025-07-18,193150,Ultrex Women Σαμπουάν Αντιπιτυριδικό Βαμμένα &amp; Ταλαιπωρημένα Μαλλιά 360 ml,3.23
2025-07-18,190687,Wash &amp; Go Σαμπουάν 2 In 1 Anti-Dandruff 360 ml,4.7
2025-07-18,190689,Wash &amp; Go Σαμπουάν 2 In 1 Classic 360 ml,4.7
2025-07-18,190688,Wash &amp; Go Σαμπουάν 2 In 1 Sport 360 ml ,4.7
2025-07-18,190835,Wash &amp; Go Σαμπουάν Ενδυνάμωσης &amp; Conditioner Για Όλα Τα Μαλλιά 360 ml ,4.7
2025-07-18,190686,Wash &amp; Go Σαμπουάν Κανονικά Μαλλιά 360 ml ,4.7
2025-07-18,189011,Wellaflex Σαμπουάν Berry Touch Για Ξηρά Μαλλιά 180 ml,5.12
2025-07-18,10172,Axe Αποσμητικό Roll On Africa 50 ml,2.64
2025-07-18,76446,Axe Αποσμητικό Roll On Dark Temptation 50 ml,2.64
2025-07-18,10169,Axe Αποσμητικό Spray Africa 150 ml,2.99
2025-07-18,116521,Axe Αποσμητικό Spray Apollo 150 ml,2.99
2025-07-18,197533,Axe Αποσμητικό Spray Aqua Bergamot 150 ml,3.74
2025-07-18,132882,Axe Αποσμητικό Spray Black 150 ml,2.99
2025-07-18,152704,Axe Αποσμητικό Spray Black Night 150 ml,2.99
2025-07-18,197458,Axe Αποσμητικό Spray Blue Lavender 150 ml,3.74
2025-07-18,73603,Axe Αποσμητικό Spray Dark Temptation 150 ml,2.99
2025-07-18,159339,Axe Αποσμητικό Spray Gold 150 ml,2.99
2025-07-18,165917,Axe Αποσμητικό Spray Ice Chill 150 ml,2.99
2025-07-18,165967,Axe Αποσμητικό Spray Leather &amp; Cookies 150 ml,2.99
2025-07-18,10168,Axe Αποσμητικό Spray Marine 150 ml,2.99
2025-07-18,174499,Axe Αποσμητικό Spray Wild Mojito &amp; Cedarwood 150 ml,2.99
2025-07-18,177795,B.U. Αποσμητικό Spray Fairy Secret 150 ml,2.49
2025-07-18,78292,B.U. Αποσμητικό Spray Heartbeat 150 ml,2.49
2025-07-18,188826,B.U. Αποσμητικό Spray One Love 150 ml,2.49
2025-07-18,185832,Borotalco Αποσμητικό Roll On Intensive 50 ml,2.99
2025-07-18,167810,Borotalco Αποσμητικό Roll On Invisible 50 ml,2.99
2025-07-18,167809,Borotalco Αποσμητικό Roll On Original 50 ml,2.99
2025-07-18,193457,Borotalco Αποσμητικό Roll On Soft 50 ml,2.99
2025-07-18,186092,Borotalco Αποσμητικό Spray Intensive 150 ml,2.99
2025-07-18,193459,Borotalco Αποσμητικό Spray Invisible 150 ml,2.99
2025-07-18,193458,Borotalco Αποσμητικό Spray Soft 150 ml,2.99
2025-07-18,191436,Dove Men+Care Αποσμητικό Roll On Advanced Care Clean Comfort 50 ml,2.78
2025-07-18,191435,Dove Men+Care Αποσμητικό Roll On Advanced Invisible Dry 50 ml,2.78
2025-07-18,191434,Dove Men+Care Αποσμητικό Spray Advanced Care Clean Comfort 150 ml,2.98
2025-07-18,191432,Dove Men+Care Αποσμητικό Spray Advanced Care Invisible Dry 150 ml,2.98
2025-07-18,191433,Dove Men+Care Αποσμητικό Spray Advanced Cool Fresh 150 ml,2.98
2025-07-18,10026,Dove Αποσμητικό Original Σε Κρέμα 50 ml,2.78
2025-07-18,74958,Dove Αποσμητικό Roll On 50 ml,2.49
2025-07-18,191425,Dove Αποσμητικό Roll On Advanced Care Invisible Dry 50 ml,2.78
2025-07-18,191423,Dove Αποσμητικό Roll On Advanced Care Original 50 ml,2.78
2025-07-18,191424,Dove Αποσμητικό Roll On Advanced Care Talco 50 ml,2.78
2025-07-18,174500,Dove Αποσμητικό Roll On Talc Soft 50 ml,2.49
2025-07-18,10025,Dove Αποσμητικό Spray 150 ml,2.68
2025-07-18,191857,Dove Αποσμητικό Spray Advanced Care Beauty Finish 150 ml,2.98
2025-07-18,191426,Dove Αποσμητικό Spray Advanced Care Coconut 150 ml,2.98
2025-07-18,191430,Dove Αποσμητικό Spray Advanced Care Invisible Dry 150 ml,2.98
2025-07-18,191431,Dove Αποσμητικό Spray Advanced Care Matcha 150 ml,2.98
2025-07-18,191427,Dove Αποσμητικό Spray Advanced Care Original 150 ml,2.98
2025-07-18,191429,Dove Αποσμητικό Spray Advanced Care Soft Feel 150 ml,2.98
2025-07-18,191428,Dove Αποσμητικό Spray Advanced Care Talco 150 ml,2.98
2025-07-18,24645,Dove Αποσμητικό Spray Fresh Blue 150 ml,2.68
2025-07-18,166372,Dove Αποσμητικό Spray Talc Soft 150 ml,2.68
2025-07-18,173747,Fa Men Αποσμητικό Roll On Invisible Power 50 ml,2.14
2025-07-18,169574,Fa Men Αποσμητικό Roll On Sport 50 ml,2.14
2025-07-18,143308,Fa Men Αποσμητικό Roll On Sport Energy Boost 50 ml,2.14
2025-07-18,180214,Fa Αποσμητικό Roll On Invisible Fresh 50 ml,2.14
2025-07-18,199083,Fa Αποσμητικό Roll On Passion Fruit Vegan 50 ml,2.14
2025-07-18,167078,Fa Αποσμητικό Roll On Pink Passion 50 ml,2.14
2025-07-18,191975,Fa Αποσμητικό Spray Invisible Sensitive Vegan 150 ml,2.4
2025-07-18,196799,Fa Αποσμητικό Spray Passion Fruit 150 ml,2.4
2025-07-18,167076,Fa Αποσμητικό Spray Pink Passion Vegan 150 ml,2.4
2025-07-18,191853,L&#039;oreal Men Expert Αποσμητικό Roll On Barber Club 50 ml,2.7
2025-07-18,191854,L&#039;oreal Men Expert Αποσμητικό Spray Barber Club 150 ml,2.88
2025-07-18,34621,Neutro Roberts Αποσμητικό Roll On Powder 50 ml,2.89
2025-07-18,30029,Neutro Roberts Αποσμητικό Spray Powder Fresh 150 ml ,2.89
2025-07-18,96608,Nivea Men Αποσμητικό Roll On Black &amp; White Invisible Original 50 ml,2.59
2025-07-18,179109,Nivea Men Αποσμητικό Roll On Cool Kick Fresh 50 ml,2.59
2025-07-18,160907,Nivea Men Αποσμητικό Roll On Deep 50 ml,2.59
2025-07-18,10150,Nivea Men Αποσμητικό Roll On Dry Impact 50 ml,2.45
2025-07-18,192213,Nivea Men Αποσμητικό Roll On Fresh Sensation 50 ml,2.59
2025-07-18,96609,Nivea Men Αποσμητικό Spray Black &amp; White Invisible Original 150 ml,2.8
2025-07-18,162019,Nivea Men Αποσμητικό Spray Deep 150 ml,2.8
2025-07-18,198607,Nivea Men Αποσμητικό Spray Deep Sport 150 ml,2.8
2025-07-18,10149,Nivea Men Αποσμητικό Spray Dry Impact 150 ml,2.8
2025-07-18,122989,Nivea Roll On Talc Sensation 50 ml,2.59
2025-07-18,96610,Nivea Αποσμητικό Roll On Black &amp; White Invisible Original 50 ml,2.59
2025-07-18,163608,Nivea Αποσμητικό Roll On Black &amp; White Invisible Silky Smooth 50 ml,2.59
2025-07-18,174055,Nivea Αποσμητικό Roll On Black &amp; White Invisible Ultimate Impact 50 ml,2.59
2025-07-18,174786,Nivea Αποσμητικό Roll On Black &amp; White Invisible Ultimate Impact 50 ml,2.59
2025-07-18,192214,Nivea Αποσμητικό Roll On Fresh Sensation 50 ml,2.59
2025-07-18,69241,Nivea Αποσμητικό Roll On Pearl &amp; Beauty 50 ml,2.59
2025-07-18,96611,Nivea Αποσμητικό Spray Black &amp; White Invisible Clear 150 ml,2.8
2025-07-18,174483,Nivea Αποσμητικό Spray Black &amp; White Invisible Ultimate Impact 150 ml,2.8
2025-07-18,195000,Nivea Αποσμητικό Spray Fresh Cherry 150 ml,2.8
2025-07-18,193352,Nivea Αποσμητικό Spray Fresh Sensation 150 ml,2.8
2025-07-18,122990,Nivea Αποσμητικό Spray Talc Sensation 150 ml,2.8
2025-07-18,46109,Noxzema Αποσμητικό Roll On Active Sport 50 ml,2.36
2025-07-18,204495,Noxzema Αποσμητικό Roll On Fresh Blossom 50 ml,2.36
2025-07-18,61534,Noxzema Αποσμητικό Roll On Classic 50 ml,2.36
2025-07-18,61619,Noxzema Αποσμητικό Roll On Classic 75 ml,3.25
2025-07-18,174735,Noxzema Αποσμητικό Roll On Cool Move 50 ml,2.36
2025-07-18,10176,Noxzema Αποσμητικό Roll On Memories 50 ml,2.36
2025-07-18,69327,Noxzema Αποσμητικό Roll On Memories 75 ml,3.25
2025-07-18,194106,Noxzema Αποσμητικό Roll On Minerals Soft Care 50 ml,2.36
2025-07-18,10177,Noxzema Αποσμητικό Roll On Pilot 50 ml,2.36
2025-07-18,69329,Noxzema Αποσμητικό Roll On Pilot 75 ml,3.25
2025-07-18,160580,Noxzema Αποσμητικό Roll On Sensi Pure 0% 50 ml,2.36
2025-07-18,69326,Noxzema Αποσμητικό Roll On Talc 50 ml,2.36
2025-07-18,148818,Noxzema Αποσμητικό Spray Classic 150 ml,2.44
2025-07-18,166242,Noxzema Αποσμητικό Spray Invisible Her 150 ml,2.44
2025-07-18,34347,Noxzema Αποσμητικό Spray Memories 150 ml,2.44
2025-07-18,185282,Noxzema Αποσμητικό Spray Men Classic 150 ml,2.44
2025-07-18,191980,Noxzema Αποσμητικό Spray Minerals Soft Care 150 ml,2.44
2025-07-18,34346,Noxzema Αποσμητικό Spray Pilot 150 ml,2.44
2025-07-18,159552,Noxzema Αποσμητικό Spray Sensi Pure 0% 150 ml,2.44
2025-07-18,185283,Noxzema Αποσμητικό Spray Talc 150 ml,2.44
2025-07-18,171404,Old Spice Αποσμητικό Spray Captain 150 ml,2.99
2025-07-18,206343,Old Spice Αποσμητικό Spray Rockstar 150 ml,2.99
2025-07-18,194705,Old Spice Αποσμητικό Spray Oasis 150 ml,2.99
2025-07-18,151925,Old Spice Αποσμητικό Spray Whitewater 150 ml,2.99
2025-07-18,171406,Old Spice Αποσμητικό Stick Captain 50 ml,2.99
2025-07-18,171407,Old Spice Αποσμητικό Stick Deep Sea 50 ml,2.99
2025-07-18,194706,Old Spice Αποσμητικό Stick Oasis 50 ml,2.99
2025-07-18,206253,Old Spice Αποσμητικό Stick Rockstar 50 ml,2.99
2025-07-18,166888,Old Spice Αποσμητικό Stick Whitewater 50 ml,2.99
2025-07-18,53079,Sanex Αποσμητικό Roll On Active Control 50 ml,2.74
2025-07-18,163552,Sanex Αποσμητικό Roll On Dermo Sensitive 50 ml,2.74
2025-07-18,193048,Sanex Αποσμητικό Roll On Dermo Total Protection 50 ml,2.74
2025-07-18,49164,Sanex Αποσμητικό Roll-on Dermo Extra Control 50 ml,2.74
2025-07-18,168462,Sanex Αποσμητικό Roll-on Zero% Extra Control 50 ml,2.74
2025-07-18,168464,Sanex Αποσμητικό Roll-on Zero% Invisible 50 ml,2.74
2025-07-18,168460,Sanex Αποσμητικό Roll-on Zero% Respect &amp; Control 50 ml,2.74
2025-07-18,165941,Str8 Αποσμητικό Spray Ahead 150 ml,2.59
2025-07-18,205384,Str8 Αποσμητικό Spray Wild Beat 150 ml,2.59
2025-07-18,178572,Str8 Αποσμητικό Spray Fr34k 150 ml,2.59
2025-07-18,192821,Str8 Αποσμητικό Spray Game 150 ml,2.59
2025-07-18,165937,Str8 Αποσμητικό Spray Original 150 ml,2.59
2025-07-18,165938,Str8 Αποσμητικό Spray Red Code 150 ml,2.59
2025-07-18,165943,Str8 Αποσμητικό Spray Rise 150 ml,2.59
2025-07-18,191412,Axe Dark Temptation Eau De Toilette 100 ml,13.48
2025-07-18,151871,B.U. Absolute Eau De Toilette 50 ml,10.98
2025-07-18,177794,B.U. Fairy Secret Eau De Toilette 50 ml,10.98
2025-07-18,78291,B.U. Heartbeat Eau De Toilette 50 ml,10.98
2025-07-18,188825,B.U. One Love Eau De Toilette 50 ml,10.98
2025-07-18,59137,B.U. Trendy Eau De Toilette 50 ml,10.98
2025-07-18,114451,Elode So Lovely Eau De Parfum 100 ml,7.98
2025-07-18,9992,Μυρτώ Άρωμα Λεμόνι 200 ml,6.75
2025-07-18,61153,Axe Αφρόλουτρο Africa 400 ml,2.35
2025-07-18,195026,Axe Αφρόλουτρο Africa 700 ml,3.77
2025-07-18,132883,Axe Αφρόλουτρο Black 400 ml,2.35
2025-07-18,75044,Axe Αφρόλουτρο Dark Temptation 400 ml,2.35
2025-07-18,186119,Axe Αφρόλουτρο Epic Fresh 400 ml,2.35
2025-07-18,175336,Axe Αφρόλουτρο Wild Mojito &amp; Cedarwood 400 ml,2.35
2025-07-18,186088,Borotalco Αφρολούτρο Original 600 ml,2.99
2025-07-18,186165,Borotalco Αφρολούτρο Relaxing 600 ml,2.99
2025-07-18,87237,Dove Men+Care Αφρόλουτρο Clean Comfort 400 ml,2.09
2025-07-18,192742,Dove Men+Care Αφρόλουτρο Extra Fresh 400 ml,2.09
2025-07-18,198057,Dove Αφρόλουτρο Anti Stress 400 ml,2.59
2025-07-18,197799,Dove Αφρόλουτρο Anti Stress 600 ml,3.19
2025-07-18,198499,Dove Αφρόλουτρο Deeply Nourishing 400 ml,2.59
2025-07-18,198058,Dove Αφρόλουτρο Deeply Nourishing 600 ml,3.19
2025-07-18,197696,Dove Αφρόλουτρο Fruity Nourish 720 ml,2.95
2025-07-18,197800,Dove Αφρόλουτρο Gentle Pamper 720 ml,2.95
2025-07-18,197853,Dove Αφρόλουτρο Hydrate 720 ml,2.95
2025-07-18,197797,Dove Αφρόλουτρο Nourish Care 400 ml,2.59
2025-07-18,197796,Dove Αφρόλουτρο Nourish Care 600 ml,3.19
2025-07-18,197684,Dove Αφρόλουτρο Nourishing Silk 400 ml,2.59
2025-07-18,197683,Dove Αφρόλουτρο Nourishing Silk 600 ml,3.19
2025-07-18,199336,Dove Αφρόλουτρο Petal Soft 720 ml,2.95
2025-07-18,197798,Dove Αφρόλουτρο Silky Velvet 720 ml,2.95
2025-07-18,134525,Fa Men Αφρόλουτρο Kick Off Vegan 750 ml,2.83
2025-07-18,134520,Fa Men Αφρόλουτρο Sport Vegan 750 ml,2.83
2025-07-18,204759,Fa Αφρόλουτρο Coconut Milk 250 ml,1.54
2025-07-18,160464,Fa Αφρόλουτρο Coconut Milk 750 ml,2.83
2025-07-18,134522,Fa Αφρόλουτρο Cream &amp; Oil Cacao Vegan 750 ml,2.83
2025-07-18,134524,Fa Αφρόλουτρο Luxurious Moments Vegan 750 ml,2.83
2025-07-18,189415,Fa Αφρόλουτρο Magic Oil Pink Jasmine Vegan 750 ml,2.83
2025-07-18,134523,Fa Αφρόλουτρο Mystic Moments Vegan 750 ml,2.83
2025-07-18,189414,Fa Αφρόλουτρο Oriental Moments Vegan 750 ml,2.83
2025-07-18,134521,Fa Αφρόλουτρο Vanilla Yoghurt 750 ml,2.83
2025-07-18,197319,Johnson&#039;s Adult Αφρόλουτρο Ρόδι 750 ml,2.5
2025-07-18,171047,Johnson&#039;s Αφρόλουτρο Clean &amp; Protect Άνθη Αμυγδάλου 750 ml,2.5
2025-07-18,168649,Johnson&#039;s Αφρόλουτρο Vita Rich Βούτυρο Κακάο 750 ml,2.5
2025-07-18,159511,Johnson&#039;s Αφρόλουτρο Vita Rich Γιαούρτι Μέλι &amp; Βρώμη 750 ml,2.5
2025-07-18,159513,Johnson&#039;s Αφρόλουτρο Vita Rich Γιαούρτι Ροδάκινο &amp; Καρύδα 750 ml,2.5
2025-07-18,159512,Johnson’s Αφρόλουτρο Soft &amp; Nourish Άρωμα Αμυγδαλέλαιου &amp; Γιασεμιού 750 ml,2.5
2025-07-18,188993,Karavaki Αφρόλουτρο Γλυκό Μανταρίνι &amp; Καλέντουλα 750 ml,3.26
2025-07-18,186231,Karavaki Αφρόλουτρο Δροσιά Αιγαίου 750 ml,3.26
2025-07-18,185278,L&#039;oreal Men Expert Αφρόλουτρο Barber Club 400 ml,2.82
2025-07-18,198320,L&#039;oreal Men Expert Αφρόλουτρο Extreme Sport 400 ml,2.82
2025-07-18,185279,L&#039;oreal Men Expert Αφρόλουτρο Pure Carbon 5 Σε 1 400 ml,2.82
2025-07-18,185740,Le Petit Marseillais Αφρόλουτρο 4 Σε 1 Για Άνδρες Ginger &amp; Ξύλο Κυπαρισσιού 400 ml,2.07
2025-07-18,192679,Le Petit Marseillais Αφρόλουτρο 4 Σε 1 Για Άνδρες Πεύκη &amp; Ευκάλυπτο 400 ml,2.07
2025-07-18,197556,Le Petit Marseillais Αφρόλουτρο Fleur De Tiare 650 ml,2.45
2025-07-18,192680,Le Petit Marseillais Αφρόλουτρο Ανθός Βαμβακιού 650 ml,2.62
2025-07-18,204754,Le Petit Marseillais Αφρόλουτρο Βαθιάς Ενυδάτωσης Με Έλαιο Αργκάν &amp; Άνθος Πορτοκαλιάς 400 ml,1.82
2025-07-18,204755,Le Petit Marseillais Αφρόλουτρο Βαθιάς Ενυδάτωσης Με Γάλα Ρυζιού &amp; Γιασεμί 400 ml,1.82
2025-07-18,190844,Le Petit Marseillais Αφρόλουτρο Λουλούδι Τιάρε 250 ml,1.33
2025-07-18,167041,Le Petit Marseillais Αφρόλουτρο Με Βιολογική Καρύδα 650 ml,2.45
2025-07-18,126815,Le Petit Marseillais Αφρόλουτρο Με Βιολογικό Άνθος Πορτοκαλιάς 650 ml,2.45
2025-07-18,190845,Le Petit Marseillais Αφρόλουτρο Με Βιολογικό Έλαιο Argan &amp; Καριτέ 250 ml,1.33
2025-07-18,82214,Le Petit Marseillais Αφρόλουτρο Με Βιολογικό Γάλα Βανίλιας 400 ml,1.82
2025-07-18,126813,Le Petit Marseillais Αφρόλουτρο Με Βιολογικό Γάλα Βανίλιας 650 ml,2.45
2025-07-18,186113,Lux Αφρόλουτρο Alluring Cashmere 560 ml,2.69
2025-07-18,186115,Lux Αφρόλουτρο Charming Peony 600 ml,2.69
2025-07-18,186111,Lux Αφρόλουτρο Magical Orchid 600 ml,2.69
2025-07-18,186108,Lux Αφρόλουτρο Refresh Lily 600 ml,2.69
2025-07-18,186048,Lux Αφρόλουτρο Secret Poppy 600 ml,2.69
2025-07-18,186112,Lux Αφρόλουτρο Soft Rose 600 ml,2.69
2025-07-18,186107,Lux Αφρόλουτρο Velvet Jasmine 600 ml,2.69
2025-07-18,78258,Nivea Men Αφρόλουτρο Energy 500 ml,2.64
2025-07-18,198849,Nivea Αφρόλουτρο Creme Care 650 ml,2.68
2025-07-18,134483,Nivea Αφρόλουτρο Creme Smooth 750 ml,3.09
2025-07-18,198848,Nivea Αφρόλουτρο Creme Soft 650 ml,2.68
2025-07-18,185472,Noxzema Αφρόλουτρο Coconut 24hr Moisture 750 ml,3.3
2025-07-18,192855,Noxzema Αφρόλουτρο Hyalucare 750 ml,3.3
2025-07-18,145262,Noxzema Αφρόλουτρο Memories Calming 750 ml,3.3
2025-07-18,197234,Noxzema Αφρόλουτρο Memories Ανταλλακτικό 600 ml,2.15
2025-07-18,160579,Noxzema Αφρόλουτρο Sensi Pure Υποαλλεργικό 750 ml,3.3
2025-07-18,76507,Noxzema Αφρόλουτρο Talc 750 ml,3.3
2025-07-18,197235,Noxzema Αφρόλουτρο Talc Ανταλλακτικό 600 ml,2.15
2025-07-18,206298,Noxzema Men Αφρόλουτρο Fresh Intense 750 ml,3.3
2025-07-18,199563,Old Spice Αφρόλουτρο Captain 675 ml,4.98
2025-07-18,171402,Old Spice Αφρόλουτρο Deep Sea 400 ml,2.55
2025-07-18,185586,Old Spice Αφρόλουτρο Night Panther 400 ml,2.55
2025-07-18,206254,Old Spice Αφρόλουτρο Rockstar 400 ml,2.55
2025-07-18,199564,Old Spice Αφρόλουτρο Whitewater 675 ml,4.98
2025-07-18,181086,Palmolive Αφρόλουτρο Aroma Essence Alluring Love Vegan 650 ml ,2.82
2025-07-18,204280,Palmolive Αφρόλουτρο Aroma Essence Restful Sleep 650 ml,2.82
2025-07-18,192370,Palmolive Αφρόλουτρο Aroma Essence Sweet Delight 650 ml,2.82
2025-07-18,180429,Palmolive Αφρόλουτρο Aroma Essence Ultimate Relax Vegan 650 ml ,2.82
2025-07-18,180845,Palmolive Αφρόλουτρο Aroma Essense Ultimate Relax Vegan 500 ml ,2.33
2025-07-18,199281,Palmolive Αφρόλουτρο Limited Edition Ορχιδέα &amp; Βανίλια 500 ml,2.33
2025-07-18,199544,Palmolive Αφρόλουτρο Limited Edition Τριαντάφυλλο &amp; Παιώνια 500 ml,2.33
2025-07-18,128856,Palmolive Αφρόλουτρο Naturals Macadamia &amp; Milk Vegan 650 ml ,2.82
2025-07-18,121655,Palmolive Αφρόλουτρο Naturals Γάλα &amp; Αμύγδαλο Vegan 650 ml ,2.82
2025-07-18,121656,Palmolive Αφρόλουτρο Naturals Γάλα &amp; Ελιά Vegan 650 ml ,2.82
2025-07-18,154215,Palmolive Αφρόλουτρο Naturals Καμέλια &amp; Γάλα Vegan 650 ml,2.82
2025-07-18,121654,Palmolive Αφρόλουτρο Naturals Μέλι &amp; Γάλα 650 ml,2.82
2025-07-18,180511,Palmolive Αφρόλουτρο Thermal Spa Mineral Massage 650 ml ,2.82
2025-07-18,191844,Palmolive Αφρόλουτρο Thermal Spa Silky Oil 500 ml,2.33
2025-07-18,191843,Palmolive Αφρόλουτρο Thermal Spa Smooth Butter 650 ml,2.82
2025-07-18,190849,Sanex Αφρόλουτρο Expert Protector Vegan 600 ml,2.75
2025-07-18,190848,Sanex Αφρόλουτρο Prebiotic Micellar Equilibrante Vegan 600 ml,2.75
2025-07-18,190850,Sanex Αφρόλουτρο Prebiotic Sensitive 600 ml,2.75
2025-07-18,191097,Sanex Αφρόλουτρο Zero% Dry Skin Vegan 600 ml,2.75
2025-07-18,173807,Sanex Αφρόλουτρο Zero% Family Με Αντλία Vegan 750 ml,3.25
2025-07-18,190846,Sanex Αφρόλουτρο Zero% Normal Skin Vegan 600 ml,2.75
2025-07-18,201731,Tesori D&#039;Oriente Αφρόλουτρο Byzantium 500 ml,6.98
2025-07-18,201125,Tesori D&#039;Oriente Αφρόλουτρο Hammam 500 ml,6.98
2025-07-18,121742,Tesori D&#039;Oriente Αφρόλουτρο White Musk 500 ml,6.98
2025-07-18,204515,Vidal Αφρόλουτρο Almond &amp; Karite Vegan 2 x 750 ml,5.15
2025-07-18,204513,Vidal Αφρόλουτρο Argain Oil Vegan 2 x 750 ml ,5.15
2025-07-18,204516,Vidal Αφρόλουτρο Imperial Orchid Vegan 2 x 750 ml ,5.15
2025-07-18,204514,Vidal Αφρόλουτρο Sensitive Talc Vegan 2 x 750 ml ,5.15
2025-07-18,204510,Vidal Αφρόλουτρο Sensual Touch 2 χ 750 ml,5.15
2025-07-18,204512,Vidal Αφρόλουτρο White Musk Vegan 2 x 750 ml ,5.15
2025-07-18,183543,Παπουτσάνης Aromatics Αφρόλουτρο Hope Vegan 600 ml,3.39
2025-07-18,183542,Παπουτσάνης Aromatics Αφρόλουτρο Love Vegan 600 ml,3.39
2025-07-18,197933,Παπουτσάνης Aromatics Αφρόλουτρο Musk Vegan 2 x 650 ml,5.27
2025-07-18,197934,Παπουτσάνης Aromatics Αφρόλουτρο Ylang Ylang Vegan 2 x 650 ml,5.27
2025-07-18,189143,Bioten Λοσιόν Σώματος Beloved Musk Vegan 250 ml,3.53
2025-07-18,197456,Dove Κρέμα Σώματος Care &amp; Glow 400 ml,5.57
2025-07-18,22514,Dove Κρέμα Σώματος Milk 250 ml,4.19
2025-07-18,197532,Dove Κρέμα Σώματος Shea Butter 400 ml,5.39
2025-07-18,26680,Dove Κρέμα Σώματος Silky 300 ml,4.79
2025-07-18,152701,Dove Λοσιόν Σώματος Restoring Care Coconut 250 ml,4.19
2025-07-18,205144,L&#039;oreal Paris Revitalift Peeling Τονωτικό Προσώπου Με Βιταμίνη C 180 ml,6.2
2025-07-18,88292,Le Petit Marseillais Κρέμα Σώματος Θρέψης Με Καριτέ Γλυκό Αμύγδαλο &amp; Έλαιο Άργκαν 250 ml,3.66
2025-07-18,88294,Le Petit Marseillais Λάδι Σώματος Spray Με Καριτέ Γλυκό Αμύγδαλο &amp; Έλαιο Άργκαν 150 ml,3.8
2025-07-18,83741,Nivea Q10 Plus Κρέμα Σώματος Firming Lotion 250 ml,5.17
2025-07-18,205458,Nivea Q10 Κρέμα Σώματος Firming Rejuvenating 400 ml,6.66
2025-07-18,159498,Nivea Κρέμα Σώματος Aloe Hydration 250 ml,3.62
2025-07-18,145054,Nivea Κρέμα Σώματος Care Nourish 400 ml,4.91
2025-07-18,192719,Nivea Κρέμα Σώματος Cocoa Butter 250 ml,3.4
2025-07-18,9419,Nivea Κρέμα Σώματος Rich Nourishing 250 ml,3.62
2025-07-18,150201,Nivea Κρέμα Σώματος Rich Nourishing 400 ml,5.01
2025-07-18,195001,Nivea Κρέμα Σώματος Smooth Sensation 250 ml,3.62
2025-07-18,9452,Nivea Κρέμα Σώματος Soft Vegan 200 ml,3.72
2025-07-18,199313,Nivea Κρέμα Σώματος Soft Vegan 300 ml,4.41
2025-07-18,170374,Nivea Κρέμα Σώματος Αντλία Aloe &amp; Hydration 400 ml,5.01
2025-07-18,181496,Vaseline Dry Skin Healing Balm Κρέμα Σώματος 250 ml,4.47
2025-07-18,136135,Vaseline Intensive Care Essential Healing Λοσιόν Σώματος 200 ml,3.9
2025-07-18,9217,Vaseline Βαζελίνη Original 100 gr,3.9
2025-07-18,180089,Vaseline Κρέμα Σώματος Dry Skin 400 ml,4.82
2025-07-18,176080,Vaseline Κρέμα Σώματος Jelly Cocoa 100 ml,3.98
2025-07-18,199608,Παπουτσάνης Aromatics Ενυδατική Λοσιόν Luminous Argan Oil Vegan 200 ml,3.74
2025-07-18,19950,Atrix Κρέμα Χεριών Εντατική Ενυδάτωση 150 ml,4.25
2025-07-18,203845,Echo Κρέμα Urea 5% Vegan 200 ml,2.93
2025-07-18,115769,Echo Κρέμα Χεριών Olive Vegan 75 ml,1.49
2025-07-18,158084,Echo Κρέμα Χεριών Vegan 200 ml,2.59
2025-07-18,198349,Echo Κρέμα Χεριών Επανορθωτική Vegan 75 ml,1.49
2025-07-18,9228,Nivea Κρέμα Χεριών 150 ml,2.53
2025-07-18,9230,Nivea Κρέμα Χεριών 250 ml,3.59
2025-07-18,66548,Vaseline Intensive Care Κρέμα Χεριών &amp; Νυχιών 75 ml,2.27
2025-07-18,194658,Arlem Υγρό Κρεμοσάπουνο Αντ/κό Άνθη Αμυγδαλιάς Vegan 1000 ml,2.1
2025-07-18,190681,Arlem Υγρό Κρεμοσάπουνο Αντ/κό Καρύδα Vegan 1000 ml,2.1
2025-07-18,190680,Arlem Υγρό Κρεμοσάπουνο Αντλία Άνθη Αμυγδαλιάς Vegan 1000 ml,2.4
2025-07-18,183838,Arlem Υγρό Κρεμοσάπουνο Αντλία Άνθη Ιβίσκου 1000 ml,2.4
2025-07-18,183837,Arlem Υγρό Κρεμοσάπουνο Αντλία Βασιλικός Πολτός 1000 ml,2.4
2025-07-18,185662,Cretan Beauty Σαπούνι Από Έξτρα Παρθένο Ελαιόλαδο 100 gr,2.58
2025-07-18,96908,Cretan Beauty Σαπούνι Ελαιολάδου 100 gr,1.1
2025-07-18,112358,Dettol Σαπούνι Αντιβακτηριδιακό Για Ευαίσθητες Επιδερμίδες 100 gr,1.0
2025-07-18,106107,Dettol Υγρό Κρεμοσάπουνο Αντ/κό Aloe Vera 250 ml,2.11
2025-07-18,205030,Dettol Υγρό Κρεμοσάπουνο Αντ/κό Wild Berry 750 ml,2.5
2025-07-18,106106,Dettol Υγρό Κρεμοσάπουνο Αντ/κό Για Ευαίσθητες Επιδερμίδες 750 ml,2.5
2025-07-18,106104,Dettol Υγρό Κρεμοσάπουνο Αντ/κό Λεβάντα (Χαλαρωτικό) 750 ml,2.5
2025-07-18,143898,Dettol Υγρό Κρεμοσάπουνο Αντ/κό Χαμομήλι (Θρεπτικό) 750 ml,2.5
2025-07-18,172739,Dettol Υγρό Κρεμοσάπουνο Αντιβακτηριδιακό Αντ/κό Σε Σακουλάκι Aloe Vera 500 ml,2.38
2025-07-18,172741,Dettol Υγρό Κρεμοσάπουνο Αντιβακτηριδιακό Αντ/κό Σε Σακουλάκι Λεβάντα 500 ml,2.38
2025-07-18,86411,Dettol Υγρό Κρεμοσάπουνο Αντιβακτηριδιακό Αντλία Αλόη 250 ml,1.87
2025-07-18,78255,Dettol Υγρό Κρεμοσάπουνο Αντιβακτηριδιακό Αντλία Λεβάντα 250 ml,1.87
2025-07-18,185877,Dove Σαπούνι 90 gr,0.96
2025-07-18,187836,Dove Σαπούνι Coconut 90 gr,0.96
2025-07-18,66549,Dove Υγρό Κρεμοσάπουνο Αντ/κό Regular 500 ml,1.73
2025-07-18,119310,Dove Υγρό Κρεμοσάπουνο Αντ/κό Shea Butter 500 ml,1.73
2025-07-18,186156,Dove Υγρό Κρεμοσάπουνο Αντ/κό Silk 750 ml,2.6
2025-07-18,160303,Herbolive Σαπούνι Donkey Milk 90 gr,2.98
2025-07-18,197008,Karavaki Σαπούνι Μασσαλίας Vegan 4 x 125 gr,2.56
2025-07-18,24450,Karavaki Σαπούνι Χαμομήλι Vegan 125 gr,0.82
2025-07-18,196753,Karavaki Σαπούνι Χαμομήλι Vegan 4 x 125 gr,2.56
2025-07-18,186293,Karavaki Υγρό Κρεμοσάπουνο Αντ/κό Classic 900 ml ,2.24
2025-07-18,186292,Karavaki Υγρό Κρεμοσάπουνο Αντ/κό Χαμομήλι 900 ml ,2.24
2025-07-18,174251,Le Petit Marseillais Υγρό Κρεμοσάπουνο Αντ/κό Γάλα 250 ml,0.94
2025-07-18,178666,Le Petit Marseillais Υγρό Κρεμοσάπουνο Αντλία Μασσαλίας 500 ml,2.84
2025-07-18,186169,Lux Υγρό Κρεμοσάπουνο Αντ/κό Magical Orchid 750 ml,2.54
2025-07-18,186170,Lux Υγρό Κρεμοσάπουνο Αντ/κό Secret Poppy 750 ml,2.55
2025-07-18,185788,Lux Υγρό Κρεμοσάπουνο Αντλία Magical Orchid 380 ml,2.07
2025-07-18,185791,Lux Υγρό Κρεμοσάπουνο Αντλία Secret Poppy 380 ml,2.06
2025-07-18,185792,Lux Υγρό Κρεμοσάπουνο Αντλία Velvet Jasmine 380 ml,2.06
2025-07-18,198895,Noxzema Υγρό Κρεμοσάπουνο Hydrating Rice Milk Ανταλλακτικό 750 ml,2.0
2025-07-18,198896,Noxzema Υγρό Κρεμοσάπουνο Pampering Talc Ανταλλακτικό 750 ml,2.0
2025-07-18,206019,Palmolive Σαπούνι Almond &amp; Milk 4 x90 gr,2.53
2025-07-18,206020,Palmolive Σαπούνι Olive &amp; Milk 4 x90 gr,2.53
2025-07-18,199081,Palmolive Υγρό Κρεμοσάπουνο Aquarium Αντ/κό Vegan 900 ml,2.12
2025-07-18,190932,Palmolive Υγρό Κρεμοσάπουνο Hygiene Plus Αντ/κό Family 900 ml,2.12
2025-07-18,191413,Palmolive Υγρό Κρεμοσάπουνο Hygiene Plus Αντ/κό Fresh Vegan 900 ml,2.12
2025-07-18,190653,Palmolive Υγρό Κρεμοσάπουνο Naturals Αντ/κό Γάλα &amp; Αμύγδαλο Vegan 900 ml,2.12
2025-07-18,85392,Palmolive Υγρό Κρεμοσάπουνο Naturals Αντ/κό Μέλι &amp; Γάλα 750 ml,1.93
2025-07-18,190654,Palmolive Υγρό Κρεμοσάπουνο Naturals Αντ/κό Μέλι &amp; Γάλα 900 ml,2.12
2025-07-18,22743,Palmolive Υγρό Κρεμοσάπουνο Naturals Αντλία Μέλι &amp; Γάλα Vegan 300 ml,1.31
2025-07-18,201835,Palmolive Υγρό Κρεμοσάπουνο Αντ/κό Moroccan Rose &amp; Peony Scent Vegan 900 ml,2.12
2025-07-18,121996,Palmolive Υγρό Κρεμοσάπουνο Αντ/κό Γάλα &amp; Αμύγδαλο Vegan 300 ml,1.31
2025-07-18,201834,Palmolive Υγρό Κρεμοσάπουνο Αντ/κό Λεβάντα &amp; Περγαμόντο Vegan 900 ml,2.12
2025-07-18,182013,Puravita Υγρό Κρεμοσάπουνο Αντ/κό Aloe Vera 750 ml,1.88
2025-07-18,182020,Puravita Υγρό Κρεμοσάπουνο Αντ/κό Αντιβακτηριδιακή Προστασία 750 ml,2.08
2025-07-18,182015,Puravita Υγρό Κρεμοσάπουνο Αντ/κό Μέλι &amp; Γάλα 750 ml,1.88
2025-07-18,186160,Puravita Υγρό Κρεμοσάπουνο Αντλία Aloe Vera 400 ml,1.74
2025-07-18,186159,Puravita Υγρό Κρεμοσάπουνο Αντλία Αμύγδαλο 400 ml,1.74
2025-07-18,186157,Puravita Υγρό Κρεμοσάπουνο Αντλία Μέλι &amp; Γάλα 400 ml,1.74
2025-07-18,36908,Έλσα Σαπούνι Παραδοσιακό 125 gr,0.8
2025-07-18,36909,Έλσα Σαπούνι Παραδοσιακό 250 gr,1.46
2025-07-18,8532,Αβέα Σαπούνι Αρωματικό Πράσινο 125 gr,1.14
2025-07-18,8533,Αβέα Σαπούνι Λευκό Ελαιόλαδο &amp; Μέλι 125 gr,1.62
2025-07-18,105806,Αβέα Σαπούνι Πράσινο Από Λάδι Ελιάς 4 x 150 gr,3.42
2025-07-18,193620,Μέγα Kids Κρεμοσάπουνο Εκπαιδευτικό Με Αντλία 250 ml,1.44
2025-07-18,201780,Μέγα Kids Υγρό Κρεμοσάπουνο Αντ/κό 500 ml,1.7
2025-07-18,193622,Μέγα Κρεμοσάπουνο Από Εκχύλισμα Βαμβακιού Με Αντλία 600 ml,2.05
2025-07-18,193624,Μέγα Κρεμοσάπουνο Ρόδι Ανταλλακτικό 500 ml,1.59
2025-07-18,187207,Παπουτσάνης Aromatics Σαπούνι Hope Vegan 100 gr,0.72
2025-07-18,185136,Παπουτσάνης Aromatics Σαπούνι Lavender 100 gr,0.72
2025-07-18,196751,Παπουτσάνης Aromatics Σαπούνι Lavender 4 x 100 gr,2.56
2025-07-18,187206,Παπουτσάνης Aromatics Σαπούνι Love Vegan 100 gr,0.72
2025-07-18,185551,Παπουτσάνης Aromatics Σαπούνι Musk 100 gr,0.72
2025-07-18,196752,Παπουτσάνης Aromatics Σαπούνι Musk 4 x 100 gr,2.56
2025-07-18,184873,Παπουτσάνης Aromatics Σαπούνι Tabac 100 gr,0.72
2025-07-18,71439,Παπουτσάνης Natura Υγρό Κρεμοσάπουνο Αντ/κό Aegean Breeze 750 ml,2.04
2025-07-18,69363,Παπουτσάνης Natura Υγρό Κρεμοσάπουνο Αντ/κό Almond Cream 750 ml ,2.04
2025-07-18,177265,Παπουτσάνης Natura Υγρό Κρεμοσάπουνο Αντ/κό Clean Lavender 750 ml,2.04
2025-07-18,201711,Παπουτσάνης Natura Υγρό Κρεμοσάπουνο Αντ/κό Jasmine &amp; Cream 500 ml,1.85
2025-07-18,201712,Παπουτσάνης Natura Υγρό Κρεμοσάπουνο Αντ/κό Roses &amp; Musk 500 ml,1.85
2025-07-18,154885,Παπουτσάνης Natura Υγρό Κρεμοσάπουνο Αντ/κό Vanilla Caramel 750 ml ,2.04
2025-07-18,116988,Παπουτσάνης Σαπούνι Πράσινο Με Ελαιόλαδο Vegan 125 gr,0.7
2025-07-18,116989,Παπουτσάνης Σαπούνι Πράσινο Με Ελαιόλαδο Vegan 250 gr,1.27
2025-07-18,174629,Lifoplus Ακατέργαστη Λούφα Με Κορδόνι ,2.16
2025-07-18,114061,Lifoplus Γάντι Μπάνιου Λούφας Classic,2.65
2025-07-18,114060,Lifoplus Γάντι Μπάνιου Λούφας Mini,2.24
2025-07-18,114062,Lifoplus Γάντι Μπάνιου Λούφας Διπλής Όψεως,4.18
2025-07-18,170375,Lifoplus Ξύλινη Βούρτσα Πλάτης,7.42
2025-07-18,196262,Lifoplus Σφουγγάρι Σώματος Με Τούλι ,2.36
2025-07-18,206476,Multy Σφουγγάρι Σώματος Ν107 2 Τεμάχια,1.2
2025-07-18,206477,Multy Σφουγγάρι Σώματος Ν5 2 Τεμάχια,0.95
2025-07-18,206482,Multy Σφουγγάρι Σώματος Fitness Ν102 2 Τεμάχια,1.42
2025-07-18,11183,Multy Σφουγγάρι Σώματος Ν107/S,2.27
2025-07-18,39356,Zan Sot Σφουγγάρι Σώματος Με Τούλι Μεγάλο,1.7
2025-07-18,152124,Γίφα Σφουγγάρι Σώματος Με Σιλικόνη Γίγας 70 gr,2.07
2025-07-18,11704,Assim Ψαλίδι Νυχιών 2124 Ασημένιο,4.5
2025-07-18,30039,Hansaplast Αποσμητικό Spray Ποδιών &amp; Προστασία Από Μύκητες 150 ml,6.37
2025-07-18,87657,Hansaplast Αποσμητικό Spray Ποδιών Silver Active 150 ml,6.38
2025-07-18,134146,Hansaplast Επιθέματα Για Κάλους 10 Τεμάχια,4.68
2025-07-18,167660,Hansaplast Κρέμα Επούλωσης Πληγών 50 gr,6.92
2025-07-18,118729,Scholl Fresh Step Αποσμητικό Υποδημάτων Spray 150 ml,7.9
2025-07-18,125928,Scholl Velvet Ηλεκτρική Λίμα Ποδιών,49.9
2025-07-18,118725,Scholl Κρέμα Ανάπλασης Για Σκασμένες Πτέρνες 60 ml,11.9
2025-07-18,205396,Scholl Λίμα Για Την Αφαίρεση Σκληρού Δέρματος,4.78
2025-07-18,83326,Zan Sot Νυχοκόπτης Classic Μεγάλος ,2.98
2025-07-18,72910,Zan Sot Νυχοκόπτης Classic Μεσαίος ,2.28
2025-07-18,151385,Zan Sot Ξύλινη Ράσπα Ποδιών,4.5
2025-07-18,194130,Zan Sot Τριχολαβίδα Ίσια,3.15
2025-07-18,112399,Zan Sot Τριχολαβίδα Στενή Λοξή ,2.62
2025-07-18,80822,Zan Sot Ψαλιδάκι Νυχιών,4.8
2025-07-18,206530,Parodontax Στοματικό Διάλυμα Active Gum Health Ice Mint 500 ml,3.85
2025-07-18,206122,Skip Υγρό Πλυντηρίου Ρούχων Active Clean 30 Μεζούρες 1-5 lt,6.7
2025-07-18,206094,Skip Υγρό Πλυντηρίου Ρούχων Cajoline Lilium 30 Μεζούρες 1-5 lt,6.7
2025-07-18,206093,Skip Υγρό Πλυντηρίου Ρούχων Spring Fresh 30 Μεζούρες 1-5 lt,6.7
2025-07-18,205074,Lenor Συμπυκνωμένο Μαλακτικό Ρούχων Haute Couture La Desirable 59 Μεζούρες 1239 ml,3.02
2025-07-18,206075,Planet Υγρό Αππορυπαντικό Ρούχων Cold Fusion 45 Μεζούρες 2070 ml,7.92
2025-07-18,206076,Planet Υγρό Αππορυπαντικό Ρούχων Pure Fusion 45 Μεζούρες 2070 ml,7.92
2025-07-18,119803,Εύρηκα Υπερλευκαντικό Ρούχων 500 gr ,4.17
2025-07-18,196906,Αρκάδι Υγρό Απορρυπαντικό Πιάτων Περγαμόντο &amp; Γκρέϊπφρουτ Ανταλλακτικό Vegan 900 ml,2.76
2025-07-18,196905,Αρκάδι Υγρό Απορρυπαντικό Πιάτων Ρόδι &amp; Σταφύλι Ανταλλακτικό Vegan 900 ml,2.76
2025-07-18,206397,Ajax Καθαριστικό Πατώματος Uplifting 750 ml,1.69
2025-07-18,206399,Ajax Καθαριστικό Πατώματος Relaxing 750 ml,1.69
2025-07-18,203636,Fairy Max Power Υγρό Απορρυπαντικό Πιάτων 2 x 730 ml,6.78
2025-07-18,203635,Fairy Max Power Υγρό Απορρυπαντικό Πιάτων Λεμόνι 2 x 730 ml,6.78
2025-07-18,196907,Αρκάδι Υγρό Απορρυπαντικό Πιάτων Περγαμόντο &amp; Γκρέϊπφρουτ Vegan 550 ml,2.13
2025-07-18,196904,Αρκάδι Υγρό Απορρυπαντικό Πιάτων Ρόδι &amp; Σταφύλι Vegan 550 ml,2.13
2025-07-18,206077,Planet White Fusion Σκόνη Πλυντηρίου Ρούχων 54 Μεζούρες 2-484 kg ,9.79
2025-07-18,128937,Sanitas Extra Comfort Γάντια Latex Με Επένδυση Large,1.55
2025-07-18,103799,Sanitas Extra Comfort Γάντια Latex Με Επένδυση Medium,1.55
2025-07-18,127590,Sanitas Extra Comfort Γάντια Latex Με Επένδυση Small,1.55
2025-07-18,37567,Klinex Advance Χλωρίνη 2 lt,2.91
2025-07-18,44962,Klinex Advance Χλωρίνη Spring 2 lt,2.91
2025-07-18,199895,Homecare Oz Καθαριστικό Αλάτων Για Καφετιέρες &amp; Βραστήρες 250 ml,2.8
2025-07-18,44178,Afroso Wc Block Αρωματικό Τουαλέτας Ocean 50 gr,1.53
2025-07-18,176492,Planet Υγρο Γενικού Καθαρισμού Antibacterial Lime &amp; Jasmine 1 lt,2.27
2025-07-18,204704,Regina Silk Χαρτί Υγείας Χαμομήλι 3φυλλο 8 Τεμάχια ,2.68
2025-07-18,175875,Εύρηκα Υπερλευκαντικό Quick White 4 x 50 gr ,2.59
2025-07-18,203634,Fairy Ultra Υγρό Απορρυπαντικό Πιάτων 350 ml,2.23
2025-07-18,203797,Fairy Υγρό Απορρυπαντικό Πιάτων Λεμόνι 350 ml,2.23
2025-07-18,63623,Harpic Υγρό Καθαριστικό Τουαλέτας Power Plus 750 ml,1.94
2025-07-18,90008,Harpic Υγρό Καθαριστικό Τουαλέτας Exotic Fruits 750 ml,1.78
2025-07-18,90998,Harpic Υγρό Καθαριστικό Τουαλέτας Θάλασσα 750 ml,1.78
2025-07-18,117219,Harpic Υγρό Καθαριστικό Τουαλέτας Με Ενεργό Χλώριο Άρωμα Εσπεριδοειδών 750 ml,1.78
2025-07-18,91001,Harpic Υγρό Καθαριστικό Τουαλέτας Πεύκο 750 ml,1.78
2025-07-18,117997,Mamasoft Χαρτοπετσέτες 28 x 28 50 Τεμάχια 70 gr,0.39
2025-07-18,204038,Regina Silk Επιτραπέζια Χαρτομάντηλα 2φυλλο 140 Τεμάχια,0.88
2025-07-18,185734,Χαλκιαδάκης Χαρτί Κουζίνας 600 gr,2.12
2025-07-18,158236,Puravita Χαρτί Κουζίνας Γίγας 3φυλλο 800 gr,2.46
2025-07-18,158237,Puravita Χαρτί Υγείας 3φυλλο 10 Τεμάχια 900 gr,3.45
2025-07-18,191208,Puravita Χαρτί Υγείας 3φυλλο 8 Τεμάχια 832 gr,3.05
2025-07-18,191209,Puravita Χαρτί Υγείας 3φυλλο Αρωματικό 10 Τεμάχια 900 gr,3.6
2025-07-18,118540,Χαλκιαδάκης Σακούλες Απορριμάτων Mini 46 x 56 cm 30 Τεμάχια,0.72
2025-07-18,141534,Χαλκιαδάκης Σακούλες Απορριμάτων Μεγάλες 53 x 80 cm 20 Τεμάχια,1.2
2025-07-18,162061,Χαλκιαδάκης Σακούλες Απορριμμάτων Μεγάλες Με Κορδόνι 70 x 95 cm 10 Τεμάχια,2.18
2025-07-18,162060,Χαλκιαδάκης Σακούλες Απορριμμάτων Μεσαίες Με Κορδόνι 52 x 75 cm 10 Τεμάχια,1.25
2025-07-18,177546,Χαλκιαδάκης Χλώριο Classic 2 lt,1.33
2025-07-18,177541,Χαλκιαδάκης Χλώριο Ultra Classic 750 ml,0.98
2025-07-18,177524,Χαλκιαδάκης Χλώριο Ultra Fresh 750 ml,0.9
2025-07-18,202017,Χαλκιαδάκης Χλώριο Ultra Λεβάντα 750 ml,0.91
2025-07-18,202016,Χαλκιαδάκης Χλώριο Ultra Λεμόνι 1250 ml,1.53
2025-07-18,178193,Χαλκιαδάκης Χλώριο Ultra Λεμόνι 750 ml,0.91
2025-07-18,177548,Χαλκιαδάκης Χλώριο Λεμόνι 2 lt,1.35
2025-07-18,177540,Χαλκιαδάκης Υγρό Καθαρισμού Τζαμιών Αντ/κο 500 ml,0.89
2025-07-18,177539,Χαλκιαδάκης Υγρό Καθαρισμού Τζαμιών Αντλία 500 ml,1.48
2025-07-18,177523,Χαλκιαδάκης Υγρό Απορρυπαντικό Πιάτων Λεμόνι 4 lt,4.8
2025-07-18,177668,Χαλκιαδάκης Υγρό Απορρυπαντικό Πιάτων Πορτοκάλι 500 ml,1.28
2025-07-18,177537,Χαλκιαδάκης Υγρό Απορρυπαντικό Πιάτων Πράσινο Μήλο 500 ml,1.28
2025-07-18,177525,Χαλκιαδάκης Υγρό Απορρυπαντικό Πιάτων Πράσινο Μήλο 750 ml,1.66
2025-07-18,202015,Χαλκιαδάκης Υγρο Πατώματος Λεμόνι 1000 ml,1.34
2025-07-18,177667,Χαλκιαδάκης Υγρό Πατώματος Λεβάντα 1 lt,1.34
2025-07-18,177547,Χαλκιαδάκης Υγρό Πατώματος Φρούτα Δάσους 1 lt,1.34
2025-07-18,186517,Medical Γάντια Μιας Χρήσης Latex Large 50 Τεμάχια,2.98
2025-07-18,186518,Medical Γάντια Μιας Χρήσης Latex Medium 50 Τεμάχια,2.98
2025-07-18,187170,Medical Γάντια Μιας Χρήσης Latex Small 50 Τεμάχια,2.98
2025-07-18,180282,Practic Γάντια Μιας Χρήσης Latex Large Χωρίς Πούδρα 10 Τεμάχια,1.1
2025-07-18,180281,Practic Γάντια Μιας Χρήσης Latex Medium Χωρίς Πούδρα 10 Τεμάχια,1.1
2025-07-18,191121,Practic Γάντια Μιας Χρήσης Νιτριλίου Μαύρα Medium Χωρίς Πούδρα 50 Τεμάχια,2.4
2025-07-18,181543,Vileda Γάντια Οικιακής Χρήσης Universal Large ,2.38
2025-07-18,181542,Vileda Γάντια Οικιακής Χρήσης Universal Medium,2.38
2025-07-18,181541,Vileda Γάντια Οικιακής Χρήσης Universal Small,2.38
2025-07-18,172915,Θαλασσινός Γάντια Μιας Χρήσης Νιτριλίου Μαύρα Large 100 Τεμάχια,3.15
2025-07-18,172914,Θαλασσινός Γάντια Μιας Χρήσης Νιτριλίου Μαύρα Medium 100 Τεμάχια,3.15
2025-07-18,176342,Βιομές Λεκάνη Νέα Ora 360 Φ26 Γκρι Titan 4 lt,1.68
2025-07-18,176344,Βιομές Λεκάνη Νέα Ora 361 Φ61 Γκρι Titan 6 lt,2.0
2025-07-18,149553,Kitten Λαβή Για Σκονοσκουπάκι &amp; Ανταλλακτικά Πανάκια 5 Τεμάχια,1.38
2025-07-18,149282,Kitten Πανάκια Για Σκονοσκουπάκι Ανταλλακτικά 10 Τεμάχια,2.0
2025-07-18,151795,Kitten Πανάκια Μικροϊνών Γενικής Χρήσης 8 Τεμάχια,2.65
2025-07-18,133445,Kitten Πανί Γενικής Χρήσης Με Μικροίνες 3 Τεμάχια,1.9
2025-07-18,150122,Kitten Σπογγοπετσέτα No1 2 Τεμάχια,0.96
2025-07-18,150295,Kitten Σπογγοπετσέτα No2,0.76
2025-07-18,148918,Kitten Στεγνά Πανάκια Καθαρισμού 20 Τεμάχια,1.45
2025-07-18,187594,Klinex Hygiene Υγρα Πανάκια Καθαρισμού Πατώματος Λεμόνι 15 Τεμάχια,3.24
2025-07-18,206481,Multy Πετσέτες Γενικής Χρήσης Ν2 3 Τεμάχια,1.22
2025-07-18,103821,Sanitas Multi Surface Πετσέτα Γενικής Χρήσης 3 Τεμάχια,1.65
2025-07-18,206091,Swiffer Στεγνά Πανάκια Καθαρισμού 54 Τεμάχια,6.74
2025-07-18,205973,Swiffer Στεγνά Πανάκια Καθαρισμού Duster 18 Τεμάχια,8.44
2025-07-18,205978,Swiffer Σύστημα Duster Χειρός &amp; 4 Ανταλλακτικά Πανάκια,3.74
2025-07-18,206092,Swiffer Υγρά Πανάκια 10 Τεμάχια,4.22
2025-07-18,143142,Vileda Πετσέτες Microfibre Colors 4 Τεμάχια,2.12
2025-07-18,201759,Vileda Πετσέτες Microfibre Colors 8 Τεμάχια,6.88
2025-07-18,192882,Vileda Πετσέτες Multi Quatro Colors 4 Τεμάχια,3.18
2025-07-18,205306,Vileda Πετσέτες Καθαρισμού 4 Τεμάχια ,3.0
2025-07-18,11298,Wettex Μαγικό Ρολό 1-5 m x 0-25 m,3.57
2025-07-18,193462,Wettex Πετσέτες Microfibre 3 Σε 1 2 Τεμάχια,4.68
2025-07-18,205305,Wettex Πετσέτες Ultra Thin Magico 3 Τεμάχια ,4.2
2025-07-18,163011,Wettex Σπογγοπετσέτα Art Collection 3 Τεμάχια,2.89
2025-07-18,205304,Wettex Σπογγοπετσέτα Καθαρισμού Υγρή N3 3 Τεμάχια ,3.6
2025-07-18,205303,Wettex Σπογγοπετσέτα Ν1 3 Τεμάχια ,3.3
2025-07-18,11101,Wettex Σπογγοπετσέτα Ν2,2.17
2025-07-18,94356,El-Ef Σακούλες Απορριμάτων Αρωματικές Mini 46 x 56 cm 30 Τεμάχια,1.09
2025-07-18,94355,El-Ef Σακούλες Απορριμάτων Αρωματικές Γίγας Με Κορδόνι 52 x 75 cm 10 Τεμάχια &amp; 10 Τεμάχια Mini 46 x 56 cm,1.83
2025-07-18,135116,El-Ef Σακούλες Απορριμάτων Αρωματικές Μεγάλες Με Χερούλι 58 x 72 cm 20 Τεμάχια,2.5
2025-07-18,117898,El-Ef Σακούλες Απορριμμάτων Γίγας 75 x 115 cm 20 Τεμάχια,4.5
2025-07-18,180512,Freshler Σακούλες Απορριμμάτων Mini 46 x 56 cm 30 Τεμάχια,1.15
2025-07-18,186871,Freshler Σακούλες Απορριμμάτων Επαγγελματικές 95 x 110 m 10 Τεμάχια,3.8
2025-07-18,173626,Freshler Σακούλες Απορριμμάτων Με Κορδόνι 52 x 75 cm 10 Τεμάχια,1.7
2025-07-18,183577,Sanitas Flex &amp; Strong Σακούλες Απορριμμάτων Γίγας 8 Τεμάχια,2.7
2025-07-18,183578,Sanitas Flex &amp; Strong Σακούλες Απορριμμάτων Με Κορδόνι Μεγάλες 10 Τεμάχια,1.79
2025-07-18,185201,Sanitas Flex &amp; Strong Σακούλες Απορριμμάτων Με Κορδόνι Μεσαίες Πούδρα 10 Τεμάχια,1.28
2025-07-18,187492,Sanitas Σακούλες Απορριμμάτων Black Power Extra Giant 160 L 10 Τεμάχια,4.0
2025-07-18,183200,Sanitas Σακούλες Απορριμμάτων Easy Pack Large 20 Τεμάχια,2.98
2025-07-18,187895,Sanitas Σακούλες Απορριμμάτων Easy Pack Γίγας Με Χερούλι 70 x 90 cm 10 Τεμάχια,3.6
2025-07-18,130807,Sanitas Σακούλες Απορριμμάτων Αρωματικές Με Χερούλι Easy Pack 58 x 72 cm 20 Τεμάχια,2.98
2025-07-18,145465,Sanitas Σακούλες Απορριμμάτων Αρωματικές Μεγάλες Με Κορδόνι 52 x 75 cm 10 Τεμάχια,1.79
2025-07-18,183199,Sanitas Σακούλες Απορριμμάτων Με Χερούλια Easy Pack Small 20 Τεμάχια,1.68
2025-07-18,162668,Sanitas Σακούλες Απορριμμάτων Με Χερούλια Easy Pack Μικρές Αρωματικές 30 Τεμάχια,1.42
2025-07-18,105709,Sanitas Σακούλες Απορριμμάτων Μικρές Αρωματικές 30 Τεμάχια,0.96
2025-07-18,196768,Estia Φαράσι Με Κοντάρι Bamboo Essentials Μαύρο,5.5
2025-07-18,178466,Et Plast Κουβάς Νείλος Με Ρόδες &amp; Σχάρα 20 lt,4.98
2025-07-18,89291,Et Plast Στίφτης Κουβά Νείλος Super Press 20 lt,1.38
2025-07-18,12896,Labico Παρκετέζα Βαμβακερή 50 cm,11.8
2025-07-18,105571,Multy Σφουγγαρίστρα Γίγας Κίτρινη,1.92
2025-07-18,103811,Sanitas Κοντάρι Σφουγγαρίστρας,2.56
2025-07-18,12904,Scotch Brite Κοντάρι Κόκκινο - Κίτρινο Φαρδύ Βίδωμα,2.52
2025-07-18,205826,Scotch Brite Κουβάς Με Στίφτη,13.9
2025-07-18,96250,Scotch Brite Σκούπα Twister Extra Με Σκληρή Τρίχα Λεπτό Βίδωμα,5.2
2025-07-18,159345,Scotch Brite Σφουγγαρίστρα Colori 2 Τεμάχια,5.5
2025-07-18,124803,Scotch Brite Σφουγγαρίστρα Max Πράσινη 2 Τεμάχια,7.75
2025-07-18,103660,Scotch Brite Σφουγγαρίστρα Κίτρινη 2 Τεμάχια,7.6
2025-07-18,136045,Scotch Brite Σφουγγαρίστρα Μικροΐνες,7.15
2025-07-18,94490,Swiffer Έτοιμη Σκούπα Με 8 Στεγνά Πανάκια +3 Υγρά Πανάκια,10.72
2025-07-18,142809,Swiffer Σκούπα &amp; 8 Στεγνά Πανάκια +3 Υγρά Πανάκια,10.72
2025-07-18,191263,Tafline Κοντάρι Sanded,1.5
2025-07-18,191264,Tafline Σετ Σκούπα &amp; Φαράσι,6.3
2025-07-18,191262,Tafline Σκούπα Εσωτερικού Χώρου,2.98
2025-07-18,191259,Tafline Σφουγγαρίστρα Με Στρογγυλό Πανί,4.98
2025-07-18,121206,Vileda Ανταλλακτικό Σφουγγαρίσματος Turbo Smart,4.54
2025-07-18,12774,Vileda Κοντάρι Super,2.49
2025-07-18,194579,Vileda Κοντάρι Σκούπας Κόκκινο Με Βίδα,2.07
2025-07-18,204908,Vileda Κουβάς Με στίφτη,8.66
2025-07-18,57566,Vileda Σκούπα 2 In 1,6.98
2025-07-18,123760,Vileda Σκούπα 3 In 1,5.32
2025-07-18,204910,Vileda Σφουγγαρίστρα Classic 2 Τεμάχια,9.98
2025-07-18,204909,Vileda Σφουγγαρίστρα Soft 2 Τεμάχια,5.94
2025-07-18,198551,Vileda Σφουγγαρίστρα Με 100% Μικροΐνες,3.84
2025-07-18,171536,Vileda Σύστημα Σφουγγαρίσματος Turbo Smart,29.69
2025-07-18,131727,Violeta Σφουγγαρίστρα Super Φούστα Microfiber,4.15
2025-07-18,144616,Κυκλωψ Κουβάς N221 6 lt,1.78
2025-07-18,108982,Κύκλωψ Βούρτσα Πατρογκάκι ,1.65
2025-07-18,124063,Κύκλωψ Επαγγελματική Σφουγγαρίστρα 300 gr,2.84
2025-07-18,144618,Κύκλωψ Κοντάρι Αλουμινίου Με Χονδρή Βίδα 1-30 cm,4.58
2025-07-18,96047,Κύκλωψ Κοντάρι Λούστρο Με Βίδα 1.2 m,1.33
2025-07-18,109111,Κύκλωψ Κοντάρι Μεταλλικό Με Χονδρή Βίδα 1.30 cm,1.08
2025-07-18,151846,Κύκλωψ Κουβάς Με Στίφτη 16 L,4.8
2025-07-18,96046,Κύκλωψ Ορθοπεδικό Φαράσι Με Κοντάρι,2.66
2025-07-18,95088,Κύκλωψ Σκούπα Μαγνητική ,1.76
2025-07-18,95593,Κύκλωψ Σκούπα Μαγνητική,2.25
2025-07-18,120177,Κύκλωψ Σκούπα Πλαστική Ίσια ,1.7
2025-07-18,95087,Κύκλωψ Σκούπα Πολυτελείας Ίσια ,2.6
2025-07-18,108980,Κύκλωψ Σκούπα Σκληρή Χαλιών ,1.58
2025-07-18,120268,Κύκλωψ Φαράσι Βαθύ Με Λάστιχο,1.28
2025-07-18,95547,Φαράσι Με Λάστιχο,1.28
2025-07-18,206479,Multy Συρματάκι Ανοξείδωτο 3 Τεμάχια,1.42
2025-07-18,11170,Multy Σφουγγαράκι Teflon New York 10 Τεμάχια,1.65
2025-07-18,103816,Sanitas Hygiene Fresh Αντιβακτηριδιακό Σφουγγαράκι Κουζίνας,0.65
2025-07-18,205211,Sanitas Hygiene Fresh Αντιβακτηριδιακό Σφουγγαράκι Κουζίνας 5 Τεμάχια,1.98
2025-07-18,103817,Sanitas Inox Pro Ανοξείδωτο Σύρμα Με Λαβή,1.0
2025-07-18,103814,Sanitas Original Σφουγγαράκι Κουζίνας,0.59
2025-07-18,205213,Sanitas Original Σφουγγαράκι Κουζίνας 3 Τεμάχια,1.19
2025-07-18,103813,Sanitas Teflon Σφουγγαράκι Κουζίνας ,0.7
2025-07-18,205212,Sanitas Wavy Shine Σφουγγαράκι Κουζίνας 4 Τεμάχια,1.97
2025-07-18,11140,Scotch Brite Πετσετάκι Κουζίνας,1.02
2025-07-18,147212,Scotch Brite Σφουγγαράκι Extreme,1.45
2025-07-18,48977,Scotch Brite Σφουγγαράκι Super Cleaner,1.34
2025-07-18,11143,Scotch Brite Σφουγγαράκι Αντιβακτηριδιακό Γίγας,1.36
2025-07-18,152658,Scotch Brite Σφουγγαράκι Για Σχάρες &amp; BBQ ,2.32
2025-07-18,205570,Scotch Brite Σφουγγαράκι Πράσινο 3 Τεμάχια ,2.64
2025-07-18,11281,Scotch Brite Σφουγγαράκι Πράσινο Αντιβακτηριδιακό,1.32
2025-07-18,205354,Scotch Brite Σφουγγαράκι Πράσινο Αντιβακτηριδιακό 3 Τεμάχια,2.64
2025-07-18,11142,Scotch Brite Σφουγγαράκι Πράσινο Μικρό,1.32
2025-07-18,88933,Vileda Συρματάκι Ανοξείδωτο 2 Τεμάχια,2.28
2025-07-18,143669,Vileda Σφουγγαράκι Classic,0.58
2025-07-18,204914,Vileda Σφουγγαράκι Classic 3 Τεμάχια,2.25
2025-07-18,204912,Vileda Σφουγγαράκι Tip Top 5 Τεμάχια,1.24
2025-07-18,204913,Vileda Σφουγγαράκι Utra Fresh 3 Τεμάχια,2.37
2025-07-18,204911,Wettex Σφουγγαράκι 4 Τεμάχια,1.21
2025-07-18,193285,Αρκάδι Πράσινo Σαπούνι Τρίμμα Vegan 500 gr,3.44
2025-07-18,186536,Agnotis Απορρυπαντικό Ρούχων 22 Μεζούρες 1000 ml,4.39
2025-07-18,153025,Planet Baby Υγρό Πλυντηρίου Ρούχων 20 Μεζούρες 1-16 lt,4.64
2025-07-18,182874,Planet Baby Υγρό Πλυντηρίου Ρούχων 38 Μεζούρες 2-204 lt,7.44
2025-07-18,194738,Planet Υγρό Πλυντηρίου Ρούχων Kids &amp; Toddlers 38 Μεζούρες 2-204 ml,7.44
2025-07-18,50103,Proderm Υγρό Απορρυπαντικό Πλυντηρίου Ρούχων 40 Μεζούρες 2-8 lt ,17.85
2025-07-18,109087,Αρκάδι Baby Υγρό Απορρυπαντικό Ρούχων Με Πράσινο Σαπούνι Vegan 26 Μεζούρες 1575 ml,8.7
2025-07-18,182876,Εύρηκα Baby Υγρό Απολυμαντικό Ρούχων Με Χαμομήλι 1 lt,2.9
2025-07-18,197802,Εύρηκα Baby Υγρό Πλυντηρίου Ρούχων 36 Μεζούρες 1-8 lt,7.68
2025-07-18,171260,Εύρηκα Newborn Υγρό Πλυντηρίου Ρούχων 36 Μεζούρες 1-8 lt,6.88
2025-07-18,170378,Planet Baby Απολυμαντικό Spray 325 ml,3.52
2025-07-18,204215,Planet Baby Καθαριστικό Πατώματος Υποαλλεργικό 1 lt,2.74
2025-07-18,186537,Agnotis Βρεφικό Μαλακτικό Ρούχων 22 Μεζούρες 1000 ml ,2.37
2025-07-18,202900,Planet Baby Μαλακτικό Ρούχων 40 Μεζούρες 900 ml,3.73
2025-07-18,47169,Proderm Μαλακτικό Ρούχων 25 Μεζούρες 2 lt,6.4
2025-07-18,201880,Αρκάδι Baby Μαλακτικό Ρούχων Vegan 45 Μεζούρες 1000 ml,4.95
2025-07-18,189012,Εύρηκα Baby Συμπυκνωμένο Υγρό Μαλακτικό Για Βρεφικά Ρούχα 35 Μεζούρες 700 ml,2.84
2025-07-18,194737,Εύρηκα Newborn Υγρό Μαλακτικό Ρούχων 28 Μεζούρες 2000 ml,3.38
2025-07-18,186535,Agnotis Υγρό Πιάτων 500 ml,1.89
2025-07-18,157318,Planet Baby Υγρό Απορρυπαντικό Πιάτων 425 ml,1.86
2025-07-18,65700,Proderm Υγρό Απορρυπαντικό Πιάτων 500 ml,2.93
2025-07-18,183179,Εύρηκα Υγρό Πιάτων Baby 500 ml,1.93
2025-07-18,205953,Flup Αποφρακτική Σκόνη Ζεστό 3 x 80 gr,2.06
2025-07-18,85633,Mr Muscle Αποφρακτικό 1 lt,6.55
2025-07-18,204373,Tuboflo Αποφρακτική Σκόνη Ζεστό 4 x 60 gr,2.94
2025-07-18,191827,Tuboflo Αποφρακτική Σκόνη Ζεστό 60 gr,0.98
2025-07-18,205866,Tuboflo Αποφρακτική Σκόνη Κρύο 4 x 60 gr ,2.94
2025-07-18,37741,Tuboflo Αποφρακτική Σκόνη Κρύο 60 gr,0.98
2025-07-18,198806,Wc Net Αποφρακτικό Τουαλέτας Gel Turbo 1 lt,4.74
2025-07-18,23029,Alikon Υδροχλωρικό Οξύ 450 ml,0.6
2025-07-18,8023,Best Βενζίνη 470 ml,1.75
2025-07-18,8022,Ποσειδών Aqua Forte 450 gr,0.6
2025-07-18,188161,Ajax Απολυμαντικό Spray Με Αιθέραια Έλαια 500 ml,2.03
2025-07-18,175379,Ajax Καθαριστικό Spray 4 Σε 1 Αντλία 500 ml,2.03
2025-07-18,84987,Ajax Καθαριστικό Spray Kloron Με Χλωρίνη Αντλία 750 ml,2.27
2025-07-18,205825,Ajax Καθαριστικό Spray Shower Power 500 ml,2.39
2025-07-18,172614,Ajax Καθαριστικό Spray Απολυμαντικό Χωρίς Χλώριο Αντλία 500 ml,1.99
2025-07-18,201351,Ajax Καθαριστικό Spray Επιφανειών Λεβάντα Αντλία 500 ml,2.03
2025-07-18,204011,Bionol Outdoor Πολυκαθαριστικό Spray 600 ml ,2.86
2025-07-18,122852,Bionol Κρέμα Καθαρισμού 250 gr,1.98
2025-07-18,192784,Bionol Κρέμα Καθαρισμού Γενικής Χρήσης 800 gr,4.05
2025-07-18,8008,Cif Κρέμα Καθαρισμού Άσπρη 500 ml,2.46
2025-07-18,8009,Cif Κρέμα Καθαρισμού Λεμόνι 500 ml,2.46
2025-07-18,205029,Dettol Power &amp; Pure Πολυκαθαριστικό Spray Κουζίνας 750 ml,2.38
2025-07-18,135991,Dettol Spray Αντιβακτηριδιακό Lemon &amp; Lime 500 ml,2.23
2025-07-18,82704,Dettol Spray Αντιβακτηριδιακό Πράσινο Μήλο 500 ml,2.23
2025-07-18,169092,Dettol Spray Γενικής Χρήσης Αντιβακτηριδιακο Power &amp; Fresh 500 ml,2.23
2025-07-18,82706,Dettol Spray Γενικού Καθαρισμού Υγιεινή Και Ασφάλεια 500 ml,2.33
2025-07-18,68320,Dettol Απολυμαντικό Spray Crisp Linen 400 ml,3.8
2025-07-18,197766,Dettol Απολυμαντικό Spray Lemon Breeze 400 ml,3.8
2025-07-18,169093,Dettol Απολυμαντικό Spray Orchard 400 ml,3.8
2025-07-18,68321,Dettol Απολυμαντικό Spray Spring Waterfall 400 ml,3.8
2025-07-18,160715,Dettol Απολυμαντικό Spray Καθαρισμού Υγιεινή Και Ασφάλεια Lime &amp; Mint 500 ml,2.33
2025-07-18,206154,Dettol Πολυκαθαριστικό Spray Ocrean Fresh 460 ml,2.23
2025-07-18,204214,Dettol Πολυκαθαριστικό Spray Μπάνιου Power &amp; Pure 750 ml,2.38
2025-07-18,123781,Klinex Hygiene Καθαριστικό Για Κουζίνα &amp; Λίπη Spray 750 ml,2.77
2025-07-18,75685,Klinex Hygiene Πολυκαθαριστικό Γενικής Χρήσης Spray 750 ml,2.77
2025-07-18,88961,Klinex Hygiene Πολυκαθαριστικό Γενικής Χρήσης Spray Λεμόνι 750 ml,2.77
2025-07-18,171416,Klinex Pure Hygiene Καθαριστικό Spray 750 ml,2.79
2025-07-18,147910,Klinex Spray Καθαριστικό Κατά Της Μούχλας 500 ml,2.78
2025-07-18,69238,Klinex Πολυκαθαριστικό Spray 750 ml,2.77
2025-07-18,194806,Overlay Υγρή Παρκετίνη 1 lt,5.98
2025-07-18,203644,Planet Απολυμαντικό Πολυκαθαριστικό Γενικής Χρήσης Spray Orange Blossom 600 ml,2.16
2025-07-18,7961,Roli Σκόνη Γενικού Καθαρισμού Λεμόνι 500 gr,1.42
2025-07-18,179526,Topine Απολυμαντικό 5 Σε 1 Μήλο Με Αντλία 750 ml,1.96
2025-07-18,98787,Topine Απολυμαντικό Trigger Γενικής Χρήσης Με Αντλία 750 ml,1.93
2025-07-18,7840,Αποσμίνη Καθαριστικό Υγρό Γενικής Χρήσης Vegan 425 ml,3.3
2025-07-18,199357,Ajax Καθαριστικό Spray Κατά Των Αλάτων Vegan 750 ml,2.39
2025-07-18,155817,Overlay Spray Express Καθαριστικό Κατά Των Αλάτων 650 ml,2.24
2025-07-18,199340,Viakal Express Καθαριστικό Αλάτων Spray Λευκά Άνθη 800 ml,4.19
2025-07-18,199339,Viakal Express Καθαριστικό Αλάτων Spray Φρεσκάδα Λουλουδιών 800 ml ,4.19
2025-07-18,158293,Viakal Καθαριστικό Αλάτων 500 ml,3.2
2025-07-18,201258,Viakal Καθαριστικό Αλάτων Spray 800 ml,4.19
2025-07-18,201253,Viakal Καθαριστικό Αλάτων Spray Fresh 700 ml,4.19
2025-07-18,200934,Viakal Καθαριστικό Αλάτων Spray Ξίδι 800 ml,4.19
2025-07-18,27290,Ajax Υγρά Πανάκια Καθαρισμού Τζαμιών 40 Τεμάχια,1.93
2025-07-18,188788,Dettol Υγρά Απολυμαντικά Πανάκια Καθαρισμού Επιφανειών 30 Τεμάχια,1.65
2025-07-18,188787,Dettol Υγρά Απολυμαντικά Πανάκια Καθαρισμού Επιφανειών Με Άρωμα Λεμόνι &amp; Lime 30 Τεμάχια,1.65
2025-07-18,191404,Dettol Υγρά Απολυμαντικά Πανάκια Καθαρισμού Επιφανειών Με Άρωμα Πράσινο Μήλο 30 Τεμάχια,1.65
2025-07-18,192740,Klinex Hygiene Υγρά Πανάκια Γενικής Χρήσης Λεμόνι 30 Τεμάχια,1.89
2025-07-18,193148,Klinex Hygiene Υγρά Πανάκια Γενικής Χρήσης Φρεσκάδα Λουλουδιών 60 Τεμάχια,2.93
2025-07-18,192854,Klinex Hygiene Υγρά Πανάκια Γενικής Χρήσης Φρεσκάδα Ωκεανού 30 Τεμάχια,1.89
2025-07-18,7847,Overlay Spray Καθαριστικό Επίπλων 250 ml,3.09
2025-07-18,7848,Overlay Καθαριστική Κρέμα Επίπλων 250 ml,3.09
2025-07-18,118196,Pronto Καθαριστικό &amp; Γυαλιστικό Spray Ξύλινων Επίπλων 5 Σε1 Aloe Vera 500 ml,5.18
2025-07-18,199894,Dr. Beckmann Καθαριστικό Εστιών &amp; Ανοξείδωτου Χάλυβα 250 ml,5.48
2025-07-18,199893,Dr. Beckmann Καθαριστικό Κεραμικής Επαγωγικής - Αερίου &amp; Ανοξείδωτου Χάλυβα 250 ml,5.48
2025-07-18,199896,Dr. Beckmann Καθαριστικό Φούρνου &amp; Γκριλ 375 ml,5.89
2025-07-18,7720,Fornet Καθαριστικό Φούρνου 300 ml,3.63
2025-07-18,7719,Mr Muscle Καθαριστικό Φούρνου Spray 300 ml,5.28
2025-07-18,133073,Overlay Spray Express Λιποκαθαριστής Γενικής Χρήσης 650 ml,2.49
2025-07-18,133225,Overlay Spray Express Λιποκαθαριστής Κουζίνας 650 ml,2.49
2025-07-18,203464,Roli X-Pert Λιποκαθαριστής 600 ml,3.45
2025-07-18,205299,Terra Clean Πολυκαθαριστικό Κουζίνας Spray 750 ml,3.3
2025-07-18,7873,Ajax Καθαριστικό Spray Expert Ανταλλακτικό 500 ml,1.65
2025-07-18,7874,Ajax Καθαριστικό Spray Expert Αντλία 500 ml,1.92
2025-07-18,99394,Klinex Hygiene Καθαριστικό Απολυμαντικό Μπάνιο &amp; Άλατα Spray 750 ml,2.77
2025-07-18,197572,Klinex Power Foam Καθαριστικό Μπάνιου Arctic Fresh 435 ml,2.77
2025-07-18,206344,Klinex Power Foam Καθαριστικό Μπάνιου Citrus Blast 435 ml,2.78
2025-07-18,206345,Klinex Power Foam Καθαριστικό Μπάνιου Mint Boost 435 ml,2.78
2025-07-18,197455,Klinex Power Foam Καθαριστικό Μπάνιου Froral Fresh 435 ml,2.78
2025-07-18,197392,Overlay Spray Express Απολυμαντικό Μπάνιου 650 ml,3.98
2025-07-18,203846,Roli X-Pert Καθαριστικό Αλάτων 600 ml,4.45
2025-07-18,205300,Terra Clean Πολυκαθαριστικό Μπάνιου Spray 750 ml,3.35
2025-07-18,158917,Ajax Καθαριστικό Πατώματος Boost Ξύδι &amp; Μήλο 1 lt,1.69
2025-07-18,7992,Ajax Καθαριστικό Πατώματος Kloron Fresh 1 lt,2.15
2025-07-18,7971,Ajax Καθαριστικό Πατώματος Kloron Lila 1 lt,2.15
2025-07-18,7993,Ajax Καθαριστικό Πατώματος Kloron Λεμόνι 1 lt,2.15
2025-07-18,80351,Ajax Καθαριστικό Πατώματος Ultra Fresh 1 lt,1.97
2025-07-18,7891,Ajax Καθαριστικό Πατώματος Ultra Fresh 1-5 lt,2.28
2025-07-18,81113,Ajax Καθαριστικό Πατώματος Ultra Λεβάντα 1 lt,1.97
2025-07-18,80350,Ajax Καθαριστικό Πατώματος Ultra Λεμόνι 1 lt,1.97
2025-07-18,68293,Ajax Καθαριστικό Πατώματος Άνθη Πασχαλιάς 1 lt,1.85
2025-07-18,27177,Ajax Καθαριστικό Πατώματος Αγριολούλουδα 1 lt,1.85
2025-07-18,173588,Ajax Καθαριστικό Πατώματος Γιασεμί 1 lt,1.85
2025-07-18,7928,Ajax Καθαριστικό Πατώματος Λουλούδια Της Άνοιξης 1 lt,1.85
2025-07-18,46988,Ajax Καθαριστικό Πατώματος Λουλούδια Της Λίμνης 1 lt,1.85
2025-07-18,206394,Ajax Καθαριστικό Πατώματος Λουλούδια Της Λίμνης 1.5 lt,2.27
2025-07-18,46017,Ajax Καθαριστικό Πατώματος Ρόδο Της Αυγής 1 lt,1.85
2025-07-18,88910,Dettol Καθαριστικό Πατώματος Αντιβακτηριδιακό Λεμόνι 1 lt,2.72
2025-07-18,88911,Dettol Καθαριστικό Πατώματος Αντιβακτηριδιακό Πράσινο Μήλο 1 lt,2.72
2025-07-18,173590,Fabuloso Καθαριστικό Πατώματος Θαλασσινή Φρεσκάδα 1 lt,1.86
2025-07-18,7985,Fabuloso Καθαριστικό Πατώματος Φρεσκάδα Λεβάντας 1 lt,1.86
2025-07-18,7986,Fabuloso Καθαριστικό Πατώματος Φρεσκάδα Λουλουδιών 1 lt,1.86
2025-07-18,124946,Klinex Hygiene Υγρό Καθαρισμού Πατώματος Λεβάντα 1 lt,1.98
2025-07-18,124942,Klinex Hygiene Υγρό Καθαρισμού Πατώματος Λεμόνι 1 lt,1.98
2025-07-18,202556,Pronto Υγρό Καθαρισμού Για Μάρμαρα Και Πλακάκια 1000 ml,4.98
2025-07-18,157395,Pronto Υγρό Καθαρισμού Για Μάρμαρα Και Πλακάκια 2 x 1000 ml ,7.96
2025-07-18,202557,Pronto Υγρό Καθαρισμού Για Ξύλινα Πατώματα 1000 ml,5.07
2025-07-18,191384,Ευρηκα Υγρό Πατώματος Για Μάρμαρα &amp; Πλακάκια 1 lt,2.25
2025-07-18,7668,Ajax Καθαριστικό Τζαμιών Classic 450 ml,1.68
2025-07-18,7669,Ajax Καθαριστικό Τζαμιών Classic 750 ml,2.49
2025-07-18,205139,Ajax Καθαριστικό Τζαμιών Classic Ανταλλακτικό 500 ml,1.66
2025-07-18,201836,Ajax Καθαριστικό Τζαμιών Classic Με Αντλία 500 ml,1.83
2025-07-18,135586,Ajax Καθαριστικό Τζαμιών Crystal Clean Ανταλλακτικό 750 ml,2.23
2025-07-18,135953,Ajax Υγρό Τζαμιών Antistatic Με Αντλία 750 ml,2.63
2025-07-18,135496,Ajax Υγρό Τζαμιών Crystal Clean Αντλία 750 ml,2.69
2025-07-18,135588,Ajax Υγρό Τζαμιών Triple Action Αντλία 750 ml,2.63
2025-07-18,204450,Planet Υγρό Καθαρισμού Τζαμιών Crystal Ice 1000 ml,2.19
2025-07-18,160475,Planet Υγρό Καθαρισμού Τζαμιών Crystal Ice Ανταλλακτικό 750 ml,1.7
2025-07-18,204451,Planet Υγρό Καθαρισμού Τζαμιών Vinegar 1000 ml,2.19
2025-07-18,76371,Afroso Wc Block Αρωματικό Τουαλέτας Λεβάντα Ανταλλακτικό 2 x 40 gr,2.18
2025-07-18,7746,Afroso Wc Block Αρωματικό Τουαλέτας Πεύκο Ανταλλακτικό 2 x 40 gr,2.18
2025-07-18,7760,Afroso Wc Block Αρωματικό Τουαλέτας Τριαντάφυλλο Ανταλλακτικό 2 x 40 gr,2.18
2025-07-18,175064,Bref Blue Active Αρωματικό Τουαλέτας Flower 2 x 50 gr,2.7
2025-07-18,201732,Bref Blue Active Αρωματικό Τουαλέτας Flower 3 x 50 gr,3.65
2025-07-18,147536,Bref Blue Active Αρωματικό Τουαλέτας Flower 50 gr,1.79
2025-07-18,174475,Bref Blue Active Αρωματικό Τουαλέτας Hygiene 2 x 50 gr,2.7
2025-07-18,201853,Bref Blue Active Αρωματικό Τουαλέτας Hygiene 3 x 50 gr,3.65
2025-07-18,135907,Bref Blue Active Αρωματικό Τουαλέτας Hygiene 50 gr,1.79
2025-07-18,180752,Bref Brilliant Gel Αρωματικό Τουαλέτας Artic Ocean 42 gr,1.79
2025-07-18,199192,Bref De Luxe Αρωματικό Τουαλέτας Midnight Bouquet 2 x 50 gr,2.7
2025-07-18,174326,Bref De luxe Αρωματικό Τουαλέτας Delicate Magnolia 2 x 50 gr,2.7
2025-07-18,172609,Bref Power Active Αρωματικό Τουαλέτας Ocean 2 x 50 gr,2.46
2025-07-18,202366,Bref Power Active Αρωματικό Τουαλέτας Ocean 3 x 50 gr,3.39
2025-07-18,172610,Bref Power Active Αρωματικό Τουαλέτας Pine 2 x 50 gr,2.46
2025-07-18,199085,Bref Power Active Αρωματικό Τουαλέτας Pine 3 x 50 gr,3.39
2025-07-18,134559,Bref Power Active Αρωματικό Τουαλέτας Pine 50 gr,1.67
2025-07-18,178185,Bref Turquoise Active Αρωματικό Τουαλέτας Hawai 2 x 50 gr,2.46
2025-07-18,178184,Bref Turquoise Active Αρωματικό Τουαλέτας Ocean 2 x 50 gr,2.7
2025-07-18,203206,Duck Active Clean Αρωματικό Τουαλέτας Citrus Splash 2 x 38.6 gr,2.64
2025-07-18,203203,Duck Active Clean Αρωματικό Τουαλέτας Marine Wave 2 x 38.6 gr,2.64
2025-07-18,188946,Duck Deep Action Gel Καθαριστικό Τουαλέτας Θάλασσας 750 ml,1.88
2025-07-18,188948,Duck Deep Action Gel Καθαριστικό Τουαλέτας Λεβάντα 750 ml,1.88
2025-07-18,188945,Duck Deep Action Gel Καθαριστικό Τουαλέτας Πεύκο 750 ml,1.88
2025-07-18,196524,Duck Fresh Discs Τουαλέτας Colors Water Blue 6 Δίσκοι 36 ml,3.8
2025-07-18,83623,Duck Fresh Discs Τουαλέτας Lime Zest 6 Δίσκοι 36 ml ,3.8
2025-07-18,203298,Duck Fresh Discs Τουαλέτας Mango Verse 36 ml,3.8
2025-07-18,113842,Duck Fresh Stickers Τουαλέτας Patch Lime 3 Τεμάχια 27 gr,2.98
2025-07-18,204411,Duck Total Action Gel Καθαριστικό Τουαλέτας Mango Verse 750 ml,2.16
2025-07-18,7796,Duck Αρωματικό &amp; Καθαριστικό Για Το Καζανάκι 50 gr,2.58
2025-07-18,202317,Duck Αρωματικό Τουαλέτας Aqua Blue Marine 2 x 36 gr,2.58
2025-07-18,203207,Duck Αρωματικό Τουαλέτας Virtual Violet 2 x 36 gr,2.58
2025-07-18,199816,Klinex Wc Block Αρωματικό Τουαλέτας Magic Flamingo 2 x 50 gr,2.56
2025-07-18,202330,Klinex Wc Block Αρωματικό Τουαλέτας Magic Flamingo 50 gr,1.74
2025-07-18,202078,Klinex Wc Block Αρωματικό Τουαλέτας Πράσινο Λεμόνι 50 gr,1.63
2025-07-18,7755,Klinex Υγρό Καθαριστικό Τουαλέτας Gel Ocean 750 ml,1.95
2025-07-18,206346,Klinex Υγρό Καθαριστικό Τουαλέτας Gel Φρεσκάδα Λουλουδιών 750 ml,1.95
2025-07-18,66114,Klinex Υγρό Καθαριστικό Τουαλέτας Gel Λεμόνι 750 ml,1.95
2025-07-18,177850,Wc Net Υγρό Καθαριστικό Τουαλέτας Gel Crystal Pink Flowers 750 ml,1.98
2025-07-18,7800,Wc Net Υγρό Καθαριστικό Τουαλέτας Gel Lemon 750 ml,1.98
2025-07-18,154529,Dr. Beckmann Καθαριστικό Χαλιών 650 ml,6.98
2025-07-18,80403,Vanish Oxi Action Καθαριστικό Χαλιών 600 ml,12.73
2025-07-18,52139,Vanish Oxi Action Καθαριστικό Χαλιών Spray 500 ml,9.78
2025-07-18,88042,Vanish Καθαριστικό Χαλιών 500 ml ,9.8
2025-07-18,166057,Klinex Ultra Plus Χλωρίνη Gold 1200 ml,2.47
2025-07-18,166058,Klinex Ultra Plus Χλωρίνη Silver 1200 ml,2.33
2025-07-18,7542,Klinex Ultra Χλωρίνη Fresh 1250 ml,2.53
2025-07-18,112482,Klinex Ultra Χλωρίνη Fresh 2 lt,3.18
2025-07-18,203751,Klinex Ultra Χλωρίνη Fresh 2 x 1250 ml ,4.47
2025-07-18,7538,Klinex Ultra Χλωρίνη Fresh 750 ml,1.97
2025-07-18,7536,Klinex Ultra Χλωρίνη Lemon 1250 ml,2.53
2025-07-18,112483,Klinex Ultra Χλωρίνη Lemon 2 lt,3.18
2025-07-18,203754,Klinex Ultra Χλωρίνη Lemon 2 x 1250 ml ,4.47
2025-07-18,206123,Klinex Ultra Χλωρίνη Lemon 2 x 750 ml ,3.13
2025-07-18,7537,Klinex Ultra Χλωρίνη Lemon 750 ml,1.97
2025-07-18,159602,Klinex Ultra Χλωρίνη Levanda 1250 ml,2.53
2025-07-18,203753,Klinex Ultra Χλωρίνη Levanda 2 x 1250 ml ,4.47
2025-07-18,47068,Klinex Ultra Χλωρίνη Pink Power 1250 ml,2.53
2025-07-18,203752,Klinex Ultra Χλωρίνη Pink Power 2 x 1250 ml ,4.47
2025-07-18,206124,Klinex Ultra Χλωρίνη Pink Power 2 x 750 ml,3.13
2025-07-18,47067,Klinex Ultra Χλωρίνη Pink Power 750 ml,1.97
2025-07-18,7541,Klinex Ultra Χλωρίνη Regular 1250 ml,2.53
2025-07-18,7545,Klinex Χλωρίνη Λεμόνι Λεπτόρευστη 2 lt,2.12
2025-07-18,7521,Klinex Χλωρίνη Λεπτόρευστη 1 lt,1.26
2025-07-18,7465,Klinex Χλωρίνη Λεπτόρευστη 2 lt,2.12
2025-07-18,7544,Klinex Χλωρίνη Φρεσκάδα Δάσους Λεπτόρευστη 2 lt,2.06
2025-07-18,199121,Topine Gel Ultra Χλώριο Pink Grapefruit 2 x 1250 ml,4.13
2025-07-18,136620,Topine Gel Ultra Χλώριο Λεβάντα 1250 ml,2.59
2025-07-18,199120,Topine Gel Ultra Χλώριο Λεβάντα 2 x 750 ml,3.12
2025-07-18,136619,Topine Gel Ultra Χλώριο Λεμόνι 1250 ml,2.59
2025-07-18,199119,Topine Gel Ultra Χλώριο Λεμόνι 2 x 1250 ml,4.13
2025-07-18,199118,Topine Gel Ultra Χλώριο Λεμόνι 2 x 750 ml,3.12
2025-07-18,136617,Topine Gel Ultra Χλώριο Λεμόνι 750 ml,1.69
2025-07-18,198807,Fairy Original Κάψουλες Πλυντηρίου Πιάτων All In One Λεμόνι 22 Τεμάχια,6.27
2025-07-18,203953,Fairy Original Κάψουλες Πλυντηρίου Πιάτων All In One Λεμόνι 84 Τεμάχια,18.88
2025-07-18,198808,Fairy Platinum Plus Κάψουλες Πλυντηρίου Πιάτων Anti Dull 36 Τεμάχια,12.49
2025-07-18,198898,Fairy Platinum Κάψουλες Πλυντηρίου Πιάτων Deep Clean 36 Τεμάχια,12.49
2025-07-18,198899,Fairy Platinum Κάψουλες Πλυντηρίου Πιάτων Λεμόνι 15 Τεμάχια,5.34
2025-07-18,203950,Fairy Platinum Κάψουλες Πλυντηρίου Πιάτων Λεμόνι 66 Τεμάχια,17.98
2025-07-18,181002,Finish All In 1 Υγρό Πλυντηρίου Πιάτων Power Gel Fresh 30 Μεζούρες 600 ml,7.36
2025-07-18,180720,Finish All In 1 Υγρό Πλυντηρίου Πιάτων Power Gel Λεμόνι 30 Μεζούρες 600 ml,7.36
2025-07-18,180883,Finish All In 1 Υγρό Πλυντηρίου Πιάτων Power Gel Λεμόνι 42 Μεζούρες 940 ml ,9.22
2025-07-18,161659,Finish Powerball All In 1 Κάψουλες Πλυντηρίου Πιάτων Λεμόνι 27 Τεμάχια,7.9
2025-07-18,202190,Finish Powerball All In 1 Κάψουλες Πλυντηρίου Πιάτων Λεμόνι 40 Τεμάχια,9.52
2025-07-18,197641,Finish Powerball Quantum All In 1 Κάψουλες Πλυντηρίου Πιάτων Λεμόνι 18 Τεμάχια,4.8
2025-07-18,205311,Finish Powerball Quantum All In 1 Κάψουλες Πλυντηρίου Πιάτων Λεμόνι 36 Τεμάχια,8.72
2025-07-18,204251,Finish Powerball Ultimate All In 1 Κάψουλες Πλυντηρίου Πιάτων Λεμόνι 100 Τεμάχια ,19.42
2025-07-18,191199,Finish Powerball Ultimate All In 1 Κάψουλες Πλυντηρίου Πιάτων Λεμόνι 16 Τεμάχια,4.99
2025-07-18,190978,Finish Powerball Ultimate All In 1 Κάψουλες Πλυντηρίου Πιάτων Λεμόνι 25 Τεμάχια,6.92
2025-07-18,191200,Finish Powerball Ultimate Plus All In 1 Κάψουλες Πλυντηρίου Πιάτων 22 Τεμάχια,6.92
2025-07-18,191201,Finish Powerball Ultimate Plus All In 1 Κάψουλες Πλυντηρίου Πιάτων Λεμόνι 14 Τεμάχια,4.99
2025-07-18,190979,Finish Powerball Ultimate Plus All In 1 Κάψουλες Πλυντηρίου Πιάτων Λεμόνι 22 Τεμάχια,6.92
2025-07-18,203869,Finish Powerball Ultimate Plus All In 1 Κάψουλες Πλυντηρίου Πιάτων Λεμόνι 48 Τεμάχια,12.96
2025-07-18,65464,Finish Αρωματικό Πλυντηρίου Πιάτων Lemon &amp; Lime 4 ml,5.98
2025-07-18,189563,Finish Ειδικό Αλάτι Πλυντηρίου Πιάτων 1 kg,2.88
2025-07-18,202891,Finish Ειδικό Αλάτι Πλυντηρίου Πιάτων 1-5 kg,3.73
2025-07-18,89671,Finish Εκθαμβωτικό Πλυντηρίου Πιάτων 400 ml,3.99
2025-07-18,89260,Finish Εκθαμβωτικό Πλυντηρίου Πιάτων Λεμόνι 400 ml,3.99
2025-07-18,100508,Finish Καθαριστικό Πλυντηρίου Πιάτων Λεμόνι 250 ml,5.32
2025-07-18,163213,Finish Καθαριστικό Πλυντηρίου Πιάτων Ταμπλέτες 3 Τεμάχια,5.32
2025-07-18,192401,Planet Υγρό Πλυντηρίου Πιάτων Active Gel 22 Μεζούρες 450 ml,4.88
2025-07-18,168239,Ava Action Υγρό Απορρυπαντικό Πιάτων Πράσινο Μήλο &amp; Λευκό Ξίδι Vegan 430 ml,1.38
2025-07-18,206300,Ava Perle Yγρο Απορρυπαντικό Πιάτων Μαγειρική Σόδα &amp; Λεμόνι 430 ml,1.5
2025-07-18,206299,Ava Perle Yγρο Απορρυπαντικό Πιάτων Μαγειρική Σόδα &amp; Λεμόνι 900 ml,2.02
2025-07-18,156156,Ava Action Υγρό Απορρυπαντικό Πιάτων Πράσινο Μήλο &amp; Λευκό Ξίδι Vegan 650 ml,2.22
2025-07-18,193764,Ava Perle Υγρό Απορρυπαντικό Πιάτων Αλάτι &amp; Άνθη Νερατζιάς 900 ml,2.02
2025-07-18,194292,Ava Perle Υγρό Απορρυπαντικό Πιάτων Πράσινο Σαπούνι &amp; Μαστίχα Χίου 430 ml,1.5
2025-07-18,194116,Ava Perle Υγρό Απορρυπαντικό Πιάτων Πράσινο Σαπούνι &amp; Μαστίχα Χίου 900 ml,2.02
2025-07-18,156151,Ava Perle Υγρό Απορρυπαντικό Πιάτων Χαμομήλι &amp; Λεμόνι Vegan 1-5 lt,3.36
2025-07-18,168238,Ava Perle Υγρό Απορρυπαντικό Πιάτων Χαμομήλι &amp; Λεμόνι Vegan 430 ml,1.5
2025-07-18,156154,Ava Perle Υγρό Απορρυπαντικό Πιάτων Χαμομήλι &amp; Λεμόνι Vegan 650 ml,2.38
2025-07-18,156150,Ava Perle Υγρό Απορρυπαντικό Πιάτων Χαμομήλι &amp; Λεμόνι Vegan 900 ml,2.02
2025-07-18,156148,Ava Perle Υγρό Απορρυπαντικό Πιάτων Χαμομήλι Vegan 1-5 lt,3.36
2025-07-18,168237,Ava Perle Υγρό Απορρυπαντικό Πιάτων Χαμομήλι Vegan 430 ml,1.5
2025-07-18,156153,Ava Perle Υγρό Απορρυπαντικό Πιάτων Χαμομήλι Vegan 650 ml,2.38
2025-07-18,156147,Ava Perle Υγρό Απορρυπαντικό Πιάτων Χαμομήλι Vegan 900 ml,2.02
2025-07-18,116872,Fairy Clean &amp; Fresh Υγρό Απορρυπαντικό Πιάτων Κόκκινα Μούρα 900 ml,2.93
2025-07-18,116596,Fairy Clean &amp; Fresh Υγρό Απορρυπαντικό Πιάτων Μήλο 900 ml,2.93
2025-07-18,193289,Fairy Max Power Υγρό Απορρυπαντικό Πιάτων 660 ml,4.86
2025-07-18,203793,Fairy Max Power Υγρό Απορρυπαντικό Πιάτων Spray Fresh 500 ml,3.89
2025-07-18,203795,Fairy Max Power Υγρό Απορρυπαντικό Πιάτων Spray Αντ/κό Λεμόνι 500 ml,3.56
2025-07-18,203794,Fairy Max Power Υγρό Απορρυπαντικό Πιάτων Spray Λεμόνι 500 ml,3.89
2025-07-18,194138,Fairy Max Power Υγρό Απορρυπαντικό Πιάτων Λεμόνι 660 ml,4.86
2025-07-18,203789,Fairy Platinum Υγρό Απορρυπαντικό Πιάτων Quickwash 1250 ml,5.82
2025-07-18,203792,Fairy Platinum Υγρό Απορρυπαντικό Πιάτων Quickwash 650 ml,2.98
2025-07-18,203786,Fairy Ultra Υγρό Απορρυπαντικό Πιάτων 1-450 lt,5.13
2025-07-18,94701,Fairy Ultra Υγρό Απορρυπαντικό Πιάτων 900 ml,2.93
2025-07-18,203796,Fairy Υγρό Απορρυπαντικό Πιάτων Λεμόνι 1-450 lt,5.13
2025-07-18,94700,Fairy Υγρό Απορρυπαντικό Πιάτων Λεμόνι 900 ml,2.93
2025-07-18,191518,Palmolive Υγρό Απορρυπαντικό Πιάτων Lemon Lime 1500 ml,3.48
2025-07-18,7663,Palmolive Υγρό Απορρυπαντικό Πιάτων Lemon Lime 500 ml,1.44
2025-07-18,7665,Palmolive Υγρό Απορρυπαντικό Πιάτων Lemon Lime 750 ml,1.96
2025-07-18,77684,Palmolive Υγρό Απορρυπαντικό Πιάτων Original 1500 ml,3.48
2025-07-18,7662,Palmolive Υγρό Απορρυπαντικό Πιάτων Original 500 ml,1.44
2025-07-18,7664,Palmolive Υγρό Απορρυπαντικό Πιάτων Original 750 ml,1.96
2025-07-18,206078,Planet Blue Hygiene Υγρό Απορρυπαντικό Πιάτων 425 ml,1.68
2025-07-18,206079,Planet Blue Hygiene Υγρό Απορρυπαντικό Πιάτων 900 ml,3.06
2025-07-18,88400,Planet Υγρό Απορρυπαντικό Πιάτων Aloe Vera 625 ml,1.77
2025-07-18,178594,Planet Υγρό Απορρυπαντικό Πιάτων Grape Fruit &amp; White Tea Vegan 625 ml,1.77
2025-07-18,202315,Planet Υγρό Απορρυπαντικό Πιάτων Perle Bio+ 425 ml,1.34
2025-07-18,202550,Planet Υγρό Απορρυπαντικό Πιάτων Platinum+ 900 ml,3.07
2025-07-18,177388,Planet Υγρό Καθαριστικό Φρούτων &amp; Λαχανικών Vegan 450 ml,2.92
2025-07-18,199227,Roli Υγρό Απορρυπαντικό Πιάτων Perle 425 ml,1.45
2025-07-18,199226,Roli Υγρό Απορρυπαντικό Πιάτων Perle 900 ml,2.75
2025-07-18,204829,Ariel Σκόνη Πλυντηρίου Ρούχων Alpine 45 Μεζούρες 2925 gr,9.9
2025-07-18,204575,Ariel Σκόνη Πλυντηρίου Ρούχων Color 45 Μεζούρες 2925 gr,9.9
2025-07-18,205475,Ariel Σκόνη Πλυντηρίου Ρούχων Color 73 Μεζούρες 4745 gr,14.5
2025-07-18,191282,Dixan Σκόνη Πλυντηρίου Ρούχων Ocean 44 Μεζούρες 2200 gr,8.08
2025-07-18,191887,Dixan Σκόνη Πλυντηρίου Ρούχων Ocean 68 Μεζούρες 3400 gr,10.5
2025-07-18,191517,Dixan Σκόνη Πλυντηρίου Ρούχων Spring Fresh 44 Μεζούρες 2200 gr,8.08
2025-07-18,191976,Essex Σκόνη Πλυντηρίου Ρούχων Multi 50 Μεζούρες 2.4 kg,5.27
2025-07-18,188385,Essex Σκόνη Πλυντηρίου Ρούχων Multi 82 Μεζούρες 3690 gr,7.43
2025-07-18,191415,Essex Σκόνη Πλυντηρίου Ρούχων Touch 50 Μεζούρες 2.4 kg,5.27
2025-07-18,191284,Neomat Σκόνη Πλυντηρίου Ρούχων Τριαντάφυλλο 40 Μεζούρες 2 kg,6.78
2025-07-18,161715,Omo Απορρυπαντικό Ρούχων Χεριού Σκόνη 425 gr,1.87
2025-07-18,167797,Omo Σκόνη Πλυντηρίου Ρούχων Λεβάντα 45 Μεζούρες 2520 gr,6.72
2025-07-18,167796,Omo Σκόνη Πλυντηρίου Ρούχων Τροπικά Λουλούδια 45 Μεζούρες 2520 gr,6.72
2025-07-18,191414,Omo Σκόνη Πλυντηρίου Ρούχων Τροπικά Λουλούδια 65 Μεζούρες 3640 gr,8.92
2025-07-18,7233,Rol Σκόνη Απορρυπαντικό Ρούχων Χεριού 380 gr,1.6
2025-07-18,170919,Skip Σκόνη Πλυντηρίου Ρούχων Active Clean 20 Μεζούρες 1300 gr,6.76
2025-07-18,197244,Skip Σκόνη Πλυντηρίου Ρούχων Active Clean 50 Μεζούρες 3250 gr,10.8
2025-07-18,186907,Skip Σκόνη Πλυντηρίου Ρούχων Clean Power 67 Μεζούρες 4355 gr,11.6
2025-07-18,197243,Skip Σκόνη Πλυντηρίου Ρούχων Spring Fresh 50 Μεζούρες 3250 gr,10.8
2025-07-18,186768,Skip Σκόνη Πλυντηρίου Ρούχων Ultimate Color 65 Μεζούρες 4225 gr,11.6
2025-07-18,204870,Soflan Υγρό Απορρυπαντικό Πλυντηρίου Σκούρα Ρούχα 24 Μεζούρες 960 ml,3.29
2025-07-18,7128,Tide Σκόνη Απορρυπαντικό Ρούχων Χεριού 450 gr,2.44
2025-07-18,204576,Ariel Κάψουλες Πλυντηρίου Ρούχων All In 1 Alpine 38 Μεζούρες 725.8 gr,9.9
2025-07-18,205472,Ariel Κάψουλες Πλυντηρίου Ρούχων All In 1 Alpine 60 Μεζούρες 1146 gr,14.5
2025-07-18,204828,Ariel Κάψουλες Πλυντηρίου Ρούχων All In 1 Color 38 Μεζούρες 691.6 gr,9.9
2025-07-18,205474,Ariel Κάψουλες Πλυντηρίου Ρούχων All In 1 Color 60 Μεζούρες 1092 gr,14.5
2025-07-18,205471,Ariel Κάψουλες Πλυντηρίου Ρούχων All In 1 Extra Clean 50 Μεζούρες 1225 gr,14.5
2025-07-18,204926,Ariel Κάψουλες Πλυντηρίου Ρούχων All In 1 Extra Stain Removal 33 Μεζούρες 808.5 gr,9.9
2025-07-18,193269,Skip Trio Κάψουλες Πλυντηρίου Ρούχων Active Clean 26 Μεζούρες 548.6 gr,8.99
2025-07-18,192857,Skip Trio Κάψουλες Πλυντηρίου Ρούχων Active Clean 38 Μεζούρες 801.8 gr,10.8
2025-07-18,192858,Skip Trio Κάψουλες Πλυντηρίου Ρούχων Color 38 Μεζούρες 802 gr,10.8
2025-07-18,193270,Skip Trio Κάψουλες Πλυντηρίου Ρούχων Spring Fresh 26 Μεζούρες 548.6 gr ,8.99
2025-07-18,192859,Skip Trio Κάψουλες Πλυντηρίου Ρούχων Spring Fresh 38 Μεζούρες 802 gr,10.8
2025-07-18,197678,Skip Κάψουλες Πλυντηρίου Ρούχων Active Clean 48 Μεζούρες 1012.8 gr,11.6
2025-07-18,206424,Ariel Υγρό Πλυντηρίου Ρούχων Extra Clean 25 Μεζούρες 1125 ml,6.79
2025-07-18,206425,Ariel Υγρό Πλυντηρίου Ρούχων Extra Fiber Care 25 Μεζούρες 1125 ml,6.79
2025-07-18,206426,Ariel Υγρό Πλυντηρίου Ρούχων Touch Of Lenor 25 Μεζούρες 1125 ml,6.79
2025-07-18,206005,Ariel Υγρό Πλυντηρίου Ρούχων Alpine 30 Μεζούρες 1350 ml ,6.99
2025-07-18,205601,Ariel Υγρό Πλυντηρίου Ρούχων Alpine 50 Μεζούρες 2250 ml,9.9
2025-07-18,205604,Ariel Υγρό Πλυντηρίου Ρούχων Alpine 80 Μεζούρες 3830 ml,14.5
2025-07-18,206006,Ariel Υγρό Πλυντηρίου Ρούχων Color 30 Μεζούρες 1350 ml ,6.99
2025-07-18,205600,Ariel Υγρό Πλυντηρίου Ρούχων Color 50 Μεζούρες 2250 ml ,9.9
2025-07-18,205602,Ariel Υγρό Πλυντηρίου Ρούχων Color 80 Μεζούρες 3733 ml ,14.5
2025-07-18,204830,Ariel Υγρό Πλυντηρίου Ρούχων Extra Clean 44 Μεζούρες 1980 ml,9.9
2025-07-18,205603,Ariel Υγρό Πλυντηρίου Ρούχων Extra Clean 70 Μεζούρες 3150 ml,14.5
2025-07-18,204574,Ariel Υγρό Πλυντηρίου Ρούχων Extra Fiber Care 44 Μεζούρες 1980 ml,9.9
2025-07-18,204831,Ariel Υγρό Πλυντηρίου Ρούχων Touch Of Lenor 44 Μεζούρες 1980 ml,9.9
2025-07-18,114472,Dettol Απολυμαντικό Υγρό Ρούχων 1-5 lt,4.89
2025-07-18,129869,Dettol Απολυμαντικό Υγρό Ρούχων 2-5 lt,6.85
2025-07-18,158441,Dettol Απολυμαντικό Υγρό Ρούχων Χωρίς Άρωμα 1-5 lt,4.89
2025-07-18,192723,Dixan Υγρό Πλυντηρίου Ρούχων Clean &amp; Hygiene 48 Μεζούρες 2-16 lt,8.08
2025-07-18,191816,Dixan Υγρό Πλυντηρίου Ρούχων Hygiene 70 Μεζούρες 3-150 lt,10.5
2025-07-18,199084,Dixan Υγρό Πλυντηρίου Ρούχων Multicolor 32 Μεζούρες 1-44 lt,5.12
2025-07-18,199897,Dixan Υγρό Πλυντηρίου Ρούχων Multicolor 70 Μεζούρες 3.15 lt,10.5
2025-07-18,198891,Dixan Υγρό Πλυντηρίου Ρούχων Ocean 32 Μεζούρες 1.44 lt,5.12
2025-07-18,191280,Dixan Υγρό Πλυντηρίου Ρούχων Ocean 48 Μεζούρες 2-16 lt,8.08
2025-07-18,191817,Dixan Υγρό Πλυντηρίου Ρούχων Ocean 70 Μεζούρες 3-150 lt,10.5
2025-07-18,198892,Dixan Υγρό Πλυντηρίου Ρούχων Spring Fresh 32 Μεζούρες 1-44 lt,5.12
2025-07-18,191834,Dixan Υγρό Πλυντηρίου Ρούχων Spring Fresh 48 Μεζούρες 2-16 lt,8.08
2025-07-18,203172,Essex Υγρό Πλυντηρίου Ρούχων Multi 32 Μεζούρες 1.60 lt ,3.52
2025-07-18,166264,Essex Υγρό Πλυντηρίου Ρούχων Multi 45 Μεζούρες 2.25 lt,4.98
2025-07-18,180698,Essex Υγρό Πλυντηρίου Ρούχων Multi 75 Μεζούρες 3.75 lt,6.9
2025-07-18,181102,Essex Υγρό Πλυντηρίου Ρούχων Touch 32 Μεζούρες 1.60 lt ,3.52
2025-07-18,176101,Essex Υγρό Πλυντηρίου Ρούχων Touch 45 Μεζούρες 2.250 lt,4.98
2025-07-18,191283,Neomat Υγρό Πλυντηρίου Ρούχων Eco Blue 38 Μεζούρες 1-71 lt,4.49
2025-07-18,191382,Neomat Υγρό Πλυντηρίου Ρούχων Eco Rose 38 Μεζούρες 1-71 lt,4.49
2025-07-18,201117,Neomat Υγρό Πλυντηρίου Ρούχων Λωτός Μπαλί 72 Μεζούρες 3-24 lt,7.8
2025-07-18,201109,Neomat Υγρό Πλυντηρίου Ρούχων Μαλαισιανή Ορχιδέα 72 Μεζούρες 3-24 lt,7.8
2025-07-18,192013,Neomat Υγρό Πλυντηρίου Ρούχων Ορχιδέα 45 Μεζούρες 2-025 lt,6.36
2025-07-18,194605,Omino Bianco Υγρό Πλυντηρίου Ρούχων Black Care 27 Μεζούρες 1485 ml,3.93
2025-07-18,194179,Omino Bianco Υγρό Πλυντηρίου Ρούχων Nature Fresh 37 Μεζούρες 1-48 lt,4.22
2025-07-18,193081,Omino Bianco Υγρό Πλυντηρίου Ρούχων Αφρός Μασσαλίας 37 Μεζούρες 1-48 lt,4.22
2025-07-18,193461,Omino Bianco Υγρό Πλυντηρίου Ρούχων Αφρός Μασσαλίας Black Care 49 Μεζούρες 2695 ml,6.58
2025-07-18,205605,Omo Υγρό Πλυντηρίου Ρούχων Λεβάντα 30 Μεζούρες 1-5 lt,4.22
2025-07-18,205972,Omo Υγρό Πλυντηρίου Ρούχων Τροπικά Λουλούδια 30 Μεζούρες 1-5 lt,4.22
2025-07-18,196850,Omo Υγρό Πλυντηρίου Ρούχων Τροπικά Λουλούδια 45 Μεζούρες 2-250 lt,5.59
2025-07-18,194797,Omo Υγρό Πλυντηρίου Ρούχων Τροπικά Λουλούδια 68 Μεζούρες 3-4 lt,7.79
2025-07-18,196391,Persil Renew Υγρό Πλυντηρίου Ρούχων 28 Μεζούρες 1-4 lt,5.24
2025-07-18,195409,Persil Renew Υγρό Πλυντηρίου Ρούχων 56 Μεζούρες 2-8 lt,10.09
2025-07-18,195405,Persil Renew Υγρό Πλυντηρίου Ρούχων Color Blossom 28 Μεζούρες 1-4 lt,5.24
2025-07-18,196393,Persil Renew Υγρό Πλυντηρίου Ρούχων Για Σκούρα Ρουχα Dark Bloom 28 Μεζούρες 1-4 lt,5.24
2025-07-18,195418,Persil Renew Υγρό Πλυντηρίου Ρούχων Για Σκούρα Ρουχα Dark Bloom 56 Μεζούρες 2-8 lt,10.09
2025-07-18,195417,Persil Renew Υγρό Πλυντηρίου Ρούχων Για Σκούρα Ρούχα 28 Μεζούρες 1-4 lt,5.24
2025-07-18,196392,Persil Renew Υγρό Πλυντηρίου Ρούχων Για Σκούρα Ρούχα 56 Μεζούρες 2-8 lt,10.09
2025-07-18,206074,Planet Υγρό Αππορυπαντικό Ρούχων Cold Fusion 30 Μεζούρες 1380 ml,6.95
2025-07-18,177805,Rol Quick Wash Απολυμαντικό Ρούχων 33 Μεζούρες 1-6 lt,5.24
2025-07-18,176491,Rol Wash Guard Απολυμαντικό Ρούχων 1 lt,4.81
2025-07-18,197854,Rol Υγρό Πλυντηρίου Ρούχων Delicat 20 Μεζούρες 1000 ml,3.36
2025-07-18,196844,Skip Υγρό Πλυντηρίου Ρούχων Active Clean 40 Μεζούρες 2 lt,7.98
2025-07-18,196848,Skip Υγρό Πλυντηρίου Ρούχων Active Clean 52 Μεζούρες 2-6 lt,10.8
2025-07-18,194842,Skip Υγρό Πλυντηρίου Ρούχων Active Clean 70 Μεζούρες 3-5 lt,11.6
2025-07-18,206458,Skip Υγρό Πλυντηρίου Ρούχων Black Velvet 30 Μεζούρες 1-5 lt,5.16
2025-07-18,196843,Skip Υγρό Πλυντηρίου Ρούχων Black Velvet 48 Μεζούρες 2-4 lt,7.69
2025-07-18,196847,Skip Υγρό Πλυντηρίου Ρούχων Spring Fresh 52 Μεζούρες 2-6 lt,10.8
2025-07-18,194905,Skip Υγρό Πλυντηρίου Ρούχων Spring Fresh 70 Μεζούρες 3-5 lt,11.6
2025-07-18,196845,Skip Υγρό Πλυντηρίου Ρούχων Ultimate Extra Stain Removal 46 Μεζούρες 2-3 lt,10.8
2025-07-18,196849,Skip Υγρό Πλυντηρίου Ρούχων Ultimate Extra Stain Removal 60 Μεζούρες 3 lt,11.6
2025-07-18,196846,Skip Υγρό Πλυντηρίου Ρούχων Ultimate Fresh Power 46 Μεζούρες 2.3 lt,10.8
2025-07-18,200603,Skip Υγρό Πλυντηρίου Ρούχων Wonder Wash Anti Odor Protect 37 Μεζούρες 1.48 lt,8.6
2025-07-18,200601,Skip Υγρό Πλυντηρίου Ρούχων Wonder Wash Color Protect 37 Μεζούρες 1.48 lt,8.6
2025-07-18,200602,Skip Υγρό Πλυντηρίου Ρούχων Wonder Wash Ultra Refresh 37 Μεζούρες 1.48 lt,8.6
2025-07-18,204869,Soflan Υγρό Απορρυπαντικό Πλυντηρίου Classic Μάλλινα &amp; Ευαίσθητα Ρούχα 24 Μεζούρες 960 ml,3.29
2025-07-18,205298,Terra Clean Υγρό Απορρρυπαντικό Ρούχων 50 Μεζούρες 2.5 lt,6.78
2025-07-18,196899,Αρκάδι Υγρό Απορρυπαντικό Ρούχων 2 Σε 1 Vegan 32 Μεζούρες 1450 ml,6.39
2025-07-18,203969,Αρκάδι Υγρό Απορρυπαντικό Ρούχων Άνοιξη Φρεσκάδας 52 Μεζούρες 2340 ml,7.79
2025-07-18,201881,Αρκάδι Υγρό Απορρυπαντικό Ρούχων Κλασσικό Vegan 52 Μεζούρες 2340 ml,7.55
2025-07-18,167806,Εύρηκα Express Υγρό Απορρυπαντικό Ρούχων Χεριού Με Αλόη Βέρα 900 ml,2.81
2025-07-18,205309,Εύρηκα Oriental Υγρό Απορρυπαντικό Ρούχων Gold Orchid 35 Μεζούρες 1.4 lt,4.8
2025-07-18,205310,Εύρηκα Oriental Υγρό Απορρυπαντικό Ρούχων White Musk 35 Μεζούρες 1.4 lt,4.8
2025-07-18,205308,Εύρηκα Oriental Υγρό Απορρυπαντικό Ρούχων Gold Orchid 60 Μεζούρες 2.4 lt,7.75
2025-07-18,205307,Εύρηκα Oriental Υγρό Απορρυπαντικό Ρούχων White Musk 60 Μεζούρες 2.4 lt,7.75
2025-07-18,197046,Εύρηκα Υγρό Απορρυπαντικό Πλυντηρίου Ρούχων Care Για Μαύρα 38 Μεζούρες 1-52 lt,4.96
2025-07-18,197044,Εύρηκα Υγρό Πλυντηρίου Ρούχων Σαπούνι Μασσαλίας 42 Μεζούρες 1-68 lt,5.85
2025-07-18,112354,Calgon 4 In 1 Αποσκληρυντικό Πλυντηρίου Ρούχων Σκόνη 950 gr,10.98
2025-07-18,112353,Calgon 4 In 1 Αποσκληρυντικό Πλυντηρίου Ρούχων Ταμπλέτες 15 Τεμάχια,6.45
2025-07-18,33475,Calgon 4 In 1 Αποσκληρυντικό Πλυντηρίου Ρούχων Ταμπλέτες 30 Τεμάχια,11.13
2025-07-18,112356,Calgon 4 In 1 Αποσκληρυντικό Πλυντηρίου Ρούχων Ταμπλέτες 45 Τεμάχια,15.59
2025-07-18,112355,Calgon 4 In 1 Αποσκληρυντικό Πλυντηρίου Ρούχων Υγρό Τζελ 15 Μεζούρες 750 ml,6.45
2025-07-18,205951,Εύρηκα Anti Kalk Eco Αποσκληρυντικό Πλυντηρίου Ρούχων Υγρό 30 Μεζούρες 2 x 750 ml,9.5
2025-07-18,205952,Εύρηκα Anti Kalk Αποσκληρυντικό Πλυντηρίου Ρούχων Υγρό 30 Μεζούρες 2 x 750 ml,9.5
2025-07-18,127556,Bio Shout Καθαριστικό Λεκέδων Αντλία 500 ml ,6.65
2025-07-18,8019,Bio Shout Καθαριστικό Λεκέδων 500 ml ,5.4
2025-07-18,206308,Dr. Beckmann Power White Λευκαντικό 400 gr,6.98
2025-07-18,206309,Dr. Beckmann Διαβολάκος Του Λεκέ Καθαριστικό Φρούτα &amp; Ποτά 50 ml,3.48
2025-07-18,206310,Dr. Beckmann Διαβολάκος Του Λεκέ Καθαριστικό Στυλό &amp; Μελάνι 50 ml,3.48
2025-07-18,7524,Dr.Beckmann Ξεβαφή Ρούχων Πολύ Δυνατή Για Πλυντήριο 150 gr,3.88
2025-07-18,28810,Dr.Beckmann Ξεβαφή Ρούχων 75 gr,2.98
2025-07-18,7485,Dr.Beckmann Υγρό Καθαριστικό Πρόπλυσης Για Λεκέδες Ρούχων 250 ml,2.46
2025-07-18,203871,Homecare Λευκαντικό 4 x 65 gr ,2.22
2025-07-18,135082,Iberia Revolution Sec Καθαριστικό Spray Λεκέδων Για Στεγνό Καθάρισμα 200 ml,6.35
2025-07-18,170380,Rol Καθαριστικό Υφασμάτων Spray 325 ml,5.3
2025-07-18,205974,Vanish Πολυκαθαριστικό Spray Λεκέδων 750 ml,8.48
2025-07-18,169097,Dettol Απολυμαντικό Καθαριστικό Πλυντηρίου Ρούχων Άρωμα Λεμόνι 250 ml,4.19
2025-07-18,204770,Dettol Απολυμαντικό Καθαριστικό Πλυντηρίου Ρούχων Λεβάντα 250 ml,4.19
2025-07-18,114913,Dr. Beckmann Καθαριστικό Πλυντηρίου Ρούχων 250 gr,4.94
2025-07-18,206312,Vanish Καθαριστικό Πλυντηρίου Ρούχων 250 ml,5.98
2025-07-18,7548,Ace Gentile Ενισχυτικό Πλύσης 1 lt,2.14
2025-07-18,7505,Ace Gentile Ενισχυτικό Πλύσης 2 lt,3.74
2025-07-18,174744,Vanish Oxi Action Crystal White Τζελ Αφαίρεσης Λεκέδων 750 ml,5.45
2025-07-18,65702,Vanish Oxi Action Power Ενισχυτικό Πλύσης White 1 kg,9.96
2025-07-18,60370,Vanish Oxi Action Power Ενισχυτικό Πλύσης White 500 gr,5.45
2025-07-18,82101,Vanish Oxi Action Ενισχυτικό Πλύσης 1 kg,9.13
2025-07-18,192449,Vanish Oxi Action Ενισχυτικό Πλύσης 1500 ml,9.99
2025-07-18,206104,Vanish Oxi Action Ενισχυτικό Πλύσης 4 x 30 gr ,2.95
2025-07-18,39560,Vanish Oxi Action Ενισχυτικό Πλύσης 500 gr,4.99
2025-07-18,174586,Vanish Oxi Action Ενισχυτικό Πλύσης 750 ml,5.45
2025-07-18,199114,Vanish Oxi Action Ενισχυτικό Πλύσης Extra Hygiene 480 gr,4.98
2025-07-18,180844,Vanish Oxi Action Ενισχυτικό Πλύσης Extra Hygiene Gel 725 ml,4.96
2025-07-18,175876,Εύρηκα Quick Color Καθαριστικό Λεκέδων 400 gr,4.64
2025-07-18,72377,Εύρηκα Υγρό Υπερλευκαντικό Ρούχων 1 lt,5.61
2025-07-18,178705,Εύρηκα Υπερλευκαντικό Άνθη Πορτοκαλιού 500 gr ,4.19
2025-07-18,63625,Εύρηκα Υπερλευκαντικό Ρούχων 1 kg,7.8
2025-07-18,204811,Εύρηκα Υπερλευκαντικό Ρούχων 4 x 60 gr ,2.79
2025-07-18,204814,Εύρηκα Υπερλευκαντικό Ρούχων Άνθη Πορτοκαλιάς 4 x 60 gr,2.79
2025-07-18,198356,Cajoline Συμπυκνωμένο Μαλακτικό Ρούχων Blue Fresh 52 Μεζούρες 1096 ml,3.39
2025-07-18,198160,Cajoline Συμπυκνωμένο Μαλακτικό Ρούχων Blue Fresh 82 Μεζούρες 1725 ml,5.32
2025-07-18,205319,Cajoline Συμπυκνωμένο Μαλακτικό Ρούχων Fresh Blue Sky 28 Μεζούρες 604 ml,2.48
2025-07-18,198661,Cajoline Συμπυκνωμένο Μαλακτικό Ρούχων Sun Fresh 52 Μεζούρες 1096 ml,3.39
2025-07-18,205320,Cajoline Συμπυκνωμένο Μαλακτικό Ρούχων Άγρια Ορχιδέα &amp; Σανδαλόξυλο 28 Μεζούρες 604 ml,2.48
2025-07-18,198353,Cajoline Συμπυκνωμένο Μαλακτικό Ρούχων Άγρια Ορχιδέα &amp; Σανδαλόξυλο 52 Μεζούρες 1096 ml ,3.39
2025-07-18,198159,Cajoline Συμπυκνωμένο Μαλακτικό Ρούχων Άγρια Ορχιδέα &amp; Σανδαλόξυλο 82 Μεζούρες 1725 ml,5.32
2025-07-18,198354,Cajoline Συμπυκνωμένο Μαλακτικό Ρούχων Αγριολούλουδα &amp; Περγαμόντο 52 Μεζούρες 1096 ml,3.39
2025-07-18,198469,Cajoline Συμπυκνωμένο Μαλακτικό Ρούχων Λίλιουμ &amp; Φρούτα Του Δάσους 52 Μεζούρες 1096 ml,3.39
2025-07-18,198158,Cajoline Συμπυκνωμένο Μαλακτικό Ρούχων Λίλιουμ &amp; Φρούτα Του Δάσους 82 Μεζούρες 1725 ml,5.32
2025-07-18,198355,Cajoline Συμπυκνωμένο Μαλακτικό Ρούχων Μύρτιλο &amp; Μωβ Ορχιδέα 52 Μεζούρες 1096 ml ,3.39
2025-07-18,204501,Lenor Unstoppables Ενισχυτικό Άρωμα Ρούχων Fresh 270 gr,6.34
2025-07-18,204506,Lenor Ενισχυτικό Άρωμα Ρούχων Amethyst 270 gr,6.34
2025-07-18,204504,Lenor Ενισχυτικό Άρωμα Ρούχων Gold Orchid 270 gr,6.34
2025-07-18,204502,Lenor Ενισχυτικό Άρωμα Ρούχων Spring Awakening 270 gr,6.34
2025-07-18,204499,Lenor Συμπυκνωμένο Μαλακτικό Ρούχων Amethyst &amp; Floral 59 Μεζούρες 1239 ml,5.03
2025-07-18,197962,Lenor Συμπυκνωμένο Μαλακτικό Ρούχων Bouquet Floral 82 Μεζούρες 1722 ml,5.6
2025-07-18,204500,Lenor Συμπυκνωμένο Μαλακτικό Ρούχων Caresse Lavender &amp; Camomile 71 Μεζούρες 1491 ml,4.74
2025-07-18,204573,Lenor Συμπυκνωμένο Μαλακτικό Ρούχων Caresse Lavender 71 Μεζούρες 1491 ml,4.74
2025-07-18,204498,Lenor Συμπυκνωμένο Μαλακτικό Ρούχων Cotton Fresh 59 Μεζούρες 1239 ml,5.03
2025-07-18,204505,Lenor Συμπυκνωμένο Μαλακτικό Ρούχων Gold Orchid &amp; Vanilla 59 Μεζούρες 1239 ml,5.03
2025-07-18,197519,Lenor Συμπυκνωμένο Μαλακτικό Ρούχων Gold Orchid 82 Μεζούρες 1722 ml,5.6
2025-07-18,204507,Lenor Συμπυκνωμένο Μαλακτικό Ρούχων Haute Couture La Magnifique 59 Μεζούρες 1239 ml,5.03
2025-07-18,204509,Lenor Συμπυκνωμένο Μαλακτικό Ρούχων Huate Cuture L&#039;Eclatante 59 Μεζούρες 1239 ml,5.03
2025-07-18,204503,Lenor Συμπυκνωμένο Μαλακτικό Ρούχων Jasmine &amp; Rose 59 Μεζούρες 1239 ml,5.03
2025-07-18,204508,Lenor Συμπυκνωμένο Μαλακτικό Ρούχων Ocean Escape 59 Μεζούρες 1239 ml,5.03
2025-07-18,197520,Lenor Συμπυκνωμένο Μαλακτικό Ρούχων Ocean Escape 82 Μεζούρες 1722 ml,5.6
2025-07-18,203171,Planet Μαλακτικό Ρούχων Golden Blossom 45 Μεζούρες 1000 ml,2.78
2025-07-18,205140,Soupline Aroma Nurish Συμπυκνωμένο Υγρό Μαλακτικό Ρούχων Καρύδα &amp; Λευκά Άνθη 78 Μεζούρες 1638 ml,4.95
2025-07-18,205294,Soupline Aroma Relax Συμπυκνωμένο Υγρό Μαλακτικό Ρούχων Μανόλια &amp; Λεβάντα 78 Μεζούρες 1638 ml,4.95
2025-07-18,201121,Soupline Αρωματικό Spray Υφασμάτων Mistral 300 ml,4.49
2025-07-18,201120,Soupline Αρωματικό Spray Υφασμάτων Βανίλια Vegan 300 ml,4.49
2025-07-18,201118,Soupline Αρωματικό Spray Υφασμάτων Καρύδα Vegan 300 ml,4.49
2025-07-18,201119,Soupline Αρωματικό Spray Υφασμάτων Λεβάντα Vegan 300 ml,4.49
2025-07-18,196786,Soupline Μαλακτικά Πανάκια Στεγνωτηρίου 20 Τεμάχια,3.74
2025-07-18,190901,Soupline Μαλακτικό Ρούχων Mistral 17 Μεζούρες 1400 ml,2.47
2025-07-18,190898,Soupline Μαλακτικό Ρούχων Λεβάντα 17 Μεζούρες 1400 ml,2.47
2025-07-18,190899,Soupline Μαλακτικό Ρούχων Υποαλλεργικό 17 Μεζούρες 1400 ml,2.47
2025-07-18,204446,Soupline Συμπυκνωμένο Υγρό Μαλακτικό Ρούχων Active Fresh Ανοιξιάτικη Φρεσκάδα 60 Μεζούρες 1260 ml,3.99
2025-07-18,204305,Soupline Συμπυκνωμένο Υγρό Μαλακτικό Ρούχων Active Fresh Θαλασσινή Αύρα 60 Μεζούρες 1260 ml,3.99
2025-07-18,204304,Soupline Συμπυκνωμένο Υγρό Μαλακτικό Ρούχων Aroma Energy Μπλε Ιβίσκος &amp; Γαρδένια 60 Μεζούρες 1260 ml,3.99
2025-07-18,204447,Soupline Συμπυκνωμένο Υγρό Μαλακτικό Ρούχων Aroma Freshness Με Αιθέρια Έλαια 60 Μεζούρες 1260 ml,3.99
2025-07-18,204717,Soupline Συμπυκνωμένο Υγρό Μαλακτικό Ρούχων Aroma Nourish Καρύδα &amp; Λευκά Άνθη 92 Μεζούρες 1932 ml,5.74
2025-07-18,204733,Soupline Συμπυκνωμένο Υγρό Μαλακτικό Ρούχων Aroma Nourish Καρύδια &amp; Λευκά Άνθη 60 Μεζούρες 1260 ml,3.99
2025-07-18,204731,Soupline Συμπυκνωμένο Υγρό Μαλακτικό Ρούχων Aroma Passion Τριαντάφυλλο &amp; Παιώνια 60 Μεζούρες 1260 ml,3.99
2025-07-18,204719,Soupline Συμπυκνωμένο Υγρό Μαλακτικό Ρούχων Aroma Seduction Βανίλια &amp; Μανταρίνι 42 Μεζούρες 900 ml,2.99
2025-07-18,204416,Soupline Συμπυκνωμένο Υγρό Μαλακτικό Ρούχων Aroma Seduction Βανίλια &amp; Μανταρίνι 60 Μεζούρες 1260 ml,3.99
2025-07-18,204303,Soupline Συμπυκνωμένο Υγρό Μαλακτικό Ρούχων Aroma Seduction Βανίλια &amp; Μανταρίνι 78 Μεζούρες 1638 ml,4.95
2025-07-18,204716,Soupline Συμπυκνωμένο Υγρό Μαλακτικό Ρούχων Aroma Seduction Βανίλια &amp; Μανταρίνι 92 Μεζούρες 1932 ml,5.74
2025-07-18,204448,Soupline Συμπυκνωμένο Υγρό Μαλακτικό Ρούχων Complete Care So Fresh 60 Μεζούρες 1260 ml,3.99
2025-07-18,204734,Soupline Συμπυκνωμένο Υγρό Μαλακτικό Ρούχων Complete Care So Glamorous 60 Μεζούρες 1260 ml,3.99
2025-07-18,204718,Soupline Συμπυκνωμένο Υγρό Μαλακτικό Ρούχων Mistral 42 Μεζούρες 900 ml,2.99
2025-07-18,204713,Soupline Συμπυκνωμένο Υγρό Μαλακτικό Ρούχων Mistral 60 Μεζούρες 1260 ml,3.99
2025-07-18,204730,Soupline Συμπυκνωμένο Υγρό Μαλακτικό Ρούχων Mistral 78 Μεζούρες 1638 ml,4.95
2025-07-18,204441,Soupline Συμπυκνωμένο Υγρό Μαλακτικό Ρούχων Mistral 92 Μεζούρες 1932 ml,5.74
2025-07-18,198726,Soupline Συμπυκνωμένο Υγρό Μαλακτικό Ρούχων Oriental Elixir Mystic Amber 42 Μεζούρες 924 ml,3.49
2025-07-18,205293,Soupline Συμπυκνωμένο Υγρό Μαλακτικό Ρούχων Αύρα Αιγαίου 78 Μεζούρες 1638 ml,4.95
2025-07-18,204714,Soupline Συμπυκνωμένο Υγρό Μαλακτικό Ρούχων Λεβάντα 60 Μεζούρες 1260 ml,3.99
2025-07-18,204302,Soupline Συμπυκνωμένο Υγρό Μαλακτικό Ρούχων Λεβάντα 78 Μεζούρες 1638 ml,4.95
2025-07-18,204715,Soupline Συμπυκνωμένο Υγρό Μαλακτικό Ρούχων Λεβάντα 92 Μεζούρες 1932 ml,5.74
2025-07-18,204449,Soupline Συμπυκνωμένο Υγρό Μαλακτικό Ρούχων Τέλειο Σιδέρωμα Αύρα Δροσιάς 60 Μεζούρες 1260 ml,3.99
2025-07-18,204306,Soupline Συμπυκνωμένο Υγρό Μαλακτικό Ρούχων Τέλειο Σιδέρωμα Αύρα Δροσιάς 78 Μεζούρες 1638 ml,4.95
2025-07-18,193067,Tesori Συμπυκνωμένο Υγρό Μαλακτικό Ρούχων Ayurveda 38 Μεζούρες 760 ml,3.49
2025-07-18,204809,Tesori Συμπυκνωμένο Υγρό Μαλακτικό Ρούχων Ayurveda 58 Μεζούρες 1.16 lt,4.49
2025-07-18,189635,Tesori Συμπυκνωμένο Υγρό Μαλακτικό Ρούχων Byzantium 38 Μεζούρες 760 ml,3.49
2025-07-18,204810,Tesori Συμπυκνωμένο Υγρό Μαλακτικό Ρούχων Byzantium 58 Μεζούρες 1.16 lt,4.49
2025-07-18,193068,Tesori Συμπυκνωμένο Υγρό Μαλακτικό Ρούχων Hammam 38 Μεζούρες 760 ml,3.49
2025-07-18,189636,Tesori Συμπυκνωμένο Υγρό Μαλακτικό Ρούχων Thalasso Therapy 38 Μεζούρες 760 ml,3.49
2025-07-18,204808,Tesori Συμπυκνωμένο Υγρό Μαλακτικό Ρούχων Vanilla &amp; Ginger 38 Μεζούρες 760 ml,3.49
2025-07-18,189643,Tesori Συμπυκνωμένο Υγρό Μαλακτικό Ρούχων White Musk 38 Μεζούρες 760 ml,3.49
2025-07-18,204807,Tesori Συμπυκνωμένο Υγρό Μαλακτικό Ρούχων White Musk 58 Μεζούρες 1.16 lt,4.49
2025-07-18,201713,Παπουτσάνης Aromatics Συμπυκνωμένο Μαλακτικό Ρούχων Love Vegan 50 Μεζούρες 1000 ml ,4.83
2025-07-18,201715,Παπουτσάνης Aromatics Συμπυκνωμένο Μαλακτικό Ρούχων Musk Vegan 50 Μεζούρες 1000 ml,4.83
2025-07-18,201714,Παπουτσάνης Aromatics Συμπυκνωμένο Μαλακτικό Ρούχων Ylang Ylang Vegan 50 Μεζούρες 1000 ml,4.83
2025-07-18,203890,Εύρηκα Αποσκληρυντικό Πλυντηρίου Ρούχων Ταμπλέτες 2 x 15 Τεμάχια,7.13
2025-07-18,205100,Dr.Beckmann Δεσμευτής Χρώματος &amp; Βρωμιάς 20 Φύλλα,2.78
2025-07-18,205099,Dr.Beckmann Δεσμευτής Χρώματος &amp; Βρωμιάς 40 Φύλλα,4.32
2025-07-18,206297,K2r  Colour Catcher Χρωμοπαγίδα 10 Φύλλα,1.49
2025-07-18,201104,K2r  Colour Catcher Χρωμοπαγίδα 22 Φύλλα,2.93
2025-07-18,201102,K2r  Colour Catcher Χρωμοπαγίδα 40 Φύλλα,4.19
2025-07-18,200697,K2r  Colour Catcher Χρωμοπαγίδα 52 Φύλλα,4.79
2025-07-18,204812,Εύρηκα Δεσμευτής Χρώματος Color 20 Φύλλα,2.43
2025-07-18,204813,Εύρηκα Δεσμευτής Χρώματος Color 40 Φύλλα,3.87
2025-07-18,181238,Delyas Χαρτί Κουζίνας Best Price 2φυλλο 400 gr,1.7
2025-07-18,124949,Mamasoft Χαρτί Κουζίνας 400 gr,2.7
2025-07-18,191069,Puravita Χαρτί Κουζίνας 2φυλλο 2 Τεμάχια 600 gr,2.33
2025-07-18,175076,Regina Planet Χαρτί Κουζίνας 3φυλλο 500 gr,5.88
2025-07-18,163331,Softex Χαρτί Κουζίνας Grande Roll 2φυλλο 350 gr,2.19
2025-07-18,199707,Zewa Premiun Χαρτί Κουζίνας Jumbo Expert 3 Φύλλο 653 gr,4.54
2025-07-18,8169,Zewa Wisch &amp; Weg Χαρτί Κουζίνας Design 2 x 188 gr,4.2
2025-07-18,131738,Γλάρος Χαρτί Κουζίνας 4 Τεμάχια 532 gr,2.1
2025-07-18,131739,Γλάρος Χαρτί Κουζίνας Γίγας 2 Τεμάχια 1086 gr,3.8
2025-07-18,136416,Γλάρος Χαρτί Κουζίνας Επαγγελματικό 800 gr,2.65
2025-07-18,180211,Elite Χαρτί Υγείας Comfort 3φυλλο 8 Τεμάχια 760 gr,3.6
2025-07-18,177233,Elite Χαρτί Υγείας Deluxe 3φυλλο 10 Τεμάχια 900 gr,4.47
2025-07-18,95743,Elite Χαρτί Υγείας Premium 3φυλλο 8 Τεμάχια 600 gr,3.1
2025-07-18,189419,Endless Χαρτί Υγείας 2φυλλο 8 Τεμάχια 496 gr,2.47
2025-07-18,189417,Endless Χαρτί Υγείας 3φυλλο 8 Τεμάχια 680 gr,3.21
2025-07-18,205456,Kleenex Χαρτί Υγείας Capitonne 12 Τεμάχια,6.5
2025-07-18,194289,Softex Χαρτί Υγείας Cotton Classic 3φυλλο 8 Τεμάχια 624 gr,2.63
2025-07-18,194772,Softex Χαρτί Υγείας Pure Classic 2φυλλο 8 Τεμάχια 496 gr,2.09
2025-07-18,158490,Softex Χαρτί Υγείας Silk 3φυλλο 8 Τεμάχια 760 gr,3.93
2025-07-18,161190,Softex Χαρτί Υγείας Velvet 4φυλλο 8 Τεμάχια 824 gr,4.3
2025-07-18,143405,Zewa Deluxe Χαρτί Υγείας Delicate Care 8 Τεμάχια 728 gr,4.49
2025-07-18,197910,Zewa Deluxe Χαρτί Υγείας Eco Comfort 3 Φύλλο 8 Τεμάχια 755 gr,4.15
2025-07-18,153206,Zewa Deluxe Χαρτί Υγείας Levanda 8 Τεμάχια 728 gr,4.49
2025-07-18,41198,Zewa Deluxe Χαρτί Υγείας Χαμομήλι 8 Τεμάχια 728 gr,4.49
2025-07-18,8120,Zewa Exclusive Χαρτί Υγείας 4 Φυλλο 8 Τεμάχια 888 gr,5.97
2025-07-18,153332,Zewa Exclusive Χαρτί Υγείας Almond 4 Φύλλο 8 Τεμάχια 760 gr,6.27
2025-07-18,154036,Zewa Exclusive Χαρτί Υγείας Ultra Soft 4 Φύλλο 16 Τεμάχια 1776 gr,10.59
2025-07-18,154037,Zewa Natural Υγρoμάντηλα Moist Χαμομήλι 42 Τεμάχια,1.93
2025-07-18,172387,Zewa Sensitive Υγρομάντηλα Moist 42 Τεμάχια,1.93
2025-07-18,131735,Γλάρος Χαρτί Υγείας 2 Φύλλο 12 Τεμάχια 1380 gr,5.28
2025-07-18,131734,Γλάρος Χαρτί Υγείας 2 Φύλλο 8 Τεμάχια 920 gr,3.62
2025-07-18,131736,Γλάρος Χαρτί Υγείας 3 Φύλλο 10 Τεμάχια 1300 gr,4.95
2025-07-18,131737,Γλάρος Χαρτί Υγείας 4 Φύλλο 10 Τεμάχια 1400 gr,5.45
2025-07-18,194767,Kleenex Χαρτομάντηλα Τσέπης Everyday 8 Τεμάχια 196 gr,1.5
2025-07-18,204040,Regina Χαρτομάντηλα Τσέπης 3Φύλλα 10 Τεμάχια,1.05
2025-07-18,9749,Zewa Deluxe Επιτραπέζια Χαρτομάντηλα 90 Τεμάχια 162 gr,2.37
2025-07-18,179431,Zewa Softis Χαρτομάντηλα Γραφείου 4 Φύλλων 80 Τεμάχια 193 gr,2.48
2025-07-18,108673,Zewa Softis Χαρτομάντηλα Γραφείου Αρωματικά 4 Φύλλων 80 Τεμάχια 193 gr,2.48
2025-07-18,205358,Zewa Softis Χαρτομάντηλα Τσέπης Natural Soft 10 Τεμάχια,2.3
2025-07-18,205359,Zewa Softis Χαρτομάντηλα Τσέπης 8 Τεμάχια,2.13
2025-07-18,205360,Zewa Softis Χαρτομάντηλα Τσέπης Menthol 8 Τεμάχια,2.13
2025-07-18,131740,Γλάρος Επιτραπέζια Χαρτομάντηλα 100 Φύλλα 127 gr,0.85
2025-07-18,131742,Γλάρος Χαρτομάντηλα Τσέπης 4 Φύλλα 6 Τεμάχια 135-6 gr,0.77
2025-07-18,181239,Delyas Χαρτοπετσέτες Clever Pack 28 x 28 50 Τεμάχια 70 gr,0.68
2025-07-18,201331,Delyas Χαρτοπετσέτες Λευκές 33 x 33 80 Τεμάχια 140 gr,0.77
2025-07-18,94827,Elite Χαρτοπετσέτες Λευκές 28 x 30 63 Τεμάχια 92 gr,0.63
2025-07-18,194290,Elite Χαρτοπετσέτες Λευκές 33 x 33 70 Τεμάχια 130 gr,0.88
2025-07-18,194553,Endless Ζικ Ζακ Χειροπετσέτες 160 Τεμάχια 322 gr,1.5
2025-07-18,96464,Mamasoft Χαρτοπετσέτες Εστιατορίου 410 gr,3.48
2025-07-18,194394,Puravita Χαρτοπετσέτες Λευκές 30 x 30 100 Τεμάχια 153 gr,0.71
2025-07-18,182941,Softex Linettes Χαρτοπετσέτες Πολυτελείας Κόκκινες 33 x 33 40 Τεμάχια 183 gr,2.43
2025-07-18,204125,Softex Χαρτοπετσέτες 30 x 30 100 Τεμάχια,1.12
2025-07-18,156291,Zewa Χαρτοπετσέτες Plus Λευκές 100 Τεμάχια 153 gr,1.74
2025-07-18,131741,Γλάρος Χαρτοπετσέτες 30 x 30 110 Τεμάχια 190 gr,0.78
2025-07-18,132631,Γλάρος Χαρτοπετσέτες Κόκκινες 40 x 40 25 Φύλλα 202 gr,1.02
2025-07-18,132632,Γλάρος Χαρτοπετσέτες Λευκές 40 x 40 25 Φύλλα 202 gr,1.02
2025-07-18,206348,Et Plast Gold Power Σακούλες Απορριμμάτων Αρωματικές Με Κορδόνι Extra 52 x 75 cm 10 Τεμάχια,1.62
2025-07-18,206349,Et Plast Σακούλες Απορριμμάτων Γίγας Extra Strong 80 x 110 cm 10 Τεμάχια,2.95
2025-07-18,203723,Izzy Air Fryer Φριτέζα Αέρος Creme 8 lt,69.0
2025-07-18,205115,Coral Gas Καμινέτο Hiker Plus Με Φιαλίδιο 500 gr,25.8
2025-07-18,203732,Izzy Ζυγαριά Κουζίνας Vintage Creme 10 kg,13.5
2025-07-18,203733,Izzy Ζυγαριά Κουζίνας Vintage Green 10 kg,13.5
2025-07-18,165340,Eurolamp Λάμπα Led Γλόμπος Ψυχρό Φως 18W E27 ,8.72
2025-07-18,203722,Izzy Πολυκόπτης Multi Vintage Green 550W,24.9
2025-07-18,203724,Izzy Τοστιέρα Vintage Creme 1000W,21.9
2025-07-18,203725,Izzy Τοστιέρα Vintage Green 1000W,21.9
2025-07-18,203728,Izzy Φρυγανιέρα Vintage Creme 1080W,19.9
2025-07-18,203726,Izzy Βραστήρας Vintage Creme 2200W,22.0
2025-07-18,203727,Izzy Βραστήρας Vintage Green 2200W,22.0
2025-07-18,163732,Eurolamp Πολύπριζο Μαύρο 4 Θέσεων Με Διακόπτη 2 m,6.38
2025-07-18,145174,Sanitas Αντικολλητικό Χαρτί &amp; Αλουμινόχαρτο 2 Σε 1 8 m,2.86
2025-07-18,142989,Eurolamp Προέκταση Σουκο Ν27 3 x 1.5 3 m,6.0
2025-07-18,10215,Aroxol Κατσαριδοκτόνο Spray 300 ml,3.04
2025-07-18,174815,Eurolamp Λάμπα Led Θερμό Λευκό 15W 220 - 240V E27 2 Τεμάχια,4.72
2025-07-18,174814,Eurolamp Λάμπα Led Ψυχρό Λευκό 15W 220 - 240V E27 2 Τεμάχια,4.72
2025-07-18,163397,Eurolamp Πολύπριζο 3 Θέσεων 1.5 m,4.56
2025-07-18,204798,Aroxol Εντομοαπωθητικές Ταμπλέτες Ματ 30 Τεμάχια,2.55
2025-07-18,203730,Izzy Φραπεδιέρα Χειρός Vintage Creme 30W,11.98
2025-07-18,203731,Izzy Φραπεδιέρα Χειρός Vintage Green 30W,11.98
2025-07-18,11127,Sanitas Αντικολλητικό Χαρτί 8 m 3-04 τ.μ.,1.89
2025-07-18,10349,Aroxol Εντομοκτόνο Spray Για Μύγες &amp; Κουνούπια 300 ml,2.8
2025-07-18,145147,Eurolamp Φωτάκι Νυκτός Led Με Διακόπτη 1W 220 - 240V 4 Χρώματα ,3.6
2025-07-18,201758,Sanitas Αντικολλητικό Χαρτί Για Airfryer 25 Τεμάχια 1.3 τ.μ.,2.39
2025-07-18,161202,Eurolamp Λάμπα Led Θερμό Λευκό 13W 220 - 240V E27,2.8
2025-07-18,165339,Eurolamp Λάμπα Led Ψυχρό Λευκό 13W 220 - 240V E27 ,2.8
2025-07-18,142984,Eurolamp Φις Σουκο 3 Εξόδων Ν25,2.56
2025-07-18,24950,Sanitas Μεμβράνη 30 m 9 τ.μ.,1.86
2025-07-18,162312,Eurolamp Λάμπα Led Ψυχρό Λευκό 11W 220 - 240V E27,2.32
2025-07-18,145443,Eurolamp Λάμπα Led Θερμό Λευκό 6W 220 - 240V E14 ,2.24
2025-07-18,141931,Eurolamp Λάμπα Led Σφαίρα Θερμό Λευκό 6W 220 - 240V E27,2.24
2025-07-18,173756,Eurolamp Λάμπα Led Σφαίρα Ψυχρό Λευκό 6W 220 - 240V E27 ,2.24
2025-07-18,178222,Eurolamp Λάμπα Led Ψυχρό Λευκό 6W 220 - 240V E14 ,2.24
2025-07-18,146754,Eurolamp Λάμπα Led Ψυχρό Λευκό 8W 220 - 240V E27 ,2.24
2025-07-18,205116,Coral Gas Φιαλίδιο Γη Βουτανίου Βιδωτό Με Βαλβίδα Ασφάλειας Μπλε 500 gr,3.9
2025-07-18,205117,Coral Gas Φιαλίδιο Γη Βουτανίου Βιδωτό Με Βαλβίδα Ασφάλειας Πράσινο 500 gr,3.9
2025-07-18,141937,Eurolamp Λάμπα Νυκτός Διάφανος 5W 220 - 240V E14 3 Τεμάχια,1.34
2025-07-18,204801,Aroxol Εντομοαπωθητικό Spiral Με Άρωμα Citronella 10 Τεμάχια,1.79
2025-07-18,141934,Eurolamp Λάμπα Νυκτός Διάφανος 5W 220 - 240V E27 2 Τεμάχια,1.16
2025-07-18,141936,Eurolamp Λάμπα Νυκτός Κίτρινος 5W 220 - 240V E27 2 Τεμάχια,1.16
2025-07-18,141932,Eurolamp Λάμπα Ψυγείου Θερμό Λευκό 15W 240V E14 2 Τεμάχια,1.02
2025-07-18,91502,Χαλκιαδάκης Στρώμα Διπλό 1.60 x 200 cm,215.0
2025-07-18,96562,Χαλκιαδάκης Στρώμα Ημίδιπλο 1.20 x 200 cm,170.0
2025-07-18,91501,Χαλκιαδάκης Στρώμα Μονό 90 x 200 cm,128.0
2025-07-18,122814,Χαλκιαδάκης Μαξιλάρι Αντιαλλεργικό &amp; Αντιβακτηριδιακό 50 x 70 cm,5.98
2025-07-18,188919,Χαλκιαδάκης Κάρβουνα 4.5 kg,5.8
2025-07-18,132253,Χαλκιαδάκης Φιαλίδιο Βουτανίου 190 gr,1.15
2025-07-18,124792,Χαλκιαδάκης Αλουμινόχαρτο 10 m 3 τ.μ.,1.25
2025-07-18,124793,Χαλκιαδάκης Αλουμινόχαρτο 30 m 9 τ.μ.,3.18
2025-07-18,179247,Χαλκιαδάκης Αντικολλητικό Χαρτί 18 Φύλλα 7.56 m 2-87 τ.μ.,1.18
2025-07-18,124794,Χαλκιαδάκης Αντικολλητικό Χαρτί 8 m 3-04 τ.μ.,1.32
2025-07-18,124795,Χαλκιαδάκης Μεμβράνη 20 m 6 τ.μ.,1.05
2025-07-18,141438,Airwick Essential Oils Αρωματικό Κερί Βανίλια 105 gr,3.76
2025-07-18,172805,Botanica Αρωματικό Κερί Βετιβέρ Καραϊβικής &amp; Σανδαλόξυλο 205 gr,6.99
2025-07-18,200508,Glade Αρωματικό Κερί Honey &amp; Chocolate 112 gr,4.88
2025-07-18,200507,Glade Αρωματικό Κερί Moment Of Zen Lavender &amp; Sandalwood 170 gr,8.78
2025-07-18,200506,Glade Αρωματικό Κερί Pure Happiness 170 gr,8.78
2025-07-18,200505,Glade Αρωματικό Κερί Romantic Vanilla Blossom 112 gr,4.88
2025-07-18,191407,Κεριά Ρεσώ 4 Ωρών 50 Τεμάχια ,2.8
2025-07-18,190390,Κεριά Ρεσώ Διάρκειας 4 Ωρών 50 Τεμάχια,2.95
2025-07-18,176112,Airwick Essential Mist Αρωματικό Χώρου Συσκευής Διάχυσης Αντ/κό Βανίλια 20 ml,5.98
2025-07-18,166077,Airwick Essential Mist Αρωματικό Χώρου Συσκευής Διάχυσης Αντ/κό Λεβάντα &amp; Χαμομήλι 20 ml,5.98
2025-07-18,166076,Airwick Essential Mist Αρωματικό Χώρου Συσκευής Διάχυσης Αντ/κό Παιώνια &amp; Γιασεμί 20 ml,5.98
2025-07-18,205976,Airwick Essential Oils Αρωματικό Χώρου Spray Αντ/κό Βανίλια &amp; Ορχιδέα 2 x 250 ml,10.31
2025-07-18,88697,Airwick Essential Oils Αρωματικό Χώρου Spray Αντ/κό Βανίλια &amp; Ορχιδέα 250 ml,5.73
2025-07-18,205975,Airwick Essential Oils Αρωματικό Χώρου Spray Αντ/κό Λεβάντα &amp; Χαμομήλι 2 x 250 ml,10.31
2025-07-18,88733,Airwick Essential Oils Αρωματικό Χώρου Spray Αντ/κό Λεβάντα &amp; Χαμομήλι 250 ml,5.73
2025-07-18,96094,Airwick Essential Oils Αρωματικό Χώρου Spray Αντ/κό Μετάξι &amp; Νυχτολούλουδο 250 ml,5.73
2025-07-18,205977,Airwick Essential Oils Αρωματικό Χώρου Αντ/κο Βανίλια &amp; Άνθη Λευκού Τσαγιού 2 x 19 ml,8.98
2025-07-18,96276,Airwick Essential Oils Αρωματικό Χώρου Ηλεκτρική Συσκευή &amp; Αντ/κο Βανίλια &amp; Άνθη Λευκού Τσαγιού 19 ml,5.6
2025-07-18,200884,Airwick Active Fresh Αρωματικό Χώρου Σετ Αυτόματη Συσκευή &amp; Αντ/κό Σανδαλόξυλο &amp; Βέτιβερ 228 ml,9.36
2025-07-18,94065,Airwick Essential Oils Αρωματικό Χώρου Σετ Αυτόματη Συσκευή &amp; Αντ/κό Βανίλια &amp; Ορχιδέα 250 ml,7.0
2025-07-18,28813,Airwick Essential Αρωματικό Χώρου Αντ/κό Ηλεκτρικής Συσκευής Βανίλια &amp; Άνθη Λευκού Τσαγιού 19 ml,4.49
2025-07-18,10202,Airwick Αρωματικό Μικρών Χώρων Stick-Up 2 Τεμάχια ,6.98
2025-07-18,172808,Botanica Αρωματικά Sticks Βανίλια &amp; Μανόλια Ιμαλαΐων 80 ml,8.46
2025-07-18,172807,Botanica Αρωματικά Sticks Βετιβέρ Καραϊβικής &amp; Σανδαλόξυλο 80 ml,8.46
2025-07-18,170233,Glade Scented Oil Αρωματικό Χώρου Αντ/κό Romantic Sandalwood &amp; Jasmine 20 ml,5.0
2025-07-18,170235,Glade Scented Oil Αρωματικό Χώρου Αντ/κό Romantic Vanilla Blossom 20 ml,5.0
2025-07-18,170231,Glade Scented Oil Αρωματικό Χώρου Σετ Συσκευής Romantic Vanilla Blossom 20 ml,6.19
2025-07-18,34841,Glade Touch &amp; Fresh Αρωματικό Χώρου Αντ/κό Ocean Adventure 10 ml,4.58
2025-07-18,122900,Glade Touch &amp; Fresh Αρωματικό Χώρου Αντ/κό Sandalwood &amp; Jasmine 10 ml,4.58
2025-07-18,167478,Glade Touch &amp; Fresh Αρωματικό Χώρου Σετ Συσκευής Lavender 10 ml,5.54
2025-07-18,170236,Glade Αρωματικό Χώρου Aerosol Ocean Adventure 300 ml,4.74
2025-07-18,155584,Glade Αρωματικό Χώρου Aerosol Vanilla Blossom 300 ml,4.74
2025-07-18,182355,Glade Αρωματικό Χώρου Moment Of Zen Lavender &amp; Sandalwood 80 ml,9.98
2025-07-18,182360,Glade Αρωματικό Χώρου Pure Happiness Orange Neroli 80 ml,9.98
2025-07-18,205457,Glade Αρωματικό Χώρου Αντ/κό Sandalwood &amp; Jasmine 2 x 269 ml,9.66
2025-07-18,85070,Glade Αρωματικό Χώρου Αντ/κό Spray Sense Relaxing Zen 18 ml,5.34
2025-07-18,176085,Glade Αρωματικό Χώρου Αντ/κό Spray Sense Romantic Vanilla Blossom 18 ml,5.34
2025-07-18,122548,Glade Αρωματικό Χώρου Αντ/κό Για Αυτόματο Spray Relax Zen 269 ml,5.3
2025-07-18,156753,Glade Αρωματικό Χώρου Αντ/κό Για Αυτόματο Spray Romantic Vanilla Blossom 269 ml,5.3
2025-07-18,122549,Glade Αρωματικό Χώρου Αντ/κό Για Αυτόματο Spray Sandalwood &amp; Jasmine 269 ml,5.3
2025-07-18,167110,Glade Αρωματικό Χώρου Σετ Συσκευής &amp; Spray Sense Relaxing Zen 18 ml,6.7
2025-07-18,164815,Glade Αρωματικό Χώρου Σετ Συσκευής Relax Zen,6.29
2025-07-18,164816,Glade Αρωματικό Χώρου Σετ Συσκευής Sandalwood &amp; Jasmine,6.29
2025-07-18,141513,Ariasana Aero Συλλέκτης Υγρασίας Ανταλλακτικό Λεβάντα 450 gr,5.5
2025-07-18,141512,Ariasana Aero Συλλέκτης Υγρασίας Συσκευή 450 gr,16.5
2025-07-18,130026,Flamingo Συλλέκτης Υγρασίας Ρούχων 250 gr,2.86
2025-07-18,206483,Multy Φίλτρο Απορροφητήρα 2 Τεμάχια,2.18
2025-07-18,177553,Μαξιλάρι Καρέκλας Porto 40 x 40 x 3 cm,3.98
2025-07-18,204456,Μαξιλάρι Καρέκλας Μέντα 40 x 40 cm,4.3
2025-07-18,203798,Μαξιλάρι Καρέκλας Μονόχρωμο 40 x 40 x 4 cm,3.3
2025-07-18,204454,Μαξιλάρι Καρέκλας Μπλε 40 x 40 cm,4.3
2025-07-18,204455,Μαξιλάρι Καρέκλας Πορτοκαλί 40 x 40 cm,4.3
2025-07-18,189841,Βιβλιοθήκη Ξύλινη 80 x 30 x 165 cm,79.0
2025-07-18,197445,Βιβλιοθήκη Ραφιέρα Ξύλινη Σε Φυσικό Χρώμα Με 3 Ράφια 40 x 24 x 120 cm,28.9
2025-07-18,197447,Βιβλιοθήκη Ραφιέρα Ξύλινη Σε Φυσικό Χρώμα Με 4 Ράφια 60 x 24 x 170 cm,48.0
2025-07-18,199383,Μαγικό Θρανίο,49.8
2025-07-18,141163,A&amp;G Paper Ντοσιέ Prespan Με Λάστιχο 25 x 35 cm,0.85
2025-07-18,138211,Ετικέτες Μαθητικές Αυτοκόλλητες 20 Τεμάχια,0.4
2025-07-18,174845,Ντοσιέ Α4 PP 4 Κρίκους 6 Χρώματα,1.55
2025-07-18,167664,Ντοσιέ Α4 Σουπλ 20 Θέσεων Κόκκινο 322R,0.85
2025-07-18,167662,Ντοσιέ Α4 Σουπλ 20 Θέσεων Μαύρο 322B,0.85
2025-07-18,146708,Φάκελος Α4 Με Κουμπί 6 Χρωμάτων,0.35
2025-07-18,128427,Bic Cristal Fine Στυλό Διαρκείας Λεπτή Μύτη (0.8mm) - Μπλε 4 Τεμάχια,1.46
2025-07-18,135915,Bic Cristal Fun Στυλό Σε Διάφορα Χρώματα 4 Τεμάχια,1.52
2025-07-18,22607,Bic Cristal Medium Στυλό Μπλε 4 Τεμάχια,1.15
2025-07-18,128428,Bic Cristal Soft Στυλό Διαρκείας Μεσαία Μύτη (1.2 mm) - Μπλε 4 Τεμάχια,1.35
2025-07-18,198562,Bic Evolution Pastel Μολύβι 5 Τεμαχίων ,2.38
2025-07-18,198561,Bic Flat Highlighter Μαρκαδόροι Υπογράμμισης 4 Τεμάχια,3.5
2025-07-18,198554,Bic Illusion Στυλό Γράψε Σβήσε Μπλε,2.2
2025-07-18,186485,Bic Intensity Στυλό Quick Dry Gel,2.45
2025-07-18,146742,Bic Plastic Office Mini Γόμα BL 2 Τεμάχια,1.02
2025-07-18,186480,Bic Μηχανικό Μολύβι,1.9
2025-07-18,186484,Bic Μολύβια Gilbert HB BL 10 Τεμάχια &amp; Γόμες 3 Τεμάχια,3.2
2025-07-18,172518,Bic Στυλό Cristal Celebrate BL 2 Τεμάχια,2.84
2025-07-18,128414,Faber Castell Γόμα Ξύστρα Μπλε ,1.87
2025-07-18,171007,Faber Castell Γόμα Ξύστρα Ροζ,1.87
2025-07-18,146209,Faber Castell Μηχανικό Μολύβι Μπλε Econ 0.7mm,1.68
2025-07-18,146208,Faber Castell Μηχανικό Μολύβι Ροζ Econ 0.7mm,1.68
2025-07-18,120012,Faber Castell Μολύβια Μαύρα Με Χρωματιστές Γόμες 4 Τεμάχια,1.84
2025-07-18,48038,Faber Castell Μολύβια Νο2 Μαύρα 6 Τεμάχια,1.84
2025-07-18,146361,Faber Castell Στυλό RX10 5 Τεμάχια ,2.23
2025-07-18,56540,Faber Castell Στυλό Μπλε 4 Τεμάχια,2.45
2025-07-18,171343,The Littlies Μολύβι Με Γόμα HB2 12 Τεμάχια,1.9
2025-07-18,202335,Tipp-Ex Mini Pocket Mouse Διορθωτική Ταινία 2 Τεμάχια,2.72
2025-07-18,153916,Tsafal Γόμα Λευκή 2 Τεμάχια,0.98
2025-07-18,153914,Tsafal Ξύστρα Μεταλλική 2 Τεμάχια,0.58
2025-07-18,186577,Διαβήτης Διάφορα Χρώματα,0.7
2025-07-18,167640,Διαβήτης Με Μύτη Σε Κουτί,2.18
2025-07-18,167671,Stampa Συρραπτικό Ν10,2.2
2025-07-18,174571,Σετ Γεωμετρίας Flex 30cm 4 Τεμάχια,0.9
2025-07-18,167594,Ξύλινο Αριθμητήριο,8.5
2025-07-18,137870,Bic Kids Couleur Μαρκαδόροι 12 Τεμάχια,2.38
2025-07-18,137862,Bic Kids Tropicolors Ξυλομπογιές 12 Τεμάχια,1.4
2025-07-18,137871,Bic Kids Κηρομπογιές Plastidecor Κουτί 12 Τεμάχια,1.7
2025-07-18,173887,Bic Whiteboard Velleda 1741 Black BL1,1.22
2025-07-18,173888,Bic Whiteboard Velleda 1741 Blue BL1,1.22
2025-07-18,168536,Bic Μαρκαδόρος Ανεξίτηλος Marking Pro,1.7
2025-07-18,138193,Mr Colour Μαρκαδόροι Λεπτή Γραφή 12 Τεμάχια,1.2
2025-07-18,138194,Mr Colour Μαρκαδόροι Χοντροί 12 Τεμάχια,2.25
2025-07-18,153907,Mr Colour Νερομπογιές 12 Τεμάχια,1.8
2025-07-18,153905,Mr Colour Ξυλομπογιές 12 Τεμάχια,1.04
2025-07-18,153904,Mr Colour Τέμπερες 6 ml 12 Χρώματα,2.9
2025-07-18,174835,Stampa Υπογραμμιστής 4 Τεμάχια,1.06
2025-07-18,169133,Λαδοπαστέλ 12 Χρώματα,1.5
2025-07-18,191894,Μπλοκ Ακουαρέλας N3 12 Φύλλα,1.65
2025-07-18,152125,Μπλόκ Ζωγραφικής 20 x 30 40 Φύλλα,1.18
2025-07-18,167682,Κασετίνα Βαρελάκι Γκρι,1.5
2025-07-18,167681,Κασετίνα Βαρελάκι Κόκκινο,1.5
2025-07-18,167679,Κασετίνα Βαρελάκι Μαύρο,1.5
2025-07-18,174119,Κασετίνα Βαρελάκι Μωβ,1.5
2025-07-18,199404,Κασετίνα Βαρελάκι Σε Διάφορα Σχέδια,1.7
2025-07-18,187272,Κασετίνα Βαρελάκι Σκούρο Μπλε,1.5
2025-07-18,154384,Κασετίνα Βαρελάκι Χακί,1.5
2025-07-18,168944,Ποτήρι Νερού Πλαστικό 340 ml,1.1
2025-07-18,173945,A&amp;G Paper Σπιράλ Α4 2 Θέματα ColorYW 60 Φύλλα,3.0
2025-07-18,173944,A&amp;G Paper Σπιράλ Β5 2 Θέματα ColorYW 60 Φύλλα,2.65
2025-07-18,186633,Globus Τετράδιο Σπιράλ 17 x 25 2 Θεμάτων,1.3
2025-07-18,186634,Globus Τετράδιο Σπιράλ 17 x 25 3 Θεμάτων,1.9
2025-07-18,186635,Globus Τετράδιο Σπιράλ 17 x 25 4 Θεμάτων,2.5
2025-07-18,186629,Globus Τετράδιο Σπιράλ Α4 1 Θέμα,1.32
2025-07-18,186630,Globus Τετράδιο Σπιράλ Α4 2 Θεμάτων,1.92
2025-07-18,186631,Globus Τετράδιο Σπιράλ Α4 3 Θεμάτων,2.72
2025-07-18,186632,Globus Τετράδιο Σπιράλ Α4 4 Θεμάτων,3.45
2025-07-18,191895,Lettera Τετράδιο Σπιράλ 17 x 25 2 Θεμάτων,0.98
2025-07-18,191896,Lettera Τετράδιο Σπιράλ 17 x 25 3 Θεμάτων,1.58
2025-07-18,197855,Lettera Τετράδιο Σπιράλ Α4 2 Θεμάτων,1.5
2025-07-18,158887,Lettera Τετράδιο Σπιράλ Β5 4 Θεμάτων,1.98
2025-07-18,161769,Tsafal Μπλόκ Σημειώσεων Σπιράλ 10 x 17-5 50 Φύλλα ,0.85
2025-07-18,153445,Tsafal Μπλόκ Σπιράλ Νο2 50 Φύλλα Ριγέ,0.55
2025-07-18,153924,Typotrast Τετράδιο Special Fine Μπλε Ριγέ Εκθέσεων 17 x 25 50 Φύλλα,0.9
2025-07-18,153925,Typotrast Τετράδιο Special Fine Μπλε Ριγέ Μ.Καρέ 17 x 25 50 Φύλλα,0.9
2025-07-18,186627,Typotrast Τετράδιο Μπλε Ριγέ 17 x 25 50 Φύλλα,0.58
2025-07-18,186826,Σημειωματάριο Ριγέ Με Κόκκινο Λάστιχο 13 x 21 cm,2.6
2025-07-18,186825,Σημειωματάριο Ριγέ Με Μαύρο Λάστιχο 13 x 21 cm,2.6
2025-07-18,186824,Σημειωματάριο Ριγέ Με Μπλε Λάστιχο 13 x 21 cm,2.6
2025-07-18,186827,Σημειωματάριο Ριγέ Με Πράσινο Λάστιχο 13 x 21 cm,2.6
2025-07-18,198365,Τετράδιο Εξήγηση Κίτρινο Ριγέ 50 Φύλλα,1.1
2025-07-18,198363,Τετράδιο Εξήγηση Κόκκινο Ριγέ 50 Φύλλα,1.1
2025-07-18,198364,Τετράδιο Εξήγηση Πράσινο Ριγέ 50 Φύλλα,1.1
2025-07-18,198362,Τετράδιο Εξήγηση Σκούρο Μπλε Ριγέ 50 Φύλλα,1.1
2025-07-18,192191,Τετράδιο Μπλε Ριγέ 100 Φύλλα ,1.06
2025-07-18,192189,Τετράδιο Μπλε Ριγέ 60 Φύλλα ,0.8
2025-07-18,192190,Τετράδιο Μπλε Ριγέ 80 Φύλλα ,0.96
2025-07-18,159094,Τετραδιάκι Σπιράλ 10 x 14,1.05
2025-07-18,167879,Τσαντάκι Φαγητού Ισοθερμικό Μωβ,6.0
2025-07-18,200522,Unisafe Φαγητοδοχείο 1 lt,4.8
2025-07-18,200523,Unisafe Φαγητοδοχείο 1-5 lt,5.95
2025-07-18,193310,Χαρτί Φωτοτυπικό Α4 80 gr ,3.95
2025-07-18,119160,Bison Κόλλα Super Glue Ρευστή 3 gr ,2.92
2025-07-18,13267,Logo Ζελοτέιπ Διάφανο 15 x 33 cm,0.67
2025-07-18,205391,Logo Κόλλα Gel 2 gr ,3.45
2025-07-18,205374,Logo Κόλλα Instant Plus 2 gr ,3.45
2025-07-18,76933,Luna Πλαστελίνη 11 Χρώματα,2.28
2025-07-18,153525,Pattex Βενζινόκολλα 50 gr,3.72
2025-07-18,135127,UHU Ζελοτειπ 25M &amp; Βάση ,2.98
2025-07-18,135126,UHU Ζελοτειπ 25Μ,2.28
2025-07-18,22877,UHU Κόλλα Stic 8-2 gr,1.58
2025-07-18,205545,UHU Κόλλα Stic Magic 2 x 8-2 gr ,1.82
2025-07-18,13247,UHU Κόλλα Super Glue Ultra Fast 3 gr ,3.5
2025-07-18,22876,UHU Κόλλα Γενικής Χρήσεως 35 ml,2.1
2025-07-18,146009,Αυτοκόλλητα Καλύμματα Βιβλίων Διαφανές 50 x 36 10 Τεμάχια,2.0
2025-07-18,146745,Μπλοκ Κολάζ 25 x 35 10 Χρώματα,1.65
2025-07-18,146008,Ρολό Αυτοκόλλητο Διαφανές 0.45 x 2 m,0.8
2025-07-18,205392,Χαλκιαδάκης Κόλλα Στιγμής 2 x 3 gr ,1.59
2025-07-18,205393,Χαλκιαδάκης Κόλλα Στιγμής Gel 2 x 3 gr ,1.59
2025-07-18,86889,Giardini Φυτόχωμα 50 lt,5.78
2025-07-18,192760,Homofarm Extra 20 Φυτόχωμα Εμπλουτισμένο Με Οργανικό Λίπασμα 20 lt,2.72
2025-07-18,196071,Tns Λάστιχο Κήπου Με 4 Εξαρτήματα Πράσινο 15 m,9.98
2025-07-18,47097,Βιομές Γλάστρα Τερακότα N242,3.72
2025-07-18,47098,Βιομές Γλάστρα Τερακότα Ν243,4.5
2025-07-18,47100,Βιομές Πιάτο Γλάστρα Ν258,0.48
2025-07-18,47102,Βιομές Πιάτο Γλάστρα Ν260,0.62
2025-07-18,203650,Βιομές Πιάτο Γλάστρας Γκρι Καφέ 22 cm,0.98
2025-07-18,203651,Βιομές Πιάτο Γλάστρας Γκρι Καφέ 26 cm,1.5
2025-07-18,183132,Γάντια Κήπου Large,1.6
2025-07-18,203649,Γλάστρα Gea Γκρι Καφέ 16 lt,8.9
2025-07-18,203648,Γλάστρα Gea Γκρι Καφέ 9 lt,5.2
2025-07-18,164518,Λάστιχο Κήπου Σπιράλ 7.5 m,6.9
2025-07-18,196070,Λάστιχο Ποτίσματος Snake Με Εξαρτήματα 20 m,16.9
2025-07-18,175787,Ankor Ηλεκτρικό BBQ 2000W,25.9
2025-07-18,201664,Irma Προσάναμμα Premium Άοσμο Κηροζίνης Λευκό 20 Τεμάχια,2.6
2025-07-18,157631,Irma Προσάναμμα Κηροζίνης 48 Τεμάχια,1.35
2025-07-18,178169,Tai My Barbeque Μπριγκέτες 4 kg,8.28
2025-07-18,178170,Tai Δαδί Φυσικό Προσάναμμα 2 kg,4.8
2025-07-18,197555,Tai Κάρβουνα Grill 3 kg,6.7
2025-07-18,197609,Tai Καθαριστικό Grill Για Barbeque Φούρνο &amp; Τζάκι 500 ml,6.5
2025-07-18,11339,Tai Προσάναμμα 42 Τεμάχια 300 gr,1.75
2025-07-18,114608,Tai Προσάναμμα Οικολογικό 32 Τεμάχια 180 gr,1.42
2025-07-18,192806,Tai Προσάναμμα Υγρό 500 ml,4.2
2025-07-18,187439,Κάρβουνα Diodwros 5 kg,7.18
2025-07-18,175053,Κάρβουνα Grill King 5 kg,7.55
2025-07-18,189607,Σχάρα Για BBQ Με Ξύλινη Λαβή 60 x 41 x 1.5 cm,5.8
2025-07-18,144116,Σχάρα Ψησίματος 63 x 45 x 30 cm,7.7
2025-07-18,204109,Ψησταριά Barbeque Κάρβουνου Στρογγυλή 46 x 67 cm,44.8
2025-07-18,204108,Ψησταριά Barbeque Υγραερίου Στρογγυλή 48 x 75 cm,79.8
2025-07-18,205592,Ψησταριά Γαλβανιζέ Κάρβουνου 71 x 40 x 53 cm,31.0
2025-07-18,193388,Ankor Σετ Βαζάκια Μπαχαρικών Σε Περιστρεφόμενη Βάση 12 Τεμαχίων,22.5
2025-07-18,94421,Casamania Φαγητοδοχείο Ανοξείδωτο Με Λαβή Φ15 800 ml,8.5
2025-07-18,185315,Cook &amp; Keep Δοχεία Φαγητού 3 x 1200 ml,4.5
2025-07-18,202644,Estia Allure Πιατοθήκη Μεταλλική ,22.9
2025-07-18,202662,Estia Δοχείο Ζάχαρης Μεταλλικό Epoque Κρεμ 11 x 18.8 cm,10.95
2025-07-18,202661,Estia Δοχείο Καφέ Μεταλλικό Epoque Κρεμ 11 x 18.8 cm,10.95
2025-07-18,202638,Estia Ψωμιέρα Epoque Μεταλλική Κρεμ 42.5 x 25.3 x 18 cm,39.9
2025-07-18,156296,Pacific Flip Κάδος Απορριμάτων 25 lt,14.5
2025-07-18,86586,Βιομές Κάδος Απορριμάτων Με Πεντάλ 32 lt,13.5
2025-07-18,105861,Βιομές Τάπερ Αεροστεγή N447 5.5 lt,4.65
2025-07-18,13707,Βιομές Τάπερ Αεροστεγή N47 Σετ 8 lt,6.6
2025-07-18,178807,Βιομές Φρουτοθήκη 4 Θέσεων Ασημί 41 x 32 x 81 cm,18.9
2025-07-18,187853,Δοχεία Τροφίμων Σετ 2 Τεμαχίων,2.9
2025-07-18,170529,Δοχείο Φαγητού Ορθογώνια Μαύρα Με Διάφανο Καπάκι 226 x 150 x 55 mm 3 Τεμάχια ,2.2
2025-07-18,119097,Κωστόπουλοι Πιατοθήκη Με Δίσκο 45 x 38 cm,7.5
2025-07-18,157308,Πατάκι Πιάτων Microfiber 38 x 50 cm,2.98
2025-07-18,195616,Πεντάλ Κουζίνας Μαύρο 30 lt,19.9
2025-07-18,205364,Πιατοθήκη Μεταλλική Με Πλαστικό Δίσκο 43 x 32 x 14.5 cm,10.9
2025-07-18,117577,Πιατοθήκη Νεροχύτη Λευκή ,4.5
2025-07-18,202585,Ραφιέρα Μακρόστενη Με Ρόδες Άσπρη 4 Θέσεων,14.5
2025-07-18,195210,Σετ Βαζάκια Μπαχαρικών Σε Μεταλλική Μαύρη Βάση 16 x 16 x 22 cm 12 Τεμαχιών,21.0
2025-07-18,25859,Σετ Παγοκύστες Iceline 2 Τεμάχια ,2.3
2025-07-18,202610,Συρταριέρα Πλαστική Μαύρη 4 Θέσεων ,21.0
2025-07-18,197979,Τάπερ Φαγητού 1 lt,1.7
2025-07-18,197980,Τάπερ Φαγητού 2.6 lt,2.3
2025-07-18,197981,Τάπερ Φαγητού 3.2 lt,2.9
2025-07-18,169983,Τουρτιέρα Γυάλινη 29 x 29 x 15 cm,11.9
2025-07-18,146093,Τουρτιέρα Δίσκος Ανοξείδωτος 33 cm,9.5
2025-07-18,136366,Τουρτιέρα Με Πόδι Και Καπάκι 32 cm,15.8
2025-07-18,187854,Φαγητοδοχείο 2 x 500 ml,1.7
2025-07-18,201105,Acacia Μπωλ Γυάλινο 2 Τεμάχια 22 x 11 cm,31.9
2025-07-18,201107,Acacia Σαλατιέρα 2 Τεμάχια 28 x 8.5 cm,34.9
2025-07-18,205632,Ankor Σερβίτσιο Πιατών Πορσελάνινο 18 Τεμάχια,32.0
2025-07-18,200157,Ankor Σερβίτσιο Πιατών Πορσελάνινο Λαδί Και Γκρι Λουλούδια 18 Τεμάχια,32.0
2025-07-18,133110,Bohemia Ποτήρια Κρασιού Με Πόδι Σετ 6 Τεμάχια 190 ml,11.9
2025-07-18,148253,Bohemia Ποτήρια Κρασιού Με Πόδι Σετ 6 Τεμάχια 450 ml,16.3
2025-07-18,155318,Bohemia Ποτήρια Κρασιού Με Πόδι Σετ 6 Τεμάχια 540 ml,16.5
2025-07-18,133111,Bohemia Ποτήρια Λικέρ Με Πόδι Σετ 6 Τεμάχια 50 ml,10.98
2025-07-18,133109,Bohemia Ποτήρια Νερού Με Πόδι Σετ 6 Τεμάχια 230 ml ,11.9
2025-07-18,95541,Grand Ποτήρια Κρασιού Σετ 12 Τεμάχια 115 ml ,6.98
2025-07-18,95540,Grand Ποτήρια Νερού Σετ 12 Τεμάχια 215 ml,7.9
2025-07-18,158048,Hidraulic Κουτάλι Σούπας ,1.85
2025-07-18,158050,Hidraulic Κουταλάκι Γλυκού ,1.0
2025-07-18,158052,Hidraulic Μαχαίρι Κρέατος ,2.88
2025-07-18,158049,Hidraulic Πιρούνακι,1.0
2025-07-18,158047,Hidraulic Πιρούνι,1.85
2025-07-18,98398,Kouros Ποτήρια Κρασιού Κολονάτο Σετ 6 Τεμάχια 210 ml,7.5
2025-07-18,104369,Kouros Ποτήρια Νερού Σετ 6 Τεμάχια 275 ml,8.9
2025-07-18,189026,Madrid Κουτάλι Φαγητού Inox,1.62
2025-07-18,189028,Madrid Κουταλάκι Γλυκού Inox,0.95
2025-07-18,189025,Madrid Μαχαίρι Φαγητού Inox,2.75
2025-07-18,189029,Madrid Πιρουνάκι Γλυκού Inox,0.95
2025-07-18,189027,Madrid Πιρούνι Φαγητού Inox,1.62
2025-07-18,191453,Oriana Ferelli Κούπα 340 ml,3.3
2025-07-18,191445,Oriana Ferelli Πιάτο Βαθύ 23 cm,3.48
2025-07-18,191444,Oriana Ferelli Πιάτο Ρηχό 27 cm,3.48
2025-07-18,191446,Oriana Ferelli Πιάτο Φρούτου 20 cm,3.18
2025-07-18,191451,Oriana Ferelli Πιατέλα Οβάλ 23 cm,12.9
2025-07-18,191447,Oriana Ferelli Σαλατιέρα 23 cm,8.95
2025-07-18,139640,Parma Μπωλ Λευκό 14 x 14 cm,1.98
2025-07-18,52818,Parma Πιάτο Τετράγωνο Βαθύ 23 x 23 cm,1.55
2025-07-18,52817,Parma Πιάτο Τετράγωνο Ρηχό Φαγητού 27 x 27 cm,1.55
2025-07-18,52819,Parma Πιάτο Τετράγωνο Φρούτου 20 x 20 cm,1.2
2025-07-18,142648,Parma Πιατέλα Ορθογώνια 24 x 34 cm,3.8
2025-07-18,102862,Parma Σαλατιέρα 24 x 24 cm,4.65
2025-07-18,203291,Pressedwood Μαχαίρι 9 cm,3.8
2025-07-18,203292,Pressedwood Μαχαίρι Ίσιο 9 cm,3.8
2025-07-18,12233,Pressedwood Μαχαίρι Κουζίνας Ν 2755,5.8
2025-07-18,12281,Pressedwood Μαχαίρι Κουζίνας Ν 2756,5.8
2025-07-18,202087,Pressedwood Μαχαίρι Μπριζόλας 12 cm,3.8
2025-07-18,198783,Queen Ποτήρι Νερού Βιολετί 465 ml,2.3
2025-07-18,113225,Ιτέα Πιάτο Βαθύ Λευκό 22 cm,4.98
2025-07-18,113226,Ιτέα Πιάτο Ρηχό Λευκό 20 cm,4.7
2025-07-18,113224,Ιτέα Πιάτο Ρηχό Λευκό 25 cm,4.98
2025-07-18,113232,Ιτέα Πιατέλα Οβάλ Λευκή 35 cm,19.5
2025-07-18,113233,Ιτέα Σαλατιέρα Λευκή 24 cm,15.8
2025-07-18,120136,Κύκλωψ Ποτήρι Πολυγωνικό Ροζ 500 ml,1.18
2025-07-18,151720,Μαχαίρι Καϊμάνο Με Πλαστική Λαβή,1.98
2025-07-18,12235,Μαχαίρι Κρέατος N 3105,13.98
2025-07-18,163518,Μαχαίρια Ατσάλινα Με Ακριλική Βάση 8 Τεμάχια,29.5
2025-07-18,151719,Μαχαίρια Καϊμάνο Με Πλαστική Λαβή 6 Τεμάχια,11.88
2025-07-18,172853,Μαχαίρια Κουζίνας Σετ 6 Τεμάχια,3.7
2025-07-18,184688,Μπουκάλι Νερού Διάφανο Toskani Με Λαβή 1 lt,3.1
2025-07-18,143204,Μύλος Πιπεριού Ακρυλικός 14 cm,8.2
2025-07-18,188807,Πιάτο Πορσελάνης Ρηχό 27 cm,3.7
2025-07-18,189616,Πιάτο Φαγητού Μελαμίνης 25 cm,2.18
2025-07-18,189615,Πιάτο Φρούτου Μελαμίνης 19 cm,1.28
2025-07-18,189614,Πιατέλα Μελαμίνης 38 cm,2.9
2025-07-18,196263,Ποτήρια Grande Σετ 3 Τεμαχίων 510 ml,4.5
2025-07-18,197206,Ποτήρια Melissa Σετ 3 Τεμαχίων 345 ml,5.9
2025-07-18,200520,Ποτήρια Texas Σετ 3 Τεμαχίων 380 ml,6.5
2025-07-18,93752,Ποτήρια Λικέρ Σετ 6 Τεμάχια 30 ml,4.8
2025-07-18,178075,Ποτήρια Νερού Canvas Σετ 3 Τεμαχίων 280 ml,2.8
2025-07-18,153170,Ποτήρια Νερού Ματ Σετ 6 Τεμάχια 400 ml,6.2
2025-07-18,195102,Σαλατιέρα Μελαμίνης 22 cm,3.35
2025-07-18,195318,Σετ Πιάτα Whote Moon 18 Τεμαχίων,33.0
2025-07-18,146455,Σετ Πιάτα Φαγητού Πορσελάνης Γκρι 19 Τεμάχια,36.0
2025-07-18,129842,Σετ Σαλατιέρα Με 2 Κουτάλες,19.8
2025-07-18,176133,Σετ Φαγητού Πορσελάνης 18 Τεμάχια,29.5
2025-07-18,194462,Acer Χειροκίνητη Μηχανή Φύλλου &amp; Ζυμαρικών,17.9
2025-07-18,195952,Ankor Ζυγαριά Κουζίνας Inox 5 kg,7.98
2025-07-18,177580,Estia Ζυγαριά Κουζίνας Μαύρη 5 kg,8.9
2025-07-18,177533,Estia Ξύλο Κοπής Bamboo Essentials 33 x 24 cm,6.9
2025-07-18,177534,Estia Ξύλο Κοπής Bamboo Essentials 39 x 28 cm,8.5
2025-07-18,193595,Estia Ξύλο Κοπής Bamboo Essentials Με Μεταλλική Λαβή 35 x 25 x 3 cm,9.9
2025-07-18,174924,Estia Τσιμπίδα Κουζίνας Με Λαβή Σιλικόνης 30 cm,4.7
2025-07-18,145276,Metaltex Σπάτουλα Ανοξείδωτη Imperial,5.15
2025-07-18,143208,Metaltex Σπάτουλα Από Ξύλο Ελιάς,4.75
2025-07-18,170680,Nava Acer Μπρίκι Ανοξείδωτο 550 ml,8.95
2025-07-18,170091,Venus Μπρίκι Ανοξείδωτο 500 ml,5.8
2025-07-18,170090,Venus Μπρίκι Ανοξείδωτο Ν3 320 ml,4.8
2025-07-18,171651,Ζυγαριά Κουζίνας Γυάλινη Ηλεκτρική Μαύρη 5 kg,7.98
2025-07-18,177654,Πολυκαπάκι Γυάλινο &amp; Σιλικόνη,11.5
2025-07-18,183899,Σπάτουλα Ανοξείδωτη 30 x 9 cm,3.5
2025-07-18,151594,Σπάτουλα Ξύλινη Με Κρεμάστρα 32 cm,1.6
2025-07-18,195494,Ankor Γαλατιέρα Αλουμινίου Με Επίστρωση Από Πέτρα &amp; Καπάκι 18 cm,19.8
2025-07-18,200164,Ankor Μαντεμένιο Σκέυος 35.5 x 29.5 x 3 cm,15.8
2025-07-18,200165,Ankor Μαντεμένιο Σκέυος 42 x 34.8 x 3 cm,19.9
2025-07-18,203918,Candy Ταψί 34.2 χ 24 χ 6 cm,7.98
2025-07-18,203917,Candy Ταψί 40 χ 28 χ 8 cm,9.8
2025-07-18,203915,Candy Φόρμα 33.3 x 13 x 7.6 cm  ,5.5
2025-07-18,203916,Candy Φόρμα Κέικ,5.98
2025-07-18,202369,Cantonese Σαγανάκι 30 cm,12.5
2025-07-18,165969,Cantonese Τηγάνι Wok 32 cm,16.9
2025-07-18,52234,Easy Life Ταψί Με Σχάρα Inox 40 cm,15.8
2025-07-18,164766,Estia Φόρμα Ορθογώνια Ψωμιού/Κέικ ,4.5
2025-07-18,64998,Fest Φόρμα Κέικ Στρογγυλή Ν26,13.9
2025-07-18,195179,Izzy Cayenne Κατσαρόλα 28 cm,32.8
2025-07-18,190118,Izzy Χύτρα Ταχύτητας VitaBoost 8 lt,102.5
2025-07-18,64997,Magic Fest Ταψί Ορθογώνιο Ν2 36 x 28 x 7 cm,22.8
2025-07-18,64981,Magic Fest Ταψί Ορθογώνιο Ν3 40 x 30 x 7 cm,24.5
2025-07-18,199004,Magma Κρεπιέρα Από Αλουμίνιο Με Επίστρωση Από Πέτρα 28 cm,14.98
2025-07-18,171785,Magma Ταψί Ορθογώνιο 35 x 27 x 7 cm,7.5
2025-07-18,171787,Magma Ταψί Ορθογώνιο 45 x 30 x 7 cm,9.5
2025-07-18,190504,Nordic Γαλατιέρα Αντικολλητική Από Χυτό 18 cm,16.9
2025-07-18,190505,Nordic Κατσαρόλα Αντικολλητική Από Χυτό 24 cm,25.9
2025-07-18,190506,Nordic Κατσαρόλα Αντικολλητική Από Χυτό 28 cm,32.0
2025-07-18,190500,Nordic Τηγάνι Αντικολλητικό Από Χυτό 20 cm,12.8
2025-07-18,190502,Nordic Τηγάνι Αντικολλητικό Από Χυτό 28 cm,18.8
2025-07-18,202624,Olea Γαλατιέρα Με Καπάκι &amp; Αντικολλητική Επίστρωση Stone 18 cm,21.9
2025-07-18,202620,Olea Γκριλιέρα Με Αντικολλητική Επίστρωση Stone 28 cm,24.5
2025-07-18,202623,Olea Κατσαρόλα Με Καπάκι &amp; Αντικολλητική Επίστρωση Stone 28 cm,39.5
2025-07-18,202617,Olea Τηγάνι Με Αντικολλητική Επίστρωση Stone 24 cm,18.5
2025-07-18,202618,Olea Τηγάνι Με Αντικολλητική Επίστρωση Stone 26 cm,19.9
2025-07-18,197000,Pal Zen Γκριλιέρα Αντικολλητική 28 cm,22.9
2025-07-18,26958,Pyramis Αντικολλητικό Τηγάνι 20 cm,12.7
2025-07-18,24976,Pyramis Αντικολλητικό Τηγάνι 24 cm,15.5
2025-07-18,24977,Pyramis Αντικολλητικό Τηγάνι 26 cm,17.2
2025-07-18,26957,Pyramis Αντικολλητικό Τηγάνι 28 cm,17.9
2025-07-18,26956,Pyramis Αντικολλητικό Τηγάνι 30 cm,19.9
2025-07-18,12184,Pyramis Κατσαρόλα Zeon N18 ,21.5
2025-07-18,151847,Pyramis Χύτρα Zeon N18,22.0
2025-07-18,12183,Pyramis Χύτρα Zeon N20,24.9
2025-07-18,12182,Pyramis Χύτρα Zeon N22,27.5
2025-07-18,151848,Pyramis Χύτρα Zeon N24,32.0
2025-07-18,151849,Pyramis Χύτρα Zeon N26,37.0
2025-07-18,151850,Pyramis Χύτρα Zeon N28,42.0
2025-07-18,171788,Stone Αντικολλητική Φόρμα Κέικ 27 x 9.5 cm,6.9
2025-07-18,179774,Tefal Τηγάνι Wok Xl Force 28 cm,32.5
2025-07-18,179769,Tefal Τηγάνι Xl Force 20 cm,23.5
2025-07-18,179770,Tefal Τηγάνι Xl Force 24 cm,25.5
2025-07-18,179771,Tefal Τηγάνι Xl Force 26 cm,27.9
2025-07-18,179772,Tefal Τηγάνι Xl Force 28 cm,29.9
2025-07-18,179773,Tefal Τηγάνι Xl Force 30 cm,31.5
2025-07-18,198165,Tefal Χύτρα Ταχύτητας Secure Trendy 8 lt,82.0
2025-07-18,194463,Γάστρα Οβάλ Μαύρη &amp; Σχάρα 42 x 32 cm,13.8
2025-07-18,202371,Γάστρα Ορθογώνια Εμαγιέ Με Επίστρωση 41 cm,26.9
2025-07-18,95678,Γάστρα Πυρίμαχη Με Καπάκι Ν32,27.9
2025-07-18,195496,Γκριλιέρα Μαντεμένια 28 cm,15.8
2025-07-18,168966,Ομελετιέρα Duboko Αντικολλητική Επίστρωση 26 cm,16.9
2025-07-18,174923,Σετ Φόρμα Κέικ Λυόμενη 28 x 6.8 cm,10.9
2025-07-18,182386,Ταψί Βαθύ Στρογγυλό 28 cm ,4.98
2025-07-18,151595,Ταψί Στρογγυλό Ανοξείδωτο 30 cm,7.95
2025-07-18,151596,Ταψί Στρογγυλό Ανοξείδωτο 35 cm,9.8
2025-07-18,151597,Ταψί Στρογγυλό Ανοξείδωτο 40 cm,10.9
2025-07-18,187953,Ταψί Τετράγωνο Γυάλινο Πυρίμαχο 31.8 x 28.3 x 6 cm,6.9
2025-07-18,197344,Τηγάνι Μαντεμένιο 26 cm,12.8
2025-07-18,203874,Φριτέζα Εμαγιέ Μαύρη &amp; Καλάθι 24 x 11.5 cm,12.9
2025-07-18,195180,Φόρμα Για Air Fryer 20 cm,6.5
2025-07-18,174199,Decorata Κουταλάκια Γλυκού Ξύλινα 30 Τεμάχια,2.28
2025-07-18,98789,Dimakplast Κύπελο Ν110 50 Τεμάχια 180 gr ,2.98
2025-07-18,181499,Ecocare Πιάτο Στρογγυλό Από Ζαχαροκάλαμο 18 cm 10 Τεμάχια,1.1
2025-07-18,181500,Ecocare Πιάτο Στρογγυλό Από Ζαχαροκάλαμο 23 cm 10 Τεμάχια,1.6
2025-07-18,181501,Ecocare Πιάτο Στρογγυλό Από Ζαχαροκάλαμο 26 cm 10 Τεμάχια,2.1
2025-07-18,181516,Ecocare Πιατέλα Οβάλ Από Ζαχαροκάλαμο 32 cm 5 Τεμαχίων,2.1
2025-07-18,12923,Kokliko Οδοντογλυφίδες Ξύλινες 250 Τεμάχια,0.85
2025-07-18,12924,Kokliko Οδοντογλυφίδες Ξύλινες 400 Τεμάχια,1.38
2025-07-18,180912,Kokliko Πιάτα Χάρτινα Compostable Μεγάλα Λευκά 23 cm 10 Τεμάχια,1.15
2025-07-18,180911,Kokliko Πιάτα Χάρτινα Compostable Μεσαία Λευκά 20 cm 10 Τεμάχια,0.95
2025-07-18,174183,Kokliko Πιάτα Χάρτινα Kraft Μεγάλα 23 cm 10 Τεμάχια,1.1
2025-07-18,174184,Kokliko Πιάτα Χάρτινα Kraft Μεσαία 19-5 cm 10 Τεμάχια,0.9
2025-07-18,179671,Matrix Bio Καλαμάκια Χάρτινα Σπαστά Πολύχρωμα 25 Τεμάχια,0.9
2025-07-18,139411,Oki Doki Ποτήρια Διάφανα 240 ml 50 Τεμάχια,1.35
2025-07-18,142232,Oki Doki Ποτήρια Διάφανα 430 ml 36 Τεμάχια,2.45
2025-07-18,104555,Sanitas Παγοκυψέλες Δενομένες 10 Τεμάχια,1.38
2025-07-18,183123,Tessera Κουτάλια Ξύλινα 8 Τεμάχια,0.54
2025-07-18,183124,Tessera Μαχαίρια Ξύλινα 8 Τεμάχια,0.54
2025-07-18,183125,Tessera Πιρούνια Ξύλινα 8 Τεμάχια,0.54
2025-07-18,159495,Γίφα Οδοντογλυφίδες Νήματος 50 Τεμάχια,2.75
2025-07-18,152236,Καπάκι Freddo Διάφανο 50 Τεμάχια,1.98
2025-07-18,194153,Κουτάλια Πλαστικά Επαναχρησιμοποιούμενα 8 Τεμάχια,2.2
2025-07-18,185644,Κουταλάκια Γλυκού Επαναχρησιμοποιημένα 10 Τεμάχια,1.4
2025-07-18,12954,Μόρνος Ποτήρια Λευκά 50 Τεμάχια 270 ml,1.32
2025-07-18,12944,Μόρνος Ποτήρια Ν603 Διάφανα 50 Τεμάχια 270 ml,1.32
2025-07-18,183111,Οδοντογλυφίδες Πολυτελείας 450 Τεμάχια,0.9
2025-07-18,135149,Ποτήρι Σφηνάκι 50 Τεμάχια,2.15
2025-07-18,152237,Ποτήρια Freddo Διάφανο 300 ml 50 Τεμάχια,2.98
2025-07-18,175931,Ποτήρια Χάρτινα Kraft 8OZ 50 Τεμάχια,2.5
2025-07-18,149344,Ποτήρια Χάρτινα Για Ζεστά 4OZ 50 Τεμάχια,1.45
2025-07-18,149345,Ποτήρια Χάρτινα Για Ζεστά 8OZ 50 Τεμάχια,2.5
2025-07-18,183127,Ποτήρια Χάρτινα Για Ζεστά Με Καπάκι 10 Τεμάχια,1.8
2025-07-18,13131,Kokliko Μπαλόνια Για Party 12 Τεμάχια,1.65
2025-07-18,132213,Swan Modelling Μπαλόνια &amp; Τρόμπα 20 Τεμάχια ,4.6
2025-07-18,161233,Swan Μπαλόνια Happy Birthday 10 Τεμάχια,2.18
2025-07-18,153522,Swan Μπαλόνια Γίγαντες 5 Τεμάχια,3.45
2025-07-18,204414,Νερομπόμπες Μπουκέτο 37 Τεμάχια,1.85
2025-07-18,202385,Μαχαιροπίρουνα Inox Σετ 24 Τεμαχίων,22.8
2025-07-18,191356,Bic Αναπτήρας Ez Reach,2.4
2025-07-18,205357,Bic Αναπτήρες Maxi Διάφορα Σχέδια J26 2 Τεμάχια,2.75
2025-07-18,161218,Bic Αναπτήρες Megalighter Design U140 2 Χρωμάτων ,4.1
2025-07-18,205356,Bic Αναπτήρες Mini Διάφορα Σχέδια J25 2 Τεμάχια,2.5
2025-07-18,131378,Calfer Gas Καμινέτο Πλαστικό,12.2
2025-07-18,108897,Camper Gaz Καμινέτο Deluxe 500 gr,20.9
2025-07-18,199616,Camper Gaz Καμινέτο Πλαστικό,10.9
2025-07-18,89932,Camper Gaz Φιαλίδιο Υγραερίου Με Βαλβίδα Ασφαλείας 500 gr,4.6
2025-07-18,204729,Campingaz Καμινέτο Bleuet G206,21.7
2025-07-18,131719,Campingaz Φιαλίδιο Υγραερίου C 206 Gls 190 gr,2.05
2025-07-18,201818,Campingaz Φιαλίδιο Υγραερίου C 206 Gls 3 x 190 gr,4.92
2025-07-18,130368,Coral Gas Φιαλίδιο 190 gr,1.6
2025-07-18,128016,Cricket Αναπτήρας Mini Fluo,1.0
2025-07-18,131722,Energas Φιαλίδιο Βουτανίου 190 gr,1.28
2025-07-18,141738,Αναπτήρας Lux Παπαγάλος ,1.38
2025-07-18,137061,Αναπτήρες Mini Σε Blister 2 Τεμάχια ,1.6
2025-07-18,168875,Ελ Γκρέκο Classic Εστία Καφέ,26.98
2025-07-18,187894,Ελ Γκρέκο Master Εστία Καφέ,45.9
2025-07-18,47577,Ελ Γκρέκο Original Εστία Καφέ,35.65
2025-07-18,177249,Ελ Γκρέκο Primal Εστία Καφέ,23.95
2025-07-18,168876,Ελ Γκρέκο Φιαλίδιο Υγραερίου CV 300 Plus Μαύρο 240 gr,4.75
2025-07-18,47578,Ελ Γκρέκο Φιαλίδιο Υγραερίου CV 470 Plus Μπεζ 450 gr,7.15
2025-07-18,189219,Cook΄n Eat Σκεύη Πλαστικά Μεταφοράς Φαγητού Για Πολλές Χρήσεις 17 x 12 x 5 cm 750 ml 5 Τεμάχια,1.8
2025-07-18,11160,Fino Bags Σακούλες Τροφίμων Γίγας 25 Τεμάχια,1.48
2025-07-18,11159,Fino Bags Σακούλες Τροφίμων Μεγάλες 7 lt 50 Τεμάχια,1.58
2025-07-18,11158,Fino Bags Σακούλες Τροφίμων Μεσαίες 4 lt 50 Τεμάχια,1.38
2025-07-18,11157,Fino Bags Σακούλες Τροφίμων Μικρές 1 lt 50 Τεμάχια,0.78
2025-07-18,121892,Fino Bags Σακούλες Τροφίμων Σε Ρολό Μεσαίες 3 lt 250 Τεμάχια,2.54
2025-07-18,150428,Frogo Σακούλες Τροφίμων Με Ζιπ Μεγάλες 5 lt 10 Τεμάχια,1.75
2025-07-18,148368,Frogo Σακούλες Τροφίμων Με Ζιπ Μικρές 1 lt 20 Τεμάχια,1.65
2025-07-18,190359,Frogo Σκεύη Αλουμινίου Για Κέικ 6 Τεμάχια,1.5
2025-07-18,190361,Frogo Σκεύη Αλουμινίου Με Καπάκι Μεσαία 3 Τεμάχια,1.8
2025-07-18,190358,Frogo Σκεύη Αλουμινίου Με Καπάκι Μικρά 4 Τεμάχια,1.18
2025-07-18,190360,Frogo Σκεύη Αλουμινίου Μεγάλα Βαθιά 3 Τεμάχια,1.75
2025-07-18,190357,Frogo Σκεύη Αλουμινίου Μεσαία 3 Τεμάχια,1.75
2025-07-18,87424,Rapido Bags Σακούλες Τροφίμων Με Κλιπς Μεγάλο Μέγεθος 25 Τεμάχια,0.7
2025-07-18,87423,Rapido Bags Σακούλες Τροφίμων Με Κλιπς Μεσαίο Μέγεθος 25 Τεμάχια,0.65
2025-07-18,87422,Rapido Bags Σακούλες Τροφίμων Με Κλιπς Μικρό Μέγεθος 50 Τεμάχια,0.65
2025-07-18,11129,Sanitas Αλουμινόχαρτο 10 m 2-9 τ.μ.,1.9
2025-07-18,11128,Sanitas Αλουμινόχαρτο 30 m 8-7 τ.μ.,4.78
2025-07-18,122931,Sanitas Αντικολλητικό Χαρτί Κομμένο Σε Φύλλα 18 Φύλλα 7-56 m 2-9 τ.μ.,3.12
2025-07-18,103443,Sanitas Μεμβράνη 50 m 15 τ.μ.,3.78
2025-07-18,178183,Sanitas Σακούλες Τροφίμων Slide &amp; Lock Μικρές 10 Τεμάχια,2.1
2025-07-18,75772,Sanitas Σκεύη Αλουμινίου Γίγας S20 3 Τεμάχια,2.98
2025-07-18,32339,Sanitas Σκεύη Αλουμινίου Μεγάλα Ορθογώνια Με Καπάκι 3 Τεμάχια,2.53
2025-07-18,11282,Sanitas Σκεύη Αλουμινίου Μικρά Ορθογώνια Με Καπάκι 4 Τεμάχια,1.95
2025-07-18,87418,Silver Pan Φόρμες Αλουμινίου Στρογγυλές Για Κέικ C4 6 Τεμάχια,0.78
2025-07-18,87419,Silver Pan Φόρμες Αλουμινίου Στρογγυλές Για Πίτσα C38 6 Τεμάχια,2.2
2025-07-18,201666,Ρεβάν Αλουμινόχαρτο 30 m 9 τ.μ.,3.8
2025-07-18,176124,Camel Βερνίκι Παπουτσιών Καφέ 75 ml,3.4
2025-07-18,176123,Camel Βερνίκι Παπουτσιών Μαύρο 75 ml,3.4
2025-07-18,152492,Camel Πάστα Παπουτσιών Μαύρο 55 ml,3.78
2025-07-18,176136,Camel Πάστα Παπουτσιών Μαύρο Μεταλλικό Κουτί 40 ml,3.48
2025-07-18,134974,Camel Σπόγγος Αυτογυάλιστος Με Κερί &amp; Σιλικόνη Μαύρο,3.78
2025-07-18,30098,Cover Γυαλιστικό Παπουτσιών Μαύρο 8άρη,2.75
2025-07-18,38260,Cover Γυαλιστικό Παπουτσιών Ουδέτερο 8άρη,2.6
2025-07-18,11107,Free Step Κορδόνια 75 cm,1.23
2025-07-18,11381,Free Step Κορδόνια Στρογγυλά 130 cm,2.8
2025-07-18,11108,Free Step Κορδόνια Φαρδιά 105 cm,1.45
2025-07-18,60816,Pedag Πάτος Υποδημάτων Stop Odeur N36-45,5.95
2025-07-18,143328,Scholl Gelactiv Insoles Sport Men Πάτοι Παπουτσιών One Size,19.9
2025-07-18,143327,Scholl Gelactiv Insoles Work Men Πάτοι Παπουτσιών One Size,19.9
2025-07-18,174781,Scholl Πάτοι Παπουτσιών Απορρόφηση Κραδασμών,7.9
2025-07-18,174782,Scholl Πάτοι Παπουτσιών Για Την Αντιμετώπιση Κακοσμίας,7.9
2025-07-18,151466,Scholl Πάτοι Παπουτσιών Για Ψηλά Τακνούνια,19.9
2025-07-18,173262,Κύκλωψ Βούρτσα Υποδημάτων Τρίχα Αλοιφής,1.42
2025-07-18,189851,Ankor Ισοθερμική Τσάντα 16 lt,7.5
2025-07-18,189848,Ankor Ισοθερμική Τσάντα 5 lt,5.9
2025-07-18,189852,Ankor Ισοθερμική Τσάντα Με 2 Θήκες 22 lt,13.9
2025-07-18,189853,Ankor Ισοθερμική Τσάντα Με 2 Θήκες 28 lt,14.9
2025-07-18,177531,Estia Καρότσι Λαϊκής Με Ισοθερμική Θήκη Μπλε 40 lt,13.5
2025-07-18,200078,Καρότσι Λαϊκής Μεταλλικό Με 2 Τριπλές Ρόδες Και Γκρι Καρό Σάκο 44 x 33 x 99 cm,19.9
2025-07-18,192165,Καρότσι Λαϊκής Υφασμάτινο Μαύρο 46 lt 35.5 x 23.5 x 95.8 cm,18.9
2025-07-18,156410,Σακούλα Ισοθερμική 51 x 49 cm,2.3
2025-07-18,157713,Τσάντα Αγορών 50 x 40 cm,2.9
2025-07-18,164178,Τσάντα Πολλαπλών Χρήσεων,0.75
2025-07-18,13537,Ανταλλακτικό Φίλτρο Κανάτας Brita Classic,7.9
2025-07-18,161161,Κανάτα Φίλτρο Νερού Brita Marella-Cool 2400ml,28.5
2025-07-18,162399,Ecocasa Απλώστρα Αλουμινίου Με Μεταλλικά Πόδια 18 m,17.9
2025-07-18,144073,Vulcano Απλώστρα Με Πτερύγια Μεταλλική 18 m,14.9
2025-07-18,190440,Απλώστρα Μεταλλική Μαύρη 18 m,31.9
2025-07-18,151154,Απλώστρα Πλαστική 20 m,35.9
2025-07-18,202970,Απλώστρα Πλαστική Ανθρακί Colombo 20 m,25.9
2025-07-18,109124,Κύκλωψ Μανταλάκια Με Λάστιχο 12 Τεμάχια,1.7
2025-07-18,107916,Κύκλωψ Μανταλάκια Πλαστικά Μεγάλα 24 Τεμάχια,1.18
2025-07-18,175951,Μανταλάκια Ξύλινα 24 Τεμάχια,1.9
2025-07-18,198348,Vileda Σιδερόπανο Diamond,13.98
2025-07-18,113900,Vileda Σιδερόπανο Rapid 135 x 45 cm,11.8
2025-07-18,150660,Σιδερόπανο Με Λάστιχο 50 x 140 cm,5.9
2025-07-18,155708,Ecocasa Σιδερώστρα Grande 38 x 120 cm,29.5
2025-07-18,195211,Επιτραπέζια Σιδερώστρα 34 x 75 x 15 cm,10.9
2025-07-18,23028,Alikon Απιονισμένο Νερό 4 lt,1.54
2025-07-18,8053,Best Απιονισμένο Νερό 4 lt,1.45
2025-07-18,8038,Merito Spray Σιδερώματος 500 ml,3.23
2025-07-18,136325,Χάρτινη Τσάντα Δώρου Craft Με Κορδόνι Καφέ 11 x 11 x 40 cm,0.6
2025-07-18,136324,Χάρτινη Τσάντα Δώρου Craft Με Κορδόνι Καφέ 19 x 12 x 24.5 cm,0.5
2025-07-18,187908,Χάρτινη Τσάντα Δώρου Craft Με Κορδόνι Καφέ 33 x 14 x 26 cm,0.95
2025-07-18,136322,Χάρτινη Τσάντα Δώρου Craft Με Κορδόνι Καφέ 38 x 12 x 50 cm,1.2
2025-07-18,6218,Ήλιος Καρβουνάκια Κασετίνα 20 Τεμάχια,2.0
2025-07-18,6233,Ήλιος Λιβάνι Σε Πλαστικό 30 gr,1.88
2025-07-18,6204,Ήλιος Λουμίνια Κασετίνα 24 Τεμάχια,1.3
2025-07-18,6222,Ήλιος Μοσχολίβανο 30 gr,1.88
2025-07-18,76478,Θυμιατό Μεταλλικό Κλασικό,8.5
2025-07-18,157378,Καρβουνάκι Μεσαίο Μονό,0.32
2025-07-18,120542,Σετ Θυμιάματος Μεγαλόχαρη,2.5
2025-07-18,71387,Tai Κερί Αφιέρωσης 4 Ημερών 240 gr,2.5
2025-07-18,71389,Tai Κερί Αφιέρωσης 6 Ημερών 450 gr,3.98
2025-07-18,81553,Angel Παραφινέλαιο Άοσμο &amp; Άχρωμο 1 lt,4.3
2025-07-18,189657,Candil Παραφινέλαιο Άκαπνο 1 lt,3.7
2025-07-18,204799,Aroxol Pure &amp; Strong Εντομοαπωθητικές Ταμπλέτες 60 Τεμάχια,4.48
2025-07-18,204803,Aroxol Pure &amp; Strong Εντομοαπωθητικό Υγρό Αντ/κό 2 Τεμάχια 25 ml,5.82
2025-07-18,204797,Aroxol Εντομοαπωθητικές Ταμπλέτες Ματ 60 Τεμάχια,4.16
2025-07-18,173108,Aroxol Pure &amp; Strong Εντομοαπωθητικό Σετ Συσκευή &amp; Υγρό Αντ/κό Χωρίς Άρωμα 30 Νύχτες 25 ml,3.94
2025-07-18,160171,Aroxol Εντομοαπωθητικό Spiral Natural 4 10 Τεμάχια ,2.16
2025-07-18,204800,Aroxol Εντομοαπωθητικό Υγρό Χωρίς Άρωμα Αντ/κό 120 Νύχτες 2 Τεμάχια 45 ml,5.27
2025-07-18,154081,Aroxol Εντομοαπωθητικό Σετ Συσκευή &amp; Υγρό Αντ/κό Χωρίς Άρωμα 60 Νύχτες 45 ml,4.74
2025-07-18,106462,Autan Εντομοαπωθητική Lotion Σώματος Family Care 100 ml ,5.66
2025-07-18,197182,Autan Εντομοαπωθητική Lotion Σώματος Family Care 2 x 100 ml ,7.35
2025-07-18,179798,Autan Εντομοαπωθητικό Spray Botanicals 100 ml,6.29
2025-07-18,173428,Autan Εντομοαπωθητικό Spray Σώματος Multi Insect 100 ml,5.94
2025-07-18,87932,Autan Εντομοαπωθητικό Spray Σώματος Protection Plus 100 ml,5.94
2025-07-18,82093,Autan Εντομοαπωθητικό Spray Family Care Soft 100 ml,5.66
2025-07-18,204778,Autan Max Εντομοαπωθητικό Spray Σώματος 100 ml,5.94
2025-07-18,204779,Autan Gel Καταπραϋντικό Για Μετά Το Τσίμπημα 20 ml,3.07
2025-07-18,204789,Baygon Εντομοαπωθητικές Ταμπλέτες Χωρίς Άρωμα 30 Τεμάχια,2.15
2025-07-18,204788,Baygon Εντομοαπωθητικές Ταμπλέτες Χωρίς Άρωμα 60 Τεμάχια,4.19
2025-07-18,204791,Baygon Εντομοαπωθητικό Σετ Συσκευή &amp; Υγρό Αντ/κό Χωρίς Άρωμα 60 Νύχτες 36 ml,3.89
2025-07-18,204786,Baygon Υγρό Εντομοαπωθητικό Αντ/κό 120 Νύχτες 2 Τεμάχια 36 ml,4.78
2025-07-18,204787,Baygon Υγρό Εντομοαπωθητικό Λεβάντα Αντ/κό 2 χ 27 ml,4.64
2025-07-18,173110,Baygon Εντομοαπωθητικό Σετ Ρυθμιζόμενης Συσκευής &amp; Υγρό Αντ/κό Χωρίς Άρωμα 60 Νύχτες 27 ml ,4.73
2025-07-18,161087,Citronella Αντικουνουπικό Κερί Ρεσό Σε Αλουμίνιο 2 Τεμάχια,3.2
2025-07-18,161086,Citronella Κεριά Ρεσό 6 Τεμάχια,4.5
2025-07-18,10209,Pyrox Εντομοαπωθητικό Spiral Φιδάκι 10 Τεμάχια,2.24
2025-07-18,152653,Pyrox Εντομοαπωθητικό Spiral Φιδάκι 20 Τεμάχια,3.68
2025-07-18,204781,Raid Εντομοαπωθητικές Ταμπλέτες 30 Τεμάχια ,2.23
2025-07-18,204782,Raid Εντομοαπωθητικές Ταμπλέτες Χωρίς Άρωμα 60 Τεμάχια,3.77
2025-07-18,118248,Raid Night &amp; Day Εντομοαπωθητικό Πλακίδιο Αντ/κό Χωρίς Άρωμα 480 Ώρες 2 Τεμάχια ,6.29
2025-07-18,204792,Raid Υγρό Εντομοαπωθητικό Αντ/κό 2 Τεμάχια 36 ml,4.64
2025-07-18,127444,Raid Εντομοαπωθητικό Σετ Συσκευή &amp; Υγρό Αντ/κό 30 Νύχτες 21 ml,3.74
2025-07-18,105379,Raid Night &amp; Day Εντομοαπωθητικό Σετ Συσκευή &amp; Πλακίδιο Αντ/κο Χωρίς Άρωμα 240 Ώρες 2.29 gr,4.8
2025-07-18,190921,Tai New Εντομοαπωθητικό Spiral Φιδάκι 10 Τεμάχια,1.4
2025-07-18,190923,Tai New Εντομοαπωθητικό Σετ Συσκευή &amp; Υγρό Αντ/κό 30 Νύχτες 21 ml,3.94
2025-07-18,190922,Tai New Εντομοαπωθητικό Υγρό Liquid Refil Ανταλλακτικό 45 Νύχτες 27 ml,2.11
2025-07-18,190925,Tai Εντομοαπωθητικές Ταμπλέτες Mat New 14 Τεμάχια,1.02
2025-07-18,190924,Tai Εντομοαπωθητικές Ταμπλέτες Mat New 30 Τεμάχια,1.85
2025-07-18,197238,Tai Εντομοαπωθητική Lotion Σώματος Family 20% 100 ml,5.19
2025-07-18,197239,Tai Εντομοαπωθητική Lotion Σώματος Kids 10% 100 ml,4.59
2025-07-18,185964,Tai Εντομοαπωθητικό After Bite Με Αμμωνία 15 ml,0.98
2025-07-18,185963,Tai Εντομοαπωθητικό After Bite Με Μενθόλη 15 ml,0.98
2025-07-18,204834,Teza Εντομοαπωθητικά Πλακίδια Χωρίς Άρωμα 60 Τεμάχια,3.53
2025-07-18,204835,Teza Εντομοαπωθητικά Πλακίδια Χωρίς Άρωμα 30 Τεμάχια,2.13
2025-07-18,204832,Teza Εντομοαπωθητικό Σετ Ηλεκτρική Συσκευή &amp; Πλακίδια Χωρίς Άρωμα 20 Τεμάχια,5.78
2025-07-18,204833,Teza Υγρό Εντομοαπωθητικό Αντ/κο 120 Νύχτες 2 Τεμάχια 50 ml,4.58
2025-07-18,204776,Vapona Zero Εντομοαπωθητικό Υγρό Αντ/κό 2 x 18 ml,4.65
2025-07-18,127600,Vapona Εντομοαπωθητικό Spray Σώματος 100 ml,4.13
2025-07-18,204777,Vapona Εντομοαπωθητικό Υγρό Αντ/κό 95 Νύχτες 2 x 18 ml,4.65
2025-07-18,204774,Vapona Εντομοαπωθητικό Σετ Συσκευή &amp; Ταμπλέτες 10 Τεμάχια,4.06
2025-07-18,204775,Vapona Εντομοαπωθητικό Σετ Συσκευή Με Ρυθμιστής Έντασης &amp; Υγρό Αντ/κό 45 Νύχτες 18 ml,4.12
2025-07-18,61558,Aroxol Mec Instant Εντομοκτόνο Spray Για Κατσαρίδες &amp; Μυρμήγκια 400 ml,4.73
2025-07-18,179775,Aroxol Εντομοκτόνο Pure &amp; Strong Για Μύγες &amp; Κουνούπια 300 ml,2.39
2025-07-18,185204,Aroxol Εντομοκτόνο Spray Για Σφήκες 300 ml,3.52
2025-07-18,179776,Aroxol Κατσαριδοκτόνο Pure &amp; Strong Mec Για Κατσαρίδες &amp; Μυρμήγκια 350 ml ,4.76
2025-07-18,173109,Aroxol Κατσαριδοκτόνο Pure &amp; Strong Για Κατσαρίδες &amp; Μυρμήγκια 300 ml,3.36
2025-07-18,197180,Baygon Barrier Trigger Κατσαριδοκτόνο Spray Για Κατσαρίδες &amp; Μυρμήγκια 500 ml,3.84
2025-07-18,204826,Baygon Εντομοκτόνο Spray Για Κουνούπια &amp; Μύγες 300 ml,2.79
2025-07-18,185208,Baygon Κατσαριδοκτόνο Spray  Κουζίνας Για Κατσαρίδες &amp; Μυρμήγκια Με Σωληνάκι 400 ml,3.79
2025-07-18,10229,Baygon Κατσαριδοκτόνο Spray Για Κατσαρίδες &amp; Μυρμήγκια 400 ml,3.17
2025-07-18,185209,Baygon Κατσαριδοκτόνο Δόλωμα Κουζίνας 6 Τεμάχια ,6.98
2025-07-18,190930,Raid Essentials Εντομοκτόνο Spay Για Μύγες Σφήκες &amp; Κουνούπια 400 ml,2.69
2025-07-18,190953,Raid Essentials Κατσαριδοκτόνο Spray Crawling Για Κατσαρίδες &amp; Μυρμήγκια 400 ml,2.39
2025-07-18,10293,Raid Max 1 Κατσαριδοκτόνο Spray Για Κατσαρίδες &amp; Μυρμήγκια 300 ml,2.29
2025-07-18,179609,Raid Εντομοκτόνο Spray Multi Insects Για Ιπτάμενα &amp; Βαδιστικά Έντομα 400 ml,3.04
2025-07-18,10292,Raid Εντομοκτόνο Spray Για Κουνούπια &amp; Μύγες 300 ml ,2.18
2025-07-18,68613,Raid Κατσαριδοκτόνο Δόλωμα 6 Τεμάχια,6.47
2025-07-18,160472,Raid Μυρμηγκοκτόνο Δόλωμα ,3.88
2025-07-18,97010,Teza Mec Εντομοκτόνο Spray Άοσμο Για Κατσαρίδες &amp; Μυρμήγκια 400 ml,3.88
2025-07-18,97008,Teza Εντομοκτόνο Spray Άοσμο Για Κατσαρίδες &amp; Μυρμήγκια 300 ml,3.16
2025-07-18,97007,Teza Εντομοκτόνο Spray Για Κατσαρίδες &amp; Μυρμήγκια 400 ml,3.44
2025-07-18,97011,Teza Εντομοκτόνο Spray Για Μύγες &amp; Κουνούπια 300 ml,2.19
2025-07-18,146508,Teza Κατσαριδοκτόνο Spray Universal 2 Σε 1 300 ml,2.43
2025-07-18,205138,Teza Εντομοαπωθητικό Σετ Συσκευή 2 Σε 1 &amp; Υγρό Αντ/κό 60 Νύχτες 50 ml,4.2
2025-07-18,204116,Ankor Εστία Ηλεκτρική 2 Μάτια Μαύρο 2500W,24.9
2025-07-18,204115,Ankor Εστία Ηλεκτρική Μαύρο 1500W,14.9
2025-07-18,192294,Ankor Ηλεκτρικό Μίξερ Χειρός &amp; 4 Εργαλεία Μαύρο 500W,22.0
2025-07-18,190182,Estia Ηλεκτρικό Μιξεράκι 25W,9.5
2025-07-18,190183,Estia Φραπεδιέρα Μαύρη 100W,24.8
2025-07-18,202122,Hobby Ηλεκτρικός Στίφτης 40W ,12.5
2025-07-18,194197,Izzy Wooden Καφετιέρα Φίλτρου 1.25 lt 950W,27.5
2025-07-18,194196,Izzy Wooden Τοστιέρα 1300W,26.8
2025-07-18,186795,Izzy Μπλέντερ Fitness 1000W 1.5 lt,43.8
2025-07-18,140893,Izzy Πολυκόπτης Multi Με Τριπλό Μαχαίρι 600W 600 ml,29.5
2025-07-18,203052,Izzy Ράβδος Turbo Speed 1200W,29.9
2025-07-18,196141,Primo Φρυγανιέρα Inox 950W,27.5
2025-07-18,205573,Pyrex Air Fryer Φριτέζα Αέρος 1700W 10.5 lt,112.0
2025-07-18,205572,Pyrex Ηλεκτρικό Στυπτήριο 40W,17.8
2025-07-18,204053,Pyrex Μηχανή Espresso SB-580 20 Bar 850W 1.8 lt ,95.0
2025-07-18,194997,Singer Air Fryer Φριτέζα Αέρος 1800W 8 lt,98.0
2025-07-18,196040,Singer Βραστήρας Piano Black 2200W 1.5 lt,26.5
2025-07-18,195987,Singer Ηλεκτρικό Μίξερ Χειρός &amp; 4 Εργαλεία Κόκκινο 500W,27.5
2025-07-18,182054,Βραστήρας Inox Γκρι 1500W 1.8 lt,8.9
2025-07-18,155587,Καφετιέρα Espresso Αλουμινίου 3 Φλυτζάνια,7.5
2025-07-18,123846,Καφετιέρα Ατομική 350 ml,3.98
2025-07-18,123845,Καφετιέρα Ατομική 800 ml,5.98
2025-07-18,200187,Μπρίκι Ηλεκτρικό Ιβουάρ 1000W 400 ml,14.9
2025-07-18,158414,Φραπιέρα Μαύρη 100W,15.5
2025-07-18,195335,Ankor Stick Ηλεκτρική Σκούπα 2 Σε 1 Γκρι 400W,38.9
2025-07-18,194924,Hobby Ηλεκτρική Σκούπα 700W Με Σακούλα 2.5 lt,65.0
2025-07-18,205667,Izzy Ανεμιστήρας Δαπέδου 16&quot; Με Τηλεχειριστήριο Μαύρος 70W,46.0
2025-07-18,199652,Izzy Σίδερο Ατμού Power Ceramic 2900W,34.5
2025-07-18,199727,Izzy Σύστημα Σιδερώματος Active Force 4Bar 2400W,59.8
2025-07-18,205216,Primo Ανεμιστήρας 2 Σε 1 &amp; Ορθοστάτη Βεραμάν 40 cm 50W,45.0
2025-07-18,205217,Primo Ανεμιστήρας 2 Σε 1 &amp; Ορθοστάτη Γκρι 40 cm 50W,45.0
2025-07-18,193312,Singer Ηλεκτρική Σκούπα Πράσινη 700W,69.9
2025-07-18,173983,Singer Σίδερο Ατμού 2400W,24.5
2025-07-18,189308,Singer Σίδερο Ατμού Ocean Με Κεραμική Πλάκα 2000W,16.95
2025-07-18,205437,Singer Σύστημα Σιδερώματος 2400W,76.0
2025-07-18,97384,Ανεμιστήρας 12&quot; Δαπέδου 30 cm 40W,19.9
2025-07-18,104624,Ανεμιστήρας 16&quot; Επιτραπέζιος 40 cm 50W,19.9
2025-07-18,104623,Ανεμιστήρας 16&quot; Με Ορθοστάτη 40 cm 50W,19.9
2025-07-18,190768,Ανεμιστήρας Επιτραπέζιος Με USB 15 cm,8.9
2025-07-18,165473,Ανεμιστήρας Μεταλλικός 3 Σε 1 &amp; Ορθοστάτη 45 cm 75W,33.9
2025-07-18,164544,Ηλεκτρικό Αντικουνουπικό 3 Χρωμάτων,1.9
2025-07-18,182480,Τηλεχειριστήριο Για Smart Τηλεοράσεις,6.8
2025-07-18,151734,Izzy Ισιωτική Πρέσα Μαλλιών Ceramic 2 Σε 1 35W,14.9
2025-07-18,186105,Izzy Ισιωτική Πρέσα Μαλλιών XL Moroccan Glide Με Κεραμικές Πλάκες,29.5
2025-07-18,194135,Izzy Ισιωτική Πρέσα Μαλλιών Ατμού Stream Pro 65W,39.9
2025-07-18,175554,Izzy Κουρευτική Μηχανή Pro HC100 2 Σε 1,24.5
2025-07-18,205574,Izzy Σεσουάρ Μαλλιών Expert Pro 2000W,58.0
2025-07-18,180928,Izzy Σεσουάρ Μαλλιών Procare Με Φυσούνα 2600W,34.9
2025-07-18,152802,Primo Σεσουάρ Μαλλιών Με Σπαστή Λαβή 1200W,11.9
2025-07-18,192020,Primo Σετ Ανδρικής Περιποίησης Κουρέματος Με 6 Κεφαλές,32.0
2025-07-18,189310,Singer Σεσουάρ Με Φυσούνα Μαύρο 2000W,15.9
2025-07-18,204189,Κουβερλί Διπλής Όψεως Εκρού 160 x 220 cm,8.9
2025-07-18,204190,Κουβερλί Διπλής Όψεως Εκρού 220 x 230 cm,11.5
2025-07-18,204193,Κουβερλί Διπλής Όψεως Μέντα 160 x 220 cm,8.9
2025-07-18,204194,Κουβερλί Διπλής Όψεως Μέντα 220 x 230 cm,11.5
2025-07-18,204191,Κουβερλί Διπλής Όψεως Σομόν 160 x 220 cm,8.9
2025-07-18,204192,Κουβερλί Διπλής Όψεως Σομόν 220 x 230 cm,11.5
2025-07-18,127211,Tns Κουρτίνα - Σίτα Με Μαγνήτη 100 x 215 cm,3.95
2025-07-18,156763,Κουρτίνα Δωματίου Με Κρίκους 140 x 250 cm,13.9
2025-07-18,202584,Κουρτίνα Δώματιο Με Τρουκς 140 x 250 cm,11.5
2025-07-18,164373,Anna Riska Μαξιλάρι Memοry Foam Visco-Elastic 60 x 40 x 12 cm,35.9
2025-07-18,187121,Anna Riska Μαξιλάρι Ύπνου Βαμβακερό &amp; 7 Denier Silicon Γέμιση 50 x 70 cm,12.9
2025-07-18,188729,Home Care Μαξιλαροθήκες Αδιάβροχες 50 x 70 cm,8.3
2025-07-18,164420,Μαξιλαροθήκες Ζεύγος Eco 2 Τεμάχια,3.95
2025-07-18,87376,Μαξιλαροθήκες Σετ 2 Τεμαχίων,3.95
2025-07-18,180636,Μπουρνούζι Unisex,23.5
2025-07-18,172306,Denim Πετσέτα Μπάνιου 75 x 140 cm,9.5
2025-07-18,172307,Denim Πετσέτα Προσώπου 50 x 90 cm,4.5
2025-07-18,180252,Home Care Σετ Ποτηρόπανα 3 Τεμαχίων,3.7
2025-07-18,185311,Πετσέτα Cotton 4 Τεμάχια,4.5
2025-07-18,201027,Πετσέτα Μπάνιου Βαμβακερή 90 x 150 cm,12.0
2025-07-18,201026,Πετσέτα Προσώπου Βαμβακερή 50 x 90 cm,5.8
2025-07-18,201025,Πετσέτα Χεριών Βαμβακερή 30 x 50 cm,1.65
2025-07-18,147530,Anna Riska Σεντόνια Υπέρδιπλα Διπλής Όψεως Με Microfiber,21.0
2025-07-18,164419,Σεντόνι Διπλό Με Λάστιχο 160 x 200 cm,9.9
2025-07-18,164418,Σεντόνι Μονό Με Λάστιχο 110 x 200 cm,7.9
2025-07-18,169028,Σεντόνι Υπέρδιπλο Με Λάστιχο 180 x 200 cm,10.9
2025-07-18,165512,Σεντόνι Χωρίς Λάστιχο 50% Cotton/50% Polyester 160 x 245 cm,7.9
2025-07-18,165513,Σεντόνι Χωρίς Λάστιχο 50% Cotton/50% Polyester 200 x 245 cm,9.9
2025-07-18,165514,Σεντόνι Χωρίς Λάστιχο 50% Cotton/50% Polyester 220 x 245 cm,10.9
2025-07-18,200266,Σετ Σεντόνια Cotton Σατέν 240 x 270 cm &amp; Μαξιλαροθήκες 0.50 x 0.70 cm,24.9
2025-07-18,205378,Σετ Σεντόνια Εμπριμέ 170 x 270 cm,19.9
2025-07-18,205379,Σετ Σεντόνια Εμπριμέ 240 x 270 cm,26.9
2025-07-18,158230,Τραπεζομάντηλα Βυζάντιο 140 x 140 cm,6.5
2025-07-18,158234,Τραπεζομάντηλα Βυζάντιο 150 x 180 cm,7.9
2025-07-18,158235,Τραπεζομάντηλα Βυζάντιο 150 x 220 cm,9.5
2025-07-18,203802,Τραπεζομάντηλο Βαμβακερό 1.40 x 1.80 cm,6.5
2025-07-18,188727,Home Care Επίστρωμα Αδιάβροχο 150 x 200 cm + Φάσα 35 cm,16.9
2025-07-18,188728,Home Care Επίστρωμα Αδιάβροχο 160 x 200 cm + Φάσα 35 cm,17.5
2025-07-18,188726,Home Care Επίστρωμα Αδιάβροχο 90 x 200 cm + Φάσα 35 cm,11.9
2025-07-18,160481,Eurolamp Πολύπριζο 3 Θέσεων Με Διακόπτη 1.5 m,6.98
2025-07-18,160482,Eurolamp Πολύπριζο 4 Θέσεων Με Διακόπτη 1.5 m,7.5
2025-07-18,142990,Eurolamp Προέκταση Σουκο Ν28 3 x 1.5 5m,10.5
2025-07-18,173904,Πολύπριζο 3 Θέσεων Με Διακόπτη On/Off,7.5
2025-07-18,162213,Masterlight Λάμπα Led Θερμό Φως 11W Β22,3.6
2025-07-18,162215,Masterlight Λάμπα Led Θερμό Φως 11W Ε27,3.6
2025-07-18,203175,Masterlight Λάμπα Led Θερμό Φως 4.9W E14,3.0
2025-07-18,162212,Masterlight Λάμπα Led Κερί Θερμό Φως 7W 230V E14 ,3.0
2025-07-18,162214,Masterlight Λάμπα Led Ψυχρό Λευκό 11W 230V E27,3.6
2025-07-18,205653,Philips Λάμπα Led Ψυχρό Λευκό Φως 100W A60 E27,5.5
2025-07-18,205654,Philips Λάμπα Led Θερμό Λευκό Φως 100W A60 E27,5.5
2025-07-18,205655,Philips Λάμπα Led Θερμό Λευκό Φως 40W P45 E14,3.5
2025-07-18,205656,Philips Λάμπα Led Ψυχρό Λευκό Φως 75W A60 E27,4.9
2025-07-18,205657,Philips Λάμπα Led Θερμό Λευκό Φως 75W A60 E27,4.9
2025-07-18,205658,Philips Λάμπα Led Κερί Θερμό Λευκό Φως 60W B38 E14,6.0
2025-07-18,205659,Philips Λάμπα Led Κερί Ψυχρό Λευκό Φως 60W B38 E14,6.0
2025-07-18,205660,Philips Λάμπα Led Θερμό Θερμό Φως 60W A60 E27 3 Τεμάχια,6.0
2025-07-18,205661,Philips Λάμπα Led Θερμό Λευκό Φως 60W A60 E27 3 Τεμάχια,6.0
2025-07-18,205662,Philips Λάμπα Led Κερί Θερμό Φως 40W B35 E14 3 Τεμάχια,6.5
2025-07-18,97738,Φωτάκι Νυκτός 3W E14,4.3
2025-07-18,185441,Duracell Μπαταρίες Plus Αλκαλικές AA 4 Τεμάχια,4.98
2025-07-18,185442,Duracell Μπαταρίες Plus Αλκαλικές ΑΑΑ 4 Τεμάχια,4.98
2025-07-18,185440,Duracell Μπαταρίες Simply Αλκαλικές 9V 1 Τεμάχιο,4.2
2025-07-18,192447,Duracell Μπαταρίες Simply Αλκαλικές ΑΑ 5 Τεμάχια,5.45
2025-07-18,192448,Duracell Μπαταρίες Simply Αλκαλικές ΑΑΑ 5 Τεμάχια,5.45
2025-07-18,205736,Energizer Μπαταρίες Max Plus Αλκαλικές AA 6 Τεμάχια,6.5
2025-07-18,205733,Energizer Μπαταρίες Max Plus Αλκαλικές AAA 6 Τεμάχια,6.5
2025-07-18,35003,Energizer Μπαταρίες Max Αλκαλικές E91 AA 4 Τεμάχια,4.98
2025-07-18,35004,Energizer Μπαταρίες Max Αλκαλικές E92 AAA 4 Τεμάχια ,4.98
2025-07-18,34690,Energizer Μπαταρίες Ultra Plus 522 9V,5.5
2025-07-18,100860,Energizer Μπαταρίες Α23 Αλκαλικές FBS 2 Τεμάχια,2.6
2025-07-18,127825,Energizer Μπαταρίες Αλκαλικές E91 ΑΑ 4 Τεμάχια,3.9
2025-07-18,127826,Energizer Μπαταρίες Αλκαλικές Ε92 AAA 4 Τεμάχια ,3.9
2025-07-18,103054,Energizer Μπαταρίες Επαναφορτιζόμενες 1300mAh FS4 ΑΑ 4 Τεμάχια,11.9
2025-07-18,100862,Energizer Μπαταρίες Λιθίου CR2032 FBS 2 Τεμάχια,3.2
2025-07-18,191266,Eurolamp Μπαταρίες ΑΑ 1-5V 4 Τεμάχια,1.68
2025-07-18,191268,Eurolamp Μπαταρίες ΑΑ 1-5V 8 Τεμάχια,2.89
2025-07-18,191265,Eurolamp Μπαταρίες ΑΑΑ 1-5V 4 Τεμάχια,1.68
2025-07-18,191267,Eurolamp Μπαταρίες ΑΑΑ 1-5V 8 Τεμάχια,2.89
2025-07-18,191269,Eurolamp Μπαταρίες Λιθίου 3V 5 Τεμάχια,2.53
2025-07-18,150773,Eveready Μπαταρίες Gold E91 AA 4 Τεμάχια,2.8
2025-07-18,150774,Eveready Μπαταρίες Gold E92 AAΑ 4 Τεμάχια,2.8
2025-07-18,205652,Philips Μπαταρίες Longlife Αλκαλικές ΑΑ 10 Τεμάχια,3.98
2025-07-18,205651,Philips Μπαταρίες Longlife Αλκαλικές ΑΑΑ 10 Τεμάχια,3.98
2025-07-18,197379,Philips Μπαταρίες Power Alkaline ΑΑ 4 Τεμάχια,2.7
2025-07-18,201703,Philips Μπαταρίες Power Alkaline ΑΑΑ 4 Τεμάχια,2.7
2025-07-18,34121,Tesa Διάφανη Ταινία Συσκευασίας 66 x 50 m,2.6
2025-07-18,193975,Eurolamp Φακός Μπαταρίας Led Αδιάβροχος Κόκκινος,6.5
2025-07-18,193974,Eurolamp Φακός Μπαταρίας Led Αδιάβροχος Μπλε,6.5
2025-07-18,193976,Eurolamp Φακός Μπαταρίας Τσέπης Led Αδιάβροχος Μαύρος,6.5
2025-07-18,11162,Multy Αεροστόπ Ν502,2.08
2025-07-18,11163,Multy Αεροστόπ Ν503,2.58
2025-07-18,11164,Multy Αεροστόπ Ν504,3.15
2025-07-18,11165,Multy Αεροστόπ Ν505,3.65
2025-07-18,11222,Multy Αεροστόπ Ν506 Με Βέργα Καφέ,1.17
2025-07-18,11223,Multy Αεροστόπ Ν506 Με Βέργα Λευκή,1.17
2025-07-18,11184,Multy Τσοχάκια,0.78
2025-07-18,200115,Ρολόι Τοίχου Πλαστικό Μαύρο 58 x 5.3 x 58 cm,26.5
2025-07-18,106451,Βιομές Κουτί Αποθήκευσης 30 lt,9.4
2025-07-18,104336,Βιομές Κουτί Αποθήκευσης 52 lt,10.9
2025-07-18,202583,Κουτί Αποθήκευσης Με Ρόδες 45 lt,11.5
2025-07-18,202582,Κουτί Αποθήκευσης Με Ρόδες 95 lt,15.9
2025-07-18,189820,Ankor Ραφάκι Μπάνιου Μεταλλικό 2 Θέσεων Μαύρο 30 x 13 x 30 cm,9.98
2025-07-18,189821,Ankor Ραφάκι Μπάνιου Μεταλλικό 3 Θέσεων Μαύρο 30 x 13 x 50 cm,12.9
2025-07-18,162541,Estia Πεντάλ Τουαλέτας Classic Inox Ματ 5 lt,11.8
2025-07-18,162542,Estia Πιγκάλ Τουαλέτας Classic Inox Ματ 10 x 37 cm,5.8
2025-07-18,143631,Jupiter Πιγκάλ Τουαλέτας ,1.6
2025-07-18,204089,Primo Ζυγαριά Μπάνιου Inox Μαύρη 180 kg,13.5
2025-07-18,181519,Sidirela Σετ Κουρτίνα Μπάνιου &amp; Πατάκι Μπάνιου ,13.95
2025-07-18,114625,Βιομές Καπάκι Λεκάνης Λευκό,9.9
2025-07-18,176345,Βιομές Πεντάλ Τουαλέτας Soft Close 7 lt,12.98
2025-07-18,86579,Βιομές Πεντάλ Τουαλέτας Λευκό 7 lt,7.7
2025-07-18,176346,Βιομές Πιγκάλ Γκρι 11.5 x 9.5 x 36 cm,5.9
2025-07-18,203647,Βιομές Πιγκάλ Γκρι 11.5 x 9.5 x 36 cm,5.8
2025-07-18,141839,Βιομές Πιγκάλ Τουαλέτας Στρογγυλό Λευκό ,3.48
2025-07-18,194170,Καλάθι Απλύτων Με Αποσπόμενο Καπάκι 45 lt,11.9
2025-07-18,194169,Καλάθι Πλυμένων 40 lt,7.5
2025-07-18,203558,Καπάκι Λεκάνης Πλαστικό Μαλακό 39 x 39 - 26 x 23 cm ,8.5
2025-07-18,129094,Κουρτίνα Μπάνιου Υφασμάτινη Εμπριμέ 180 x 180 cm,9.98
2025-07-18,101138,Κύκλωψ Πεντάλ Τετράγωνο 7 lt,6.7
2025-07-18,101136,Κύκλωψ Πιγκάλ,4.5
2025-07-18,203914,Πατάκι Μπάνιου 45 x 70 cm,5.8
2025-07-18,204246,Πατάκι Μπάνιου Microfiber Γκρι 40 x 60 cm,5.2
2025-07-18,204243,Πατάκι Μπάνιου Microfiber Μπεζ 40 x 60 cm,5.2
2025-07-18,204245,Πατάκι Μπάνιου Microfiber Πετρόλ 40 x 60 cm,5.2
2025-07-18,204244,Πατάκι Μπάνιου Microfiber Ροζ 40 x 60 cm,5.2
2025-07-18,204247,Πατάκι Μπάνιου Pvc Αντιολισθητικό Γκρι 35 x 67 cm,3.2
2025-07-18,204248,Πατάκι Μπάνιου Pvc Αντιολισθητικό Μπλε 35 x 67 cm,3.2
2025-07-18,204249,Πατάκι Μπάνιου Pvc Αντιολισθητικό Σομόν 35 x 67 cm,3.2
2025-07-18,203646,Πεντάλ Γκρι 10 lt,16.8
2025-07-18,190743,Πεντάλ Με Μηχανισμό Soft Close Ανοιχτό Γκρι 7 lt,10.9
2025-07-18,190744,Πεντάλ Με Μηχανισμό Soft Close Πουδρέ 7 lt,10.9
2025-07-18,205426,Πεντάλ Μεταλλικό Aqua Ματ 5 lt ,13.5
2025-07-18,205419,Πεντάλ Μεταλλικό Μπεζ Ματ 5 lt ,13.5
2025-07-18,190742,Πιγκάλ Με Ανταλλακτικό Βουρτάκι Πουδρέ 12 x 37.2 cm,5.5
2025-07-18,190741,Πιγκάλ Με Ανταλλακτικό Βουρτσάκι Γκρι 12 x 37.2 cm,5.5
2025-07-18,205427,Πιγκάλ Μεταλλικό Aqua Ματ,5.8
2025-07-18,205420,Πιγκάλ Μεταλλικό Μπεζ Ματ,5.8
2025-07-18,205429,Ποτηράκι Μπάνιου Aqua Ματ 10.6 cm,4.5
2025-07-18,205424,Ποτηράκι Μπάνιου Μπεζ Ματ 10.6 cm,4.5
2025-07-18,205425,Σαπουνοθήκη Aqua Ματ,4.5
2025-07-18,205428,Σαπουνοθήκη Με Αντλία Aqua Ματ 16.9 cm,5.8
2025-07-18,205423,Σαπουνοθήκη Με Αντλία Μπεζ Ματ 16.9 cm,5.8
2025-07-18,205430,Σαπουνοθήκη Μπεζ Ματ,4.5
2025-07-18,93872,Σωλήνα Μπάνιου Ίσια 2.20 m,5.8
2025-07-18,152811,Τηλέφωνο Μπάνιου Inox,5.9
2025-07-18,147666,Τηλέφωνο Μπάνιου Επιχρωμιωμένο,6.9
2025-07-18,189208,Abs Premier Forest Βαλίτσα Ταξιδιού 20&#039; Μαύρη,29.8
2025-07-18,199157,Abs Premier Forest Βαλίτσα Ταξιδιού Μεγάλη 28&#039; Μαύρη,47.9
2025-07-18,199162,Abs Premier Forest Βαλίτσα Ταξιδιού Μεγάλη 28&#039; Μπεζ,47.9
2025-07-18,199167,Abs Premier Forest Βαλίτσα Ταξιδιού Μεγάλη 28&#039; Πετρόλ,47.9
2025-07-18,199158,Abs Premier Forest Βαλίτσα Ταξιδιού Μεσαία 24&#039; Μαύρη,38.9
2025-07-18,199163,Abs Premier Forest Βαλίτσα Ταξιδιού Μεσαία 24&#039; Μπεζ,38.9
2025-07-18,199168,Abs Premier Forest Βαλίτσα Ταξιδιού Μεσαία 24&#039; Πετρόλ,38.9
2025-07-18,199159,Abs Premier Forest Βαλίτσα Ταξιδιού Μικρή 20&#039; Μαύρη,29.8
2025-07-18,199164,Abs Premier Forest Βαλίτσα Ταξιδιού Μικρή 20&#039; Μπεζ,29.8
2025-07-18,199169,Abs Premier Forest Βαλίτσα Ταξιδιού Μικρή 20&#039; Πετρόλ,29.8
2025-07-18,199160,Abs Premier Forest Βαλιτσάκι Ταξιδιού 14&#039; Μαύρο,12.9
2025-07-18,199165,Abs Premier Forest Βαλιτσάκι Ταξιδιού 14&#039; Μπεζ,12.9
2025-07-18,199170,Abs Premier Forest Βαλιτσάκι Ταξιδιού 14&#039; Πετρόλ,12.9
2025-07-18,190852,Βεστιάριο Ρούχων Επεκτεινόμενο 72 x 42 x 80 cm,21.0
2025-07-18,167474,Κρεμάστρες Βελουτέ Σετ 2 Τεμαχίων,1.5
2025-07-18,147575,Κρεμάστρες Συρμάτινες 41 cm 12 Τεμάχια,3.98
2025-07-18,120075,Χαλκιαδάκης Κρεμάστρες Ρούχων Σετ 4 Τεμαχίων,1.98
2025-07-18,120074,Χαλκιαδάκης Κρεμάστρες Ρούχων Σπαστές Σετ 3 Τεμαχίων,2.5
2025-07-18,203799,Ταπέτο Classico 40 x 60 cm,5.5
2025-07-18,203800,Ταπέτο Click 50 x 80 cm,3.98
2025-07-18,187120,Ταπέτο Porto 40 x 60 cm,3.5
2025-07-18,202780,Χαλάκι Από Γιούτα 70 x 140 cm,21.0
2025-07-18,202786,Χαλάκι Από Γιούτα Βαμβακερό 70 x 140 cm,17.9
2025-07-18,200351,Φωτιστικό Γυάλινο Καφέ Με Μπεζ Καπέλο 39 cm,21.5
2025-07-18,200347,Φωτιστικό Χρυσό Μεταλλικό Με Μπεζ Καπέλο 32 cm,10.8
2025-07-18,48978,Scotch Brite Αποχνουδωτής 30 Φύλλων,3.35
2025-07-18,48979,Scotch Brite Αποχνουδωτής Ανταλλακτικό 30 Φυλλών,2.72
2025-07-18,117226,El-Ef Σακούλα Χαλιών 45 x 450 cm 1 Τεμάχιο,0.77
2025-07-18,117228,El-Ef Σακούλες Κουστουμιών 65 x 100 cm 5 Τεμάχια,0.77
2025-07-18,117225,El-Ef Σακούλες Παλτών 65 x 120 cm 4 Τεμάχια,0.77
2025-07-18,117227,El-Ef Σακούλες Πλεκτών 30 x 50 cm 10 Τεμάχια,0.77
2025-07-18,142269,Θήκη Φύλαξης Κουστουμιών 65 x 100 cm,2.98
2025-07-18,142271,Θήκη Φύλαξης Ρούχων - Κουβερτών 50 x 40 x 15 cm,3.5
2025-07-18,142273,Θήκη Φύλαξης Ρούχων - Κουβερτών 60 x 40 x 30 cm,3.8
2025-07-18,142272,Θήκη Φύλαξης Ρούχων - Κουβερτών 60 x 45 x 20 cm,3.8
2025-07-18,146224,Θήκη Φύλαξης Ρούχων Αεροστεγής 75 x 110 cm,3.4
2025-07-18,204805,Aroxol Full Season Σκοροκτόνο Gel 12 Τεμάχια,8.98
2025-07-18,204804,Aroxol Full Season Σκοροκτόνο Gel 6 Τεμάχια,5.36
2025-07-18,166530,Aroxol Εντομοαπωθητικό Spray Για Ακάρεα &amp; Σκόρους 300 ml,5.91
2025-07-18,204806,Aroxol Σκοροκτόνα Χαρτάκια 20 Τεμάχια,3.16
2025-07-18,181946,Boss Καμφορά 12 Τεμάχια,2.4
2025-07-18,157498,Boss Ναφθαλίνη 80 gr,2.26
2025-07-18,25949,Cajoline Αρωματικά Φακελάκια Blue Fresh 3 x 100 gr,3.7
2025-07-18,190952,Raid Αρωματικά Φακελάκια Λεβάντα 18 Τεμάχια,3.28
2025-07-18,204784,Raid Παγίδες Σκόρου Gel 12 Τεμάχια,8.98
2025-07-18,204785,Raid Παγίδες Σκόρου Για Τρόφιμα 3 Τεμάχια,6.48
2025-07-18,34064,Soupline Αρωματικά Φακελάκια Για Ντουλάπες Φρεσκάδα Εξοχής 3 Τεμάχια,2.99
2025-07-18,154334,Vapona Παγίδα Σκόρου Τροφίμων 3 Τεμάχια,3.75
2025-07-18,204889,Vapona Σκοροκτόνα 20 Τεμάχια,2.84
2025-07-18,204890,Vapona Σκοροκτόνες Κρεμάστρες Άοσμες 6 Τεμάχια,4.79
2025-07-18,204772,Vapona Σκοροκτόνες Κρεμάστρες Λεβάντα 6 Τεμάχια,4.79
2025-07-18,206135,Vapona Σκοροκτόνες Ταμπλέτες Λεβάντα 20 Τεμάχια,3.03
2025-07-18,202800,Σετ Τραπέζι Πτυσσόμενο &amp; 2 Καρέκλες Λευκό,98.0
2025-07-18,202801,Σετ Τραπέζι Πτυσσόμενο &amp; 2 Καρέκλες Μαύρο,98.0
2025-07-18,165327,Βάση Ομπρέλας Τσιμεντένια 25 kg,35.8
2025-07-18,195643,Καρέκλα Πλαστική Λευκή 42 x 48 x 86 cm,8.5
2025-07-18,202396,Καρέκλα Πλαστική Με Μπράτσα Λευκή 58 x 58 x 79 cm,7.9
2025-07-18,202397,Καρέκλα Πλαστική Με Μπράτσα Πράσινη 58 x 58 x 79 cm,7.9
2025-07-18,195809,Καρέκλα Πλαστική Πράσινη 42 x 48 x 86 cm,8.5
2025-07-18,197531,Πανί Πολυθρόνας Σκηνοθέτη Γκρι,5.7
2025-07-18,178557,Πανί Πολυθρόνας Σκηνοθέτη Ενιαίο Taupe,5.7
2025-07-18,178556,Πανί Πολυθρόνας Σκηνοθέτη Ενιαίο Εκρού,5.7
2025-07-18,195857,Πολυθρόνα Σκηνοθέτη 57 x 42 x 83 cm,49.9
2025-07-18,203315,Σετ Καφενείου Τραπέζι &amp; 2 Καρέκλες Μεταλλικές,85.0
2025-07-18,189864,Κιόσκι Κήπου Μπεζ 3 x 3 x 3.20 cm,79.5
2025-07-18,171734,Κιόσκι Με Ατσάλινο Σκελετό 3 x 3 x 3.20 cm,79.5
2025-07-18,174521,Linter Μαξιλάρι Καρέκλας Με Πλάτη 99 x 44 cm,11.5
2025-07-18,189947,Μαξιλάρι Καρέκλας Double Face 40 x 40 x 3 cm,5.2
2025-07-18,165628,Μαξιλάρι Καρέκλας Double Face Με Φερμουάρ Εκρού 40 x 40 x3 cm,5.2
2025-07-18,196119,Μαξιλάρι Καρέκλας Double Face Με Φερμουάρ Μπεζ 40 x 40 x 3 cm,5.2
2025-07-18,199661,Μαξιλάρι Καρό 40 x 40 x 4 cm,3.98
2025-07-18,189948,Μαξιλάρι Πολυθρόνας Double Face Με Φερμουάρ 97 x 45.4 x 4 cm,12.9
2025-07-18,165740,Keter Μπαούλο Comfy 115 x 45 x 75 cm,47.0
2025-07-18,191285,Παγκάκι Πλαστικό Με Αποθηκευτικό Χώρο 130 x 60 x 85 cm,138.0
2025-07-18,180171,Ομπρέλα Κήπου Τετράγωνη Γκρι Πανί Με Μανιβέλα 3 x 3 m ,89.9
2025-07-18,122861,Πέργκολα Ξύλινη Πτυσσόμενη 180 x 90 cm,5.4
2025-07-18,122858,Φράκτης Τεχνητός 1 x 3 m,25.9
2025-07-18,157302,Et Plast Σκαμπό Rattan Λευκό 45 x 28 cm,4.1
2025-07-18,157304,Et Plast Σκαμπό Rattan Μπεζ 45 x 28 cm,4.1
2025-07-18,116906,Et Plast Σκαμπό Τετράγωνο Γκρι,3.3
2025-07-18,75456,Et Plast Σκαμπό Τετράγωνο Λευκό ,3.3
2025-07-18,143333,Τραπέζι Μεταλλικό Παραλληλόγραμμο Με Τζάμι Με Μαύρο Σκελετό 100 x 65 cm,42.0
2025-07-18,183945,Τραπέζι Μεταλλικό Στρογγυλό Καφέ Αντικέ 60 χ 70 cm,62.0
2025-07-18,159539,Τραπέζι Μεταλλικό Τετράγωνο Με Τζάμι Με Μαύρο Σκελετό 70 x 70 cm,29.5
2025-07-18,184346,Τραπέζι Πτυσσόμενο 183.8 x 76.3 x 74.5 cm,85.9
2025-07-18,198108,Τραπέζι Πτυσσόμενο Camping Με Μεταλλικό Σκελετό 50 x 70 x 60 cm,15.9
2025-07-18,191143,Τραπέζι Πτυσσόμενο Λευκό 181 x 75 x 74 cm,55.0
2025-07-18,205280,Nava Θερμός Μπουκάλι We Care Ανοξείδωτο Magenta 500 ml,13.8
2025-07-18,205282,Nava Θερμός Μπουκάλι We Care Ανοξείδωτο Μωβ 500 ml,13.8
2025-07-18,205281,Nava Θερμός Μπουκάλι We Care Ανοξείδωτο Πετρόλ 500 ml,13.8
2025-07-18,205283,Nava Θερμός Μπουκάλι We Care Ανοξείδωτο Πράσινο 500 ml,13.8
2025-07-18,205286,Nava Θερμός Ποτήρι We Care Ανοξείδωτο Με Καλαμάκι Γκρι 520 ml,14.5
2025-07-18,205285,Nava Θερμός Ποτήρι We Care Ανοξείδωτο Με Καλαμάκι Μαύρο 520 ml,14.5
2025-07-18,205284,Nava Θερμός Ποτήρι We Care Ανοξείδωτο Με Καλαμάκι Πράσινο 520 ml,14.5
2025-07-18,186077,Ankor Ισοθερμικό Ψυγείο Μπλε 10 lt,13.9
2025-07-18,189854,Ankor Ισοθερμικό Ψυγείο Μπλε 30 lt,24.5
2025-07-18,83319,Θερμός Με Επένδυση,8.5
2025-07-18,83318,Θερμός Φελιζόλ,5.5
2025-07-18,186079,Ισοθερμικό Ψυγείο Πλαστικό Μπλε 24 lt,19.8
2025-07-18,96153,Ψυγείο Πικ Νικ 35 lt,10.9
2025-07-18,189840,Επιπλάκι Ξύλινο Με 1 Ντουλάπι 1 Συρτάρι &amp; 2 Ράφια 94 x 38 x 80 cm,83.0
2025-07-18,157880,Ξύλινο Έπιπλο Με 2 Ράφια &amp; 4 Συρτάρια 60 x 38 x 160 cm,125.0
2025-07-18,198976,Ξύλινο Έπιπλο Τηλεόρασης Με 2 Ντουλάπια 140 x 38 x 44 cm,69.9
2025-07-18,202760,Καθρέφτης Δαπέδου Από Κράμα Αλουμινίου Μαύρο 50 x 160 cm,65.0
2025-07-18,202758,Καθρέφτης Δαπέδου Από Κράμα Αλουμινίου Χρυσό 50 x 160 cm,59.0
2025-07-18,202759,Καθρέφτης Δαπέδου Από Κράμα Αλουμινίου Χρυσό 50 x 160 cm,65.0
2025-07-18,186102,Καναπές 2θέσιος Υφασμάτινος Ανθρακί 183 x 96 x 93 cm,470.0
2025-07-18,198801,Καναπές 2θέσιος Υφασμάτινος Μπεζ 183 x 96 x 93 cm,470.0
2025-07-18,199517,Καναπές 3θέσιος Υφασμάτινος Γκρι 190 x 84 x 86 cm,260.0
2025-07-18,198802,Καναπές 3θέσιος Υφασμάτινος Μπεζ 223 x 96 x 93 cm,560.0
2025-07-18,186103,Καναπές 3θέσιος Υφασματινός Ανθρακί 223 x 96 x 93 cm,560.0
2025-07-18,201667,Καναπές Γωνία Ανθρακί 264 x 202 x 84 cm,765.0
2025-07-18,182797,Μεταλλικός Καναπές Κρεβάτι Χωρίς Στρώμα 90 x 200 cm,145.0
2025-07-18,203707,Καρέκλα Αναδιπλούμενη Μαύρη 51 x 47.5 x 86 cm,25.8
2025-07-18,183944,Καρέκλα Μεταλλική Ανακλινόμενη Καφέ Αντικέ 39 x 39 x 94 cm ,52.5
2025-07-18,201669,Καρέκλα Μεταλλική Πτυσσόμενη Pvc Μαύρη 43.5 x 47 x 80 cm,14.5
2025-07-18,189837,Κομοδίνο Ξύλινο 48 x 38 x 50 cm,39.0
2025-07-18,197977,Κομοδίνο Ξύλινο Με 2 Συρτάρια 48 x 38 x 44 cm ,42.0
2025-07-18,202580,Κουρτινόβεργα Μεταλλική Μαύρη 120 Εώς 210 cm,9.5
2025-07-18,179925,Lina Κρεβάτι Μεταλλικό Μαύρο Χωρίς Στρώμα 120 x 200 cm,138.0
2025-07-18,179924,Lina Κρεβάτι Μεταλλικό Μαύρο Χωρίς Στρώμα 160 x 200 cm,179.0
2025-07-18,195508,Κρεβάτι Αναδιπλώμενο Μεταλλικό Με Στρώμα 70 x 190 cm,88.0
2025-07-18,189885,Κρεβάτι Με Συρτάρι Υφασμάτινο Πολυαστερικό Γκρι Χωρίς Στρώμα 160 x 200 cm,300.0
2025-07-18,189884,Κρεβάτι Με Συρτάρι Υφασμάτινο Πολυαστερικό Μπεζ Χωρίς Στρώμα 160 x 200 cm,300.0
2025-07-18,177773,Κρεβάτι Μεταλλικό Μπρονζέ Χωρίς Στρώμα 160 x 200 cm,240.0
2025-07-18,201922,Κρεβάτι Ξύλινο Διπλό Με Γκρι Ύφασμα Χωρίς Στρώμα 165 x 218 x 103 cm,240.0
2025-07-18,193320,Κρεβάτι Υφασμάτινο Πολυαστερικό Γκρι Χωρίς Στρώμα 120 x 200 cm,189.0
2025-07-18,189886,Κρεβάτι Υφασμάτινο Πολυαστερικό Μπεζ Χωρίς Στρώμα 120 x 200 cm,189.0
2025-07-18,142919,Βιτρίνα Ξύλινη Με Γυάλινη Πόρτα 72 x 26 x 170 cm,99.0
2025-07-18,188026,Μπουφές Vintage Καφέ 173 x 45.5 x 79 cm,318.0
2025-07-18,174532,Μπουφές Ξύλινος 120 x 38 x 80 cm,108.0
2025-07-18,200065,Μπουφές Ξύλινος Καρυδί Μάυρο 180 x 40 x 95 cm,195.0
2025-07-18,186899,Ντουλάπα Ξύλινη Με 5 Ράφια &amp; Κρεμάστρα 1.20 x 1.90 x 47 cm ,192.0
2025-07-18,184447,Ντουλάπα Πλαστική Δίφυλλη 77 x 48 x 90.5 cm,55.0
2025-07-18,193635,Ντουλάπα Πλαστική Διπλή Καφέ 70 x 44 x 173 cm,85.0
2025-07-18,193634,Ντουλάπα Πλαστική Μονή Καφέ 70 x 44 x 91 cm,47.0
2025-07-18,202799,Ντουλάπι Με Ράφια Mdf Με Μελαμίνη Λευκό 30 x 32 x 185 cm,77.0
2025-07-18,193056,Μπουφές Κομό Abajour Με 3 Πόρτες 110 x 33 x 70 cm,105.0
2025-07-18,203913,Παπουτσοθήκη Με 4 Ράφια &amp; Συρταριέρα Άσπρη 68 x 32 x 98 cm ,85.0
2025-07-18,192417,Παπουτσοθήκη Ξύλινη 192 x 60 x 33 cm,122.0
2025-07-18,181712,Παπουτσοθήκη Ξύλινη Με 4 Ράφια &amp; 1 Συρτάρι 60 x 30 x 83.5 cm ,85.0
2025-07-18,186897,Παπουτσοθήκη Ξύλινη Με 6 Ράφια 192 x 45 x 33 cm,92.0
2025-07-18,194426,Παπουτσοθήκη Ξύλινη Με Συρτάρι &amp; Ντουλάπι 3 Ράφια 115 x 75 x 38 cm,138.0
2025-07-18,195379,Ντουλάπι Ραφιέρα Ξύλινη Με 4 Ράφια 60 x 30 x 130 cm,62.0
2025-07-18,203705,Ankor Σκαμπό Πλαστικό Μαύρο Με Αναδιπλούμενα Μεταλλικά Πόδια 33 x 33 x 45 cm,11.5
2025-07-18,203709,Τραπέζι Αναδιπλούμενο Μαύρο 122 x 60 x 74 cm,44.9
2025-07-18,203710,Τραπέζι Αναδιπλούμενο Μαύρο 180 x 74 x 74 cm,62.0
2025-07-18,203708,Τραπέζι Αναδιπλούμενο Μαύρο 76 x 49 x 74 cm,25.9
2025-07-18,200064,Τραπέζι Ξύλινο Μελί Καρυδιάς 180 x 77 cm,160.0
2025-07-18,177994,Τραπέζι Ξύλινο Πτυσσόμενο Με Μεταλλικό Σκελετό 90 x 70 x 70 cm ,42.0
2025-07-18,200034,Τραπεζάκι Μεταλλικό Γκρι-Μπεζ 42 x 42 x 52 cm,23.5
2025-07-18,202724,Τραπεζάρία Γκρί Wicker Σετ 7 Τεμαχίων,390.0
2025-07-18,196876,As Company Scooter Frozen,25.0
2025-07-18,203816,As Company Scooter Stitch,30.0
2025-07-18,197010,As Company Πατίνι Frozen,30.0
2025-07-18,197011,As Company Πατίνι Spiderman,30.0
2025-07-18,193581,As Company Art Case Deluxe Κασετίνα Ζωγραφικής Δεινόσαυρος,22.0
2025-07-18,193119,As Company Art Case Deluxe Κασετίνα Ζωγραφικής Μονόκερος,22.0
2025-07-18,197019,As Company Baby Paws Λούτρινα Διαδραστικά Σκυλάκια,30.0
2025-07-18,197487,As Company Music Star Μυστική Ατζέντα,9.9
2025-07-18,174215,As Company Όπλο Για Μπουρμπουλήθρες Frozen,5.0
2025-07-18,191341,As Company Όπλο Για Μπουρμπουλήθρες Jurassic World,5.0
2025-07-18,204743,As Company Όπλο Για Μπουρμπουλήθρες Sonic,5.0
2025-07-18,174214,As Company Όπλο Για Μπουρμπουλήθρες Spiderman,5.0
2025-07-18,172534,As Company Παικταράς Δερμάτινη Μαύρη Μπάλα &amp; Κώνοι,12.9
2025-07-18,204079,As Company Προτζέκτορας Ζωγραφικής Frozen,20.0
2025-07-18,204080,As Company Προτζέκτορας Ζωγραφικής Spiderman,20.0
2025-07-18,143446,Baby Clementoni Βρεφικό Εκπαιδευτικό Μάκης Αυτοκινητάκης Για 10+ Μηνών,25.0
2025-07-18,201152,Barbie Σετ Χάντρες Με Βαλιτσάκι,20.0
2025-07-18,185036,Hasbro Nerf ELITE 2.0 Commander RD-6,13.0
2025-07-18,185037,Hasbro Nerf Elite 2.0 Eaglepoint Rd-8,28.0
2025-07-18,185051,Hasbro Nerf Raptor Slash,20.0
2025-07-18,151523,Hasbro Οι Μικροί Γιατροί Operation X-Ray Για 4+ Ετών,27.0
2025-07-18,197076,Hasbro Φιγούρα Titan Avengers,15.0
2025-07-18,204061,Hasbro Φιγούρα Titan Hero Hulk,20.0
2025-07-18,178735,Hasbro Φιγούρα Titan Hero Spiderman,15.0
2025-07-18,164292,Hot Wheels Αγωνιστικές Πίστες,20.0
2025-07-18,90882,Hot Wheels Αυτοκινητάκια Για 3+ Ετών,18.0
2025-07-18,177634,Hot Wheels Νταλίκα Καρχαρίας,18.0
2025-07-18,203242,Hot Wheels Νταλίκα Πίστα Εκτόξευσης,20.0
2025-07-18,164288,Hot Wheels Νταλίκες Monster Trucks Σετ Των 2 Για 3+ Ετών,12.0
2025-07-18,194070,Hot Wheels Πίστα Neon Speeders,21.0
2025-07-18,183866,Hot Wheels Πίστες City Για 4+ Ετών,15.0
2025-07-18,196328,Lego City Great Vehicles Electric Car Για 5+ Ετών,10.0
2025-07-18,196317,Lego City Interstellar Spaceship Για 6+ Ετών,20.0
2025-07-18,201336,Lego City Red Double Decker Sightseeing Bus,29.8
2025-07-18,182079,Lego Duplo Number Train Learn To Count,20.0
2025-07-18,196308,Lego Friends Για 6+ Ετών,10.0
2025-07-18,196296,Lego Ninjago Arin&#039;s Battle Mech Για 4+ Ετών,15.0
2025-07-18,196303,Lego Technic Heavy Duty Bulldozer Για 7+ Ετών,10.0
2025-07-18,190985,Mattel Barbie Ηλεκτρικό Αυτοκίνητο,23.0
2025-07-18,203265,Mattel Barbie Ξανθιά Κούκλα Deluxe Style Για 4+ Ετών,25.0
2025-07-18,137130,Mattel Πεταλούδα Σε Σχήματα Για 6-36 Μηνών,7.0
2025-07-18,177836,Mattel Πυραμίδα Για 6+ Μηνών,9.0
2025-07-18,189677,Mattel Φιγούρες Δεινοσαύρων Για 4+ Ετών,13.0
2025-07-18,201612,Nerf N Series Pinpoint,25.0
2025-07-18,200426,Playmobil Όχημα Χρηματαποστολής Για 4 Έως 10 Ετών,40.0
2025-07-18,203972,Playmobil Ανθοπωλείο,40.0
2025-07-18,203971,Playmobil Αστυνομική Καταδίωξη,40.0
2025-07-18,196809,Playmobil Λούνα Παρκ Για 4 Έως 10 Ετών,40.0
2025-07-18,195157,Playmobil Πυροσβέστης Με Μοτοσικλέτα Για 4 Έως 10 Ετών,13.0
2025-07-18,200427,Playmobil Πυροσβεστικό Σκάφος Διάσωσης Για 4 Έως 10 Ετών,40.0
2025-07-18,195161,Playmobil Πύργος Ιπποτών Με Δράκο &amp; Σιδηρουργό Για 4 Έως 10 Ετών,40.0
2025-07-18,193257,Robot Μπαταρίας Μεγάλο,22.0
2025-07-18,169354,Zita Toys Pretty Beauty Τουαλέτα Με Σεσουάρ Μουσική &amp; Φώς,26.9
2025-07-18,200656,Zita Toys Αρμόνιο Με 37 Κλειδιά,24.9
2025-07-18,161811,Zita Toys Αρμόνιο Με 37 Κλειδιά Και Μικρόφωνο,24.5
2025-07-18,193279,Zita Toys Βαλιτσάκι Με Μεταλλικά Σερβίτσια,18.9
2025-07-18,182187,Zita Toys Γκαράζ Με Πλυντήριο,12.9
2025-07-18,193330,Zita Toys Κουζινα 64 Κομμάτια,31.5
2025-07-18,147593,Zita Toys Πάγκος Εργασίας Μεγάλος,36.9
2025-07-18,200260,Zita Toys Πάγκος Εργασίας Μεγάλος,29.5
2025-07-18,200689,Zita Toys Ποδόσφαιρο 3 Σε 1 51 x 31 x 9.7,25.9
2025-07-18,170197,Zita Toys Σάκος Του Μποξ,14.8
2025-07-18,169309,Zita Toys Σετ Με Αξεσουάρ Για Νύχια ,13.9
2025-07-18,201745,Zita Toys Σετ Μποξ Με Γάντια,24.8
2025-07-18,182171,Zita Toys Σετ Νυχιών Με Φουρνάκι &amp; Αερογράφο,21.0
2025-07-18,198299,Zita Toys Σετ Τσαγιού Με Φως &amp; Μουσική,11.9
2025-07-18,200659,Zita Toys Τηλεκατευθυνόμενο Ελικόπτερο,21.0
2025-07-18,175917,Zita Toys Τουαλέτα Με Ήχους Και Φώς,26.9
2025-07-18,200264,Zita Toys Τούρτα Γενεθλίων Μεγάλη Με Σετ Τσαγιού,14.8
2025-07-18,200265,Zita Toys Τσαντάκι Με Ζωάκι Σε 3 Σχέδια,18.9
2025-07-18,187062,Βαλιτσάκι Κουζίνας Με Αξεσουάρ,7.5
2025-07-18,187065,Βαλιτσάκι Με Εργαλεία,7.5
2025-07-18,187063,Βαλιτσάκι Ομορφιάς Με Αξεσουάρ,7.5
2025-07-18,187064,Βαλιτσάκι Ταμειακή Μηχανή,7.5
2025-07-18,180237,Τσαντάκι Κρεμαστό Με Φιόγκο Γιατρού,6.9
2025-07-18,180235,Τσαντάκι Κρεμαστό Με Φιόγκο Καλλυντικών,6.9
2025-07-18,180236,Τσαντάκι Κρεμαστό Με Φιόγκο Κουζινικά,6.9
2025-07-18,92806,As Company 10 Σε 1 Παιχνίδια Για 4+ Ετών,10.0
2025-07-18,169820,As Company Μαθαίνω &amp; Δημιουργώ Εκπαιδευτικό Παιχνίδι Spa Ομορφιάς Και Σαπούνια Για 8+ Ετών,18.0
2025-07-18,153747,As Company Μαθαίνω &amp; Δημιουργώ Εργαστήριο Μηχανικής Αεροπλάνα &amp; Ελικόπτερα,20.0
2025-07-18,169819,As Company Μαθαίνω &amp; Δημιουργώ Λουλουδένια Αρώματα Για 8+ Ετών,18.0
2025-07-18,176234,As Company Μαθαίνω &amp; Δημιουργώ Το Πρώτο Μου Μικροσκόπιο Για 8+ Ετών,18.0
2025-07-18,203817,Happi Hobbi Σετ Ζωγραφικής Με Ακρυλικά Χρώματα &amp; Ξυλινο Καβαλέτο,20.0
2025-07-18,195972,Mattel Εκπαιδευτική Παιχνιδομηχανή Για 6-36 Μηνών,15.0
2025-07-18,195975,Mattel Εκπαιδευτικό Tablet Για 12-36 Μηνών,21.0
2025-07-18,157568,Mattel Εκπαιδευτικό Ραδιοφωνάκι Για 6-36 Μηνών,14.0
2025-07-18,195974,Mattel Εκπαιδευτικό Τηλεχειριστήριο Για 6-36 Μηνών,13.0
2025-07-18,195973,Mattel Εκπαιδευτικό Χειριστήριο Για 6-36 Μηνών,16.0
2025-07-18,183823,Mattel Παίζω &amp; Μαθαίνω Εκπαιδευτικό Τηλεχειριστήριο Για 6-36 Μηνών,13.0
2025-07-18,186036,Zita Toys Παζλ Δαπέδου Με Ζώα 10 Τεμάχια,7.5
2025-07-18,152680,Zita Toys Παζλ Δαπέδου Με Νούμερα 10 Τεμάχια,7.5
2025-07-18,175387,Zita Toys Παζλ Δαπέδου Με Οχήματα 10 Τεμάχια,7.5
2025-07-18,200198,As Company  Επιτραπέζιο Παιχνίδι Κάστρα &amp; Πολιορκητές Για 7+ Ετών,30.0
2025-07-18,176270,As Company Επιτραπέζιο Κρυμμένα Αντικείμενα Για 6+ Ετών,12.0
2025-07-18,176262,As Company Επιτραπέζιο Με Το Στόμα Ανοιχτό Για Μικρούς &amp; Μεγάλους,12.0
2025-07-18,200156,As Company Επιτραπέζιο Παιχνίδι Ο Θησαυρός Του Μαυρογένη Για 4+ Ετών,18.0
2025-07-18,200191,As Company Μαθαίνω &amp; Δημιουργώ Λαμπερά Νύχια Για 8+ Ετών,18.0
2025-07-18,200196,As Company Παίζω &amp; Δημιουργώ Εργαστήριο Aqua Gelz Giga Activity Set,25.0
2025-07-18,132114,As Company Στο Κεφάλι Το’Χω,12.0
2025-07-18,176177,Hasbro Crocodile Dentist,22.0
2025-07-18,128193,Hasbro Jenga,20.0
2025-07-18,204062,Hasbro Φιγούρα Titan Hero Captain America,15.0
2025-07-18,189706,Mattel Pictionary Air Για 8+ Ετών,15.0
2025-07-18,195978,Mattel Scrabble Κλασσικό 2 Σε 1,21.0
2025-07-18,102202,Mattel Uno Κάρτες Για 7+ Ετών,6.0
2025-07-18,155546,Mattel Κύβος Σε Σχήματα Για 6+ Μηνών,11.0
2025-07-18,205679,Real Fun Toys Επιτραπέζιο Stitch Goose Game,7.8
2025-07-18,201597,Real Fun Toys Επιτραπέζιο Βοτανική,25.0
2025-07-18,201594,Real Fun Toys Επιτραπέζιο Εργαστήρι Κεριών,20.0
2025-07-18,201596,Real Fun Toys Επιτραπέζιο Ηλεκτρισμός,25.0
2025-07-18,201595,Real Fun Toys Επιτραπέζιο Μαγνητισμός,25.0
2025-07-18,198766,Zita Toys Επιτραπέζιο Μπάσκετ,12.5
2025-07-18,198765,Zita Toys Επιτραπέζιο Ποδόσφαιρο,12.5
2025-07-18,147805,Zita Toys Μεγάλο Ποδοσφαιρικό Ξύλινο Επιτραπέζιο 69 x 37 x 22 cm,36.9
2025-07-18,186188,Κύβος Σπαζοκεφαλιά 3 x 3,2.95
2025-07-18,17696,Τάβλι Ξύλινο,14.9
2025-07-18,197016,As Company Κούκλα Κλαψουλίνια BBF,30.0
2025-07-18,197013,As Company Κούκλα Κλαψουλίνια Όνειρα Γλυκά,35.0
2025-07-18,203819,As Company Κούκλα Κλαψουλίνια Μπανάκι Νινάκι,30.0
2025-07-18,203815,As Company Κούκλα Μπάνιου Πλατσουλίνια Γοργόνα Σε Διάφορα Σχέδια,16.0
2025-07-18,203323,Barbie Dream Besties Roller Skate Malibu,25.0
2025-07-18,197257,Giochi Preziosi Nenuco Μαγικό Μπιμπερό Για 10+ Μηνών,20.0
2025-07-18,200701,Mattel Barbie Color Reveal Μπαλαρίνα,15.0
2025-07-18,200699,Mattel Barbie Dream Besties Κούκλα Malibu,25.0
2025-07-18,195995,Mattel Barbie Pop Star Για 3+ Ετών,11.0
2025-07-18,200711,Mattel Barbie The Great Horse Chase Άλογο Dance And Show,40.0
2025-07-18,200710,Mattel Barbie The Great Horse Chase Ιππασία,15.0
2025-07-18,172490,Mattel Barbie Wellness Ημέρα Ομορφιάς Για 3+ Ετών,16.0
2025-07-18,173882,Mattel Barbie Wellness-Τζακούζι,26.0
2025-07-18,189700,Mattel Barbie Έτοιμη Για Ταξίδι,21.0
2025-07-18,195910,Mattel Barbie Γοργόνα Μαγική Μεταμόρφωση,21.0
2025-07-18,177623,Mattel Barbie Δασκάλα Για 3+ Ετών,18.0
2025-07-18,195894,Mattel Barbie Εξωτική Πισίνα Με Κούκλα Για 3+ Ετών,18.0
2025-07-18,157720,Mattel Barbie Επαγγέλματα Με Παιδάκια / Ζωάκια,21.0
2025-07-18,200714,Mattel Barbie Μπαλαρίνα Πεταλούδα,30.0
2025-07-18,195886,Mattel Barbie Ξανθιά Μπαλαρίνα Για 3+ Ετών,7.5
2025-07-18,195996,Mattel Barbie Πολύχρωμα Μαλλιά,22.0
2025-07-18,200732,Mattel Barbie Πριγκίπισσα Malibu,21.0
2025-07-18,200713,Mattel Barbie Πριγκίπισσα Ζαφειριού,25.0
2025-07-18,195914,Mattel Barbie Πριγκίπισσα Με Ροζ Ανταύγιες Για 3+ Ετών,11.0
2025-07-18,189689,Mattel Disney Frozen Κούκλα Elsa,13.0
2025-07-18,189691,Mattel Disney Princess Κούκλα Ποκαχόντας,13.0
2025-07-18,148395,Nenuco Soft Με 5 Λειτουργίες,25.0
2025-07-18,182184,Zita Toys Κουκλόσπιτο Μεγάλο Με Έπιπλα,21.0
2025-07-18,187649,Zita Toys Κούκλα Bonnie Που Τραγουδάει Με Κρεβατάκι &amp; Αξεσουάρ,26.5
2025-07-18,200661,Zita Toys Κούκλα Μαγείρισσα Με Κουζίνα,31.0
2025-07-18,200660,Zita Toys Μωρό Με Πιπίλα &amp; Μπιμπερό,18.9
2025-07-18,201379,Giochi Preziosi Curlimals Ηλεκτρονικά Λούτρινα Κουλoυριαστοί Φίλοι,18.0
2025-07-18,193137,Γατούλα Πορτοκαλί Flipet 15 cm,5.5
2025-07-18,193139,Καρχαρίας Flipet 15 cm,5.5
2025-07-18,193218,Λούτρινα Ζωάκια Zoobies Σε 6 Σχέδια,8.98
2025-07-18,183774,Λούτρινο Αρκουδάκι Λευκό 100 cm,24.9
2025-07-18,175609,Στέκα Αυτιά Λαγός Με Κίνηση Σε 3 Χρώματα,4.9
2025-07-18,193140,Φώκια Flipet 15 cm,5.5
2025-07-18,193138,Χελώνα Νίντζα Flipet 15 cm,5.5
2025-07-18,200830,Clementoni Παζλ Baby Shark 2 x 20 Κομμάτια,7.5
2025-07-18,193174,Clementoni Παζλ Barbie Αυτοκίνητο 104 Κομμάτια,10.0
2025-07-18,193173,Clementoni Παζλ Barbie Βανάκι 104 Κομμάτια,10.0
2025-07-18,193175,Clementoni Παζλ Barbie Καρότσι 104 Κομμάτια,10.0
2025-07-18,200842,Clementoni Παζλ Frozen II 60 Κομμάτια,7.5
2025-07-18,200833,Clementoni Παζλ Glow Racers 3 x 48 Κομμάτια,8.5
2025-07-18,200838,Clementoni Παζλ Glowing Lights Dc Batman 104 Κομμάτια,10.0
2025-07-18,200836,Clementoni Παζλ Harry Potter 104 Κομμάτια,8.5
2025-07-18,200837,Clementoni Παζλ I Believe In Unicorns 104 Κομμάτια,8.5
2025-07-18,200839,Clementoni Παζλ Jolly Unicorns 24 Κομμάτια,14.0
2025-07-18,200829,Clementoni Παζλ Paw Patrol Might Movie 2 x 20 Κομμάτια,7.5
2025-07-18,200831,Clementoni Παζλ Paw Patrol Might Movie 2 x 60 Κομμάτια,7.5
2025-07-18,200835,Clementoni Παζλ Paw Patrol Might Movie 3 x 48 Κομμάτια,8.5
2025-07-18,200834,Clementoni Παζλ Peppa Pig 3 x 48 Κομμάτια,8.5
2025-07-18,200888,Clementoni Παζλ Sonic The Hedgehog 24 Κομμάτια,14.0
2025-07-18,200841,Clementoni Παζλ Sweet Kittens 104 Κομμάτια,10.0
2025-07-18,193849,As Company Silverlit Τηλεκατευθυνόμενο Ελικόπτερο Air Mamba,22.0
2025-07-18,184758,Exost Τηλεκατευθυνόμενο Aquacross,30.0
2025-07-18,182600,Exost Τηλεκατευθυνόμενο Αυτοκίνητο 360 Cross Red,27.0
2025-07-18,200653,Zita Toys Τηλεκατευθυνόμενο Αυτοκίνητο,15.9
2025-07-18,161833,Zita Toys Τηλεκατευθυνόμενο Αυτοκίνητο Με Τιμόνι ,16.9
2025-07-18,194603,Zita Toys Τηλεκατευθυνόμενο Τζιπ Με Usb,26.5
2025-07-18,200254,Zita Toys Τηλεκατευθυνόμενο Τζιπ Με Φρένο Γκάζι &amp; USB,29.5
2025-07-18,193273,Zita Toys Τηλεκατευθυνόμενος Δεινόσαυρος Με Όπλο,29.8
2025-07-18,200677,Ζita Toys Τηλεκατευθυνόμενος Εσκαφέας Μεγάλος Με Usb,24.8
2025-07-18,143618,Αντλία Αέρος 36 cm,4.8
2025-07-18,123561,Καρέκλα - Ξαπλώστρα Παραλίας 153 x 60 x 79 cm,27.5
2025-07-18,95985,Καρέκλα Camping Με Θήκη Για Ποτήρι,11.9
2025-07-18,95981,Καρέκλα Παραλίας 53 x 47 x 39 x 76 cm,11.9
2025-07-18,205478,Καρεκλάκι Παιδικό Παραλίας Gabbys Dollhouse 38 x 32 x 52 cm,12.98
2025-07-18,205479,Καρεκλάκι Παιδικό Παραλίας Lilo &amp; Stitch 38 x 27 x 53 cm,12.98
2025-07-18,198066,Καρεκλάκι Παιδικό Παραλίας Πτυσσόμενο Mickey 38 x 32 x 52 cm,12.98
2025-07-18,198067,Καρεκλάκι Παιδικό Παραλίας Πτυσσόμενο Minnie 38 x 32 x 52 cm,12.98
2025-07-18,198068,Καρεκλάκι Παιδικό Παραλίας Πτυσσόμενο Spiderman 38 x 32 x 52 cm,12.98
2025-07-18,198070,Καρεκλάκι Παιδικό Παραλίας Πτυσσόμενο Δεινόσαυρος 38 x 32 x 52 cm,12.98
2025-07-18,87718,Καρεκλάκι Παραλίας Πτυσσόμενο Μεταλλικό 40 x 40 x 31 x 61 cm,11.9
2025-07-18,81853,Ξαπλώστρα Παραλίας 187 x 58 x 24 cm,45.0
2025-07-18,75359,Ξαπλώστρα Παραλίας Μπλε 187 x 58 x 24 cm,45.0
2025-07-18,202478,Πολυθρόνα Μεταλλική Πτυσσόμενη Γκρι 62 x 55 x 71 cm,16.9
2025-07-18,202479,Πολυθρόνα Μεταλλική Πτυσσόμενη Πετρόλ 62 x 55 x 71 cm,16.9
2025-07-18,204543,Βάρκα &amp; Αξεσουάρ Πλαστικό Θαλάσσης,3.6
2025-07-18,88592,Εργαλεία Κήπου Με Ξύλινη Λάβη 77 cm,2.5
2025-07-18,204544,Κουβαδάκι &amp; Φορτηγό 11 m,7.0
2025-07-18,204541,Κουβαδάκι Μονόχρωμο 11 cm,3.8
2025-07-18,204542,Κουβαδάκι Παγωτό 16 cm,5.0
2025-07-18,204594,Σετ Κουβαδάκι 17 cm,4.8
2025-07-18,165463,Γυαλάκια Θαλάσσης Ενηλίκων,5.9
2025-07-18,202482,Γυαλάκια Θαλάσσης Ενηλίκων 3 Χρωμάτων,5.5
2025-07-18,87700,Μάσκα Γυαλάκια Θαλάσσης,2.5
2025-07-18,143254,Μάσκα Θαλάσσης Ενηλίκων,5.5
2025-07-18,172164,Μάσκα Θαλάσσης Ενηλίκων,13.8
2025-07-18,172165,Μάσκα Θαλάσσης Εφηβική,13.8
2025-07-18,172166,Μάσκα Θαλάσσης Παιδική,13.8
2025-07-18,133946,Σετ Μάσκα Με Αναπνευστήρα,11.5
2025-07-18,96016,Σετ Μάσκα Με Αναπνευστήρα Ενηλίκων,6.9
2025-07-18,191213,Νεροπίστολο 40 cm,4.5
2025-07-18,179434,Νεροπίστολο 55 cm,5.9
2025-07-18,185450,Νεροπίστολο Water Gun 28 cm,2.98
2025-07-18,191215,Νεροπίστολο Όπλο 55 cm,4.9
2025-07-18,75351,Ομπρέλα Θαλάσσης 180 cm,7.98
2025-07-18,205431,Ομπρέλα Θαλάσσης Αλουμινίου Με UV Προστασία 2 m,32.9
2025-07-18,202476,Ομπρέλα Θαλάσσης Γαλάζια 2 m,15.9
2025-07-18,151577,Ομπρέλα Θαλάσσης Με Ηλιοπροστασία 2 m,15.9
2025-07-18,205432,Τέντα - Σκηνή Παραλίας 190 x 120 x 90 cm,19.9
2025-07-18,204049,Πετσέτα Θαλάσσης Suede 80 x 160 cm,7.9
2025-07-18,185316,Πετσέτα Θαλάσσης Terry 80 x 160 cm,6.2
2025-07-18,205398,Πετσέτα Θαλάσσης Terry 90 x 180 cm,5.98
2025-07-18,204932,Πετσέτα Θαλάσσης Γκρι 80 x 160 cm,6.5
2025-07-18,204930,Πετσέτα Θαλάσσης Μπεζ 80 x 160 cm,6.5
2025-07-18,204931,Πετσέτα Θαλάσσης Πετρόλ 80 x 160 cm,6.5
2025-07-18,153800,Μπαλάκι Waverunner 6 Χρώματα 6 cm,5.9
2025-07-18,205824,Ρακέτα Παραλίας 8 mm,4.95
2025-07-18,165453,Ρακέτα Παραλίας Μπλε-Λευκό 12 cm,7.98
2025-07-18,103124,Σανίδα Θαλάσσης 30 x 45 cm,4.5
2025-07-18,96026,Σανίδα Θαλάσσης 68 x 45 cm,10.8
2025-07-18,204837,Σετ Τσάντα Θαλάσσης &amp; Νεσεσέρ Κόκκινο Μπεζ 42 χ 15 χ 34 cm,9.9
2025-07-18,204838,Σετ Τσάντα Θαλάσσης &amp; Νεσεσέρ Πορτοκαλί Ρόζ 42 χ 15 χ 34 cm,9.9
2025-07-18,204839,Σετ Τσάντα Θαλάσσης &amp; Νεσεσέρ Τιρκουάζ Ρόζ 42 χ 15 χ 34 cm,9.9
2025-07-18,203129,Τσάντα Βαμβακερή Greek Eye 40 x 40 cm,3.8
2025-07-18,195511,Τσάντα Θαλάσσης Υφασμάτινη Ασπρόμαυρη Ριγέ 54 x 18 x 37 cm,9.9
2025-07-18,195512,Τσάντα Θαλάσσης Υφασμάτινη Μπλε Ριγέ 54 x 18 x 37 cm,9.9
2025-07-18,203132,Τσάντα Πάνινη 38 x 50 cm,6.9
2025-07-18,203134,Τσάντα Πάνινη 38 x 50 cm,6.9
2025-07-18,203135,Τσάντα Πάνινη 38 x 50 cm,6.5
2025-07-18,203136,Τσάντα Πάνινη 38 x 50 cm,6.9
2025-07-18,203137,Τσάντα Πάνινη 38 x 50 cm,6.9
2025-07-18,203131,Τσάντα Πάνινη Olive Eyes 35 x 45 cm,4.3
2025-07-18,203130,Τσάντα Πάνινη Sirtaki 35 x 45 cm,4.3
2025-07-18,122870,Σαμπρέλα Φουσκωτό 119 cm,7.5
2025-07-18,190786,Φουσκωτή Κουλούρα Ουράνιο Τόξο,7.9
2025-07-18,202497,Φουσκωτή Πισίνα Σετ Μπάλα &amp; Σωσίβιο,8.98
2025-07-18,47135,Φουσκωτή Ρόδα Με Χερούλια 97 cm,5.5
2025-07-18,173648,Φουσκωτό Κρεβάτι Διπλό 2.03 χ 1.52 χ 22 cm,23.5
2025-07-18,153322,Φουσκωτό Στρωματάκι Με Δίχτυ 160 x 84 cm,13.5
2025-07-18,152031,Φουσκωτό Στρώμα 185 x 76 x 22 cm ,12.8
2025-07-18,186365,Φουσκωτό Στρώμα Διπλό 191 x 137 x 22 cm,19.9
2025-07-18,75385,Φουσκωτό Στρώμα Θαλάσσης 188 x 71 cm,8.5
2025-07-18,30685,Ψάθα - Βαλιτσάκι Παραλίας Πλαστική ,4.2
2025-07-18,204836,Ψάθα Θαλάσσης 60 x 150 cm,12.9
2025-07-18,165448,Ψάθα Παραλίας 4 Χρωμάτων 180 x 70 cm ,4.5
2025-07-18,146814,Παπούτσι Casual Ανδρικό,13.5
2025-07-18,106380,Activel Αντισηπτικό Gel Χεριών 500 ml,2.7
2025-07-18,164824,Activel Αντισηπτικό Gel Χεριών 80 ml,0.77
2025-07-18,173429,Activel Λοσιόν Καθαρισμού Χεριών 4000 ml,11.97
2025-07-18,176100,Best Αντισηπτικό Gel 70% Αιθυλική Αλκοόλη 1 lt,6.15
2025-07-18,176099,Best Αντισηπτικό Gel 70% Αιθυλική Αλκοόλη 500 ml ,3.5
2025-07-18,85834,Dettol Αντισηπτικό Gel Για Τα Χέρια 50 ml,1.95
2025-07-18,180073,Παπουτσάνης Natura Αντισηπτικό Spray Χεριών 100 ml,1.21
2025-07-18,160914,Best Αλκοολούχος Λοσιόν 70° 420 ml,1.66
2025-07-18,117750,Best Αλκοολούχος Λοσιόν 95° 420 ml,2.23
2025-07-18,90770,Ποσειδών Οινόπνευμα Καθαρό 95° 245 ml,9.85
2025-07-18,90771,Ποσειδών Οινόπνευμα Φωτιστικό 93° 245 ml,1.0
2025-07-18,8025,Ποσειδών Οινόπνευμα Φωτιστικό 93° 430 ml,1.37
2025-07-18,205153,Septona Υγρομάντηλα Kids On The Go 4 x 15 Τεμάχια,1.33
2025-07-18,177864,Septona Υγρομάντηλα Αντιβακτηριακά 75% Οινόπνευμα Με Καπάκι 60 Τεμάχια,1.98
2025-07-18,205151,Septona Υγρομάντηλα Αντιβακτηριακά Ανθός Πορτοκαλιού 4 x 15 Τεμάχια,1.33
2025-07-18,176515,Septona Υγρομάντηλα Αντιβακτηριακά Λεμόνι 15 Τεμάχια,0.47
2025-07-18,205150,Septona Υγρομάντηλα Αντιβακτηριακά Λεμόνι 4 x 15 Τεμάχια,1.33
2025-07-18,176516,Septona Υγρομάντηλα Αντιβακτηριακά Λεμόνι 60 Τεμάχια,1.6
2025-07-18,77685,Septona Υγρομάντηλα Αντιβακτηριακά Πράσινο Μήλο 15 Τεμάχια,0.47
2025-07-18,205152,Septona Υγρομάντηλα Αντιβακτηριακά Πράσινο Μήλο 4 x 15 Τεμάχια,1.33
2025-07-18,116106,Septona Υγρομάντηλα Αντιβακτηριακά Πράσινο Μήλο 60 Τεμάχια,1.61
2025-07-18,205154,Septona Υγρομάντηλα Αντιβακτηριδιακά 75% Οινόπνευμα 4 x 15 Τεμάχια,1.72
2025-07-18,51853,Wet Hankies Υγρομάντηλα Antibacterial 15 Τεμάχια,0.6
2025-07-18,204820,Wet Hankies Υγρομάντηλα Antibacterial 4 x 15 Τεμάχια,1.19
2025-07-18,80503,Wet Hankies Υγρομάντηλα Antibacterial 72 Τεμάχια,1.82
2025-07-18,205064,Wet Hankies Υγρομάντηλα Extra Safe 4 x 12 Τεμάχια,1.33
2025-07-18,177082,Wet Hankies Υγρομάντηλα Extra Safe 63 Τεμάχια,1.9
2025-07-18,205065,Wet Hankies Υγρομάντηλα Extra Safe XL 4 x 12 Τεμάχια,1.67
2025-07-18,203643,Wet Hankies Υγρομάντηλα Green Apple 4 x 15 Τεμάχια ,1.19
2025-07-18,55555,Wet Hankies Υγρομάντηλα Lemon 15 Τεμάχια,0.6
2025-07-18,204482,Wet Hankies Υγρομάντηλα Lemon 4 x 15 Τεμάχια ,1.19
2025-07-18,81079,Wet Hankies Υγρομάντηλα Lemon 72 Τεμάχια,1.82
2025-07-18,204483,Wet Hankies Υγρομάντηλα Lemon XL 4 x 15 Τεμάχια ,1.6
2025-07-18,205063,Wet Hankies Υγρομάντηλα Orange 4 x 15 Τεμάχια,1.19
2025-07-18,186517,Medical Γάντια Μιας Χρήσης Latex Large 50 Τεμάχια,2.98
2025-07-18,186518,Medical Γάντια Μιας Χρήσης Latex Medium 50 Τεμάχια,2.98
2025-07-18,187170,Medical Γάντια Μιας Χρήσης Latex Small 50 Τεμάχια,2.98
2025-07-18,180282,Practic Γάντια Μιας Χρήσης Latex Large Χωρίς Πούδρα 10 Τεμάχια,1.1
2025-07-18,180281,Practic Γάντια Μιας Χρήσης Latex Medium Χωρίς Πούδρα 10 Τεμάχια,1.1
2025-07-18,191121,Practic Γάντια Μιας Χρήσης Νιτριλίου Μαύρα Medium Χωρίς Πούδρα 50 Τεμάχια,2.4
2025-07-18,181543,Vileda Γάντια Οικιακής Χρήσης Universal Large ,2.38
2025-07-18,181542,Vileda Γάντια Οικιακής Χρήσης Universal Medium,2.38
2025-07-18,181541,Vileda Γάντια Οικιακής Χρήσης Universal Small,2.38
2025-07-18,172915,Θαλασσινός Γάντια Μιας Χρήσης Νιτριλίου Μαύρα Large 100 Τεμάχια,3.15
2025-07-18,172914,Θαλασσινός Γάντια Μιας Χρήσης Νιτριλίου Μαύρα Medium 100 Τεμάχια,3.15
2025-07-18,197157,Ben &amp; Jerry&#039;s Παγωτό Chocolate Fudge Brownie Non Dairy Vegan 387 gr 465 ml,4.95
2025-07-18,153400,Fytro Τραγανές Μπουκιές Δημητριακών Με Βρώμη Ολικής Άλεσης &amp; Σοκολάτα Vegan 375 gr,1.87
2025-07-18,161315,Alfa Χορτόπιτα Τσαλακωτή Πηλίου Vegan 850 gr,5.21
2025-07-18,198850,Fytro Δημητριακά Τραγανές Μπουκιές Με Βρώμη Ολικής Άλεσης Vegan 375 gr,1.7
2025-07-18,192951,Kellogg&#039;s Coco Pops Δημητριακά Choco Vegan 330 gr,2.9
2025-07-18,188458,Χρυσή Ζύμη Μπουγάτσα Θεσσαλονίκης Με Κρέμα Από Σιμιγδάλι Vegan 800 gr,3.28
2025-07-18,83636,Alpro Επιδόρπιο Σόγιας Βανίλια Χωρίς Λακτόζη Vegan Χωρίς Γλουτένη 4 x 125 gr,1.93
2025-07-18,134764,Kikkoman Σάλτσα Σόγιας Με Λιγότερο Αλάτι Vegan 150 ml,3.62
2025-07-18,198723,Milzu Δημητριακά Βρώμης Ολικής Άλεσης Χωρίς Ζάχαρη Vegan Βιολογικά 300 gr,1.72
2025-07-18,188829,Μπαρμπα Στάθης Επιλέγουμε Πλιγούρι Με Λαχανικά Vegan 400 gr,2.67
2025-07-18,188828,Μπαρμπα Στάθης Επιλέγουμε Ρεβίθια Με Λαχανικά Vegan 400 gr,2.67
2025-07-18,6981,Kikkoman Σάλτσα Σόγιας Vegan 150 ml,3.29
2025-07-18,149360,Evergreen Σιρόπι Αγαύης Βιολογικό 360 ml,4.22
2025-07-18,192221,Becel Pro Activ Μαργαρίνη Με Ελαιόλαδο Vegan 450 gr,5.08
2025-07-18,162410,Εδέμ Πάστα Ελιάς Καλαμών Vegan 135 gr,2.44
2025-07-18,182517,Nikolopoulou Φυτικοί Κολοκυθοκεφτέδες Vegan 10 Τεμάχια 350 gr,3.14
2025-07-18,162406,Εδέμ Μανιτάρια Τεμαχισμένα Vegan 400 gr,2.24
2025-07-18,194055,Becel Pro Activ Light Vegan 250 gr,3.28
2025-07-18,193283,Becel Pro Activ Μαργαρίνη Με Ελαιόλαδο Vegan 225 gr,3.27
2025-07-18,28117,Παπαδοπούλου Χωριάτικες Φρυγανιές Με 6 Δημητριακά Vegan 240 gr ,1.84
2025-07-18,91774,Παπαδοπούλου Χωριάτικες Φρυγανιές Με Σουσάμι Vegan 240 gr ,1.84
2025-07-18,190837,Παπαδοπούλου Χωριάτικες Φρυγανιές Με Χαρούπι Vegan 240 gr ,1.84
2025-07-18,109277,Παπαδοπούλου Χωριάτικες Φρυγανιές Ολικής Άλεσης Vegan 240 gr ,1.84
2025-07-18,177102,Παπαδοπούλου Μπισκότα Βρώμης Με Κακάο &amp; Μαύρη Σοκολάτα Χωρίς Ζάχαρη Vegan 155 gr,1.37
2025-07-18,177101,Παπαδοπούλου Μπισκότα Βρώμης Με Πορτοκάλι Χωρίς Ζάχαρη Vegan 155 gr,1.37
2025-07-18,167485,Παπαδοπούλου Μπισκότα Βρώμης Με Μαύρη Σοκολάτα Vegan 150 gr,1.31
2025-07-18,189565,Crispy King Καλαμπογκοφρέτες Vegan Χωρίς Γλουτένη 110 gr,1.05
2025-07-18,189564,Crispy King Ρυζογκοφρέτες Super Seeds Vegan Χωρίς Γλουτένη 100 gr,1.05
2025-07-18,188636,Crispy King Ρυζογκοφρέτες Τραγανές Με Καλαμπόκι Vegan Χωρίς Γλουτένη 100 gr,0.86
2025-07-18,161224,Παπαδοπούλου Γεύση 2 Ψωμί Τοστ Ολικής Άλεσης Vegan 700 gr,1.89
2025-07-18,162103,Fytro Κινόα Λευκή Vegan Χωρίς Γλουτένη 450 gr,4.7
2025-07-18,185094,Βιολάντα Δημητριακά Proteino Με Μαύρη Σοκολάτα Vegan 370 gr,1.84
2025-07-18,179121,Βιολάντα Δημητριακά Proteino Ολικής Άλεσης Χωρίς Προσθήκη Ζάχαρης Vegan 370 gr,1.84
2025-07-18,2966,Fytro Μουσλι Χωρίς Ζάχαρη Vegan 500 gr,3.5
2025-07-18,2964,Fytro Νιφάδες Βρώμης Ολικής Άλεσης Vegan 500 gr ,2.46
2025-07-18,2950,Fytro Πίτυρο Βρώμης Vegan 500 gr,3.42
2025-07-18,191582,Kellogg&#039;s Extra Δημητριακά Granola Κλασική Γεύση Vegan 450 gr,5.28
2025-07-18,191308,Kellogg&#039;s Extra Δημητριακά Με Granola &amp; Αποξηραμένα Κόκκινα Φρούτα Vegan 400 gr,5.38
2025-07-18,191375,Kellogg&#039;s Extra Δημητριακά Με Granola Αποξηραμένα Φρούτα &amp; Ξηρούς Καρπούς Vegan 400 gr,5.38
2025-07-18,172440,Βιολάντα Δημητριακά Βρώμης Με Μαύρη Σοκολάτα Vegan 370 gr,3.68
2025-07-18,172441,Βιολάντα Δημητριακά Βρώμης Χωρίς Ζάχαρη Vegan 370 gr,3.68
2025-07-18,174377,Cretamel Φυστίκια Καραμελωμένα Ανάμικτα Vegan Χωρίς Γλουτένη 200 gr,2.48
2025-07-18,174379,Cretamel Φυστίκια Καραμελωμένα Με Σουσάμι Vegan Χωρίς Γλουτένη 200 gr,2.48
2025-07-18,199528,Fytro Μαρμελάδα Βερίκοκο Vegan Χωρίς Γλουτένη 280 gr,4.24
2025-07-18,199525,Fytro Μαρμελάδα Φράουλα Vegan Χωρίς Γλουτένη 280 gr,4.24
2025-07-18,193967,Healthy Habits Μαρμελάδα Μήλο Χωρίς Ζάχαρη Vegan 280 gr,4.18
2025-07-18,194320,Healthy Habits Μαρμελάδα Σύκο Χωρίς Ζάχαρη Vegan 280 gr,4.18
2025-07-18,182782,Healthy Habits Μαρμελάδα Φράουλα Χωρίς Ζάχαρη Vegan 280 gr,4.18
2025-07-18,182783,Healthy Habits Μαρμελάδα Φρούτα Του Δάσους Χωρίς Ζάχαρη Vegan 280 gr,4.18
2025-07-18,194296,Παπαδοπούλου Cream Crackers Μπισκότα Με Χαρούπι Vegan 190 gr,1.7
2025-07-18,179011,Παπαδοπούλου Cream Crackers Μπισκότα Πολύσπορα Vegan 195 gr,1.7
2025-07-18,1141,Παπαδοπούλου Cream Crackers Μπισκότα Σίκαλης Vegan 175 gr,1.47
2025-07-18,1292,Παπαδοπούλου Cream Crackers Μπισκότα Σίκαλης Vegan 3 x 175 gr ,3.99
2025-07-18,82988,Παπαδοπούλου Cream Crackers Μπισκότα Σίκαλης Vegan 5 x 47 gr,2.28
2025-07-18,120638,Παπαδοπούλου Cream Crackers Μπισκότα Σίτου Χωρίς Ζάχαρη Vegan 165 gr,1.47
2025-07-18,60943,Παπαδοπούλου Mini Pick Crackers Κλασικά Vegan 70 gr,0.77
2025-07-18,98516,Παπαδοπούλου Pick Batonettes Κράκερ Vegan 45 gr,0.72
2025-07-18,194298,Παπαδοπούλου Speculoos Μπισκότα Vegan 145 gr,1.58
2025-07-18,959,Παπαδοπούλου Super Rondo Μπισκότα Γεμιστά Με Σοκολάτα Vegan 500 gr,2.3
2025-07-18,97984,Παπαδοπούλου Μπισκότα Digestive 35% Λιγότερα Λιπαρά Vegan 250 gr,1.75
2025-07-18,117737,Παπαδοπούλου Μπισκότα Digestive Vegan 2 x 250 gr,2.98
2025-07-18,38476,Παπαδοπούλου Μπισκότα Digestive Vegan 250 gr,1.75
2025-07-18,173302,Παπαδοπούλου Μπισκότα Digestive Χωρίς Ζάχαρη Vegan 2 x 250 gr ,3.64
2025-07-18,77011,Παπαδοπούλου Μπισκότα Digestive Χωρίς Ζάχαρη Vegan 250 gr,2.06
2025-07-18,83070,Παπαδοπούλου Μπισκότα Mini Digestive Χωρίς Ζάχαρη Vegan 70 gr,0.8
2025-07-18,146248,Παπαδοπούλου Μπισκότα Με Κακάο Χωρίς Γλουτένη Vegan 200 gr,2.72
2025-07-18,97589,Παπαδοπούλου Πολυδημητριακά Μπισκότα Με 4 Δημητριακά &amp; Κακάο Χωρίς Ζάχαρη Vegan 175 gr,1.93
2025-07-18,167473,Agrino Καλαμπογκοφρέτες Vegan Χωρίς Γλουτένη 120 gr,1.57
2025-07-18,165922,Agrino Ρυζογκοφρέτες Επτάσπορες Vegan Χωρίς Γλουτένη 100 gr,1.57
2025-07-18,165921,Agrino Ρυζογκοφρέτες Κλασικές Vegan Χωρίς Γλουτένη 100 gr,1.57
2025-07-18,197580,Fytro Καλαμπογκοφρέτες Vegan Χωρίς Γλουτένη 110 gr,1.53
2025-07-18,2960,Fytro Ρυζογκοφρέτες Vegan Χωρίς Γλουτένη 100 gr,1.53
2025-07-18,194713,Nutri Valley Καλαμπογκοφρέτα Αφράτη Χωρίς Γλουτένη Vegan 130 gr,1.39
2025-07-18,194712,Nutri Valley Ρυζογκοφρέτα Με Μαύρη Σοκολάτα Vegan Χωρίς Γλουτένη 72 gr,1.39
2025-07-18,45830,Jumbo Γαριδάκια Φυστικόμπαλες Vegan Χωρίς Γλουτένη 102 gr,1.1
2025-07-18,174691,Healthy Habits Πιτατάκια Με Γεύση Πίτσα Χωρίς Προσθήκη Ζάχαρης Vegan 70 gr,0.74
2025-07-18,174690,Healthy Habits Πιτατάκια Με Ρίγανη Χωρίς Προσθήκη Ζάχαρης Vegan 70 gr,0.74
2025-07-18,174687,Healthy Habits Πιτατάκια Μεσογειακά Χωρίς Προσθήκη Ζάχαρης Vegan 70 gr,0.74
2025-07-18,174689,Healthy Habits Πιτατάκια Φυσικά Χωρίς Προσθήκη Ζάχαρης Vegan 70 gr,0.74
2025-07-18,197382,Agrino Chips Ρυζιού Aegean Herbs Vegan Χωρίς Γλουτένη 60 gr ,1.34
2025-07-18,197383,Agrino Chips Ρυζιού Creamy Mushroom Vegan Χωρίς Γλουτένη 60 gr ,1.34
2025-07-18,197384,Agrino Chips Ρυζιού Humus Vegan Χωρίς Γλουτένη 60 gr,1.34
2025-07-18,197381,Agrino Chips Ρυζιού Ketchup Vegan Χωρίς Γλουτένη 60 gr,1.34
2025-07-18,197380,Agrino Chips Ρυζιού Sour Cream &amp; Onion Vegan Χωρίς Γλουτένη 60 gr,1.34
2025-07-18,179352,Healthy Habits Τσιπς Ρυζιού Με Θαλασσινό Αλάτι &amp; Μαύρο Πιπέρι Vegan Χωρίς Γλουτένη 60 gr,1.13
2025-07-18,199345,Tsakiris Πατατάκια Sticks Με Αλάτι Vegan Χωρίς Γλουτένη 105 gr,1.58
2025-07-18,183465,Tsakiris Πατατάκια Sticks Με Αλάτι Vegan Χωρίς Γλουτένη 130 gr,1.49
2025-07-18,199346,Tsakiris Πατατάκια Sticks Με Αλάτι Vegan Χωρίς Γλουτένη 60 gr,1.09
2025-07-18,172878,Tsakiris Πατατάκια Με Αλάτι Vegan Χωρίς Γλουτένη 140 gr,1.78
2025-07-18,196859,Lotus Biscoff Άλλειμα Μπισκότου Vegan 400 gr,3.78
2025-07-18,177240,Sisinni Κρέμα Κακάο Με Φουντούκι Χωρίς Λακτόζη Vegan Χωρίς Γλουτένη 400 gr,2.7
2025-07-18,19882,Μακεδονικό Ταχίνι Vegan Χωρίς Γλουτένη 300 gr,3.54
2025-07-18,80641,Μακεδονικό Ταχίνι Με Κακάο Vegan Χωρίς Γλουτένη 350 gr,3.82
2025-07-18,182756,Μακεδονικό Ταχίνι Με Μαστίχα Χίου Vegan Χωρίς Γλουτένη 350 gr,4.08
2025-07-18,82810,Μακεδονικό Ταχίνι Με Πορτοκάλι Vegan Χωρίς Γλουτένη 350 gr,3.7
2025-07-18,182755,Μακεδονικό Ταχίνι Με Πρεβιοτικές Ίνες Vegan Χωρίς Γλουτένη 330 gr,3.96
2025-07-18,178253,Μακεδονικό Ταχίνι Με Ρόδι &amp; Cranberries Vegan Χωρίς Γλουτένη 330 gr,4.38
2025-07-18,155222,Μακεδονικό Ταχίνι Με Στέβια Vegan Χωρίς Γλουτένη 330 gr,3.7
2025-07-18,182920,Μακεδονικό Ταχίνι Ολικής Άλεσης Vegan Χωρίς Γλουτένη 300 gr,3.61
2025-07-18,145601,Μαράτα Ταχίνι Με Κακάο Vegan 350 gr,2.58
2025-07-18,182677,Healthy Habits Αμυγδαλοβούτυρο Vegan 180 gr,5.27
2025-07-18,182676,Healthy Habits Φυστικοβούτυρο Απαλό Vegan 180 gr,1.87
2025-07-18,177087,Όλυμπος Κρέμα 4 Ξηρών Καρπών Vegan Χωρίς Γλουτένη 200 gr,2.79
2025-07-18,177088,Όλυμπος Κρέμα Αμύγδαλο Vegan Χωρίς Γλουτένη 200 gr,3.49
2025-07-18,180265,Όλυμπος Κρέμα Φυστίκι Vegan Χωρίς Γλουτένη 200 gr,1.74
2025-07-18,131496,Αφοί Χαΐτογλου Φυστικοβούτυρο Crunchy Vegan Χωρίς Γλουτένη 350 gr,2.67
2025-07-18,131192,Αφοί Χαΐτογλου Φυστικοβούτυρο Απαλό Vegan Χωρίς Γλουτένη 350 gr,2.67
2025-07-18,188231,Αφοί Χαΐτογλου Φυστικοβούτυρο Καραμέλα Vegan Χωρίς Γλουτένη 350 gr,2.73
2025-07-18,179878,Αφοί Χαΐτογλου Φυστικοβούτυρο Με Μαύρη Σοκολάτα Vegan Χωρίς Γλουτένη 350 gr,2.73
2025-07-18,197503,Αφοί Χαΐτογλου Φυστικοβούτυρο Με Μπανάνα Vegan Χωρίς Γλουτένη 350 gr,2.73
2025-07-18,36142,Γιώτης Κακάο Σε Σκόνη Vegan 125 gr,2.24
2025-07-18,36143,Γιώτης Ρόφημα Σοκολάτας Σε Σκόνη 400 gr ,4.75
2025-07-18,190389,Haribo Ζελεδάκια Pasta Fruit Vegan 160 gr,1.58
2025-07-18,197318,Skittles Crazy Sours Καραμέλες Με Γεύση Φρούτων Vegan 136 gr,1.98
2025-07-18,197229,Skittles Fruits Καραμέλες Με Γεύση Φρούτων Vegan 136 gr,1.98
2025-07-18,181273,Tsanos Κουλούρια Με Καρότο Χωρίς Ζάχαρη Χωρίς Λακτόζη Vegan 200 gr,3.1
2025-07-18,181272,Tsanos Μουστοκούλουρα Με Σταφίδες &amp; Καρύδια Χωρίς Λακτόζη Vegan 300 gr,4.18
2025-07-18,180848,Οικογένεια Στεργίου Σταφιδόψωμα Vegan 290 gr ,2.38
2025-07-18,176622,Alfa Τορτίγιες Grilled Vegan 6 Τεμάχια 370 gr,2.24
2025-07-18,191831,Alfa Τορτίγιες Καλαμπόκι Vegan 6 Τεμάχια 370 gr,1.82
2025-07-18,176618,Alfa Τορτίγιες Κλασσική Vegan 6 Τεμάχια 370 gr,2.05
2025-07-18,178164,Alfa Τορτίγιες Ολικής Άλεσης Vegan 6 Τεμάχια 370 gr,1.58
2025-07-18,193342,Tsanos Κριτσίνια Με Ελαιόλαδο Ολικής Άλεσης Vegan 120 gr,1.98
2025-07-18,193341,Tsanos Κριτσίνια Πολύσπορα Με Ελαιόλαδο Vegan 120 gr,1.98
2025-07-18,90824,Παπαδοπούλου Κριτσίνια Μακεδονικά Ολικής Άλεσης Vegan 200 gr,1.8
2025-07-18,84657,Παπαδοπούλου Κριτσίνια Μακεδονικά Σίτου Vegan 200 gr,1.8
2025-07-18,3661,Παπαδοπούλου Κριτσίνια Με Σουσάμι Vegan 130 gr,1.54
2025-07-18,3700,Παπαδοπούλου Krispies Παξιμάδια Με Σουσάμι Vegan 200 gr,1.26
2025-07-18,180241,Παπαδοπούλου Krispies Παξιμάδια Με Χαρούπι Vegan 200 gr,1.26
2025-07-18,200036,Παπαδοπούλου Krispies Παξιμάδια Πολύσπορα Χωρίς Προσθήκη Ζάχαρης Vegan 200 gr,1.26
2025-07-18,3701,Παπαδοπούλου Krispies Παξιμάδια Χωρίς Προσθήκη Ζάχαρης Vegan 200 gr,1.26
2025-07-18,194380,Elite Melba Toast Φρυγανιές Ολικής Άλεσης Vegan 100 gr,2.19
2025-07-18,194379,Elite Melba Toast Φρυγανιές Σταρένιες Vegan 100 gr,2.08
2025-07-18,194381,Elite Melba Toast Φρυγανιές Στρογγυλές Σταρένιες Vegan 110 gr,2.19
2025-07-18,181255,Παπαδοπούλου Thins Φρυγανιές Ολικής Άλεσης Vegan 250 gr,2.45
2025-07-18,185972,Παπαδοπούλου Φρυγανιές Σίκαλης Χωρίς Προσθήκη Αλατιού &amp; Ζάχαρης Vegan 4 x 80 gr,1.9
2025-07-18,30211,Παπαδοπούλου Φρυγανιές Σταρένιες Vegan 255 gr,1.25
2025-07-18,185971,Παπαδοπούλου Φρυγανιές Σταρένιες Χωρίς Προσθήκη Αλατιού &amp; Ζάχαρης Vegan 4 x 80 gr,1.78
2025-07-18,146247,Παπαδοπούλου Φρυγανιές Χωρίς Γλουτένη Vegan 165 gr,3.87
2025-07-18,192708,Παπαδοπούλου Ψωμί Γερμανικού Τύπου Ολικής Άλεσης Σε Φέτες Vegan 500 gr,2.5
2025-07-18,177080,Παπαδοπούλου Ψωμί Γερμανικού Τύπου Πολύσπορο Σε Φέτες Vegan 500 gr,2.48
2025-07-18,179016,Παπαδοπούλου Ψωμί Γερμανικού Τύπου Σίκαλη Σε Φέτες Vegan 500 gr,2.48
2025-07-18,189407,Παπαδοπούλου Γεύση 2 Ψωμί Τοστ Ολικής Άλεσης Vegan 325 gr,1.31
2025-07-18,189119,Παπαδοπούλου Γεύση 2 Ψωμί Τοστ Σίτου Vegan 325 gr,1.04
2025-07-18,119352,Παπαδοπούλου Γεύση 2 Ψωμί Τοστ Σίτου Vegan 700 gr,1.31
2025-07-18,191508,Παπαδοπούλου Δίκοκκο Ψωμί Τοστ Ολικής Άλεσης Vegan 500 gr,2.21
2025-07-18,192709,Παπαδοπούλου Χωριανό Ψωμί Τοστ Ολικής Άλεσης Με Αλεύρι Dinkel Vegan 700 gr,1.7
2025-07-18,122286,Παπαδοπούλου Χωριανό Ψωμί Τοστ Ολικής Άλεσης Με Σίκαλη Vegan 500 gr,1.67
2025-07-18,122285,Παπαδοπούλου Χωριανό Ψωμί Τοστ Πολύσπορο Vegan 540 gr,1.85
2025-07-18,119353,Παπαδοπούλου Χωριανό Ψωμί Τοστ Σταρένιο Με 6 Δημητριακά Vegan 500 gr,1.67
2025-07-18,194302,Παπαδοπούλου Ψωμάκια Κλαμπ Σάντουιτς Vegan 950 gr ,2.52
2025-07-18,155230,Μακεδονικός Έδεσμα Ταχινιού Με Βανίλια Στέβια Vegan Χωρίς Γλουτένη 200 gr,4.38
2025-07-18,162092,Εδέμ Ελιές Πράσινες Χωρίς Κουκούτσι Vegan 330 gr,3.05
2025-07-18,162367,Εδέμ Ελιές Καλαμών Σε Φέτες Vegan 358 gr,3.48
2025-07-18,162372,Εδέμ Κάπαρη Ανθός Vegan 105 gr,2.48
2025-07-18,162407,Εδέμ Αγγουράκι Μέτριο Vegan 355 gr,2.93
2025-07-18,163339,Εδέμ Πιπεριές Κόκκινες Ψημένες Vegan 450 gr,3.88
2025-07-18,169663,Εδέμ Πιπεράκια Vegan Χωρίς Γλουτένη 320 gr,2.58
2025-07-18,171916,Μακεδονικός Έδεσμα Ταχινιού Με Σοκολάτα Στέβια Vegan Χωρίς Γλουτένη 200 gr,4.57
2025-07-18,191522,Εδέμ Αγγουράκι Μέτριο Vegan 710 gr,3.9
2025-07-18,191523,Εδέμ Ελιές Πράσινες Σε Φέτες Vegan 340 gr,3.15
2025-07-18,191524,Εδέμ Ελιές Πράσινες Γεμιστές Με Αμύγδαλο Vegan 340 gr,4.35
2025-07-18,196021,Μακεδονικός Χαλβάς Με Σοκολάτα &amp; Φράουλα Vegan Χωρίς Γλουτένη 250 gr,5.1
2025-07-18,3985,Μακεδονικός Χαλβάς Με Αμύγδαλα Vegan Χωρίς Γλουτένη ,6.1
2025-07-18,3986,Μακεδονικός Χαλβάς Με Αμύγδαλα Vegan Χωρίς Γλουτένη 400 gr,6.65
2025-07-18,3995,Μακεδονικός Χαλβάς Βανίλια Vegan Χωρίς Γλουτένη,5.85
2025-07-18,3996,Μακεδονικός Χαλβάς Με Φυστίκια Vegan Χωρίς Γλουτένη,5.85
2025-07-18,3997,Μακεδονικός Χαλβάς Κακάο Vegan Χωρίς Γλουτένη,5.85
2025-07-18,3998,Μακεδονικός Χαλβάς Βανίλια Vegan Χωρίς Γλουτένη 400 gr,6.0
2025-07-18,4000,Μακεδονικός Χαλβάς Κακάο Vegan Χωρίς Γλουτένη 400 gr,6.0
2025-07-18,183053,Esti Φυτική Γαλοπούλα Σε Φέτες Vegan Χωρίς Γλουτένη 100 gr,2.12
2025-07-18,183054,Esti Φυτικό Ζαμπόν Σε Φέτες Vegan Χωρίς Γλουτένη 100 gr,2.12
2025-07-18,183055,Esti Φυτικό Λουκάνικο Vegan Χωρίς Γλουτένη 200 gr,4.06
2025-07-18,80224,Knorr Σπιτικός Ζωμός Λαχανικών Vegan Χωρίς Γλουτένη 4 x 28 gr,1.62
2025-07-18,91966,Knorr Σπιτικός Ζωμός Λαχανικών Vegan Χωρίς Γλουτένη 8 x 28 gr,2.78
2025-07-18,82436,Alpro Cooking Κρέμα Μαγειρικής Σόγιας Χωρίς Λακτόζη Vegan Χωρίς Γλουτένη 250 ml,2.28
2025-07-18,193498,Becel Light Vegan 400 gr,1.99
2025-07-18,192176,Becel Pro Activ Μαργαρίνη Vegan 225 gr,3.09
2025-07-18,192452,Becel Pro Activ Μαργαρίνη Vegan 450 gr,4.97
2025-07-18,187289,Βιτάμ Μαργαρίνη Soft Light Vegan 225 gr,1.75
2025-07-18,187174,Βιτάμ Μαργαρίνη Soft Vegan 200 gr,1.78
2025-07-18,187173,Βιτάμ Μαργαρίνη Soft Vegan 400 gr,3.15
2025-07-18,187286,Βιτάμ Μαργαρίνη Soft Vegan 800 gr,5.78
2025-07-18,187175,Βιτάμ Μαργαρίνη Κλασικό Vegan 200 gr,1.53
2025-07-18,182628,Ifantis Σαλάτα Guacamole Vegan Χωρίς Γλουτένη 200 gr,3.42
2025-07-18,184350,Condito Σαλάτα Κηπουρού Vegan Χωρίς Γλουτένη 250 gr,3.46
2025-07-18,184349,Condito Σαλάτα Ρώσικη Vegan Χωρίς Γλουτένη 250 gr,2.45
2025-07-18,180648,Mezete Hummus Σαλάτα Με Πιπεριά Vegan Χωρίς Γλουτένη 215 gr,2.3
2025-07-18,180647,Mezete Hummus Σαλάτα Με Ταχίνι Vegan Χωρίς Γλουτένη 215 gr,2.3
2025-07-18,197439,Alpro Protein Φυτικό Επιδόρπιο Με Κόκκινα Φρούτα Χωρίς Λακτόζη Vegan Χωρίς Γλουτένη 200 gr,1.41
2025-07-18,96481,Alpro Επιδόρπιο Σόγιας Dark Chocolate Χωρίς Λακτόζη Vegan Χωρίς Γλουτένη 4 x 125 gr,3.22
2025-07-18,199172,Alpro Επιδόρπιο Σόγιας Βlueberry Χωρίς Γλουτένη Χωρίς Λακτόζη 500 gr,2.74
2025-07-18,203862,Alpro Επιδόρπιο Σόγιας Κεράσι Χωρίς Γλουτένη Χωρίς Λακτόζη 500 gr,2.74
2025-07-18,199173,Alpro Επιδόρπιο Σόγιας Φράουλα Χωρίς Γλουτένη Χωρίς Λακτόζη 500 gr,2.74
2025-07-18,199174,Alpro Φυτικό Επιδόρπιο Pudding Protein Vegan Χωρίς Γλουτένη Χωρίς Λακτόζη 200 gr,1.79
2025-07-18,168577,Όλυμπος Καρπός Αμύγδαλο Φυτικό Επιδόρπιο Δαμάσκηνο &amp; Βρώμη Χωρίς Λακτόζη Vegan 150 gr,1.53
2025-07-18,168578,Όλυμπος Καρπός Αμύγδαλο Φυτικό Επιδόρπιο Μύρτιλο Χωρίς Λακτόζη Vegan Χωρίς Γλουτένη 150 gr,1.53
2025-07-18,168576,Όλυμπος Καρπός Αμύγδαλο Φυτικό Επιδόρπιο Φράουλα Χωρίς Λακτόζη Vegan Χωρίς Γλουτένη 150 gr,1.53
2025-07-18,168575,Όλυμπος Καρπός Αμύγδαλο Φυτικό Επιδόρπιο Χωρίς Λακτόζη Vegan Χωρίς Γλουτένη 150 gr,1.47
2025-07-18,185478,Δωδώνη Plant&#039;d Φυτικό Επιδόρπιο Βρώμης &amp; Βανίλια Χωρίς Λακτόζη Vegan 150 gr,1.45
2025-07-18,185477,Δωδώνη Plant&#039;d Φυτικό Επιδόρπιο Βρώμης Μήλο &amp; Κανέλα Χωρίς Λακτόζη Vegan 150 gr,1.45
2025-07-18,197323,Δωδώνη Plant&#039;d Φυτικό Επιδόρπιο Βρώμης Με Φράουλα &amp; Κακάο Χωρίς Λακτόζη Vegan 150 gr,1.45
2025-07-18,194667,Δωδώνη Plant&#039;d Φυτικό Επιδόρπιο Βρώμης Πορτοκάλι &amp; Περγαμόντο Χωρίς Λακτόζη Vegan 150 gr,1.45
2025-07-18,190685,Alpro Protein Φυτικό Ρόφημα Σόγιας Σοκολάτα Χωρίς Λακτόζη Vegan Χωρίς Γλουτένη 1 lt,3.48
2025-07-18,120788,Alpro Φυτικό Ρόφημα Αμύγδαλο Χωρίς Λακτόζη Vegan Χωρίς Γλουτένη 1 lt,2.08
2025-07-18,141031,Alpro Φυτικό Ρόφημα Αμύγδαλο Χωρίς Λακτόζη Vegan Χωρίς Ζάχαρη Χωρίς Γλουτένη 1 lt,2.08
2025-07-18,82432,Alpro Φυτικό Ρόφημα Βανίλια Χωρίς Λακτόζη Vegan Χωρίς Γλουτένη 1 lt,3.45
2025-07-18,154724,Alpro Φυτικό Ρόφημα Βρώμη &amp; Αμύγδαλο Χωρίς Λακτόζη Vegan 1 lt,2.13
2025-07-18,179372,Alpro Φυτικό Ρόφημα Βρώμης Χωρίς Λακτόζη Χωρίς Ζάχαρη Vegan 1 lt,2.08
2025-07-18,179371,Alpro Φυτικό Ρόφημα Καρύδας Χωρίς Λακτόζη Vegan Χωρίς Ζάχαρη Χωρίς Γλουτένη 1 lt,2.26
2025-07-18,141032,Alpro Φυτικό Ρόφημα Μαύρη Σοκολάτα Χωρίς Λακτόζη Vegan Χωρίς Γλουτένη 1 lt,3.46
2025-07-18,82431,Alpro Φυτικό Ρόφημα Σοκολάτα Χωρίς Λακτόζη Vegan Χωρίς Γλουτένη 1 lt,3.45
2025-07-18,179370,Alpro Φυτικό Ρόφημα Σόγιας Χωρίς Λακτόζη Vegan Χωρίς Ζάχαρη Χωρίς Γλουτένη 1 lt,2.99
2025-07-18,166166,Όλυμπος Καρπός Αμύγδαλο Protein Φυτικό Ρόφημα Χωρίς Λακτόζη Vegan Χωρίς Γλουτένη 1 lt,3.33
2025-07-18,153842,Όλυμπος Καρπός Αμύγδαλο Φυτικό Ρόφημα Με Κακάο Χωρίς Λακτόζη Vegan Χωρίς Γλουτένη 1 lt,3.15
2025-07-18,154272,Όλυμπος Καρπός Αμύγδαλο Φυτικό Ρόφημα Χωρίς Λακτόζη Vegan Χωρίς Γλουτένη 1 lt,3.03
2025-07-18,153841,Όλυμπος Καρπός Αμύγδαλο Φυτικό Ρόφημα Χωρίς Λακτόζη Vegan Χωρίς Ζάχαρη Χωρίς Γλουτένη 1 lt,3.03
2025-07-18,166162,Όλυμπος Καρπός Αμύγδαλο Φυτικό Ρόφημα Χωρίς Λακτόζη Χωρίς Ζάχαρη Vegan Χωρίς Γλουτένη 500 ml,1.86
2025-07-18,174866,Όλυμπος Καρπός Βρώμη Φυτικό Ρόφημα Φουντούκι Χωρίς Λακτόζη Vegan 1 lt,3.11
2025-07-18,177270,Όλυμπος Καρπός Βρώμη Φυτικό Ρόφημα Χωρίς Ζάχαρη Χωρίς Λακτόζη Vegan 1 lt,3.03
2025-07-18,194833,Όλυμπος Καρπός Φυτικό Ρόφημα Βρώμης &amp; 3 Super Σπόροι Χωρίς Λακτόζη Vegan 1 lt,3.03
2025-07-18,162210,Δέλτα Φυτικό Ρόφημα Αμύγδαλο Χωρίς Λακτόζη Χωρίς Γλουτένη Vegan 1 lt,2.07
2025-07-18,161428,Δέλτα Φυτικό Ρόφημα Αμύγδαλο Χωρίς Προσθήκη Ζάχαρης Χωρίς Λακτόζη Vegan Χωρίς Γλουτένη 1 lt,2.07
2025-07-18,166161,Δέλτα Φυτικό Ρόφημα Βρώμης &amp; 3 Super Σπόροι Χωρίς Προσθήκη Ζάχαρης Χωρίς Λακτόζη Vegan 1 lt,2.07
2025-07-18,197437,Δέλτα Φυτικό Ρόφημα Βρώμης Με Chocoberies Χωρίς Προσθήκη Ζάχαρης Χωρίς Λακτόζη Vegan 1 lt,2.44
2025-07-18,161430,Δέλτα Φυτικό Ρόφημα Καρύδα Χωρίς Προσθήκη Ζάχαρης Χωρίς Λακτόζη Vegan Χωρίς Γλουτένη 1 lt,2.25
2025-07-18,166248,Kolios Λευκό Νηστίσιμο Χωρίς Λακτόζη Vegan Χωρίς Γλουτένη ,2.39
2025-07-18,158227,Nuttrie Φυτικό Αναπλήρωμα Flavour Gouda Σε Φέτες Vegan Χωρίς Γλουτένη 200 gr,1.9
2025-07-18,182822,Nuttrie Φυτικό Αναπλήρωμα Flavour Τριμμένο Per Pasta &amp; Pizza Vegan Χωρίς Γλουτένη 200 gr,2.1
2025-07-18,179014,Viofast Κίτρινο Αναπλήρωμα Νηστίσιμο Χωρίς Λακτόζη Vegan Χωρίς Γλουτένη Φρατζόλα,2.03
2025-07-18,182761,Viofast Λευκό Αναπλήρωμα Νηστίσιμο Χωρίς Λακτόζη Vegan Χωρίς Γλουτένη Φρατζόλα,2.58
2025-07-18,172649,Violife Φυτικό Άλειμμα Creamy Χωρίς Λακτόζη Vegan Χωρίς Γλουτένη 150 gr,2.69
2025-07-18,178194,Violife Φυτικό Αναπλήρωμα Flavour Gouda Σε Φέτες Χωρίς Λακτόζη Vegan Χωρίς Γλουτένη 140 gr,2.68
2025-07-18,158024,Φυτικό Κίτρινο Vegan Φρατζόλα,1.65
2025-07-18,191105,Μπάρμπα Στάθης Φυτικά Κεφτεδάκια Με Πατάτες Νάξου Vegan Χωρίς Γλουτένη 420 gr,5.8
2025-07-18,120559,Alfa Μπουγάτσα Θεσσαλονίκης Με Κρέμα Vegan 800 gr,4.68
2025-07-18,183087,Alfa Εκλεκτά Ρολάκια Λαχανικών Με Τυρί Vegan 450 gr,1.79
2025-07-18,123589,Alfa Κιχί Παραδοσιακή Πίτα Με Σπανάκι Νηστίσιμη 800 gr,4.42
2025-07-18,182519,Nikolopoulou Φυτικά Spring Rolls Vegan 8 Τεμάχια 360 gr ,3.95
2025-07-18,179669,Esti Πίτσα Vegan 440 gr,5.93
2025-07-18,198075,Ifantis Falafel Ρεβιθοκεφτέδες Vegan 410 gr,4.25
2025-07-18,195144,Mc Cain Crispy Onion Rings Picker&#039;s Vegan 350 gr,1.98
2025-07-18,182518,Nikolopoulou Φυτικό Falafel Vegan 20 Τεμάχια 500 gr,4.35
2025-07-18,195092,Mc Cain Πατάτες Airfryer Vegan 600 gr,3.58
2025-07-18,32750,Mc Cain Πατάτες Golden Long Vegan 1 kg,4.65
2025-07-18,58214,Mc Cain Πατάτες Mediterranean Vegan 750 gr,4.28
2025-07-18,32748,Mc Cain Πατάτες Tradition Vegan 1 kg,2.14
2025-07-18,185735,Esti Φυτικά Κεφτεδάκια Vegan 225 gr,4.5
2025-07-18,172539,Esti Φυτικό Burger Vegan 220 gr,4.22
2025-07-18,183291,Garden Gourmet Φυτικά Burger Vegan 226 gr,6.4
2025-07-18,183289,Garden Gourmet Φυτικά Nuggets Vegan 300 gr,5.98
2025-07-18,184345,Garden Gourmet Φυτικά Κεφτεδάκια Vegan 300 gr,5.98
2025-07-18,186951,Garden Gourmet Φυτικά Σνίτσελ Vegan 270 gr,5.98
2025-07-18,183161,Nikolopoulou Genius Φυτικό Μπιφτέκι Vegan 230 gr,4.6
2025-07-18,105214,Oriental Express Noodles Ασιατικά Λαχανικά 3΄ Vegan 87 gr,0.98
2025-07-18,191347,Oriental Express Noodles Με Μοσχαράκι 3΄ Vegan 87 gr,0.98
2025-07-18,105212,Oriental Express Noodles Με Πάπια Πεκίνου 3΄ Vegan 87 gr,0.98
2025-07-18,105213,Oriental Express Noodles Ψητή Γαρίδα 3΄ Vegan 87 gr,0.98
2025-07-18,133486,Oriental Express Noodles Vegan 5 x 75 gr,2.44
2025-07-18,133231,Oriental Express Noodles Ρυζιού Stir Fry Vegan Χωρίς Γλουτένη 225 gr,2.18
2025-07-18,133232,Oriental Express Noodles Ρυζιού Πλατιά Vegan Χωρίς Γλουτένη 225 gr,2.18
2025-07-18,182898,Oriental Express Ρύζι Για Σούσι Vegan 500 gr,3.38
2025-07-18,123014,Biona Organic Λάδι Καρύδας Ψυχρής Έκθλιψης Βιολογικό Vegan 400 gr,14.66
2025-07-18,152859,Land Krone Λάδι Καρύδας Ψυχρής Έκθλιψης Vegan Βιολογικό 200 gr,8.43
2025-07-18,183389,Oriental Express Nori Για Σούσι 5 Φύλλα Χωρίς Γλουτένη Vegan 14 gr,2.42
2025-07-18,182818,Oriental Express Tempura Batter Mix Vegan 150 gr,2.37
2025-07-18,170958,Oriental Express Ασιατικά Λαχανικά Με Ανανά Vegan Χωρίς Γλουτένη 330 gr,2.29
2025-07-18,104416,Oriental Express Γάλα Καρύδας Vegan Χωρίς Γλουτένη 400 ml,1.8
2025-07-18,105209,Oriental Express Κρέμα Καρύδας Vegan Χωρίς Γλουτένη 400 ml,1.89
2025-07-18,183253,Oriental Express Σούσι Τζίντζερ Vegan Χωρίς Γλουτένη 190 gr,3.67
2025-07-18,182817,Oriental Express Φρυγανιά Παναρίσματος Panko Vegan 200 gr,2.5
2025-07-18,178317,Oriental Express Φύτρες Φασολιών Vegan Χωρίς Γλουτένη 330 gr,1.65
2025-07-18,202948,Isostevia Γλυκαντικό Με Stevia Σε Σκόνη Vegan Χωρίς Γλουτένη 150 gr,2.64
2025-07-18,183164,Isostevia Υγρό Γλυκαντικό Με Stevia Vegan Χωρίς Γλουτένη 60 ml,1.89
2025-07-18,149359,Evergreen Ζάχαρη Καρύδας Βιολογική Vegan 250 gr,2.2
2025-07-18,153168,Fytro Καστανή Ζάχαρη Ακατέργαστη Vegan 500 gr ,1.58
2025-07-18,153169,Fytro Μαύρη Ζάχαρη Vegan 500 gr,2.26
2025-07-18,176803,Melissa Μακαρόνια Σπαγγέτι Καρότο Vegan 400 gr,1.22
2025-07-18,176801,Melissa Μακαρόνια Σπαγγέτι Σπανάκι Vegan 400 gr,1.22
2025-07-18,198491,Le Veneziane Νιόκι Από Πατάτα Vegan Χωρίς Γλουτένη 500 gr,4.1
2025-07-18,113924,Fytro Πλιγούρι Vegan 500 gr,1.97
2025-07-18,174479,Paliria Γίγαντες Γιαχνί Vegan 200 gr,2.6
2025-07-18,174489,Paliria Ντολμαδάκια Γιαλαντζί Vegan 200 gr ,2.98
2025-07-18,168513,Paliria Φάβα Με Κρεμμύδια &amp; Χυμό Λεμονιού Vegan 280 gr,2.56
2025-07-18,6527,Ζαναέ Ντολμαδάκια Vegan 280 gr,3.02
2025-07-18,162371,Εδέμ Καλαμπόκι Γλυκό Vegan 340 gr,2.25
2025-07-18,103097,Kalamata Papadimitriou Βαλσάμικο Ξίδι Vegan Χωρίς Γλουτένη 250 ml,2.15
2025-07-18,98515,Kalamata Papadimitriou Κρέμα Βαλσαμικού Vegan Χωρίς Γλουτένη 250 ml,2.76
2025-07-18,130853,Kalamata Papadimitriou Κρέμα Βαλσαμικού Πορτοκάλι &amp; Λεμόνι Vegan Χωρίς Γλουτένη 250 ml,3.32
2025-07-18,132166,Kalamata Papadimitriou Κρέμα Βαλσαμικού Σύκο Vegan Χωρίς Γλουτένη 250 ml,3.22
2025-07-18,188786,Agrino QuickDeli Λευκή &amp; Κόκκινη Κινόα Vegan Χωρίς Γλουτένη 250 gr,2.4
2025-07-18,188779,Agrino QuickDeli Ρύζι Μεξικάνικο Vegan Χωρίς Γλουτένη 250 gr ,2.2
2025-07-18,188785,Agrino QuickDeli Ταμπουλέ &amp; Κινόα Vegan 250 gr,2.4
2025-07-18,76735,Heinz Κέτσαπ Βιολογική Vegan 580 gr,3.12
2025-07-18,128720,Hellmann&#039;s Κέτσαπ Ketchupito Vegan 460 gr,2.65
2025-07-18,187181,Hellmann&#039;s Κέτσαπ Κλασική Top Down Vegan 272-5 gr,1.68
2025-07-18,196814,Hellmann&#039;s Κέτσαπ Κλασική Top Down Vegan 550 gr,2.83
2025-07-18,197037,Hellmann&#039;s Κέτσαπ Κλασική Top Down Vegan 850 gr,3.69
2025-07-18,79635,Hellmann&#039;s Κέτσαπ Με Στέβια Top Down Vegan 465 gr,2.65
2025-07-18,187381,Κύκνος Κέτσαπ 0% Ζάχαρη Vegan Χωρίς Γλουτένη 320 gr,3.12
2025-07-18,187382,Κύκνος Κέτσαπ Top Down 0% Ζάχαρη Vegan Χωρίς Γλουτένη 360 gr,1.7
2025-07-18,189035,Κύκνος Κέτσαπ Top Down 0% Ζάχαρη Vegan Χωρίς Γλουτένη 550 gr,2.34
2025-07-18,180875,Κύκνος Κέτσαπ Top Down Hot Vegan Χωρίς Γλουτένη 560 gr,1.83
2025-07-18,180874,Κύκνος Κέτσαπ Top Down Vegan Χωρίς Γλουτένη 560 gr,1.83
2025-07-18,3452,Κύκνος Κέτσαπ Vegan Χωρίς Γλουτένη 330 gr,2.52
2025-07-18,188630,Κύκνος Μαγιονέζα Vegan Χωρίς Γλουτένη 250 ml,1.83
2025-07-18,24365,Hellmann&#039;s Μουστάρδα Απαλή Vegan 250 gr,1.92
2025-07-18,29582,Hellmann&#039;s Μουστάρδα Απαλή Vegan 500 gr,3.31
2025-07-18,66977,Hellmann&#039;s Μουστάρδα Πικάντικη Vegan 250 gr,1.92
2025-07-18,36007,Hellmann&#039;s Μουστάρδα Πικάντικη Vegan 500 gr,3.31
2025-07-18,130858,Kalamata Papadimitriou Μουστάρδα Απαλή Vegan Χωρίς Γλουτένη 300 gr,2.4
2025-07-18,162478,Barilla Σάλτσα Pesto Basilico Vegan Χωρίς Γλουτένη 195 gr,3.65
2025-07-18,194787,Κύκνος Σάλτσα Βασιλικού Χωρίς Γλουτένη Vegan 350 gr,2.88
2025-07-18,194786,Κύκνος Σάλτσα Ναπολιτάνα Χωρίς Γλουτένη Vegan 350 gr,2.88
2025-07-18,144499,Κύκνος Σάλτσα Πίτσας Vegan Χωρίς Γλουτένη 400 gr ,1.93
2025-07-18,197895,Κύκνος Σάλτσα Τομάτας Με Μανιτάρια Χωρίς Γλουτένη Vegan 350 gr,3.05
2025-07-18,134372,Oriental Express Σως Γλυκού Τσίλι Για Ντιπ Vegan Χωρίς Γλουτένη 200 ml,2.48
2025-07-18,187380,Κύκνος Σάλτσα Top Down BBQ Vegan Χωρίς Γλουτένη 370 gr,1.82
2025-07-18,182074,Κύκνος Σάλτσα Top Down BBQ Vegan Χωρίς Γλουτένη 560 gr,2.07
2025-07-18,75425,Knorr Ζωμός Λαχανικών Σε Κύβους Βιολογικός Vegan 60 gr,1.8
2025-07-18,199702,Fytro Πουρές Φάβας Με Πατάτα Vegan 116 gr,1.98
2025-07-18,203466,Γιώτης Πουρές Πατάτας Vegan 2 x 125 gr,2.46
2025-07-18,189101,Γιώτης Πουρές Πατάτας Με Γλυκοπατάτα &amp; Καρότο Vegan 125 gr,2.6
2025-07-18,197310,3Αλφα Έτοιμα Σπιτικά Σούπα Μινεστρόνε Vegan Χωρίς Γλουτένη 300 gr,1.58
2025-07-18,197311,3Αλφα Έτοιμα Σπιτικά Σούπα Οσπρίων Με Δημητριακά &amp; Λαχανικά Vegan 300 gr,1.58
2025-07-18,197312,3Αλφα Έτοιμα Σπιτικά Σούπα Οσπρίων Με Ζυμαρικά Vegan 300 gr,1.58
2025-07-18,183008,Knorr Σούπα Με Ζυμαρικά ABC &amp; Λαχανικά Vegan 82 gr,2.15
2025-07-18,2942,Fytro Κιμάς Από Σόγια Vegan 400 gr,3.06
2025-07-18,2943,Fytro Σόγια Κεμπάπ Vegan 400 gr,3.06
2025-07-18,2397,Γιώτης Μίγμα Για Κρέπες Vegan 300 gr,1.85
2025-07-18,149361,Evergreen Σιρόπι Σφένδαμου Βιολογικό Χωρίς Γλουτένη 250 ml,8.87
2025-07-18,192034,Thamma Ice Tea Τσάι Pink Grapefruit Βιολογικό Vegan Χωρίς Γλουτένη 300 ml,2.24
2025-07-18,192033,Thamma Ice Tea Τσάι Πράσινο Με Λεμόνι Βιολογικό Vegan Χωρίς Γλουτένη 300 ml,2.24
2025-07-18,192035,Thamma Ice Tea Τσάι Ροδάκινο Βιολογικό Vegan Χωρίς Γλουτένη 300 ml,2.24
2025-07-18,132229,Lyrarakis Zazazu Αφρώδης Οίνος Vegan 750 ml,9.92
2025-07-18,616,Lyrarakis Κρασί Ερυθρό Κοτσιφάλι Syrah Vegan 750 ml,11.78
2025-07-18,191158,Lyrarakis Κρασί Κοτσιφάλι Ερυθρό Vegan 750 ml,9.9
2025-07-18,190868,Lyrarakis Κρασί Λιάτικο Ερυθρό Vegan 750 ml,8.42
2025-07-18,191159,Lyrarakis Κρασί Βηλάνα Λευκό Vegan 750 ml,9.9
2025-07-18,618,Lyrarakis Κρασί Μοσχάτο Σπίνας Βιδιανό Λευκό Vegan 750 ml,8.86
2025-07-18,192229,Bolero Στιγμιαίο Φρουτοποτό Καρπούζι Σε Σκόνη Χωρίς Ζάχαρη Χωρίς Γλουτένη Vegan 9 gr,0.6
